504.49 717.86
504.77 717.45
505.04 717.03
505.32 716.61
505.58 716.19
505.86 715.77
506.12 715.35
507.62 715.91
507.90 715.50
508.17 715.08
508.43 714.65
508.71 714.23
508.98 713.81
509.25 713.39
510.12 713.08
510.54 713.36
510.96 713.62
511.37 713.90
511.80 714.16
512.22 714.44
512.63 714.72
513.05 714.99
513.47 715.26
513.90 715.53
514.32 715.80
514.73 716.07
504.90 718.28
505.32 718.55
505.74 718.80
506.15 719.08
506.58 719.36
507.00 719.64
507.41 719.91
507.84 720.17
508.24 720.44
508.68 720.72
509.09 721.00
515.95 717.39
515.69 717.80
515.42 718.22
515.15 718.65
515.10 719.01
515.52 719.29
515.94 719.57
520.94 720.63
520.53 720.42
520.12 720.31
519.85 720.73
519.59 721.14
519.30 721.57
519.04 721.99
518.76 722.40
518.49 722.83
518.88 723.12
519.13 723.42
518.87 723.82
518.44 723.56
518.04 723.52
517.78 723.94
517.51 724.35
517.24 724.78
516.97 725.20
516.88 725.58
517.30 725.84
517.27 726.21
516.09 725.53
515.68 725.23
515.27 724.96
514.83 724.67
514.44 724.41
514.02 724.12
513.67 724.21
513.39 724.63
512.29 724.62
511.87 724.35
511.45 724.07
511.22 723.78
511.50 723.36
511.76 722.94
512.03 722.50
512.31 722.09
512.59 721.67
512.60 721.31
512.18 721.03
511.77 720.74
511.35 720.48
510.93 720.20
510.53 720.04
510.24 720.46
509.97 720.88
509.69 721.29
511.84 711.53
512.26 711.81
512.67 712.08
513.09 712.36
513.50 712.64
513.92 712.91
514.34 713.19
514.76 713.47
515.17 713.73
515.59 714.01
516.01 714.29