1 514.644 719.84 5 10.0049 -141.199 18.1615
2 514.371 720.259 5 9.87182 -250 0
3 514.097 720.678 5 9.7626 -169.674 -106.922
4 513.824 721.096 5 9.67801 -250 0
5 513.551 721.515 5 9.6187 -250 0
6 513.278 721.934 5 9.58514 -250 0
7 513.004 722.353 5 9.57759 -250 0
8 512.731 722.771 5 9.59614 -250 0
9 512.458 723.19 5 9.64061 -250 0
10 512.185 723.609 5 9.71065 -129.548 -43.4698
11 515.063 720.113 5 10.4845 -127.013 94.5395
12 514.789 720.532 5 10.3576 -140.782 -109.348
13 514.516 720.951 5 10.2536 -250 0
14 514.243 721.37 5 10.173 -169.959 111.606
15 513.97 721.788 5 10.1166 -250 0
16 513.696 722.207 5 10.0847 -250 0
17 513.423 722.626 5 10.0776 -250 0
18 513.15 723.045 5 10.0952 -136.665 91.483
19 512.877 723.463 5 10.1375 -250 0
20 512.603 723.882 5 10.2041 -250 0
21 515.481 720.387 5 10.9659 -127.105 100.732
22 515.208 720.805 5 10.8447 -250 0
23 514.935 721.224 5 10.7453 -140.35 122.69
24 514.662 721.643 5 10.6685 -250 0
25 514.388 722.062 5 10.6148 -250 0
26 514.115 722.48 5 10.5844 -250 0
27 513.842 722.899 5 10.5775 -250 0
28 513.568 723.318 5 10.5943 -158.634 50.9841
29 513.295 723.737 5 10.6346 -158.418 112.276
30 513.022 724.155 5 10.6982 -154.654 147.532
31 515.9 720.66 5 11.449 -126.636 112.158
32 515.627 721.079 5 11.3329 -250 0
33 515.353 721.497 5 11.2379 -250 0
34 515.08 721.916 5 11.1644 -139.897 -5.78982
35 514.807 722.335 5 11.1131 -250 0
36 514.534 722.754 5 11.084 -163.369 21.5328
37 514.26 723.172 5 11.0775 -160.454 -49.6923
38 513.987 723.591 5 11.0935 -153.052 -80.5998
39 516.319 720.933 5 11.9334 -127.249 112.504
40 516.045 721.352 5 11.8221 -162.179 -27.5326
41 515.772 721.771 5 11.731 -162.412 -57.7734
42 515.499 722.189 5 11.6607 -162.691 -88.7637
43 515.226 722.608 5 11.6115 -139.42 -134.851
44 514.952 723.027 5 11.5837 -162.96 -119.498
45 514.679 723.446 5 11.5775 -163.247 -153.647
46 514.406 723.864 5 11.5928 -250 0
47 516.737 721.206 5 12.419 -127.375 117.966
48 516.464 721.625 5 12.3121 -187.042 -141.294
49 516.191 722.044 5 12.2247 -250 0
50 515.918 722.463 5 12.1573 -250 0
51 515.644 722.881 5 12.1101 -250 0
52 515.371 723.3 5 12.0835 -163.799 -136.427
53 515.098 723.719 5 12.0775 -250 0
54 514.825 724.138 5 12.0922 -250 0
55 517.156 721.48 5 12.9058 -250 0
56 516.883 721.898 5 12.8029 -195.541 -60.003
57 516.61 722.317 5 12.7189 -250 0
58 516.336 722.736 5 12.6541 -250 0
59 516.063 723.155 5 12.6088 -174.901 129.956
60 515.79 723.573 5 12.5832 -250 0
61 515.517 723.992 5 12.5775 -250 0
62 515.243 724.411 5 12.5916 -250 0
63 517.575 721.753 5 13.3935 -250 0
64 517.302 722.172 5 13.2944 -168.918 44.7536
65 517.028 722.59 5 13.2135 -250 0
66 516.755 723.009 5 13.1512 -250 0
67 516.482 723.428 5 13.1076 -174.453 -64.4518
68 516.209 723.847 5 13.083 -250 0
69 515.935 724.265 5 13.0774 -140.688 -126.24
70 515.662 724.684 5 13.091 -111.243 158.033
71 517.994 722.026 5 13.8821 -250 0
72 517.72 722.445 5 13.7866 -250 0
73 517.447 722.864 5 13.7086 -123.97 -128.818
74 517.174 723.282 5 13.6484 -142.438 -135.766
75 516.901 723.701 5 13.6064 -123.495 -116.33
76 516.627 724.12 5 13.5827 -133.244 -89.6132
77 516.354 724.539 5 13.5774 -110.166 11.9441
78 516.081 724.957 5 13.5905 -112.129 99.8578
