1 514.644 719.84 5 9.68122 -126.176 174.887
2 514.371 720.259 5 9.62193 -250 0
3 514.097 720.678 5 9.58838 -250 0
4 513.824 721.096 5 9.58084 -250 0
5 513.551 721.515 5 9.59937 -250 0
6 513.278 721.934 5 9.64383 -250 0
7 513.004 722.353 5 9.71385 -250 0
8 512.731 722.771 5 9.80889 -250 0
9 512.458 723.19 5 9.92824 -250 0
10 512.185 723.609 5 10.071 -250 0
11 515.063 720.113 5 10.1763 -124.847 166.956
12 514.789 720.532 5 10.1199 -250 0
13 514.516 720.951 5 10.088 -250 0
14 514.243 721.37 5 10.0808 -250 0
15 513.97 721.788 5 10.0984 -250 0
16 513.696 722.207 5 10.1407 -250 0
17 513.423 722.626 5 10.2073 -250 0
18 513.15 723.045 5 10.2978 -250 0
19 512.877 723.463 5 10.4115 -250 0
20 512.603 723.882 5 10.5478 -250 0
21 515.481 720.387 5 10.6718 -250 0
22 515.208 720.805 5 10.618 -146.761 -146.403
23 514.935 721.224 5 10.5876 -250 0
24 514.662 721.643 5 10.5808 -250 0
25 514.388 722.062 5 10.5976 -250 0
26 514.115 722.48 5 10.6379 -250 0
27 513.842 722.899 5 10.7014 -250 0
28 513.568 723.318 5 10.7877 -155.174 -157.704
29 513.295 723.737 5 10.8963 -250 0
30 513.022 724.155 5 11.0266 -250 0
31 515.9 720.66 5 11.1677 -250 0
32 515.627 721.079 5 11.1163 -250 0
33 515.353 721.497 5 11.0873 -146.382 84.016
34 515.08 721.916 5 11.0808 -250 0
35 514.807 722.335 5 11.0968 -250 0
36 514.534 722.754 5 11.1353 -250 0
37 514.26 723.172 5 11.196 -165.24 -70.1182
38 513.987 723.591 5 11.2785 -154.251 -32.6931
39 516.319 720.933 5 11.6639 -161.075 -85.4535
40 516.045 721.352 5 11.6148 -250 0
41 515.772 721.771 5 11.587 -134.786 140.865
42 515.499 722.189 5 11.5807 -146 -46.0541
43 515.226 722.608 5 11.5961 -250 0
44 514.952 723.027 5 11.6329 -250 0
45 514.679 723.446 5 11.691 -250 0
46 514.406 723.864 5 11.7701 -250 0
47 516.737 721.206 5 12.1605 -176.5 159.537
48 516.464 721.625 5 12.1133 -211.088 69.0874
49 516.191 722.044 5 12.0867 -250 0
50 515.918 722.463 5 12.0807 -250 0
51 515.644 722.881 5 12.0954 -145.591 -176.837
52 515.371 723.3 5 12.1307 -176.308 7.5915
53 515.098 723.719 5 12.1865 -122.058 -151.629
54 514.825 724.138 5 12.2624 -250 0
55 517.156 721.48 5 12.6573 -176.1 148.352
56 516.883 721.898 5 12.612 -150.724 116.06
57 516.61 722.317 5 12.5864 -184.812 -158.018
58 516.336 722.736 5 12.5807 -250 0
59 516.063 723.155 5 12.5948 -176.306 157.188
60 515.79 723.573 5 12.6287 -250 0
61 515.517 723.992 5 12.6823 -151.098 -21.3313
62 515.243 724.411 5 12.7552 -250 0
63 517.575 721.753 5 13.1544 -175.689 136.668
64 517.302 722.172 5 13.1108 -250 0
65 517.028 722.59 5 13.0862 -108.837 -81.7257
66 516.755 723.009 5 13.0807 -250 0
67 516.482 723.428 5 13.0943 -175.843 -36.2813
68 516.209 723.847 5 13.1269 -250 0
69 515.935 724.265 5 13.1784 -250 0
70 515.662 724.684 5 13.2486 -135.468 39.7199
71 517.994 722.026 5 13.6517 -175.264 124.454
72 517.72 722.445 5 13.6097 -250 0
73 517.447 722.864 5 13.586 -108.96 130.766
74 517.174 723.282 5 13.5807 -166.43 -64.725
75 516.901 723.701 5 13.5938 -250 0
76 516.627 724.12 5 13.6252 -98.8344 -88.9191
77 516.354 724.539 5 13.6748 -103.15 46.256
78 516.081 724.957 5 13.7425 -115.37 23.2505
