1 514.644 719.84 5 10.3366 -203.827 -61.7349
2 514.371 720.259 5 10.1588 -250 0
3 514.097 720.678 5 10.0028 -250 0
4 513.824 721.096 5 9.86972 -250 0
5 513.551 721.515 5 9.76048 -250 0
6 513.278 721.934 5 9.67587 -250 0
7 513.004 722.353 5 9.61654 -250 0
8 512.731 722.771 5 9.58297 -250 0
9 512.458 723.19 5 9.57543 -166.977 -126.152
10 512.185 723.609 5 9.59398 -250 0
11 515.063 720.113 5 10.8014 -250 0
12 514.789 720.532 5 10.6313 -250 0
13 514.516 720.951 5 10.4824 -250 0
14 514.243 721.37 5 10.3555 -174.397 154.363
15 513.97 721.788 5 10.2514 -250 0
16 513.696 722.207 5 10.1709 -250 0
17 513.423 722.626 5 10.1145 -250 0
18 513.15 723.045 5 10.0826 -250 0
19 512.877 723.463 5 10.0754 -165.127 21.5061
20 512.603 723.882 5 10.093 -250 0
21 515.481 720.387 5 11.2692 -250 0
22 515.208 720.805 5 11.1063 -250 0
23 514.935 721.224 5 10.9638 -250 0
24 514.662 721.643 5 10.8426 -250 0
25 514.388 722.062 5 10.7432 -121.416 -40.7754
26 514.115 722.48 5 10.6664 -250 0
27 513.842 722.899 5 10.6126 -250 0
28 513.568 723.318 5 10.5822 -250 0
29 513.295 723.737 5 10.5754 -170.295 -61.7777
30 513.022 724.155 5 10.5922 -250 0
31 515.9 720.66 5 11.7397 -127.56 116.462
32 515.627 721.079 5 11.5834 -250 0
33 515.353 721.497 5 11.4469 -250 0
34 515.08 721.916 5 11.3308 -250 0
35 514.807 722.335 5 11.2357 -250 0
36 514.534 722.754 5 11.1623 -250 0
37 514.26 723.172 5 11.1109 -250 0
38 513.987 723.591 5 11.0819 -250 0
39 516.319 720.933 5 12.2125 -127.893 122.651
40 516.045 721.352 5 12.0623 -250 0
41 515.772 721.771 5 11.9313 -250 0
42 515.499 722.189 5 11.8199 -250 0
43 515.226 722.608 5 11.7289 -250 0
44 514.952 723.027 5 11.6586 -250 0
45 514.679 723.446 5 11.6094 -250 0
46 514.406 723.864 5 11.5816 -250 0
47 516.737 721.206 5 12.6874 -127.738 127.165
48 516.464 721.625 5 12.5429 -250 0
49 516.191 722.044 5 12.4169 -250 0
50 515.918 722.463 5 12.31 -250 0
51 515.644 722.881 5 12.2226 -250 0
52 515.371 723.3 5 12.1551 -162.905 -154.896
53 515.098 723.719 5 12.1079 -250 0
54 514.825 724.138 5 12.0813 -250 0
55 517.156 721.48 5 13.1641 -127.826 132.228
56 516.883 721.898 5 13.025 -163.746 36.6596
57 516.61 722.317 5 12.9037 -250 0
58 516.336 722.736 5 12.8008 -250 0
59 516.063 723.155 5 12.7168 -163.862 8.94067
60 515.79 723.573 5 12.6519 -250 0
61 515.517 723.992 5 12.6066 -250 0
62 515.243 724.411 5 12.581 -250 0
63 517.575 721.753 5 13.6425 -250 0
64 517.302 722.172 5 13.5083 -250 0
65 517.028 722.59 5 13.3914 -250 0
66 516.755 723.009 5 13.2923 -250 0
67 516.482 723.428 5 13.2114 -173.429 -85.2136
68 516.209 723.847 5 13.149 -250 0
69 515.935 724.265 5 13.1054 -250 0
70 515.662 724.684 5 13.0808 -250 0
71 517.994 722.026 5 14.1225 -250 0
72 517.72 722.445 5 13.9928 -250 0
73 517.447 722.864 5 13.88 -127.934 -80.5773
74 517.174 723.282 5 13.7844 -147.4 -87.7787
75 516.901 723.701 5 13.7064 -250 0
76 516.627 724.12 5 13.6463 -250 0
77 516.354 724.539 5 13.6043 -250 0
78 516.081 724.957 5 13.5806 -250 0
