1 509.951 714.045 5 4.44203 -74.7335 -175.142
2 510.37 714.318 5 4.74058 -77.0537 -36.3065
3 510.79 714.59 5 5.07096 -79.2356 120.001
4 511.209 714.862 5 5.42734 -78.9415 160.707
5 511.628 715.135 5 5.80496 -75.4564 15.64
6 512.048 715.407 5 6.19992 -87.4979 97.5597
7 512.467 715.679 5 6.60912 -82.1458 63.2255
8 512.886 715.952 5 7.03007 -87.5974 -22.4128
9 513.306 716.224 5 7.46079 -92.5409 162.547
10 513.725 716.496 5 7.89967 -94.3102 -3.13347
11 514.144 716.769 5 8.34543 -85.1262 -48.641
12 514.564 717.041 5 8.79703 -250 0
13 514.983 717.313 5 9.2536 -250 0
14 509.679 714.465 5 4.03784 -79.5141 24.6521
15 510.098 714.737 5 4.36413 -73.8311 -41.1187
16 510.517 715.009 5 4.72092 -88.9324 -65.6881
17 510.937 715.282 5 5.10181 -84.0136 -176.555
18 511.356 715.554 5 5.50182 -81.5331 -44.1563
19 511.775 715.826 5 5.91705 -90.6847 -171.927
20 512.195 716.099 5 6.34452 -83.2488 102.173
21 512.614 716.371 5 6.78191 -79.5926 155.011
22 513.033 716.643 5 7.22744 -92.9066 55.3972
23 513.453 716.916 5 7.67967 -82.8472 26.8109
24 513.872 717.188 5 8.13749 -86.0709 -148.366
25 514.291 717.46 5 8.60001 -89.4441 31.2438
26 514.711 717.733 5 9.06651 -82.8571 76.4624
27 509.406 714.884 5 3.6574 -78.351 -131.666
28 509.826 715.156 5 4.01473 -73.4712 146.439
29 510.245 715.429 5 4.39994 -76.2613 66.1895
30 510.664 715.701 5 4.80635 -88.2261 -44.0912
31 511.084 715.973 5 5.229 -80.6351 96.6587
32 511.503 716.246 5 5.66426 -98.5708 -117.712
33 511.922 716.518 5 6.10945 -89.2974 -31.4313
34 512.342 716.79 5 6.56253 -89.9006 -153.712
35 512.761 717.063 5 7.02199 -83.465 -54.8363
36 513.18 717.335 5 7.48664 -84.8503 -89.0939
37 513.6 717.607 5 7.95558 -82.4358 126.829
38 514.019 717.88 5 8.42809 -89.6472 86.634
39 514.438 718.152 5 8.9036 -87.6727 -90.6085
40 509.134 715.303 5 3.30894 -78.1598 21.5672
41 509.553 715.576 5 3.70007 -80.5102 -140.715
42 509.973 715.848 5 4.11485 -80.5215 49.6489
43 510.392 716.12 5 4.5468 -78.2873 -150.844
44 510.811 716.393 5 4.99148 -80.3476 -36.5521
45 511.231 716.665 5 5.44577 -85.5064 -163.7
46 511.65 716.937 5 5.90744 -87.4736 39.0141
47 512.069 717.21 5 6.37489 -80.4717 36.9658
48 512.489 717.482 5 6.84695 -83.6212 32.1539
49 512.908 717.754 5 7.32272 -85.433 33.0027
50 513.327 718.027 5 7.80152 -88.3832 2.98138
51 513.747 718.299 5 8.28282 -112.626 94.7389
52 514.166 718.571 5 8.76622 -101.31 -145.151
53 508.862 715.723 5 3.00358 -75.9748 -90.654
54 509.281 715.995 5 3.42972 -81.4797 28.1372
55 509.7 716.267 5 3.87356 -85.1921 -173.104
56 510.12 716.54 5 4.32965 -85.7047 90.3754
57 510.539 716.812 5 4.79451 -79.4835 -71.3393
58 510.958 717.084 5 5.26582 -80.8958 165.526
59 511.378 717.357 5 5.74198 -81.6834 56.0589
60 511.797 717.629 5 6.22188 -87.6629 -118.23
61 512.216 717.901 5 6.70472 -81.2814 -156.761
62 512.636 718.174 5 7.1899 -92.0037 -168.286
63 513.055 718.446 5 7.67699 -86.9071 152.372
64 513.474 718.718 5 8.16563 -92.9147 129.93
65 513.894 718.991 5 8.65558 -90.5294 58.3379
66 508.589 716.142 5 2.75572 -83.335 -3.4847
67 509.009 716.414 5 3.21488 -77.6483 124.649
68 509.428 716.687 5 3.68468 -80.5659 -133.567
69 509.847 716.959 5 4.16153 -82.1041 27.7304
70 510.267 717.231 5 4.64326 -81.973 143.235
71 510.686 717.504 5 5.12848 -86.0791 133.664
72 511.105 717.776 5 5.61629 -85.9026 76.2494
73 511.525 718.048 5 6.10608 -82.8494 95.9274
74 511.944 718.321 5 6.5974 -101.041 -10.1119
75 512.363 718.593 5 7.08993 -101.537 -133.484
76 512.783 718.865 5 7.58344 -92.4531 -56.5095
77 513.202 719.138 5 8.07775 -89.3808 -9.69938
78 513.621 719.41 5 8.57272 -91.3139 -82.516
79 510.414 717.923 5 5.03724 -81.7623 -161.533
80 510.833 718.195 5 5.5331 -90.227 43.2706
81 511.672 718.74 5 6.52672 -89.7153 173.113
82 512.091 719.012 5 7.02421 -99.6402 -15.9261
83 512.51 719.285 5 7.52204 -88.9421 -1.13971
84 512.93 719.557 5 8.02013 -86.7955 94.3649
85 513.349 719.829 5 8.51845 -88.6176 73.3485
86 510.141 718.342 5 4.99462 -78.3486 153.901
87 510.561 718.615 5 5.49433 -84.9989 4.72613
88 511.399 719.159 5 6.49389 -103.153 -88.6086
89 511.819 719.432 5 6.99372 -102.314 111.277
90 512.238 719.704 5 7.49356 -104.584 61.8317
91 512.657 719.976 5 7.99343 -90.7618 161.367
92 513.077 720.249 5 8.49332 -90.2802 173.109
93 509.869 718.762 5 5.00187 -69.0425 5.6438
94 510.288 719.034 5 5.50092 -80.6061 4.32064
95 511.127 719.579 5 6.49947 -100.523 -179.294
96 511.546 719.851 5 6.99889 -96.4781 59.9616
97 511.966 720.123 5 7.4984 -98.6938 -125.243
98 512.385 720.396 5 7.99796 -100.26 -176.185
99 512.804 720.668 5 8.49758 -88.3484 136.689
100 509.597 719.181 5 5.05877 -72.4212 174.674
101 510.016 719.453 5 5.55271 -68.7102 66.6127
102 509.324 719.6 5 5.16368 -66.422 131.741
103 509.744 719.873 5 5.64846 -55.6269 -153.172
104 509.052 720.02 5 5.31376 -49.3462 19.8831
105 509.471 720.292 5 5.78598 -52.6944 107.545
