1 514.644 719.84 5 9.87287 -125.661 96.7251
2 514.371 720.259 5 9.76366 -250 0
3 514.097 720.678 5 9.67908 -250 0
4 513.824 721.096 5 9.61978 -250 0
5 513.551 721.515 5 9.58622 -250 0
6 513.278 721.934 5 9.57868 -250 0
7 513.004 722.353 5 9.59721 -250 0
8 512.731 722.771 5 9.64168 -250 0
9 512.458 723.19 5 9.71172 -250 0
10 512.185 723.609 5 9.80678 -250 0
11 515.063 720.113 5 10.3587 -126.895 88.7987
12 514.789 720.532 5 10.2546 -136.743 25.016
13 514.516 720.951 5 10.1741 -250 0
14 514.243 721.37 5 10.1177 -250 0
15 513.97 721.788 5 10.0858 -250 0
16 513.696 722.207 5 10.0786 -250 0
17 513.423 722.626 5 10.0963 -250 0
18 513.15 723.045 5 10.1385 -250 0
19 512.877 723.463 5 10.2052 -250 0
20 512.603 723.882 5 10.2957 -250 0
21 515.481 720.387 5 10.8457 -126.986 95.1656
22 515.208 720.805 5 10.7464 -206.196 -145.315
23 514.935 721.224 5 10.6696 -136.337 -102.842
24 514.662 721.643 5 10.6158 -250 0
25 514.388 722.062 5 10.5855 -250 0
26 514.115 722.48 5 10.5786 -250 0
27 513.842 722.899 5 10.5954 -250 0
28 513.568 723.318 5 10.6357 -250 0
29 513.295 723.737 5 10.6992 -250 0
30 513.022 724.155 5 10.7856 -250 0
31 515.9 720.66 5 11.3339 -127.075 101.294
32 515.627 721.079 5 11.2389 -250 0
33 515.353 721.497 5 11.1655 -250 0
34 515.08 721.916 5 11.1142 -135.909 128.776
35 514.807 722.335 5 11.0851 -250 0
36 514.534 722.754 5 11.0786 -250 0
37 514.26 723.172 5 11.0946 -164.469 -85.1554
38 513.987 723.591 5 11.1331 -250 0
39 516.319 720.933 5 11.8231 -127.113 107.002
40 516.045 721.352 5 11.7321 -179.593 -27.612
41 515.772 721.771 5 11.6618 -250 0
42 515.499 722.189 5 11.6126 -250 0
43 515.226 722.608 5 11.5848 -135.454 -0.198383
44 514.952 723.027 5 11.5786 -250 0
45 514.679 723.446 5 11.5939 -250 0
46 514.406 723.864 5 11.6308 -250 0
47 516.737 721.206 5 12.3132 -250 0
48 516.464 721.625 5 12.2258 -250 0
49 516.191 722.044 5 12.1583 -168.81 107.946
50 515.918 722.463 5 12.1112 -250 0
51 515.644 722.881 5 12.0845 -250 0
52 515.371 723.3 5 12.0786 -134.674 -129.773
53 515.098 723.719 5 12.0933 -250 0
54 514.825 724.138 5 12.1286 -250 0
55 517.156 721.48 5 12.804 -250 0
56 516.883 721.898 5 12.72 -197.486 -119.551
57 516.61 722.317 5 12.6552 -250 0
58 516.336 722.736 5 12.6099 -250 0
59 516.063 723.155 5 12.5843 -175.387 139.393
60 515.79 723.573 5 12.5785 -250 0
61 515.517 723.992 5 12.5927 -115.007 95.9509
62 515.243 724.411 5 12.6266 -250 0
63 517.575 721.753 5 13.2955 -250 0
64 517.302 722.172 5 13.2146 -169.325 58.3081
65 517.028 722.59 5 13.1522 -120.397 -7.81754
66 516.755 723.009 5 13.1087 -250 0
67 516.482 723.428 5 13.084 -174.934 -54.6864
68 516.209 723.847 5 13.0785 -250 0
69 515.935 724.265 5 13.0921 -145.515 -113.259
70 515.662 724.684 5 13.1247 -111.4 -68.6026
71 517.994 722.026 5 13.7876 -174.559 102.374
72 517.72 722.445 5 13.7096 -250 0
73 517.447 722.864 5 13.6495 -120.773 -157.572
74 517.174 723.282 5 13.6075 -139.206 -161.79
75 516.901 723.701 5 13.5838 -250 0
76 516.627 724.12 5 13.5785 -93.9461 103.085
77 516.354 724.539 5 13.5916 -110.797 149.145
78 516.081 724.957 5 13.623 -112.715 -149.733
