1 505.473 717.831 5 2.09426 -54.8435 91.3518
2 505.747 717.412 5 1.64376 -49.2879 -69.1063
3 506.02 716.994 5 1.23205 -39.9302 11.4969
4 506.294 716.575 5 0.913219 -39.1018 -146.008
5 506.567 716.157 5 0.806217 -37.5057 179.046
6 505.891 718.104 5 2.33226 -45.0033 92.6863
7 506.165 717.686 5 1.9379 -41.1746 170.156
8 506.439 717.267 5 1.60358 -46.5453 -13.3563
9 506.712 716.849 5 1.37385 -40.7305 -10.63
10 506.986 716.43 5 1.30518 -45.5962 -163.081
11 506.31 718.378 5 2.64442 -48.8903 -57.0386
12 506.584 717.96 5 2.30412 -52.1962 150.816
13 506.857 717.541 5 2.031 -48.3613 -114.34
14 507.131 717.123 5 1.85499 -47.4206 43.7784
15 507.404 716.704 5 1.80472 -43.3275 172.865
16 506.728 718.652 5 3.00773 -50.2273 -68.6257
17 507.002 718.233 5 2.71339 -49.6884 82.6652
18 507.276 717.815 5 2.48565 -45.1735 27.9
19 507.549 717.396 5 2.34403 -47.4773 42.6318
20 507.823 716.978 5 2.30445 -46.6823 -154.14
21 507.147 718.925 5 3.40587 -47.8425 -87.9141
22 507.421 718.507 5 3.14896 -46.7242 -78.632
23 507.694 718.088 5 2.95499 -53.2825 93.6566
24 507.968 717.67 5 2.8369 -49.6385 102.419
25 508.241 717.251 5 2.80429 -49.159 178.619
26 507.565 719.199 5 3.82798 -52.2022 55.1148
27 507.839 718.78 5 3.60132 -47.4061 56.7797
28 508.113 718.362 5 3.433 -53.2041 152.821
29 508.386 717.943 5 3.33189 -51.8412 63.0376
30 508.66 717.525 5 3.30417 -49.3765 137.175
31 507.984 719.472 5 4.26696 -45.9386 -40.9405
32 508.258 719.054 5 4.06485 -49.2389 144
33 508.531 718.635 5 3.9165 -47.7994 -148.405
34 508.805 718.217 5 3.82819 -49.1586 93.3919
35 509.078 717.798 5 3.80408 -47.7929 151.716
36 508.402 719.746 5 4.7181 -54.661 90.5645
37 508.676 719.328 5 4.53613 -58.9366 132.931
38 508.95 718.909 5 4.40369 -154.554 -78.5528
39 509.223 718.491 5 4.32534 -140.982 -107.219
40 509.497 718.072 5 4.30402 -144.807 -105.242
