1 514.644 719.84 5 9.62301 -125.983 166.514
2 514.371 720.259 5 9.58946 -250 0
3 514.097 720.678 5 9.58192 -250 0
4 513.824 721.096 5 9.60045 -250 0
5 513.551 721.515 5 9.6449 -250 0
6 513.278 721.934 5 9.71492 -142.158 162.865
7 513.004 722.353 5 9.80995 -132.194 12.8302
8 512.731 722.771 5 9.92928 -250 0
9 512.458 723.19 5 10.072 -250 0
10 512.185 723.609 5 10.2373 -250 0
11 515.063 720.113 5 10.1209 -118.667 -148.922
12 514.789 720.532 5 10.0891 -250 0
13 514.516 720.951 5 10.0819 -250 0
14 514.243 721.37 5 10.0995 -250 0
15 513.97 721.788 5 10.1418 -134.957 -139.264
16 513.696 722.207 5 10.2084 -250 0
17 513.423 722.626 5 10.2989 -250 0
18 513.15 723.045 5 10.4126 -128.568 -59.7609
19 512.877 723.463 5 10.5488 -250 0
20 512.603 723.882 5 10.7067 -250 0
21 515.481 720.387 5 10.6191 -125.354 -109.944
22 515.208 720.805 5 10.5887 -250 0
23 514.935 721.224 5 10.5819 -250 0
24 514.662 721.643 5 10.5987 -250 0
25 514.388 722.062 5 10.6389 -250 0
26 514.115 722.48 5 10.7024 -121.213 94.7246
27 513.842 722.899 5 10.7888 -131.056 80.3056
28 513.568 723.318 5 10.8974 -128.794 -168.364
29 513.295 723.737 5 11.0276 -129.45 -148.678
30 513.022 724.155 5 11.1787 -120.762 -167.811
31 515.9 720.66 5 11.1174 -129.418 45.7366
32 515.627 721.079 5 11.0884 -170.95 39.6849
33 515.353 721.497 5 11.0818 -250 0
34 515.08 721.916 5 11.0979 -140.959 66.073
35 514.807 722.335 5 11.1363 -250 0
36 514.534 722.754 5 11.197 -124.104 -70.6438
37 514.26 723.172 5 11.2796 -124.244 -61.6072
38 513.987 723.591 5 11.3835 -120.339 -30.917
39 516.319 720.933 5 11.6158 -137.397 -108.295
40 516.045 721.352 5 11.5881 -127.794 -160.819
41 515.772 721.771 5 11.5818 -127.261 178.804
42 515.499 722.189 5 11.5972 -127.145 138.546
43 515.226 722.608 5 11.634 -127.089 132.655
44 514.952 723.027 5 11.6921 -127.76 -179.219
45 514.679 723.446 5 11.7712 -123.16 160.516
46 514.406 723.864 5 11.8708 -250 0
47 516.737 721.206 5 12.1144 -176.839 168.719
48 516.464 721.625 5 12.0878 -157.794 146.651
49 516.191 722.044 5 12.0818 -144.97 -43.7482
50 515.918 722.463 5 12.0965 -250 0
51 515.644 722.881 5 12.1318 -250 0
52 515.371 723.3 5 12.1875 -147.06 124.814
53 515.098 723.719 5 12.2634 -250 0
54 514.825 724.138 5 12.3591 -250 0
55 517.156 721.48 5 12.6131 -123.808 53.7275
56 516.883 721.898 5 12.5875 -90.5522 -79.1234
57 516.61 722.317 5 12.5818 -250 0
58 516.336 722.736 5 12.5959 -98.8604 -52.8662
59 516.063 723.155 5 12.6298 -124.366 -54.3807
60 515.79 723.573 5 12.6834 -135.269 -101.495
61 515.517 723.992 5 12.7563 -136.557 62.9899
62 515.243 724.411 5 12.8483 -250 0
63 517.575 721.753 5 13.1119 -126.867 95.2458
64 517.302 722.172 5 13.0873 -103.145 -105.609
65 517.028 722.59 5 13.0818 -250 0
66 516.755 723.009 5 13.0953 -98.3027 -38.3398
67 516.482 723.428 5 13.128 -97.4461 95.1277
68 516.209 723.847 5 13.1795 -109.289 93.1406
69 515.935 724.265 5 13.2497 -132.447 76.8157
70 515.662 724.684 5 13.3383 -124.789 -159.144
71 517.994 722.026 5 13.6108 -126.935 145.341
72 517.72 722.445 5 13.5871 -197.016 -72.957
73 517.447 722.864 5 13.5818 -89.8868 21.1389
74 517.174 723.282 5 13.5948 -161.596 -88.4058
75 516.901 723.701 5 13.6263 -97.8945 123.574
76 516.627 724.12 5 13.6759 -97.2179 -107.207
77 516.354 724.539 5 13.7436 -108.986 -118.027
78 516.081 724.957 5 13.829 -130.264 -134.319
