1 505.473 717.831 5 0.976748 -52.7402 -57.713
2 505.747 717.412 5 1.33043 -54.4049 93.438
3 506.02 716.994 5 1.75672 -51.6699 -33.0748
4 506.294 716.575 5 2.21406 -50.667 80.4057
5 506.567 716.157 5 2.68664 -48.9604 158.778
6 505.891 718.104 5 1.41424 -69.9477 51.7651
7 506.165 717.686 5 1.67812 -55.2901 101.123
8 506.439 717.267 5 2.03275 -58.6675 -149.369
9 506.712 716.849 5 2.43887 -56.4408 179.326
10 506.986 716.43 5 2.87473 -58.3135 -13.2723
11 506.31 718.378 5 1.88311 -61.7423 1.67342
12 506.584 717.96 5 2.08857 -58.2381 -26.1833
13 506.857 717.541 5 2.38288 -54.7609 -116.151
14 507.131 717.123 5 2.73754 -59.759 -14.7147
15 507.404 716.704 5 3.13211 -55.7903 -49.0262
16 506.728 718.652 5 2.36477 -79.5894 -37.6367
17 507.002 718.233 5 2.53143 -60.0064 136.308
18 507.276 717.815 5 2.77924 -61.8563 -155.447
19 507.549 717.396 5 3.08872 -59.1099 41.477
20 507.823 716.978 5 3.44328 -61.1404 106.124
21 507.147 718.925 5 2.85275 -69.4232 5.61671
22 507.421 718.507 5 2.99235 -54.7565 -74.5392
23 507.694 718.088 5 3.20471 -65.2307 24.2997
24 507.968 717.67 5 3.47652 -66.6302 -29.5238
25 508.241 717.251 5 3.79502 -75.3139 112.08
26 507.565 719.199 5 3.34428 -73.3061 -36.6005
27 507.839 718.78 5 3.46413 -65.1247 146.952
28 508.113 718.362 5 3.64914 -70.4203 122.653
29 508.386 717.943 5 3.89002 -73.1808 179.223
30 508.66 717.525 5 4.17711 -62.7975 127.414
31 507.984 719.472 5 3.838 -87.4075 -81.7415
32 508.258 719.054 5 3.94287 -72.5795 42.7787
33 508.531 718.635 5 4.10637 -63.6079 -53.7451
34 508.805 718.217 5 4.32184 -83.243 -158.237
35 509.078 717.798 5 4.58195 -69.0832 93.5798
36 508.402 719.746 5 4.33316 -74.4559 14.6988
37 508.676 719.328 5 4.42632 -70.6714 -157.414
38 508.95 718.909 5 4.57256 -151.251 -49.8868
39 509.223 718.491 5 4.767 -155.982 116.17
40 509.497 718.072 5 5.00403 -250 0
