1 509.951 714.045 5 6.66106 -98.8673 -72.8653
2 510.37 714.318 5 6.86377 -90.6205 103.21
3 510.79 714.59 5 7.09597 -108.375 -19.6829
4 511.209 714.862 5 7.35489 -110.192 165.815
5 511.628 715.135 5 7.63779 -90.3996 -30.724
6 512.048 715.407 5 7.94213 -96.7348 -130.457
7 512.467 715.679 5 8.26553 -93.2673 -86.7058
8 512.886 715.952 5 8.60584 -104.598 143.44
9 513.306 716.224 5 8.96114 -98.7169 -56.4395
10 513.725 716.496 5 9.32971 -103.002 -161.663
11 514.144 716.769 5 9.71005 -92.9026 -87.5018
12 514.564 717.041 5 10.1008 -250 0
13 514.983 717.313 5 10.5009 -250 0
14 509.679 714.465 5 6.20018 -99.8249 -131.279
15 510.098 714.737 5 6.41746 -99.8722 155.804
16 510.517 715.009 5 6.66523 -103.386 -83.2407
17 510.937 715.282 5 6.94023 -93.5453 107.656
18 511.356 715.554 5 7.23936 -90.5316 -26.0525
19 511.775 715.826 5 7.55975 -95.499 -158.718
20 512.195 716.099 5 7.89882 -90.912 -116.952
21 512.614 716.371 5 8.25427 -96.708 161.218
22 513.033 716.643 5 8.62407 -106.345 -171.701
23 513.453 716.916 5 9.00644 -102.099 31.4034
24 513.872 717.188 5 9.39987 -98.9246 -42.5237
25 514.291 717.46 5 9.80302 -100.469 50.8566
26 514.711 717.733 5 10.2147 -117.335 -49.5442
27 509.406 714.884 5 5.74584 -96.4181 -57.717
28 509.826 715.156 5 5.97965 -95.5257 -134.804
29 510.245 715.429 5 6.24482 -103.279 -129.948
30 510.664 715.701 5 6.53753 -124.913 60.4406
31 511.084 715.973 5 6.85425 -96.3759 -115.491
32 511.503 716.246 5 7.19182 -93.8657 138.565
33 511.922 716.518 5 7.54744 -90.427 -102.635
34 512.342 716.79 5 7.91868 -107.52 -116.682
35 512.761 717.063 5 8.30343 -94.6346 136.156
36 513.18 717.335 5 8.69991 -112.822 170.657
37 513.6 717.607 5 9.10659 -105.43 6.31533
38 514.019 717.88 5 9.52216 -122.079 -108.13
39 514.438 718.152 5 9.94551 -107.824 -79.5149
40 509.134 715.303 5 5.29973 -116.609 66.6305
41 509.553 715.576 5 5.55236 -98.5294 -66.945
42 509.973 715.848 5 5.83697 -98.1722 113.543
43 510.392 716.12 5 6.14912 -109.757 -148.229
44 510.811 716.393 5 6.48485 -95.5974 101.281
45 511.231 716.665 5 6.84067 -90.7994 157.224
46 511.65 716.937 5 7.21362 -95.4634 -108.353
47 512.069 717.21 5 7.60118 -101.999 -164.209
48 512.489 717.482 5 8.00121 -99.358 -55.2455
49 512.908 717.754 5 8.41195 -101.831 110.751
50 513.327 718.027 5 8.8319 -111.839 14.657
51 513.747 718.299 5 9.25981 -104.212 29.1848
52 514.166 718.571 5 9.69462 -103.702 -102.526
53 508.862 715.723 5 4.86411 -93.4809 -128.845
54 509.281 715.995 5 5.1382 -93.8507 -79.089
55 509.7 716.267 5 5.44451 -102.463 86.0089
56 510.12 716.54 5 5.77791 -92.9739 -130.128
57 510.539 716.812 5 6.13398 -98.8828 -36.0489
58 510.958 717.084 5 6.50901 -93.1982 -177.589
59 511.378 717.357 5 6.89991 -93.4875 -51.881
60 511.797 717.629 5 7.30413 -99.1043 93.2515
61 512.216 717.901 5 7.71958 -102.2 147.882
62 512.636 718.174 5 8.14453 -103.776 -162.482
63 513.055 718.446 5 8.57758 -106.091 -175.31
64 513.474 718.718 5 9.01757 -97.6068 166.718
65 513.894 718.991 5 9.46351 -109.548 92.3917
66 508.589 716.142 5 4.44208 -94.8619 -52.5348
67 509.009 716.414 5 4.74063 -89.7664 104.843
68 509.428 716.687 5 5.07101 -101.06 -56.5869
69 509.847 716.959 5 5.4274 -97.7541 -151.437
70 510.267 717.231 5 5.80501 -96.7023 156.16
71 510.686 717.504 5 6.19998 -86.4048 135.871
72 511.105 717.776 5 6.60918 -89.9808 -124.713
73 511.525 718.048 5 7.03014 -93.6921 -7.72217
74 511.944 718.321 5 7.46085 -101.161 -27.4613
75 512.363 718.593 5 7.89974 -106.281 81.8705
76 512.783 718.865 5 8.3455 -105.339 -64.4932
77 513.202 719.138 5 8.7971 -103.946 -64.3053
78 513.621 719.41 5 9.25367 -107.311 114.529
79 510.414 717.923 5 5.91711 -89.8614 40.9324
80 510.833 718.195 5 6.34458 -88.1147 -173.787
81 511.672 718.74 5 7.2275 -98.7798 61.1351
82 512.091 719.012 5 7.67974 -104.756 -29.8545
83 512.51 719.285 5 8.13756 -107.845 96.6573
84 512.93 719.557 5 8.60008 -105.384 118.806
85 513.349 719.829 5 9.06658 -106.471 153.789
86 510.141 718.342 5 5.66433 -101.095 108.877
87 510.561 718.615 5 6.10952 -89.1405 109.975
88 511.399 719.159 5 7.02206 -101.796 -140.3
89 511.819 719.432 5 7.48671 -99.4796 81.8309
90 512.238 719.704 5 7.95565 -103.688 -107.372
91 512.657 719.976 5 8.42816 -108.336 -78.5524
92 513.077 720.249 5 8.90367 -114.148 -111.991
93 509.869 718.762 5 5.44583 -87.4881 26.2128
94 510.288 719.034 5 5.90751 -84.0337 -137.19
95 511.127 719.579 5 6.84702 -101.439 77.0069
96 511.546 719.851 5 7.32279 -100.237 77.1452
97 511.966 720.123 5 7.80159 -100.807 -7.28294
98 512.385 720.396 5 8.28289 -110.842 -148.312
99 512.804 720.668 5 8.76629 -108.375 128.696
100 509.597 719.181 5 5.26589 -86.4592 -58.4251
101 510.016 719.453 5 5.74205 -93.4363 -118.834
102 509.324 719.6 5 5.12855 -88.0055 143.288
103 509.744 719.873 5 5.61637 -75.4359 -170.878
104 509.052 720.02 5 5.03731 -76.1742 -111.803
105 509.471 720.292 5 5.53318 -85.9946 -17.4998
