1 505.473 717.831 5 2.56365 -53.3211 -127.888
2 505.747 717.412 5 2.09483 -53.1493 46.8547
3 506.02 716.994 5 1.64449 -49.8686 -57.695
4 506.294 716.575 5 1.23303 -51.0606 -28.7306
5 506.567 716.157 5 0.914533 -48.4783 -31.3157
6 505.891 718.104 5 2.76176 -49.5079 -123.207
7 506.165 717.686 5 2.33309 -67.1552 63.9661
8 506.439 717.267 5 1.9389 -61.7116 130.632
9 506.712 716.849 5 1.60479 -77.557 -175.822
10 506.986 716.43 5 1.37527 -60.9241 -47.4299
11 506.31 718.378 5 3.03023 -59.7757 -124.971
12 506.584 717.96 5 2.64543 -59.2077 152.35
13 506.857 717.541 5 2.30529 -57.7573 146.928
14 507.131 717.123 5 2.03233 -69.155 55.3895
15 507.404 716.704 5 1.85644 -56.9662 -33.3801
16 506.728 718.652 5 3.35221 -58.3853 -20.2228
17 507.002 718.233 5 3.00887 -57.0404 -121.641
18 507.276 717.815 5 2.71465 -61.4629 -71.8599
19 507.549 717.396 5 2.48704 -64.149 156.196
20 507.823 716.978 5 2.3455 -53.7322 8.82161
21 507.147 718.925 5 3.7138 -66.3456 -18.8608
22 507.421 718.507 5 3.4071 -65.253 27.6525
23 507.694 718.088 5 3.15029 -56.709 19.1112
24 507.968 717.67 5 2.95641 -62.3507 49.3819
25 508.241 717.251 5 2.83838 -59.3984 22.3939
26 507.565 719.199 5 4.10455 -70.4027 67.0292
27 507.839 718.78 5 3.82927 -62.2993 17.6791
28 508.113 718.362 5 3.60269 -60.0051 -65.6117
29 508.386 717.943 5 3.43444 -60.4341 107.16
30 508.66 717.525 5 3.33337 -56.9101 66.3773
31 507.984 719.472 5 4.51689 -61.9891 73.0828
32 508.258 719.054 5 4.26829 -63.6621 98.5585
33 508.531 718.635 5 4.06625 -58.7826 48.5522
34 508.805 718.217 5 3.91796 -61.4922 165.974
35 509.078 717.798 5 3.82967 -67.4747 104.864
36 508.402 719.746 5 4.94543 -68.8373 -83.1313
37 508.676 719.328 5 4.71946 -77.4019 -66.0454
38 508.95 718.909 5 4.53755 -130.546 -40.1512
39 509.223 718.491 5 4.40515 -134.33 91.5496
40 509.497 718.072 5 4.32682 -123.529 165.089
