1 509.951 714.045 5 6.20017 -88.2067 74.4246
2 510.37 714.318 5 6.41745 -93.561 4.14886
3 510.79 714.59 5 6.66522 -87.4828 15.8266
4 511.209 714.862 5 6.94022 -87.3854 -127.294
5 511.628 715.135 5 7.23935 -84.454 52.9914
6 512.048 715.407 5 7.55974 -96.5442 -52.2804
7 512.467 715.679 5 7.89881 -81.8876 113.504
8 512.886 715.952 5 8.25426 -96.0754 -75.194
9 513.306 716.224 5 8.62405 -87.2104 -58.5186
10 513.725 716.496 5 9.00643 -87.3898 -26.2516
11 514.144 716.769 5 9.39986 -100.319 -51.5941
12 514.564 717.041 5 9.803 -250 0
13 514.983 717.313 5 10.2147 -250 0
14 509.679 714.465 5 5.74583 -101.495 -167.372
15 510.098 714.737 5 5.97964 -83.6979 -10.6474
16 510.517 715.009 5 6.24481 -92.5155 50.4735
17 510.937 715.282 5 6.53752 -89.939 -114.79
18 511.356 715.554 5 6.85424 -86.1162 -29.1409
19 511.775 715.826 5 7.19181 -89.6153 16.1163
20 512.195 716.099 5 7.54743 -87.011 124.898
21 512.614 716.371 5 7.91866 -89.5275 49.8471
22 513.033 716.643 5 8.30342 -91.3789 118.745
23 513.453 716.916 5 8.6999 -80.6898 145.386
24 513.872 717.188 5 9.10658 -82.9596 -20.6295
25 514.291 717.46 5 9.52215 -89.8476 97.4589
26 514.711 717.733 5 9.94549 -92.1186 70.9305
27 509.406 714.884 5 5.29972 -88.0609 -78.3219
28 509.826 715.156 5 5.55235 -92.4588 -148.587
29 510.245 715.429 5 5.83696 -85.2336 -117.979
30 510.664 715.701 5 6.14911 -88.0509 -94.1183
31 511.084 715.973 5 6.48484 -95.6502 38.1058
32 511.503 716.246 5 6.84066 -88.6667 -50.0644
33 511.922 716.518 5 7.21361 -83.586 128.832
34 512.342 716.79 5 7.60116 -91.5883 -128.898
35 512.761 717.063 5 8.0012 -89.9369 17.6558
36 513.18 717.335 5 8.41194 -79.9917 -136.583
37 513.6 717.607 5 8.83189 -95.4603 68.7467
38 514.019 717.88 5 9.25979 -93.3835 107.451
39 514.438 718.152 5 9.6946 -91.7024 -102.411
40 509.134 715.303 5 4.8641 -101.045 178.242
41 509.553 715.576 5 5.13819 -92.6107 -157.069
42 509.973 715.848 5 5.4445 -87.8814 175.573
43 510.392 716.12 5 5.7779 -90.0221 112.259
44 510.811 716.393 5 6.13397 -80.4077 -160.234
45 511.231 716.665 5 6.509 -86.839 -81.5069
46 511.65 716.937 5 6.8999 -83.6756 108.31
47 512.069 717.21 5 7.30412 -86.9423 125.49
48 512.489 717.482 5 7.71957 -81.8848 116.775
49 512.908 717.754 5 8.14452 -87.6165 -117.117
50 513.327 718.027 5 8.57757 -100.532 40.342
51 513.747 718.299 5 9.01755 -95.9052 -58.1286
52 514.166 718.571 5 9.4635 -95.2958 -100.593
53 508.862 715.723 5 4.44207 -76.2296 -130.125
54 509.281 715.995 5 4.74062 -98.5539 -164.461
55 509.7 716.267 5 5.071 -89.7513 -162.99
56 510.12 716.54 5 5.42739 -92.1624 122.858
57 510.539 716.812 5 5.805 -81.6225 -123.441
58 510.958 717.084 5 6.19997 -99.4197 -53.2571
59 511.378 717.357 5 6.60917 -87.3038 135.655
60 511.797 717.629 5 7.03012 -83.8915 11.6923
61 512.216 717.901 5 7.46084 -85.2325 114.427
62 512.636 718.174 5 7.89973 -95.7322 -95.5394
63 513.055 718.446 5 8.34549 -94.6367 -56.8386
64 513.474 718.718 5 8.79709 -108.439 -129.195
65 513.894 718.991 5 9.25366 -91.3897 67.2243
66 508.589 716.142 5 4.03787 -102.329 -106.404
67 509.009 716.414 5 4.36417 -113.375 -28.94
68 509.428 716.687 5 4.72096 -99.9926 -104.339
69 509.847 716.959 5 5.10186 -102.715 -35.4462
70 510.267 717.231 5 5.50187 -79.7319 -120.5
71 510.686 717.504 5 5.9171 -91.1012 95.5545
72 511.105 717.776 5 6.34457 -84.3593 100.63
73 511.525 718.048 5 6.78197 -104.646 -122.627
74 511.944 718.321 5 7.22749 -92.8682 101.109
75 512.363 718.593 5 7.67972 -106.669 -126.748
76 512.783 718.865 5 8.13755 -104.389 -14.4685
77 513.202 719.138 5 8.60007 -95.2716 -162.788
78 513.621 719.41 5 9.06657 -94.2198 -102.124
79 510.414 717.923 5 5.66432 -88.7773 165.022
80 510.833 718.195 5 6.1095 -84.7939 136.493
81 511.672 718.74 5 7.02204 -105.752 -152.744
82 512.091 719.012 5 7.48669 -107.033 -49.747
83 512.51 719.285 5 7.95563 -101.014 -37.1461
84 512.93 719.557 5 8.42815 -102.598 29.1154
85 513.349 719.829 5 8.90366 -96.3139 14.7004
86 510.141 718.342 5 5.44582 -82.2022 -7.68251
87 510.561 718.615 5 5.90749 -83.9487 65.6235
88 511.399 719.159 5 6.84701 -100.612 -17.4366
89 511.819 719.432 5 7.32278 -98.7269 154.904
90 512.238 719.704 5 7.80158 -107.557 -76.4924
91 512.657 719.976 5 8.28288 -94.1257 131.536
92 513.077 720.249 5 8.76628 -95.0804 -90.4491
93 509.869 718.762 5 5.26587 -75.4328 -136.298
94 510.288 719.034 5 5.74203 -79.7905 -12.3668
95 511.127 719.579 5 6.70477 -110.89 -105.26
96 511.546 719.851 5 7.18996 -94.4724 -158.301
97 511.966 720.123 5 7.67705 -108.427 -153.188
98 512.385 720.396 5 8.16569 -105.715 -138.083
99 512.804 720.668 5 8.65564 -98.1628 -129.003
100 509.597 719.181 5 5.12854 -79.8896 -137.447
101 510.016 719.453 5 5.61635 -83.0161 -73.3165
102 509.324 719.6 5 5.0373 -64.4936 126.621
103 509.744 719.873 5 5.53316 -57.9585 45.619
104 509.052 720.02 5 4.99468 -46.4374 -135.382
105 509.471 720.292 5 5.49439 -44.8816 -108.767
