1 509.951 714.045 5 4.86408 -89.4382 23.4606
2 510.37 714.318 5 5.13817 -92.7407 134.263
3 510.79 714.59 5 5.44447 -88.438 100.346
4 511.209 714.862 5 5.77786 -93.1587 132.304
5 511.628 715.135 5 6.13394 -84.9334 -0.121271
6 512.048 715.407 5 6.50897 -88.3216 -166.703
7 512.467 715.679 5 6.89987 -83.7306 48.396
8 512.886 715.952 5 7.30408 -88.7377 -54.7327
9 513.306 716.224 5 7.71953 -96.9935 147.218
10 513.725 716.496 5 8.14448 -93.9953 -26.7724
11 514.144 716.769 5 8.57753 -88.384 -154.027
12 514.564 717.041 5 9.01751 -250 0
13 514.983 717.313 5 9.46346 -250 0
14 509.679 714.465 5 4.44204 -74.5327 -175.688
15 510.098 714.737 5 4.74059 -85.0239 52.0447
16 510.517 715.009 5 5.07097 -84.3566 -43.3787
17 510.937 715.282 5 5.42735 -82.6628 -179.746
18 511.356 715.554 5 5.80497 -89.9438 -106.108
19 511.775 715.826 5 6.19993 -92.1319 -81.2313
20 512.195 716.099 5 6.60913 -85.0241 43.0096
21 512.614 716.371 5 7.03008 -94.9091 -134.247
22 513.033 716.643 5 7.4608 -89.227 44.9754
23 513.453 716.916 5 7.89969 -86.5863 -9.21502
24 513.872 717.188 5 8.34545 -77.9554 -133.983
25 514.291 717.46 5 8.79704 -81.8184 -149.481
26 514.711 717.733 5 9.25362 -79.0768 -71.4757
27 509.406 714.884 5 4.03785 -76.8613 -48.1472
28 509.826 715.156 5 4.36414 -85.6726 -147.054
29 510.245 715.429 5 4.72093 -86.0906 -132.125
30 510.664 715.701 5 5.10183 -94.6881 39.8607
31 511.084 715.973 5 5.50183 -82.3819 95.2783
32 511.503 716.246 5 5.91706 -86.9111 -144.199
33 511.922 716.518 5 6.34453 -85.881 39.7183
34 512.342 716.79 5 6.78193 -86.7511 -154.193
35 512.761 717.063 5 7.22745 -91.8086 -81.567
36 513.18 717.335 5 7.67968 -74.9473 151.783
37 513.6 717.607 5 8.1375 -83.0902 141.661
38 514.019 717.88 5 8.60003 -80.0381 76.6835
39 514.438 718.152 5 9.06653 -87.767 -96.0368
40 509.134 715.303 5 3.65741 -86.6904 -28.2032
41 509.553 715.576 5 4.01474 -90.5888 -124.877
42 509.973 715.848 5 4.39996 -83.3463 82.792
43 510.392 716.12 5 4.80636 -82.4194 85.436
44 510.811 716.393 5 5.22901 -84.8082 128.458
45 511.231 716.665 5 5.66428 -89.4351 -150.698
46 511.65 716.937 5 6.10946 -84.8812 18.1723
47 512.069 717.21 5 6.56255 -85.9728 7.3882
48 512.489 717.482 5 7.022 -75.7812 4.24692
49 512.908 717.754 5 7.48665 -77.6006 21.3967
50 513.327 718.027 5 7.95559 -89.7123 126.687
51 513.747 718.299 5 8.4281 -102.05 -67.5258
52 514.166 718.571 5 8.90362 -90.8368 57.7383
53 508.862 715.723 5 3.30895 -86.9177 -103.259
54 509.281 715.995 5 3.70008 -93.6381 134.956
55 509.7 716.267 5 4.11486 -101.295 -129.575
56 510.12 716.54 5 4.54682 -82.7314 91.16
57 510.539 716.812 5 4.9915 -84.4653 57.9237
58 510.958 717.084 5 5.44578 -89.1682 8.89012
59 511.378 717.357 5 5.90745 -89.3535 31.4602
60 511.797 717.629 5 6.37491 -73.7651 -140.151
61 512.216 717.901 5 6.84697 -78.1918 -110.788
62 512.636 718.174 5 7.32273 -109.677 -85.3033
63 513.055 718.446 5 7.80153 -88.9093 151.187
64 513.474 718.718 5 8.28284 -88.6115 -125.251
65 513.894 718.991 5 8.76623 -93.5462 94.9243
66 508.589 716.142 5 3.0036 -88.5033 -61.8368
67 509.009 716.414 5 3.42973 -82.3592 171.291
68 509.428 716.687 5 3.87357 -86.7331 133.202
69 509.847 716.959 5 4.32967 -95.1211 132.008
70 510.267 717.231 5 4.79453 -82.0862 -102.728
71 510.686 717.504 5 5.26583 -89.5598 -155.462
72 511.105 717.776 5 5.74199 -74.2551 86.63
73 511.525 718.048 5 6.22189 -84.135 152.362
74 511.944 718.321 5 6.70473 -94.4172 154.618
75 512.363 718.593 5 7.18992 -89.2271 -19.5135
76 512.783 718.865 5 7.677 -97.749 -98.9764
77 513.202 719.138 5 8.16565 -90.0187 -61.3306
78 513.621 719.41 5 8.65559 -88.4923 -7.28454
79 510.414 717.923 5 5.12849 -78.5408 -1.57346
80 510.833 718.195 5 5.61631 -74.5482 0.264466
81 511.672 718.74 5 6.59741 -100.335 -158.57
82 512.091 719.012 5 7.08995 -100.515 -71.1796
83 512.51 719.285 5 7.58346 -102.112 -59.8296
84 512.93 719.557 5 8.07777 -104.772 86.6298
85 513.349 719.829 5 8.57273 -99.9929 38.0873
86 510.141 718.342 5 5.03725 -70.2764 178.869
87 510.561 718.615 5 5.53312 -75.6368 -67.8799
88 511.399 719.159 5 6.52674 -97.737 -37.6389
89 511.819 719.432 5 7.02423 -97.4664 7.36423
90 512.238 719.704 5 7.52205 -101.24 -8.16399
91 512.657 719.976 5 8.02015 -100.6 122.739
92 513.077 720.249 5 8.51846 -91.1897 153.939
93 509.869 718.762 5 4.99463 -62.963 58.6181
94 510.288 719.034 5 5.49435 -69.0972 7.28366
95 511.127 719.579 5 6.4939 -108.875 110.772
96 511.546 719.851 5 6.99373 -102.327 56.4382
97 511.966 720.123 5 7.49358 -101.317 -14.6898
98 512.385 720.396 5 7.99345 -105.115 160.177
99 512.804 720.668 5 8.49333 -95.0378 139.206
100 509.597 719.181 5 5.00188 -67.7746 128.31
101 510.016 719.453 5 5.50094 -65.5367 139.286
102 509.324 719.6 5 5.05878 -64.4078 -27.4992
103 509.744 719.873 5 5.55272 -56.5248 -161.965
104 509.052 720.02 5 5.16369 -60.5911 -18.433
105 509.471 720.292 5 5.64847 -48.8192 109.382
