1 505.473 717.831 5 1.64303 -51.902 -65.0858
2 505.747 717.412 5 1.23108 -45.1267 -62.5624
3 506.02 716.994 5 0.911905 -40.082 -133.11
4 506.294 716.575 5 0.804727 -39.8646 -168.209
5 506.567 716.157 5 0.981631 -41.2402 27.3947
6 505.891 718.104 5 1.93689 -46.6906 164.596
7 506.165 717.686 5 1.60236 -41.0889 55.9443
8 506.439 717.267 5 1.37244 -43.7826 4.5842
9 506.712 716.849 5 1.30369 -41.8236 -165.37
10 506.986 716.43 5 1.41972 -43.4806 -144.779
11 506.31 718.378 5 2.30295 -45.9306 -167.288
12 506.584 717.96 5 2.02968 -42.9733 -102.963
13 506.857 717.541 5 1.85354 -44.9302 32.4869
14 507.131 717.123 5 1.80322 -43.2712 169.406
15 507.404 716.704 5 1.88882 -47.1813 -31.3304
16 506.728 718.652 5 2.71212 -46.7493 110.296
17 507.002 718.233 5 2.48427 -48.6301 24.118
18 507.276 717.815 5 2.34257 -45.5627 41.9749
19 507.549 717.396 5 2.30296 -43.0033 -163.919
20 507.823 716.978 5 2.37058 -42.1146 -17.9112
21 507.147 718.925 5 3.14763 -46.1232 -75.5679
22 507.421 718.507 5 2.95358 -51.8729 71.1801
23 507.694 718.088 5 2.83542 -50.5904 36.0634
24 507.968 717.67 5 2.80279 -45.3861 160.635
25 508.241 717.251 5 2.85861 -53.9318 117.042
26 507.565 719.199 5 3.59995 -55.9484 123.211
27 507.839 718.78 5 3.43156 -48.7221 125.688
28 508.113 718.362 5 3.33041 -55.1165 101.394
29 508.386 717.943 5 3.30267 -58.9747 -165.553
30 508.66 717.525 5 3.35017 -49.2524 -17.1649
31 507.984 719.472 5 4.06345 -50.9997 126.032
32 508.258 719.054 5 3.91505 -56.6133 -45.0909
33 508.531 718.635 5 3.8267 -45.7991 122.814
34 508.805 718.217 5 3.80259 -44.1248 -175.075
35 509.078 717.798 5 3.84392 -48.9965 21.4815
36 508.402 719.746 5 4.53472 -43.9502 -133.538
37 508.676 719.328 5 4.40223 -45.3821 -93.1393
38 508.95 718.909 5 4.32385 -250 0
39 509.223 718.491 5 4.30252 -139.16 -71.4902
40 509.497 718.072 5 4.33909 -143.792 -58.6528
