1 514.644 719.84 5 9.76472 -126.346 -178.266
2 514.371 720.259 5 9.68015 -250 0
3 514.097 720.678 5 9.62085 -250 0
4 513.824 721.096 5 9.5873 -250 0
5 513.551 721.515 5 9.57976 -250 0
6 513.278 721.934 5 9.59829 -250 0
7 513.004 722.353 5 9.64276 -250 0
8 512.731 722.771 5 9.71279 -250 0
9 512.458 723.19 5 9.80784 -250 0
10 512.185 723.609 5 9.92719 -250 0
11 515.063 720.113 5 10.2557 -126.776 82.8343
12 514.789 720.532 5 10.1752 -250 0
13 514.516 720.951 5 10.1188 -250 0
14 514.243 721.37 5 10.0869 -250 0
15 513.97 721.788 5 10.0797 -250 0
16 513.696 722.207 5 10.0973 -250 0
17 513.423 722.626 5 10.1396 -250 0
18 513.15 723.045 5 10.2062 -250 0
19 512.877 723.463 5 10.2967 -250 0
20 512.603 723.882 5 10.4105 -250 0
21 515.481 720.387 5 10.7475 -126.864 89.3826
22 515.208 720.805 5 10.6707 -250 0
23 514.935 721.224 5 10.6169 -250 0
24 514.662 721.643 5 10.5865 -250 0
25 514.388 722.062 5 10.5797 -250 0
26 514.115 722.48 5 10.5965 -250 0
27 513.842 722.899 5 10.6368 -250 0
28 513.568 723.318 5 10.7003 -250 0
29 513.295 723.737 5 10.7867 -250 0
30 513.022 724.155 5 10.8953 -250 0
31 515.9 720.66 5 11.24 -250 0
32 515.627 721.079 5 11.1666 -250 0
33 515.353 721.497 5 11.1152 -250 0
34 515.08 721.916 5 11.0862 -250 0
35 514.807 722.335 5 11.0797 -250 0
36 514.534 722.754 5 11.0957 -250 0
37 514.26 723.172 5 11.1342 -164.865 -77.4926
38 513.987 723.591 5 11.1949 -250 0
39 516.319 720.933 5 11.7331 -163.955 -32.4939
40 516.045 721.352 5 11.6628 -250 0
41 515.772 721.771 5 11.6137 -231.108 -47.0616
42 515.499 722.189 5 11.5859 -250 0
43 515.226 722.608 5 11.5797 -250 0
44 514.952 723.027 5 11.595 -250 0
45 514.679 723.446 5 11.6318 -250 0
46 514.406 723.864 5 11.6899 -250 0
47 516.737 721.206 5 12.2268 -250 0
48 516.464 721.625 5 12.1594 -250 0
49 516.191 722.044 5 12.1123 -250 0
50 515.918 722.463 5 12.0856 -250 0
51 515.644 722.881 5 12.0796 -250 0
52 515.371 723.3 5 12.0943 -250 0
53 515.098 723.719 5 12.1297 -250 0
54 514.825 724.138 5 12.1854 -250 0
55 517.156 721.48 5 12.721 -250 0
56 516.883 721.898 5 12.6562 -199.608 179.051
57 516.61 722.317 5 12.6109 -250 0
58 516.336 722.736 5 12.5854 -250 0
59 516.063 723.155 5 12.5796 -175.855 148.464
60 515.79 723.573 5 12.5937 -250 0
61 515.517 723.992 5 12.6277 -117.744 -73.4382
62 515.243 724.411 5 12.6812 -250 0
63 517.575 721.753 5 13.2157 -175.34 126.299
64 517.302 722.172 5 13.1533 -250 0
65 517.028 722.59 5 13.1097 -116.068 -40.8161
66 516.755 723.009 5 13.0851 -250 0
67 516.482 723.428 5 13.0796 -175.397 -45.3027
68 516.209 723.847 5 13.0932 -150.883 -101.945
69 515.935 724.265 5 13.1258 -135.316 -54.4236
70 515.662 724.684 5 13.1773 -126.961 168.856
71 517.994 722.026 5 13.7107 -174.92 113.652
72 517.72 722.445 5 13.6506 -250 0
73 517.447 722.864 5 13.6086 -116.311 170.403
74 517.174 723.282 5 13.5849 -168.493 -41.2769
75 516.901 723.701 5 13.5796 -250 0
76 516.627 724.12 5 13.5927 -136.453 143.741
77 516.354 724.539 5 13.6241 -113.788 169.845
78 516.081 724.957 5 13.6738 -120.031 138.767
