1 505.473 717.831 5 1.23011 -38.1758 26.006
2 505.747 717.412 5 0.910592 -38.1406 -102.242
3 506.02 716.994 5 0.803237 -53.1909 -138.249
4 506.294 716.575 5 0.980409 -39.0962 31.3066
5 506.567 716.157 5 1.33312 -39.6837 82.4965
6 505.891 718.104 5 1.60115 -42.3479 62.669
7 506.165 717.686 5 1.37102 -51.9162 12.0518
8 506.439 717.267 5 1.30219 -40.9586 74.066
9 506.712 716.849 5 1.41835 -40.1171 -129.541
10 506.986 716.43 5 1.68159 -42.3977 178.85
11 506.31 718.378 5 2.02835 -50.8304 -76.4669
12 506.584 717.96 5 1.85208 -53.5175 -1.41787
13 506.857 717.541 5 1.80173 -49.1147 96.985
14 507.131 717.123 5 1.88739 -46.1549 -30.023
15 507.404 716.704 5 2.09243 -43.3045 94.9025
16 506.728 718.652 5 2.48289 -45.3729 99.6026
17 507.002 718.233 5 2.3411 -53.9846 132.525
18 507.276 717.815 5 2.30147 -56.4311 41.4095
19 507.549 717.396 5 2.36913 -49.4437 -23.4634
20 507.823 716.978 5 2.5355 -46.0452 -132.737
21 507.147 718.925 5 2.95216 -50.8521 42.3186
22 507.421 718.507 5 2.83395 -50.8173 -79.8968
23 507.694 718.088 5 2.8013 -51.0448 28.8725
24 507.968 717.67 5 2.85715 -53.8295 -3.63214
25 508.241 717.251 5 2.99655 -47.0371 78.7567
26 507.565 719.199 5 3.43013 -51.9133 -137.796
27 507.839 718.78 5 3.32893 -56.3411 148.927
28 508.113 718.362 5 3.30118 -49.5891 58.8292
29 508.386 717.943 5 3.3487 -54.3464 -6.07938
30 508.66 717.525 5 3.4684 -46.8242 47.9892
31 507.984 719.472 5 3.9136 -59.4859 -43.7914
32 508.258 719.054 5 3.82522 -51.3793 54.2989
33 508.531 718.635 5 3.80109 -48.8967 24.018
34 508.805 718.217 5 3.84244 -46.2422 123.158
35 509.078 717.798 5 3.94719 -44.6729 -178.581
36 508.402 719.746 5 4.40077 -62.5771 -119.025
37 508.676 719.328 5 4.32236 -57.2574 -84.0704
38 508.95 718.909 5 4.30103 -185.329 6.33973
39 509.223 718.491 5 4.33761 -158.858 7.95813
40 509.497 718.072 5 4.43067 -141.861 3.72285
