1 509.951 714.045 5 5.74583 -96.2489 142.345
2 510.37 714.318 5 5.97963 -84.1964 125.309
3 510.79 714.59 5 6.2448 -85.8204 58.1989
4 511.209 714.862 5 6.53751 -84.1458 -37.1255
5 511.628 715.135 5 6.85424 -81.0835 31.7722
6 512.048 715.407 5 7.1918 -88.7531 96.2651
7 512.467 715.679 5 7.54742 -81.9959 116.955
8 512.886 715.952 5 7.91865 -85.5833 -42.1517
9 513.306 716.224 5 8.30341 -97.8145 -62.6918
10 513.725 716.496 5 8.69989 -87.0847 -20.9026
11 514.144 716.769 5 9.10657 -85.6848 -111.669
12 514.564 717.041 5 9.52214 -250 0
13 514.983 717.313 5 9.94548 -250 0
14 509.679 714.465 5 5.29971 -99.8261 -92.2189
15 510.098 714.737 5 5.55234 -81.9696 7.08837
16 510.517 715.009 5 5.83695 -86.6371 -5.73651
17 510.937 715.282 5 6.1491 -79.2639 -143.671
18 511.356 715.554 5 6.48483 -90.3655 -27.1757
19 511.775 715.826 5 6.84065 -87.0032 -31.6272
20 512.195 716.099 5 7.2136 -77.1262 129.886
21 512.614 716.371 5 7.60115 -83.5164 75.9849
22 513.033 716.643 5 8.00119 -85.4794 166.485
23 513.453 716.916 5 8.41193 -82.3912 69.7988
24 513.872 717.188 5 8.83188 -85.8982 -48.9329
25 514.291 717.46 5 9.25978 -85.6115 89.8566
26 514.711 717.733 5 9.69459 -91.2071 174.712
27 509.406 714.884 5 4.8641 -92.6063 -130.973
28 509.826 715.156 5 5.13818 -87.0052 141.066
29 510.245 715.429 5 5.44449 -91.3248 -123.37
30 510.664 715.701 5 5.77788 -85.787 137.776
31 511.084 715.973 5 6.13396 -82.6634 -74.6118
32 511.503 716.246 5 6.50899 -82.1222 -80.7222
33 511.922 716.518 5 6.89989 -80.699 131.782
34 512.342 716.79 5 7.30411 -81.3687 -101.483
35 512.761 717.063 5 7.71955 -95.0213 -104.166
36 513.18 717.335 5 8.14451 -82.9121 179.09
37 513.6 717.607 5 8.57756 -101.343 -121.638
38 514.019 717.88 5 9.01754 -91.3098 -34.6262
39 514.438 718.152 5 9.46348 -84.9744 -81.1869
40 509.134 715.303 5 4.44206 -87.5441 -93.7902
41 509.553 715.576 5 4.74061 -85.9336 -133.309
42 509.973 715.848 5 5.07099 -92.7402 11.6882
43 510.392 716.12 5 5.42738 -79.3639 -118.292
44 510.811 716.393 5 5.80499 -79.0039 -178.991
45 511.231 716.665 5 6.19995 -87.1063 -156.52
46 511.65 716.937 5 6.60916 -79.4256 101.185
47 512.069 717.21 5 7.03011 -89.8437 123.993
48 512.489 717.482 5 7.46083 -81.9988 35.7753
49 512.908 717.754 5 7.89971 -94.8038 -144.9
50 513.327 718.027 5 8.34548 -93.6969 -136.505
51 513.747 718.299 5 8.79707 -93.1768 -63.161
52 514.166 718.571 5 9.25365 -94.5568 151.845
53 508.862 715.723 5 4.03787 -78.4232 -15.6863
54 509.281 715.995 5 4.36416 -84.4086 -132.015
55 509.7 716.267 5 4.72095 -86.0525 -19.4685
56 510.12 716.54 5 5.10185 -87.8642 33.5515
57 510.539 716.812 5 5.50185 -77.2275 100.736
58 510.958 717.084 5 5.91708 -91.7958 -103.974
59 511.378 717.357 5 6.34456 -80.4487 127.301
60 511.797 717.629 5 6.78195 -81.1217 -126.681
61 512.216 717.901 5 7.22748 -93.1764 76.4724
62 512.636 718.174 5 7.67971 -102.293 57.4949
63 513.055 718.446 5 8.13753 -85.6654 -60.1751
64 513.474 718.718 5 8.60005 -82.9149 -41.0359
65 513.894 718.991 5 9.06656 -85.5444 149.711
66 508.589 716.142 5 3.65743 -93.6754 -128.804
67 509.009 716.414 5 4.01476 -118.473 -85.273
68 509.428 716.687 5 4.39998 -87.4876 119.924
69 509.847 716.959 5 4.80639 -94.3811 -59.006
70 510.267 717.231 5 5.22904 -88.501 37.6376
71 510.686 717.504 5 5.6643 -87.4991 134.977
72 511.105 717.776 5 6.10949 -73.6467 109.94
73 511.525 718.048 5 6.56257 -84.2831 -30.3316
74 511.944 718.321 5 7.02203 -79.3342 -168.271
75 512.363 718.593 5 7.48668 -82.1612 -109.246
76 512.783 718.865 5 7.95562 -96.6755 -58.5435
77 513.202 719.138 5 8.42813 -92.3623 -170.642
78 513.621 719.41 5 8.90365 -91.6344 -103.142
79 510.414 717.923 5 5.44581 -78.2821 37.9666
80 510.833 718.195 5 5.90748 -78.8548 154.652
81 511.672 718.74 5 6.84699 -97.637 -157.237
82 512.091 719.012 5 7.32276 -99.0065 -34.6188
83 512.51 719.285 5 7.80156 -97.5882 3.34144
84 512.93 719.557 5 8.28287 -108.237 -76.9444
85 513.349 719.829 5 8.76626 -93.7956 108.087
86 510.141 718.342 5 5.26586 -76.4102 -42.2356
87 510.561 718.615 5 5.74202 -80.9401 80.8729
88 511.399 719.159 5 6.70476 -98.9525 -15.7614
89 511.819 719.432 5 7.18994 -96.4386 115.354
90 512.238 719.704 5 7.67703 -99.3588 -77.4126
91 512.657 719.976 5 8.16568 -103.068 -48.9702
92 513.077 720.249 5 8.65562 -87.317 -166.873
93 509.869 718.762 5 5.12852 -75.6398 166.689
94 510.288 719.034 5 5.61634 -69.0138 73.1001
95 511.127 719.579 5 6.59744 -107.092 6.9311
96 511.546 719.851 5 7.08998 -98.7744 -90.901
97 511.966 720.123 5 7.58349 -100.912 47.7908
98 512.385 720.396 5 8.0778 -104.579 -152.421
99 512.804 720.668 5 8.57276 -104.107 137.33
100 509.597 719.181 5 5.03728 -74.2463 -70.919
101 510.016 719.453 5 5.53315 -71.0899 -125.75
102 509.324 719.6 5 4.99466 -60.9736 130.134
103 509.744 719.873 5 5.49438 -63.6405 -39.8236
104 509.052 720.02 5 5.00191 -47.7856 -112.802
105 509.471 720.292 5 5.50097 -50.472 -77.6803
