1 505.473 717.831 5 0.909279 -39.0839 -116.561
2 505.747 717.412 5 0.801747 -40.3707 -169.448
3 506.02 716.994 5 0.979188 -41.5588 72.7798
4 506.294 716.575 5 1.33222 -49.4026 13.926
5 506.567 716.157 5 1.75808 -48.5459 -48.7135
6 505.891 718.104 5 1.3696 -38.5779 -22.5639
7 506.165 717.686 5 1.3007 -41.8111 -144.718
8 506.439 717.267 5 1.41698 -38.8724 -145.898
9 506.712 716.849 5 1.68043 -47.8876 160.471
10 506.986 716.43 5 2.03466 -47.9191 -114.807
11 506.31 718.378 5 1.85063 -44.9626 21.1009
12 506.584 717.96 5 1.80024 -45.0763 148.104
13 506.857 717.541 5 1.88596 -49.4337 -52.2465
14 507.131 717.123 5 2.09114 -44.5341 100.265
15 507.404 716.704 5 2.38514 -49.8214 -55.3941
16 506.728 718.652 5 2.33963 -44.9723 105.945
17 507.002 718.233 5 2.29997 -47.5226 136.041
18 507.276 717.815 5 2.36768 -53.993 -1.5473
19 507.549 717.396 5 2.53415 -46.311 -114.893
20 507.823 716.978 5 2.78171 -44.0295 -109.649
21 507.147 718.925 5 2.83247 -48.2721 61.981
22 507.421 718.507 5 2.7998 -62.2663 168.627
23 507.694 718.088 5 2.85568 -54.3848 1.42207
24 507.968 717.67 5 2.99515 -43.1398 -20.7684
25 508.241 717.251 5 3.20732 -53.9449 118.678
26 507.565 719.199 5 3.32745 -43.5428 105.628
27 507.839 718.78 5 3.29969 -44.8824 -167.355
28 508.113 718.362 5 3.34723 -48.7406 90.5226
29 508.386 717.943 5 3.46698 -47.4958 44.3034
30 508.66 717.525 5 3.65184 -50.6568 -50.4673
31 507.984 719.472 5 3.82373 -47.5276 150.286
32 508.258 719.054 5 3.7996 -49.8463 -147.038
33 508.531 718.635 5 3.84096 -48.9226 81.8662
34 508.805 718.217 5 3.94575 -54.7905 107.386
35 509.078 717.798 5 4.10913 -51.0813 46.1902
36 508.402 719.746 5 4.32088 -54.7239 179.957
37 508.676 719.328 5 4.29953 -46.2165 164.029
38 508.95 718.909 5 4.33613 -152.886 -119.306
39 509.223 718.491 5 4.42922 -157.825 45.4465
40 509.497 718.072 5 4.57537 -141.156 43.8555
