1 509.951 714.045 5 4.03783 -57.5696 -120.076
2 510.37 714.318 5 4.36412 -62.4096 -20.6368
3 510.79 714.59 5 4.72091 -64.1329 65.3191
4 511.209 714.862 5 5.1018 -68.0074 54.6846
5 511.628 715.135 5 5.5018 -57.0928 -42.5977
6 512.048 715.407 5 5.91703 -63.5454 177.973
7 512.467 715.679 5 6.3445 -65.9368 -14.7635
8 512.886 715.952 5 6.7819 -62.9644 -150.329
9 513.306 716.224 5 7.22742 -64.4255 45.3352
10 513.725 716.496 5 7.67965 -71.6823 99.8328
11 514.144 716.769 5 8.13748 -65.2324 -174.849
12 514.564 717.041 5 8.6 -250 0
13 514.983 717.313 5 9.0665 -250 0
14 509.679 714.465 5 3.65739 -75.13 94.5674
15 510.098 714.737 5 4.01472 -62.3572 -71.607
16 510.517 715.009 5 4.39993 -60.3387 -126.056
17 510.937 715.282 5 4.80633 -60.4292 179.267
18 511.356 715.554 5 5.22899 -59.5598 -36.2896
19 511.775 715.826 5 5.66425 -62.7127 116.53
20 512.195 716.099 5 6.10943 -61.4672 16.5033
21 512.614 716.371 5 6.56252 -60.3706 106.451
22 513.033 716.643 5 7.02197 -67.4545 11.8254
23 513.453 716.916 5 7.48662 -62.9187 -66.9259
24 513.872 717.188 5 7.95556 -74.5623 120.396
25 514.291 717.46 5 8.42807 -72.3074 -54.7242
26 514.711 717.733 5 8.90359 -71.3197 -162.569
27 509.406 714.884 5 3.30892 -73.24 -35.1437
28 509.826 715.156 5 3.70006 -59.1394 106.044
29 510.245 715.429 5 4.11484 -63.1736 6.07473
30 510.664 715.701 5 4.54679 -79.4975 -163.046
31 511.084 715.973 5 4.99147 -71.8356 61.0609
32 511.503 716.246 5 5.44575 -62.0448 77.2107
33 511.922 716.518 5 5.90742 -63.825 171.014
34 512.342 716.79 5 6.37488 -63.5669 -135.007
35 512.761 717.063 5 6.84694 -69.5135 -160.227
36 513.18 717.335 5 7.3227 -67.1143 174.309
37 513.6 717.607 5 7.8015 -67.1941 81.5369
38 514.019 717.88 5 8.28281 -70.171 -55.3349
39 514.438 718.152 5 8.7662 -69.9433 156.486
40 509.134 715.303 5 3.00357 -57.8905 14.0892
41 509.553 715.576 5 3.42971 -58.8007 138.708
42 509.973 715.848 5 3.87354 -62.6693 -69.4776
43 510.392 716.12 5 4.32964 -64.7371 -94.2182
44 510.811 716.393 5 4.7945 -68.0575 147.413
45 511.231 716.665 5 5.2658 -76.2697 -144.131
46 511.65 716.937 5 5.74196 -68.2659 -162.073
47 512.069 717.21 5 6.22186 -66.1286 -22.9674
48 512.489 717.482 5 6.7047 -66.3647 -19.471
49 512.908 717.754 5 7.18989 -69.2652 -40.0386
50 513.327 718.027 5 7.67697 -70.0823 -46.6468
51 513.747 718.299 5 8.16562 -69.8971 -127.079
52 514.166 718.571 5 8.65556 -71.1591 107.99
53 508.862 715.723 5 2.7557 -58.7804 -85.4587
54 509.281 715.995 5 3.21486 -57.9159 0.197134
55 509.7 716.267 5 3.68467 -76.3338 142.675
56 510.12 716.54 5 4.16152 -64.746 97.0924
57 510.539 716.812 5 4.64324 -65.5304 67.5405
58 510.958 717.084 5 5.12846 -71.8653 35.7769
59 511.378 717.357 5 5.61628 -69.0819 -16.1167
60 511.797 717.629 5 6.10606 -78.6339 51.6087
61 512.216 717.901 5 6.59738 -68.6319 86.2729
62 512.636 718.174 5 7.08992 -71.3669 105.863
63 513.055 718.446 5 7.58343 -75.5554 72.7651
64 513.474 718.718 5 8.07774 -70.5335 96.1684
65 513.894 718.991 5 8.5727 -70.0988 37.7325
66 508.589 716.142 5 2.58193 -87.9459 142.301
67 509.009 716.414 5 3.06721 -63.9253 88.713
68 509.428 716.687 5 3.55658 -67.58 -43.325
69 509.847 716.959 5 4.04854 -63.8124 -51.4629
70 510.267 717.231 5 4.54226 -73.5287 -178.835
71 510.686 717.504 5 5.03722 -73.5718 -163.1
72 511.105 717.776 5 5.53309 -81.5322 -16.5092
73 511.525 718.048 5 6.02963 -77.3243 171.684
74 511.944 718.321 5 6.52671 -68.2048 102.365
75 512.363 718.593 5 7.0242 -63.8255 -175.025
76 512.783 718.865 5 7.52202 -67.4614 -156.491
77 513.202 719.138 5 8.02012 -71.365 -142.391
78 513.621 719.41 5 8.51843 -71.0548 -128.481
79 510.414 717.923 5 4.9946 -76.6702 -167.008
80 510.833 718.195 5 5.49432 -73.9772 90.9844
81 511.672 718.74 5 6.49387 -96.8428 -48.21
82 512.091 719.012 5 6.9937 -70.7714 -121.543
83 512.51 719.285 5 7.49355 -70.5104 -51.9164
84 512.93 719.557 5 7.99342 -69.0069 -17.2706
85 513.349 719.829 5 8.4933 -74.1789 -13.8252
86 510.141 718.342 5 5.00185 -88.7164 179.635
87 510.561 718.615 5 5.50091 -80.9282 8.68902
88 511.399 719.159 5 6.49945 -79.5676 -45.663
89 511.819 719.432 5 6.99888 -79.0494 -22.1547
90 512.238 719.704 5 7.49838 -72.4131 53.9504
91 512.657 719.976 5 7.99795 -70.7681 82.7332
92 513.077 720.249 5 8.49757 -71.5991 116.32
93 509.869 718.762 5 5.05875 -77.8399 -8.08733
94 510.288 719.034 5 5.55269 -83.7585 171.706
95 511.127 719.579 5 6.54334 -89.6116 163.098
96 511.546 719.851 5 7.03966 -72.3151 99.5758
97 511.966 720.123 5 7.53646 -74.1244 -85.0935
98 512.385 720.396 5 8.03366 -82.5879 -66.5565
99 512.804 720.668 5 8.53118 -67.0228 52.097
100 509.597 719.181 5 5.16366 -103.547 153.499
101 510.016 719.453 5 5.64844 -86.6675 67.399
102 509.324 719.6 5 5.31375 -74.7597 -111.051
103 509.744 719.873 5 5.78596 -70.3666 -63.0874
104 509.052 720.02 5 5.5053 -64.4927 114.751
105 509.471 720.292 5 5.96237 -64.2896 -112.001
