1 505.473 717.831 5 0.800258 -36.3566 -153.244
2 505.747 717.412 5 0.977968 -40.9961 24.5785
3 506.02 716.994 5 1.33133 -43.828 100.86
4 506.294 716.575 5 1.75739 -43.785 -72.7428
5 506.567 716.157 5 2.2146 -66.8262 135.988
6 505.891 718.104 5 1.29921 -42.3535 -157.557
7 506.165 717.686 5 1.41561 -42.6074 -131.412
8 506.439 717.267 5 1.67927 -42.6988 166.789
9 506.712 716.849 5 2.03371 -43.6904 -104.67
10 506.986 716.43 5 2.43967 -49.5942 136.296
11 506.31 718.378 5 1.79874 -50.3346 -102.421
12 506.584 717.96 5 1.88454 -45.9938 -56.2824
13 506.857 717.541 5 2.08985 -45.0616 84.1038
14 507.131 717.123 5 2.38401 -42.1677 -70.7082
15 507.404 716.704 5 2.73852 -54.0252 33.2602
16 506.728 718.652 5 2.29848 -45.2328 128.119
17 507.002 718.233 5 2.36622 -46.8188 6.7343
18 507.276 717.815 5 2.53279 -52.1671 -151.034
19 507.549 717.396 5 2.78047 -45.7995 -98.7497
20 507.823 716.978 5 3.08983 -47.2628 54.2052
21 507.147 718.925 5 2.79831 -41.5588 165.66
22 507.421 718.507 5 2.85422 -44.7519 44.4569
23 507.694 718.088 5 2.99375 -51.2449 -6.43143
24 507.968 717.67 5 3.20602 -67.6282 106.397
25 508.241 717.251 5 3.47772 -47.8236 25.3169
26 507.565 719.199 5 3.29819 -41.6685 171.755
27 507.839 718.78 5 3.34575 -44.8275 84.847
28 508.113 718.362 5 3.46556 -49.5252 97.663
29 508.386 717.943 5 3.65049 -53.8119 -81.8308
30 508.66 717.525 5 3.89129 -51.2874 -17.5713
31 507.984 719.472 5 3.7981 -43.8798 -170.922
32 508.258 719.054 5 3.83948 -53.6379 102.164
33 508.531 718.635 5 3.94431 -53.3792 128.461
34 508.805 718.217 5 4.10775 -55.644 35.855
35 509.078 717.798 5 4.32315 -53.449 111.776
36 508.402 719.746 5 4.29804 -45.0105 -174.069
37 508.676 719.328 5 4.33464 -60.6707 -16.7013
38 508.95 718.909 5 4.42777 -151.962 -83.9502
39 509.223 718.491 5 4.57396 -156.869 81.4916
40 509.497 718.072 5 4.76835 -250 0
