1 514.644 719.84 5 10.1598 -197.87 -137.182
2 514.371 720.259 5 10.0038 -250 0
3 514.097 720.678 5 9.87077 -187.12 -81.9032
4 513.824 721.096 5 9.76154 -250 0
5 513.551 721.515 5 9.67694 -250 0
6 513.278 721.934 5 9.61762 -250 0
7 513.004 722.353 5 9.58406 -250 0
8 512.731 722.771 5 9.57651 -250 0
9 512.458 723.19 5 9.59506 -250 0
10 512.185 723.609 5 9.63953 -250 0
11 515.063 720.113 5 10.6324 -250 0
12 514.789 720.532 5 10.4834 -250 0
13 514.516 720.951 5 10.3565 -250 0
14 514.243 721.37 5 10.2525 -250 0
15 513.97 721.788 5 10.172 -250 0
16 513.696 722.207 5 10.1156 -250 0
17 513.423 722.626 5 10.0837 -250 0
18 513.15 723.045 5 10.0765 -250 0
19 512.877 723.463 5 10.0941 -250 0
20 512.603 723.882 5 10.1364 -250 0
21 515.481 720.387 5 11.1073 -127.355 105.626
22 515.208 720.805 5 10.9649 -250 0
23 514.935 721.224 5 10.8436 -250 0
24 514.662 721.643 5 10.7443 -250 0
25 514.388 722.062 5 10.6675 -250 0
26 514.115 722.48 5 10.6137 -250 0
27 513.842 722.899 5 10.5833 -250 0
28 513.568 723.318 5 10.5765 -250 0
29 513.295 723.737 5 10.5933 -250 0
30 513.022 724.155 5 10.6336 -250 0
31 515.9 720.66 5 11.5844 -127.444 111.442
32 515.627 721.079 5 11.4479 -250 0
33 515.353 721.497 5 11.3318 -250 0
34 515.08 721.916 5 11.2368 -250 0
35 514.807 722.335 5 11.1634 -250 0
36 514.534 722.754 5 11.112 -250 0
37 514.26 723.172 5 11.083 -250 0
38 513.987 723.591 5 11.0764 -250 0
39 516.319 720.933 5 12.0634 -127.508 117.139
40 516.045 721.352 5 11.9323 -250 0
41 515.772 721.771 5 11.821 -250 0
42 515.499 722.189 5 11.7299 -250 0
43 515.226 722.608 5 11.6596 -250 0
44 514.952 723.027 5 11.6104 -250 0
45 514.679 723.446 5 11.5827 -250 0
46 514.406 723.864 5 11.5764 -250 0
47 516.737 721.206 5 12.544 -127.619 122.438
48 516.464 721.625 5 12.418 -250 0
49 516.191 722.044 5 12.311 -250 0
50 515.918 722.463 5 12.2236 -250 0
51 515.644 722.881 5 12.1562 -250 0
52 515.371 723.3 5 12.109 -163.365 -145.474
53 515.098 723.719 5 12.0824 -250 0
54 514.825 724.138 5 12.0764 -250 0
55 517.156 721.48 5 13.026 -163.736 -24.8515
56 516.883 721.898 5 12.9047 -156.804 116.101
57 516.61 722.317 5 12.8019 -188.816 25.5598
58 516.336 722.736 5 12.7178 -250 0
59 516.063 723.155 5 12.653 -174.393 120.135
60 515.79 723.573 5 12.6077 -250 0
61 515.517 723.992 5 12.5821 -250 0
62 515.243 724.411 5 12.5764 -250 0
63 517.575 721.753 5 13.5094 -164.047 -19.9435
64 517.302 722.172 5 13.3925 -250 0
65 517.028 722.59 5 13.2934 -159.476 68.9731
66 516.755 723.009 5 13.2125 -250 0
67 516.482 723.428 5 13.1501 -173.952 -74.6201
68 516.209 723.847 5 13.1065 -250 0
69 515.935 724.265 5 13.0819 -104.785 81.8606
70 515.662 724.684 5 13.0764 -112.012 -73.7308
71 517.994 722.026 5 13.9939 -193.484 -39.6645
72 517.72 722.445 5 13.8811 -250 0
73 517.447 722.864 5 13.7855 -126.46 -102.211
74 517.174 723.282 5 13.7075 -145.27 -111.891
75 516.901 723.701 5 13.6474 -250 0
76 516.627 724.12 5 13.6054 -110.923 -11.4352
77 516.354 724.539 5 13.5817 -150.207 -102.937
78 516.081 724.957 5 13.5763 -156.977 -73.5744
