1 509.951 714.045 5 5.29971 -80.3652 86.1829
2 510.37 714.318 5 5.55233 -92.9703 -93.7975
3 510.79 714.59 5 5.83694 -89.5256 175.07
4 511.209 714.862 5 6.1491 -85.7514 150.361
5 511.628 715.135 5 6.48482 -88.987 1.95131
6 512.048 715.407 5 6.84064 -100.841 57.6089
7 512.467 715.679 5 7.21359 -103.757 -107.491
8 512.886 715.952 5 7.60114 -91.7923 -11.4347
9 513.306 716.224 5 8.00118 -90.5615 76.0237
10 513.725 716.496 5 8.41192 -87.3501 -84.1204
11 514.144 716.769 5 8.83186 -85.0248 68.027
12 514.564 717.041 5 9.25977 -250 0
13 514.983 717.313 5 9.69458 -250 0
14 509.679 714.465 5 4.86409 -92.5417 120.505
15 510.098 714.737 5 5.13818 -85.0361 7.53866
16 510.517 715.009 5 5.44448 -82.0375 -146.844
17 510.937 715.282 5 5.77787 -97.2891 121.965
18 511.356 715.554 5 6.13395 -91.9972 -31.691
19 511.775 715.826 5 6.50898 -91.1552 27.6986
20 512.195 716.099 5 6.89988 -90.5961 -164.516
21 512.614 716.371 5 7.30409 -88.4493 150.142
22 513.033 716.643 5 7.71954 -90.5293 67.8761
23 513.453 716.916 5 8.14449 -90.5103 130.957
24 513.872 717.188 5 8.57754 -91.3229 -115.527
25 514.291 717.46 5 9.01753 -87.122 -1.39154
26 514.711 717.733 5 9.46347 -86.8799 89.9177
27 509.406 714.884 5 4.44205 -83.2063 -12.1428
28 509.826 715.156 5 4.7406 -77.3878 28.5004
29 510.245 715.429 5 5.07098 -93.2602 -127.949
30 510.664 715.701 5 5.42737 -83.9927 -14.9735
31 511.084 715.973 5 5.80498 -82.8462 141.114
32 511.503 716.246 5 6.19994 -87.887 -29.1478
33 511.922 716.518 5 6.60914 -81.9734 -79.6069
34 512.342 716.79 5 7.0301 -87.8987 -95.5348
35 512.761 717.063 5 7.46081 -85.196 -145.744
36 513.18 717.335 5 7.8997 -86.8639 -156.998
37 513.6 717.607 5 8.34546 -82.9763 -163.629
38 514.019 717.88 5 8.79706 -90.9549 -150.804
39 514.438 718.152 5 9.25363 -90.4594 -165.77
40 509.134 715.303 5 4.03786 -97.499 98.311
41 509.553 715.576 5 4.36415 -100.751 -152.464
42 509.973 715.848 5 4.72094 -76.2325 -103.915
43 510.392 716.12 5 5.10184 -80.6212 82.361
44 510.811 716.393 5 5.50184 -87.7334 -127.632
45 511.231 716.665 5 5.91707 -91.3225 -162.295
46 511.65 716.937 5 6.34454 -90.5952 -175.509
47 512.069 717.21 5 6.78194 -85.2337 53.4369
48 512.489 717.482 5 7.22746 -77.7288 108.599
49 512.908 717.754 5 7.67969 -82.7573 150.618
50 513.327 718.027 5 8.13752 -83.0703 -2.00008
51 513.747 718.299 5 8.60004 -91.3561 -25.6455
52 514.166 718.571 5 9.06654 -86.4562 -154.744
53 508.862 715.723 5 3.65742 -86.8766 -84.1575
54 509.281 715.995 5 4.01475 -86.8152 46.7193
55 509.7 716.267 5 4.39997 -82.9568 -138.988
56 510.12 716.54 5 4.80637 -73.309 115.284
57 510.539 716.812 5 5.22903 -83.009 -97.8693
58 510.958 717.084 5 5.66429 -80.99 108.393
59 511.378 717.357 5 6.10948 -84.1048 -85.416
60 511.797 717.629 5 6.56256 -78.8506 -44.877
61 512.216 717.901 5 7.02201 -82.6308 6.66995
62 512.636 718.174 5 7.48667 -86.372 71.9849
63 513.055 718.446 5 7.95561 -87.9983 -152.313
64 513.474 718.718 5 8.42812 -95.1784 -148.387
65 513.894 718.991 5 8.90363 -93.3687 -54.9626
66 508.589 716.142 5 3.30896 -100.981 -86.395
67 509.009 716.414 5 3.70009 -88.5301 153.402
68 509.428 716.687 5 4.11487 -87.2473 -140.403
69 509.847 716.959 5 4.54683 -84.8947 12.9868
70 510.267 717.231 5 4.99151 -74.3122 -14.9537
71 510.686 717.504 5 5.44579 -87.0007 -87.5912
72 511.105 717.776 5 5.90747 -79.5575 -157.566
73 511.525 718.048 5 6.37492 -88.1668 -157.766
74 511.944 718.321 5 6.84698 -91.5914 -65.4302
75 512.363 718.593 5 7.32275 -78.9857 -78.8279
76 512.783 718.865 5 7.80155 -95.6782 -41.188
77 513.202 719.138 5 8.28285 -98.5832 26.8926
78 513.621 719.41 5 8.76625 -88.4849 176.314
79 510.414 717.923 5 5.26584 -81.834 -152.47
80 510.833 718.195 5 5.742 -82.0868 100.037
81 511.672 718.74 5 6.70474 -96.9642 176.325
82 512.091 719.012 5 7.18993 -99.6822 -131.073
83 512.51 719.285 5 7.67702 -101.255 44.0687
84 512.93 719.557 5 8.16566 -97.1311 29.0619
85 513.349 719.829 5 8.65561 -97.3557 142.705
86 510.141 718.342 5 5.12851 -78.817 -4.92347
87 510.561 718.615 5 5.61632 -76.652 122.19
88 511.399 719.159 5 6.59743 -102.701 -90.1642
89 511.819 719.432 5 7.08996 -103.442 56.394
90 512.238 719.704 5 7.58347 -105.787 -104.675
91 512.657 719.976 5 8.07778 -100.777 146.764
92 513.077 720.249 5 8.57275 -93.4619 -140.038
93 509.869 718.762 5 5.03727 -78.7561 104.583
94 510.288 719.034 5 5.53313 -77.648 170.704
95 511.127 719.579 5 6.52675 -108.561 -170.998
96 511.546 719.851 5 7.02424 -96.5327 34.4983
97 511.966 720.123 5 7.52207 -96.7127 -74.6769
98 512.385 720.396 5 8.02016 -98.0689 133.977
99 512.804 720.668 5 8.51848 -99.3284 136.455
100 509.597 719.181 5 4.99465 -72.0215 -0.740154
101 510.016 719.453 5 5.49436 -65.7657 100.607
102 509.324 719.6 5 5.0019 -65.1145 -52.0836
103 509.744 719.873 5 5.50095 -54.3535 127.75
104 509.052 720.02 5 5.0588 -56.0082 -89.526
105 509.471 720.292 5 5.55274 -57.2653 -48.3169
