1 514.644 719.84 5 8.02945 -96.4935 83.6427
2 514.371 720.259 5 8.0422 -100.565 -33.2157
3 514.097 720.678 5 8.0859 -125.405 -96.9096
4 513.824 721.096 5 8.16005 -96.6412 88.73
5 513.551 721.515 5 8.26385 -250 0
6 513.278 721.934 5 8.39619 -103.392 114.337
7 513.004 722.353 5 8.55575 -104.053 82.6024
8 512.731 722.771 5 8.74103 -112.684 79.832
9 512.458 723.19 5 8.95044 -143.667 75.6083
10 512.185 723.609 5 9.18233 -123.305 -32.5425
11 515.063 720.113 5 8.52945 -98.98 -158.337
12 514.789 720.532 5 8.54144 -98.0712 -16.8643
13 514.516 720.951 5 8.5826 -97.2306 -146.933
14 514.243 721.37 5 8.6525 -117.482 -157.472
15 513.97 721.788 5 8.75046 -104.897 -123.378
16 513.696 722.207 5 8.87555 -104.731 -170.331
17 513.423 722.626 5 9.02664 -103.637 -151.305
18 513.15 723.045 5 9.20244 -102.015 -137.778
19 512.877 723.463 5 9.40158 -99.7584 -152.989
20 512.603 723.882 5 9.6226 -98.7354 -128.824
21 515.481 720.387 5 9.02944 -97.1012 -36.8639
22 515.208 720.805 5 9.04077 -108.893 -1.56038
23 514.935 721.224 5 9.07967 -95.9924 -43.7651
24 514.662 721.643 5 9.14577 -102.341 -45.1437
25 514.388 722.062 5 9.2385 -102.761 -59.9073
26 514.115 722.48 5 9.35707 -100.8 -68.1446
27 513.842 722.899 5 9.5005 -102.046 -67.5187
28 513.568 723.318 5 9.66769 -102.009 19.1701
29 513.295 723.737 5 9.85744 -116.206 -69.9315
30 513.022 724.155 5 10.0685 -102.804 -41.1762
31 515.9 720.66 5 9.52943 -105.25 54.0846
32 515.627 721.079 5 9.54017 -112.345 -62.8794
33 515.353 721.497 5 9.57704 -102.037 -163.284
34 515.08 721.916 5 9.63973 -104.773 -51.9017
35 514.807 722.335 5 9.72776 -111.33 86.4882
36 514.534 722.754 5 9.84043 -108.582 68.8965
37 514.26 723.172 5 9.97691 -108.218 83.3934
38 513.987 723.591 5 10.1363 -112.154 -3.09078
39 516.319 720.933 5 10.0294 -97.5883 6.06936
40 516.045 721.352 5 10.0396 -107.545 63.8263
41 515.772 721.771 5 10.0747 -122.588 17.2813
42 515.499 722.189 5 10.1343 -117.834 -156.424
43 515.226 722.608 5 10.2181 -117.203 82.3317
44 514.952 723.027 5 10.3254 -109.698 -30.3465
45 514.679 723.446 5 10.4555 -122.472 -163.863
46 514.406 723.864 5 10.6077 -250 0
47 516.737 721.206 5 10.5294 -100.311 147.452
48 516.464 721.625 5 10.5391 -91.8377 11.5177
49 516.191 722.044 5 10.5725 -106.205 177.703
50 515.918 722.463 5 10.6294 -119.923 151.206
51 515.644 722.881 5 10.7092 -113.254 144.326
52 515.371 723.3 5 10.8117 -127.089 -134.587
53 515.098 723.719 5 10.9361 -118.302 69.8156
54 514.825 724.138 5 11.0816 -250 0
55 517.156 721.48 5 11.0294 -127.075 66.7811
56 516.883 721.898 5 11.0387 -83.0084 -132.344
57 516.61 722.317 5 11.0706 -104.518 -90.1081
58 516.336 722.736 5 11.1249 -105.244 14.496
59 516.063 723.155 5 11.2012 -116.876 -83.1405
60 515.79 723.573 5 11.2992 -134.6 11.3571
61 515.517 723.992 5 11.4183 -125.989 -32.0453
62 515.243 724.411 5 11.5577 -250 0
63 517.575 721.753 5 11.5294 -127.447 130.24
64 517.302 722.172 5 11.5383 -113.049 -166.673
65 517.028 722.59 5 11.5688 -82.8358 145.195
66 516.755 723.009 5 11.6207 -110.396 22.8503
67 516.482 723.428 5 11.6939 -109.582 -101.676
68 516.209 723.847 5 11.7878 -112.993 -37.3482
69 515.935 724.265 5 11.9019 -127.446 -127.973
70 515.662 724.684 5 12.0358 -122.776 130.555
71 517.994 722.026 5 12.0294 -129.506 -176.123
72 517.72 722.445 5 12.0379 -116.699 -107.898
73 517.447 722.864 5 12.0672 -109.379 72.4572
74 517.174 723.282 5 12.117 -110.231 158.141
75 516.901 723.701 5 12.1871 -110.969 -161.178
76 516.627 724.12 5 12.2772 -105.408 87.0437
77 516.354 724.539 5 12.3869 -106.395 143.573
78 516.081 724.957 5 12.5156 -129.366 77.5945
