1 514.644 719.84 5 8.04394 -91.2381 -21.4974
2 514.371 720.259 5 8.08763 -112.236 49.8856
3 514.097 720.678 5 8.16177 -116.773 -85.5959
4 513.824 721.096 5 8.26555 -105.273 -43.9659
5 513.551 721.515 5 8.39786 -250 0
6 513.278 721.934 5 8.55739 -112.944 -166.375
7 513.004 722.353 5 8.74263 -100.322 161.965
8 512.731 722.771 5 8.95201 -105.929 -132.037
9 512.458 723.19 5 9.18386 -134.882 135.157
10 512.185 723.609 5 9.43652 -142.155 86.7347
11 515.063 720.113 5 8.54319 -106.623 -46.8776
12 514.789 720.532 5 8.58434 -93.7188 122.636
13 514.516 720.951 5 8.65422 -100.411 -83.5814
14 514.243 721.37 5 8.75216 -110.217 63.405
15 513.97 721.788 5 8.87723 -119.303 -170.057
16 513.696 722.207 5 9.02829 -107.692 -126.405
17 513.423 722.626 5 9.20406 -112.611 -98.4451
18 513.15 723.045 5 9.40316 -104.19 15.1256
19 512.877 723.463 5 9.62415 -109.91 -79.5082
20 512.603 723.882 5 9.86555 -111.994 -145.724
21 515.481 720.387 5 9.04252 -104.502 147.492
22 515.208 720.805 5 9.0814 -94.1271 51.1897
23 514.935 721.224 5 9.1475 -100.996 -171.443
24 514.662 721.643 5 9.24021 -98.8165 -159.677
25 514.388 722.062 5 9.35875 -97.9419 -126.668
26 514.115 722.48 5 9.50216 -99.9843 -92.851
27 513.842 722.899 5 9.66932 -100.299 -98.232
28 513.568 723.318 5 9.85904 -98.9662 -51.1053
29 513.295 723.737 5 10.07 -106.405 -89.5589
30 513.022 724.155 5 10.301 -102.622 -30.2918
31 515.9 720.66 5 9.54192 -96.3001 92.5455
32 515.627 721.079 5 9.57878 -115.191 110.366
33 515.353 721.497 5 9.64146 -100.067 -75.1833
34 515.08 721.916 5 9.72947 -101.948 -16.0845
35 514.807 722.335 5 9.84212 -104.611 46.0277
36 514.534 722.754 5 9.97858 -106.91 55.987
37 514.26 723.172 5 10.1379 -100.752 93.464
38 513.987 723.591 5 10.319 -98.6642 110.253
39 516.319 720.933 5 10.0414 -95.8765 95.9574
40 516.045 721.352 5 10.0764 -97.7919 -11.0849
41 515.772 721.771 5 10.136 -123.333 -78.0981
42 515.499 722.189 5 10.2198 -121.733 8.31264
43 515.226 722.608 5 10.3271 -110.046 14.8047
44 514.952 723.027 5 10.4572 -106.134 -3.19369
45 514.679 723.446 5 10.6093 -106.635 -42.443
46 514.406 723.864 5 10.7825 -250 0
47 516.737 721.206 5 10.5409 -124.326 -29.5888
48 516.464 721.625 5 10.5743 -92.1329 -44.2793
49 516.191 722.044 5 10.6311 -105.425 25.3829
50 515.918 722.463 5 10.711 -130.209 103.787
51 515.644 722.881 5 10.8134 -117.536 -138.113
52 515.371 723.3 5 10.9377 -135.107 -136.185
53 515.098 723.719 5 11.0833 -138.962 -145.574
54 514.825 724.138 5 11.2492 -250 0
55 517.156 721.48 5 11.0404 -118.12 68.9621
56 516.883 721.898 5 11.0723 -80.0156 166.04
57 516.61 722.317 5 11.1266 -90.0281 179.296
58 516.336 722.736 5 11.2029 -108.995 170.332
59 516.063 723.155 5 11.3009 -121.489 -177.248
60 515.79 723.573 5 11.42 -135.37 139.411
61 515.517 723.992 5 11.5594 -121.157 38.9999
62 515.243 724.411 5 11.7186 -250 0
63 517.575 721.753 5 11.54 -123.909 120.364
64 517.302 722.172 5 11.5705 -97.2262 121.226
65 517.028 722.59 5 11.6225 -99.3234 67.5844
66 516.755 723.009 5 11.6956 -87.468 21.6936
67 516.482 723.428 5 11.7895 -107.422 -42.5574
68 516.209 723.847 5 11.9036 -125.664 -102.443
69 515.935 724.265 5 12.0375 -120.817 109.581
70 515.662 724.684 5 12.1904 -120.599 -69.2104
71 517.994 722.026 5 12.0397 -126.01 -176.839
72 517.72 722.445 5 12.0689 -128.353 9.66955
73 517.447 722.864 5 12.1187 -113.353 -100.041
74 517.174 723.282 5 12.1888 -86.8955 -6.62219
75 516.901 723.701 5 12.279 -107.293 21.72
76 516.627 724.12 5 12.3886 -110.535 -12.8763
77 516.354 724.539 5 12.5173 -117.032 -171.87
78 516.081 724.957 5 12.6644 -146.283 -14.4782
