1 509.951 714.045 5 0.955768 -40.0108 94.0685
2 510.37 714.318 5 1.45063 -45.6506 147.019
3 510.79 714.59 5 1.94811 -41.3058 142.462
4 511.209 714.862 5 2.44662 -56.9247 171.735
5 511.628 715.135 5 2.94564 -50.5492 87.8729
6 512.048 715.407 5 3.44494 -48.9888 107.041
7 512.467 715.679 5 3.94442 -45.9873 111.138
8 512.886 715.952 5 4.44401 -45.5373 109.837
9 513.306 716.224 5 4.94369 -46.733 133.898
10 513.725 716.496 5 5.44343 -46.1482 126.17
11 514.144 716.769 5 5.94321 -45.2027 145.587
12 514.564 717.041 5 6.44302 -139.896 136.326
13 514.983 717.313 5 6.94287 -140.311 135.24
14 509.679 714.465 5 1.15406 -38.4751 -89.1171
15 510.098 714.737 5 1.58829 -42.66 98.6543
16 510.517 715.009 5 2.05268 -42.2903 -175.363
17 510.937 715.282 5 2.53068 -44.7533 -78.6474
18 511.356 715.554 5 3.01582 -53.9918 -92.0336
19 511.775 715.826 5 3.50513 -47.2062 -37.2263
20 512.195 716.099 5 3.9971 -50.4216 -14.7974
21 512.614 716.371 5 4.49084 -52.6411 94.4414
22 513.033 716.643 5 4.98582 -65.7163 -97.5052
23 513.453 716.916 5 5.48172 -56.6696 127.971
24 513.872 717.188 5 5.9783 -56.9424 173.66
25 514.291 717.46 5 6.47541 -65.1096 -89.2217
26 514.711 717.733 5 6.97293 -54.8581 -3.19242
27 509.406 714.884 5 1.50007 -44.9852 8.40499
28 509.826 715.156 5 1.855 -41.5176 44.0385
29 510.245 715.429 5 2.26536 -46.7134 -50.7143
30 510.664 715.701 5 2.70604 -45.2079 78.7964
31 511.084 715.973 5 3.16441 -44.5761 -151.149
32 511.503 716.246 5 3.63377 -48.2925 -1.2238
33 511.922 716.518 5 4.11037 -49.2603 20.9984
34 512.342 716.79 5 4.59195 -56.7262 66.7304
35 512.761 717.063 5 5.07709 -52.5507 53.6515
36 513.18 717.335 5 5.56486 -49.8467 132.538
37 513.6 717.607 5 6.05462 -49.1017 -152.931
38 514.019 717.88 5 6.54593 -50.2908 -120.633
39 514.438 718.152 5 7.03847 -54.203 -62.4177
40 509.134 715.303 5 1.91535 -43.062 -143.559
41 509.553 715.576 5 2.2044 -52.0792 52.549
42 509.973 715.848 5 2.55934 -43.9184 -168.769
43 510.392 716.12 5 2.95652 -49.1556 57.7577
44 510.811 716.393 5 3.3811 -48.0723 -47.6191
45 511.231 716.665 5 3.82396 -51.5593 121.203
46 511.65 716.937 5 4.27943 -52.2127 -105.409
47 512.069 717.21 5 4.74387 -52.5916 13.755
48 512.489 717.482 5 5.2149 -52.6628 138.314
49 512.908 717.754 5 5.69087 -58.2923 -148.18
50 513.327 718.027 5 6.17064 -52.9394 -177.946
51 513.747 718.299 5 6.65339 -50.336 -157.661
52 514.166 718.571 5 7.13852 -47.2749 -78.9353
53 508.862 715.723 5 2.36366 -46.3691 -9.98075
54 509.281 715.995 5 2.60341 -53.6601 25.1092
55 509.7 716.267 5 2.91008 -48.532 171.91
56 510.12 716.54 5 3.26487 -49.8015 -83.7589
57 510.539 716.812 5 3.65379 -53.7688 -85.2923
58 510.958 717.084 5 4.06707 -49.4456 152.865
59 511.378 717.357 5 4.49798 -53.1386 10.2019
60 511.797 717.629 5 4.94193 -52.8945 70.9209
61 512.216 717.901 5 5.39569 -50.5068 -93.8737
62 512.636 718.174 5 5.85699 -48.3268 23.7691
63 513.055 718.446 5 6.32417 -51.1934 165.205
64 513.474 718.718 5 6.79603 -50.2953 -141.322
65 513.894 718.991 5 7.27164 -60.1247 -135.495
66 508.589 716.142 5 2.82936 -51.0666 56.9889
67 509.009 716.414 5 3.0325 -44.9902 -119.913
68 509.428 716.687 5 3.29953 -54.407 -17.6632
69 509.847 716.959 5 3.61631 -46.7772 -21.2212
70 510.267 717.231 5 3.97096 -47.0112 77.2835
71 510.686 717.504 5 4.35424 -47.7156 -0.303898
72 511.105 717.776 5 4.75922 -49.2907 -67.2223
73 511.525 718.048 5 5.18083 -51.6258 79.5013
74 511.944 718.321 5 5.61532 -58.6209 -54.9174
75 512.363 718.593 5 6.05992 -56.3474 118.771
76 512.783 718.865 5 6.51256 -50.1225 -114.196
77 513.202 719.138 5 6.97168 -51.9417 66.7785
78 513.621 719.41 5 7.43607 -50.8597 -179.601
79 510.414 717.923 5 4.67736 -50.2229 -165.749
80 510.833 718.195 5 5.05654 -56.1246 153.48
81 511.672 718.74 5 5.86943 -50.6848 -40.0399
82 512.091 719.012 5 6.29611 -64.9516 -17.5882
83 512.51 719.285 5 6.73289 -63.1372 11.8755
84 512.93 719.557 5 7.17793 -53.782 112.229
85 513.349 719.829 5 7.62978 -49.723 -64.0448
86 510.141 718.342 5 5.02952 -59.9826 85.2853
87 510.561 718.615 5 5.38395 -55.1626 -9.6374
88 511.399 719.159 5 6.15374 -65.6254 122.318
89 511.819 719.432 5 6.56197 -52.6259 119.768
90 512.238 719.704 5 6.98214 -63.0077 37.9858
91 512.657 719.976 5 7.41222 -54.605 -140.937
92 513.077 720.249 5 7.8506 -56.1943 17.1119
93 509.869 718.762 5 5.40504 -69.7773 -124.125
94 510.288 719.034 5 5.73631 -57.6573 -136.644
95 511.127 719.579 5 6.46428 -64.8952 -87.5575
96 511.546 719.851 5 6.85403 -59.7585 163.77
97 511.966 720.123 5 7.25731 -67.7543 44.6015
98 512.385 720.396 5 7.67199 -62.0184 42.925
99 512.804 720.668 5 8.09631 -59.0735 8.08513
100 509.597 719.181 5 5.79938 -66.5386 -21.8604
101 510.016 719.453 5 6.10931 -61.3977 27.4219
102 509.324 719.6 5 6.20896 -63.7448 159.275
103 509.744 719.873 5 6.49938 -76.53 -61.7004
104 509.052 720.02 5 6.63095 -65.8333 110.65
105 509.471 720.292 5 6.90365 -73.1283 -145.565
