1 509.951 714.045 5 2.05796 -49.9812 157.535
2 510.37 714.318 5 2.32882 -49.804 127.219
3 510.79 714.59 5 2.66676 -46.2817 -147.89
4 511.209 714.862 5 3.04957 -48.6926 178.409
5 511.628 715.135 5 3.46238 -48.4162 111.876
6 512.048 715.407 5 3.89568 -51.6086 -110.734
7 512.467 715.679 5 4.34333 -44.5537 70.8338
8 512.886 715.952 5 4.80133 -65.3651 -175.821
9 513.306 716.224 5 5.26697 -51.0937 -102.288
10 513.725 716.496 5 5.7384 -46.2467 45.1095
11 514.144 716.769 5 6.21429 -62.3473 50.6947
12 514.564 717.041 5 6.6937 -250 0
13 514.983 717.313 5 7.17592 -197.759 83.1022
14 509.679 714.465 5 1.62897 -51.2456 -44.7501
15 510.098 714.737 5 1.96004 -43.4627 82.0501
16 510.517 715.009 5 2.35159 -47.0468 24.0488
17 510.937 715.282 5 2.77817 -46.8426 -94.473
18 511.356 715.554 5 3.2259 -51.5713 82.3653
19 511.775 715.826 5 3.68709 -56.5467 -147.086
20 512.195 716.099 5 4.15727 -48.5308 -78.1093
21 512.614 716.371 5 4.63369 -50.0023 -77.7616
22 513.033 716.643 5 5.11462 -57.7617 57.6867
23 513.453 716.916 5 5.59889 -48.9482 67.8665
24 513.872 717.188 5 6.0857 -55.9683 63.5892
25 514.291 717.46 5 6.5745 -49.5912 120.028
26 514.711 717.733 5 7.06486 -55.6245 -139.567
27 509.406 714.884 5 1.25375 -42.9005 -26.16
28 509.826 715.156 5 1.66136 -45.1042 -128.372
29 510.245 715.429 5 2.10911 -47.212 28.6664
30 510.664 715.701 5 2.57615 -49.3124 109.438
31 511.084 715.973 5 3.05365 -44.4265 -174.704
32 511.503 716.246 5 3.53737 -43.9952 -129.233
33 511.922 716.518 5 4.02508 -50.1146 -109.569
34 512.342 716.79 5 4.51547 -51.2628 -27.3133
35 512.761 717.063 5 5.00776 -49.1944 -23.8081
36 513.18 717.335 5 5.50145 -51.5591 -43.8721
37 513.6 717.607 5 5.99618 -54.4715 -85.9742
38 514.019 717.88 5 6.49171 -57.0647 35.1915
39 514.438 718.152 5 6.98789 -51.1229 -58.5591
40 509.134 715.303 5 0.995113 -40.3278 1.40268
41 509.553 715.576 5 1.47596 -43.8407 65.3146
42 509.973 715.848 5 1.96639 -47.3727 71.937
43 510.392 716.12 5 2.46067 -43.3634 92.7806
44 510.811 716.393 5 2.95688 -45.1907 96.3081
45 511.231 716.665 5 3.45418 -47.7278 96.7053
46 511.65 716.937 5 3.95216 -52.8753 95.6362
47 512.069 717.21 5 4.4506 -47.0966 120.811
48 512.489 717.482 5 4.94935 -51.3125 123.047
49 512.908 717.754 5 5.44833 -46.3224 123.373
50 513.327 718.027 5 5.94748 -49.614 121.252
51 513.747 718.299 5 6.44676 -56.2089 16.2238
52 514.166 718.571 5 6.94614 -60.5487 121.082
53 508.862 715.723 5 0.953208 -39.7196 109.429
54 509.281 715.995 5 1.44804 -40.9421 139.741
55 509.7 716.267 5 1.94552 -48.4699 153.015
56 510.12 716.54 5 2.44403 -50.3852 156.44
57 510.539 716.812 5 2.94304 -51.4505 -150.006
58 510.958 717.084 5 3.44234 -50.503 147.98
59 511.378 717.357 5 3.94182 -58.7708 -114.984
60 511.797 717.629 5 4.44141 -51.444 119.453
61 512.216 717.901 5 4.94109 -51.7929 -167.223
62 512.636 718.174 5 5.44083 -52.7447 -99.801
63 513.055 718.446 5 5.94061 -58.2795 -101.32
64 513.474 718.718 5 6.44042 -50.8244 -163.059
65 513.894 718.991 5 6.94027 -50.396 163.982
66 508.589 716.142 5 1.15194 -39.3354 -95.3994
67 509.009 716.414 5 1.58593 -42.5999 127.789
68 509.428 716.687 5 2.05022 -42.1195 -159.998
69 509.847 716.959 5 2.52817 -52.9893 -121.995
70 510.267 717.231 5 3.01328 -46.5533 -83.0788
71 510.686 717.504 5 3.50258 -49.9452 -12.6878
72 511.105 717.776 5 3.99453 -60.8005 -2.1537
73 511.525 718.048 5 4.48826 -54.9396 -12.6237
74 511.944 718.321 5 4.98325 -58.2343 -1.30797
75 512.363 718.593 5 5.47914 -53.0468 38.5842
76 512.783 718.865 5 5.97572 -52.0568 62.577
77 513.202 719.138 5 6.47282 -49.9309 97.4504
78 513.621 719.41 5 6.97034 -53.888 29.9809
79 510.414 717.923 5 3.63131 -52.2349 -32.0064
80 510.833 718.195 5 4.10788 -49.8115 28.3294
81 511.672 718.74 5 5.07455 -52.6044 98.9872
82 512.091 719.012 5 5.56231 -55.497 94.4522
83 512.51 719.285 5 6.05207 -52.9172 134.004
84 512.93 719.557 5 6.54338 -55.3063 -177.958
85 513.349 719.829 5 7.03591 -54.5738 -155.423
86 510.141 718.342 5 3.82162 -56.8876 117.631
87 510.561 718.615 5 4.27703 -61.9045 132.11
88 511.399 719.159 5 5.21243 -61.8407 -148.767
89 511.819 719.432 5 5.68838 -67.4786 177.924
90 512.238 719.704 5 6.16814 -54.0539 158.077
91 512.657 719.976 5 6.65087 -58.1697 -172.521
92 513.077 720.249 5 7.13599 -55.8293 -73.7381
93 509.869 718.762 5 4.06487 -72.2476 -153.484
94 510.288 719.034 5 4.49571 -69.2439 -63.5175
95 511.127 719.579 5 5.39331 -76.6877 -41.5761
96 511.546 719.851 5 5.85457 -75.4051 83.5828
97 511.966 720.123 5 6.32173 -76.2909 -170.168
98 512.385 720.396 5 6.79356 -62.6873 -74.2033
99 512.804 720.668 5 7.26916 -58.7264 -93.9828
100 509.597 719.181 5 4.35218 -77.4038 -139.98
101 510.016 719.453 5 4.75707 -68.0185 -105.45
102 509.324 719.6 5 4.67545 -70.2404 51.8003
103 509.744 719.873 5 5.05451 -67.5838 63.5718
104 509.052 720.02 5 5.02774 -68.2355 -107.995
105 509.471 720.292 5 5.38205 -70.493 117.609
