1 514.644 719.84 5 8.04607 -109.322 -50.2105
2 514.371 720.259 5 8.02771 -112.838 127.271
3 514.097 720.678 5 8.04045 -120.26 -3.3018
4 513.824 721.096 5 8.08416 -109.046 -33.7515
5 513.551 721.515 5 8.15834 -250 0
6 513.278 721.934 5 8.26216 -111.713 -92.1584
7 513.004 722.353 5 8.39452 -107.239 -122.971
8 512.731 722.771 5 8.55411 -109.26 -132.054
9 512.458 723.19 5 8.73943 -250 0
10 512.185 723.609 5 8.94888 -128.09 -69.4911
11 515.063 720.113 5 8.54499 -115.387 -64.1041
12 514.789 720.532 5 8.5277 -111.26 -155.648
13 514.516 720.951 5 8.5397 -126.222 96.7426
14 514.243 721.37 5 8.58086 -117.355 171.866
15 513.97 721.788 5 8.65078 -113.714 -36.393
16 513.696 722.207 5 8.74876 -103.427 -65.1943
17 513.423 722.626 5 8.87387 -104.776 -51.2937
18 513.15 723.045 5 9.02499 -106.155 -12.7793
19 512.877 723.463 5 9.20082 -106.205 6.00441
20 512.603 723.882 5 9.4 -113.452 -1.40658
21 515.481 720.387 5 9.04403 -104.29 118.891
22 515.208 720.805 5 9.02769 -104.234 108.79
23 514.935 721.224 5 9.03903 -101.081 123.36
24 514.662 721.643 5 9.07793 -105.782 170.068
25 514.388 722.062 5 9.14405 -115.193 154.535
26 514.115 722.48 5 9.2368 -111.988 172.559
27 513.842 722.899 5 9.35538 -120.335 -2.08316
28 513.568 723.318 5 9.49884 -102.739 -93.6242
29 513.295 723.737 5 9.66606 -111.27 -38.3792
30 513.022 724.155 5 9.85584 -122.895 -21.1955
31 515.9 720.66 5 9.54317 -100.49 168.577
32 515.627 721.079 5 9.52769 -127.748 21.8301
33 515.353 721.497 5 9.53843 -103.36 -62.0892
34 515.08 721.916 5 9.5753 -108.17 65.4645
35 514.807 722.335 5 9.63801 -120.749 49.3246
36 514.534 722.754 5 9.72605 -108.988 37.3169
37 514.26 723.172 5 9.83874 -110.92 88.0111
38 513.987 723.591 5 9.97525 -110.122 102.174
39 516.319 720.933 5 10.0424 -98.8952 120.479
40 516.045 721.352 5 10.0277 -117.391 58.1969
41 515.772 721.771 5 10.0379 -127.72 -145.764
42 515.499 722.189 5 10.0729 -123.17 -130.428
43 515.226 722.608 5 10.1326 -136.768 68.1924
44 514.952 723.027 5 10.2163 -122.609 -23.6014
45 514.679 723.446 5 10.3237 -118.297 -71.2337
46 514.406 723.864 5 10.4539 -250 0
47 516.737 721.206 5 10.5417 -128.432 139.387
48 516.464 721.625 5 10.5277 -95.7172 -18.8097
49 516.191 722.044 5 10.5374 -111.377 -92.3091
50 515.918 722.463 5 10.5708 -121.261 -133.214
51 515.644 722.881 5 10.6276 -120.364 -159.279
52 515.371 723.3 5 10.7075 -127.382 -173.578
53 515.098 723.719 5 10.81 -130.918 -64.9822
54 514.825 724.138 5 10.9344 -250 0
55 517.156 721.48 5 11.041 -134.945 83.2389
56 516.883 721.898 5 11.0277 -97.3397 119.349
57 516.61 722.317 5 11.037 -100.543 -124.381
58 516.336 722.736 5 11.0688 -114.602 50.5616
59 516.063 723.155 5 11.1231 -122.737 84.1151
60 515.79 723.573 5 11.1995 -128.75 134.538
61 515.517 723.992 5 11.2975 -127.214 15.4356
62 515.243 724.411 5 11.4166 -250 0
63 517.575 721.753 5 11.5405 -134.274 -172.14
64 517.302 722.172 5 11.5277 -118.853 -115.576
65 517.028 722.59 5 11.5365 -88.1801 170.482
66 516.755 723.009 5 11.5671 -117.152 47.0692
67 516.482 723.428 5 11.619 -111.192 150.117
68 516.209 723.847 5 11.6921 -111.755 -174.584
69 515.935 724.265 5 11.7861 -130.396 -89.013
70 515.662 724.684 5 11.9002 -151.591 -62.5137
71 517.994 722.026 5 12.0399 -130.146 -133.634
72 517.72 722.445 5 12.0277 -112.757 31.365
73 517.447 722.864 5 12.0362 -125.684 131.488
74 517.174 723.282 5 12.0654 -102.37 132.78
75 516.901 723.701 5 12.1152 -115.588 -142.454
76 516.627 724.12 5 12.1854 -110.759 -75.4751
77 516.354 724.539 5 12.2755 -111.891 -25.4535
78 516.081 724.957 5 12.3852 -137.779 -24.7101
