1 509.951 714.045 5 1.62934 -40.2587 -26.8561
2 510.37 714.318 5 1.96052 -45.7168 96.5607
3 510.79 714.59 5 2.35213 -55.8186 -3.6857
4 511.209 714.862 5 2.77874 -62.8548 118.598
5 511.628 715.135 5 3.22649 -48.6669 9.65434
6 512.048 715.407 5 3.6877 -55.003 -174.826
7 512.467 715.679 5 4.15788 -68.807 102.358
8 512.886 715.952 5 4.63431 -53.5821 -70.4817
9 513.306 716.224 5 5.11525 -58.8607 -5.8288
10 513.725 716.496 5 5.59952 -55.2239 12.6086
11 514.144 716.769 5 6.08634 -49.4874 118.856
12 514.564 717.041 5 6.57513 -250 0
13 514.983 717.313 5 7.0655 -250 0
14 509.679 714.465 5 1.25424 -45.6965 -14.6176
15 510.098 714.737 5 1.66192 -48.6682 -112.921
16 510.517 715.009 5 2.10971 -57.9958 43.3075
17 510.937 715.282 5 2.57677 -53.0408 172.208
18 511.356 715.554 5 3.05428 -51.138 165.928
19 511.775 715.826 5 3.53801 -50.3267 -105.955
20 512.195 716.099 5 4.02571 -51.8109 9.02249
21 512.614 716.371 5 4.51611 -51.8714 -12.7165
22 513.033 716.643 5 5.0084 -55.0356 -49.4861
23 513.453 716.916 5 5.50209 -48.6033 -4.37785
24 513.872 717.188 5 5.99682 -57.2702 -47.3509
25 514.291 717.46 5 6.49236 -54.9276 -41.189
26 514.711 717.733 5 6.98853 -53.4693 37.0969
27 509.406 714.884 5 0.995726 -44.433 20.2012
28 509.826 715.156 5 1.4766 -44.9835 83.5192
29 510.245 715.429 5 1.96703 -44.0606 87.5371
30 510.664 715.701 5 2.46132 -47.7367 139.739
31 511.084 715.973 5 2.95753 -47.3744 125.222
32 511.503 716.246 5 3.45483 -48.7812 142.3
33 511.922 716.518 5 3.95281 -54.3632 158.171
34 512.342 716.79 5 4.45124 -51.9471 144.473
35 512.761 717.063 5 4.95 -51.7396 122.769
36 513.18 717.335 5 5.44898 -55.1193 109.357
37 513.6 717.607 5 5.94813 -57.9161 -165.472
38 514.019 717.88 5 6.44741 -62.1238 -167.04
39 514.438 718.152 5 6.94679 -57.7188 121.275
40 509.134 715.303 5 0.953848 -42.1682 117.013
41 509.553 715.576 5 1.44869 -40.2781 118.38
42 509.973 715.848 5 1.94617 -42.4529 133.096
43 510.392 716.12 5 2.44468 -46.1324 127.888
44 510.811 716.393 5 2.94369 -46.5006 143.739
45 511.231 716.665 5 3.44299 -48.3341 159.256
46 511.65 716.937 5 3.94247 -49.9396 131.384
47 512.069 717.21 5 4.44206 -51.3293 119.87
48 512.489 717.482 5 4.94174 -56.3796 122.752
49 512.908 717.754 5 5.44148 -48.9888 164.977
50 513.327 718.027 5 5.94126 -51.9948 132.8
51 513.747 718.299 5 6.44107 -58.3556 138.866
52 514.166 718.571 5 6.94092 -51.3135 179.593
53 508.862 715.723 5 1.15247 -39.5219 -109.12
54 509.281 715.995 5 1.58652 -47.5668 77.5349
55 509.7 716.267 5 2.05084 -53.6376 -122.946
56 510.12 716.54 5 2.52879 -55.2551 -50.0322
57 510.539 716.812 5 3.01391 -55.9707 -157.315
58 510.958 717.084 5 3.50322 -50.6121 -30.4605
59 511.378 717.357 5 3.99517 -50.5352 -31.391
60 511.797 717.629 5 4.48891 -52.9131 44.2935
61 512.216 717.901 5 4.98389 -57.3189 -25.8377
62 512.636 718.174 5 5.47978 -57.054 29.6153
63 513.055 718.446 5 5.97636 -56.5152 18.72
64 513.474 718.718 5 6.47347 -69.179 11.8216
65 513.894 718.991 5 6.97099 -57.5566 65.2657
66 508.589 716.142 5 1.49885 -47.0038 -3.49421
67 509.009 716.414 5 1.85349 -48.5696 56.6787
68 509.428 716.687 5 2.26369 -45.1098 -78.6067
69 509.847 716.959 5 2.70428 -48.6221 62.928
70 510.267 717.231 5 3.1626 -45.8084 -95.7002
71 510.686 717.504 5 3.63193 -51.1756 28.5595
72 511.105 717.776 5 4.1085 -52.1156 22.6098
73 511.525 718.048 5 4.59006 -50.8678 86.3063
74 511.944 718.321 5 5.07519 -54.0638 104.65
75 512.363 718.593 5 5.56295 -65.8411 126.27
76 512.783 718.865 5 6.05271 -58.2326 140.938
77 513.202 719.138 5 6.54402 -55.9921 -177.058
78 513.621 719.41 5 7.03655 -63.1831 138.902
79 510.414 717.923 5 3.82221 -49.8143 -162.58
80 510.833 718.195 5 4.27763 -52.4781 -87.9305
81 511.672 718.74 5 5.21305 -61.3569 153.99
82 512.091 719.012 5 5.689 -56.9345 -173.449
83 512.51 719.285 5 6.16876 -54.4908 -172.21
84 512.93 719.557 5 6.6515 -61.1351 176.278
85 513.349 719.829 5 7.13662 -62.2663 -56.0722
86 510.141 718.342 5 4.06542 -54.6324 -3.61674
87 510.561 718.615 5 4.49627 -57.5156 -56.1555
88 511.399 719.159 5 5.39391 -73.2672 -48.8236
89 511.819 719.432 5 5.85518 -63.341 -74.6551
90 512.238 719.704 5 6.32234 -54.523 164.819
91 512.657 719.976 5 6.79418 -54.0418 -166.786
92 513.077 720.249 5 7.26978 -57.405 -151.643
93 509.869 718.762 5 4.3527 -63.4962 156.165
94 510.288 719.034 5 4.75761 -58.665 -102.348
95 511.127 719.579 5 5.61361 -69.8445 -156.977
96 511.546 719.851 5 6.05817 -74.4057 148.639
97 511.966 720.123 5 6.51079 -71.1005 156.975
98 512.385 720.396 5 6.96988 -60.9276 -105.983
99 512.804 720.668 5 7.43425 -62.9053 101.729
100 509.597 719.181 5 4.67593 -70.8249 27.6272
101 510.016 719.453 5 5.05502 -58.9948 11.259
102 509.324 719.6 5 5.02819 -68.7745 -150.797
103 509.744 719.873 5 5.38252 -76.5286 45.6171
104 509.052 720.02 5 5.4038 -69.7771 51.9852
105 509.471 720.292 5 5.73497 -74.2314 145.35
