1 505.473 717.831 5 3.36828 -53.5121 1.68072
2 505.747 717.412 5 2.88284 -61.4595 -85.689
3 506.02 716.994 5 2.40337 -57.3086 132.696
4 506.294 716.575 5 1.93433 -50.4036 100.335
5 506.567 716.157 5 1.48562 -52.9168 -122.795
6 505.891 718.104 5 3.29379 -48.6688 -175.295
7 506.165 717.686 5 2.79544 -48.7209 -160.822
8 506.439 717.267 5 2.2978 -48.2037 -154.073
9 506.712 716.849 5 1.80148 -45.2723 -168.287
10 506.986 716.43 5 1.30796 -46.9089 160.861
11 506.31 718.378 5 3.29435 -49.4519 -168.57
12 506.584 717.96 5 2.7961 -51.6268 -175.435
13 506.857 717.541 5 2.29861 -50.6696 179.833
14 507.131 717.123 5 1.80251 -47.6335 176.086
15 507.404 716.704 5 1.30938 -53.9918 -163.528
16 506.728 718.652 5 3.36993 -59.1774 130.112
17 507.002 718.233 5 2.88476 -60.7878 112.641
18 507.276 717.815 5 2.40568 -58.6793 103.526
19 507.549 717.396 5 1.93719 -58.0475 69.3571
20 507.823 716.978 5 1.48935 -57.8138 77.6028
21 507.147 718.925 5 3.51569 -66.9365 -46.2438
22 507.421 718.507 5 3.05377 -63.5233 -45.0844
23 507.694 718.088 5 2.60595 -72.7436 137.675
24 507.968 717.67 5 2.18092 -70.9024 92.5412
25 508.241 717.251 5 1.79495 -73.5437 10.4185
26 507.565 719.199 5 3.72341 -75.5312 18.0844
27 507.839 718.78 5 3.29078 -71.8292 116.555
28 508.113 718.362 5 2.88005 -83.7906 -73.6629
29 508.386 717.943 5 2.50202 -80.7771 -75.733
30 508.66 717.525 5 2.17383 -72.9055 -146.297
31 507.984 719.472 5 3.9834 -80.0374 -154.591
32 508.258 719.054 5 3.58231 -70.933 -176.354
33 508.531 718.635 5 3.20911 -71.8814 -174.797
34 508.805 718.217 5 2.87468 -78.684 -177.359
35 509.078 717.798 5 2.59408 -79.5707 151.038
36 508.402 719.746 5 4.28616 -73.8282 56.8923
37 508.676 719.328 5 3.9162 -70.7612 64.33
38 508.95 718.909 5 3.57799 -115.206 65.1725
39 509.223 718.491 5 3.28138 -105.332 -129.002
40 509.497 718.072 5 3.03857 -115.421 -106.706
