1 514.644 719.84 5 8.08936 -94.3283 106.373
2 514.371 720.259 5 8.16349 -102.265 154.316
3 514.097 720.678 5 8.26725 -103.757 6.75593
4 513.824 721.096 5 8.39953 -101.815 64.5462
5 513.551 721.515 5 8.55903 -250 0
6 513.278 721.934 5 8.74424 -108.529 -76.7156
7 513.004 722.353 5 8.95357 -108.155 -109.687
8 512.731 722.771 5 9.18538 -111.561 -132.72
9 512.458 723.19 5 9.43801 -126.186 50.3939
10 512.185 723.609 5 9.70983 -148.861 -107.979
11 515.063 720.113 5 8.58607 -100.86 28.984
12 514.789 720.532 5 8.65595 -92.567 -31.4362
13 514.516 720.951 5 8.75387 -110.249 73.3043
14 514.243 721.37 5 8.87891 -112.084 137.68
15 513.97 721.788 5 9.02994 -122.067 -42.6811
16 513.696 722.207 5 9.20568 -112.534 -37.8074
17 513.423 722.626 5 9.40475 -115.664 -46.7642
18 513.15 723.045 5 9.6257 -114.02 9.15358
19 512.877 723.463 5 9.86706 -114.359 59.7079
20 512.603 723.882 5 10.1274 -108.684 113.629
21 515.481 720.387 5 9.08314 -114.621 21.5058
22 515.208 720.805 5 9.14922 -94.4635 121.984
23 514.935 721.224 5 9.24192 -112.038 121.338
24 514.662 721.643 5 9.36044 -112.679 51.6894
25 514.388 722.062 5 9.50382 -112.168 86.0584
26 514.115 722.48 5 9.67095 -106.428 92.4279
27 513.842 722.899 5 9.86063 -105.106 105.592
28 513.568 723.318 5 10.0716 -118.312 -109.823
29 513.295 723.737 5 10.3025 -111.266 81.1492
30 513.022 724.155 5 10.5521 -113.546 15.858
31 515.9 720.66 5 9.58052 -98.3683 -46.1853
32 515.627 721.079 5 9.64319 -111.704 -25.3355
33 515.353 721.497 5 9.73118 -111.586 -140.224
34 515.08 721.916 5 9.84381 -113.596 108.921
35 514.807 722.335 5 9.98025 -111.862 -162.648
36 514.534 722.754 5 10.1395 -122.261 35.5722
37 514.26 723.172 5 10.3206 -126.165 169.949
38 513.987 723.591 5 10.5223 -114.423 159.259
39 516.319 720.933 5 10.0781 -95.809 -100.005
40 516.045 721.352 5 10.1377 -97.4281 -172.941
41 515.772 721.771 5 10.2215 -111.269 -95.1579
42 515.499 722.189 5 10.3288 -122.803 77.7646
43 515.226 722.608 5 10.4589 -114.837 -170.168
44 514.952 723.027 5 10.611 -121.813 88.2496
45 514.679 723.446 5 10.7841 -116.213 16.0105
46 514.406 723.864 5 10.9774 -250 0
47 516.737 721.206 5 10.576 -95.4885 33.1217
48 516.464 721.625 5 10.6328 -96.8709 -133.315
49 516.191 722.044 5 10.7127 -94.8981 72.071
50 515.918 722.463 5 10.8151 -114.185 -136.332
51 515.644 722.881 5 10.9394 -129.103 164.285
52 515.371 723.3 5 11.0849 -141.099 -92.6094
53 515.098 723.719 5 11.2508 -159.915 -130.785
54 514.825 724.138 5 11.4361 -250 0
55 517.156 721.48 5 11.0741 -117.062 -61.6545
56 516.883 721.898 5 11.1283 -126.512 13.8203
57 516.61 722.317 5 11.2047 -92.7442 56.2825
58 516.336 722.736 5 11.3026 -105.844 -53.223
59 516.063 723.155 5 11.4216 -116.82 -131.941
60 515.79 723.573 5 11.5611 -134.748 -0.818868
61 515.517 723.992 5 11.7202 -117.608 -145.037
62 515.243 724.411 5 11.8982 -250 0
63 517.575 721.753 5 11.5723 -125.716 -8.42278
64 517.302 722.172 5 11.6242 -84.3371 -179.605
65 517.028 722.59 5 11.6973 -102.805 166.261
66 516.755 723.009 5 11.7912 -89.4317 -112.549
67 516.482 723.428 5 11.9053 -126.377 17.0005
68 516.209 723.847 5 12.0392 -113.742 56.3868
69 515.935 724.265 5 12.1921 -109.367 -159.394
70 515.662 724.684 5 12.3633 -116.772 14.5995
71 517.994 722.026 5 12.0706 -126.188 81.7591
72 517.72 722.445 5 12.1204 -142.011 179.62
73 517.447 722.864 5 12.1906 -124.622 44.2235
74 517.174 723.282 5 12.2807 -104.95 74.6112
75 516.901 723.701 5 12.3903 -99.8675 166.928
76 516.627 724.12 5 12.519 -123.535 152.375
77 516.354 724.539 5 12.6661 -110.063 -122.088
78 516.081 724.957 5 12.831 -131.322 92.5548
