1 505.473 717.831 5 3.85703 -55.397 31.3909
2 505.747 717.412 5 3.3678 -61.4877 39.1926
3 506.02 716.994 5 2.88228 -59.196 -119.457
4 506.294 716.575 5 2.4027 -51.121 153.413
5 506.567 716.157 5 1.9335 -50.7113 147.161
6 505.891 718.104 5 3.79243 -53.8716 -111.426
7 506.165 717.686 5 3.29362 -52.3865 -148.436
8 506.439 717.267 5 2.79524 -49.7626 -162.025
9 506.712 716.849 5 2.29757 -50.8989 -129.559
10 506.986 716.43 5 1.80118 -47.4234 170.962
11 506.31 718.378 5 3.7932 -52.1118 -158.729
12 506.584 717.96 5 3.29451 -50.1418 177.529
13 506.857 717.541 5 2.79629 -55.5007 163.758
14 507.131 717.123 5 2.29884 -62.0679 -168.574
15 507.404 716.704 5 1.80281 -57.6103 -168.768
16 506.728 718.652 5 3.8593 -63.0507 156.29
17 507.002 718.233 5 3.37041 -65.1272 178.031
18 507.276 717.815 5 2.88532 -65.7446 148.713
19 507.549 717.396 5 2.40635 -68.7299 136.529
20 507.823 716.978 5 1.93803 -72.1949 118.217
21 507.147 718.925 5 3.98749 -64.1833 13.4697
22 507.421 718.507 5 3.51646 -71.9328 -53.802
23 507.694 718.088 5 3.05466 -75.7343 -34.0604
24 507.968 717.67 5 2.60699 -79.8292 177.533
25 508.241 717.251 5 2.18216 -76.6943 33.3946
26 507.565 719.199 5 4.17204 -84.685 -128.883
27 507.839 718.78 5 3.72443 -71.9405 163.673
28 508.113 718.362 5 3.29193 -76.9937 -22.1853
29 508.386 717.943 5 2.88136 -75.1824 108.336
30 508.66 717.525 5 2.50353 -74.5844 6.50934
31 507.984 719.472 5 4.40588 -70.2322 5.55182
32 508.258 719.054 5 3.98462 -83.9623 -4.41743
33 508.531 718.635 5 3.58366 -85.7665 118.209
34 508.805 718.217 5 3.21062 -68.4001 -178.059
35 509.078 717.798 5 2.87637 -77.1046 -41.2641
36 508.402 719.746 5 4.68162 -70.5475 110.676
37 508.676 719.328 5 4.28755 -73.9333 -159.112
38 508.95 718.909 5 3.91771 -110.152 -3.80677
39 509.223 718.491 5 3.57965 -104.798 -161.106
40 509.497 718.072 5 3.28319 -120.042 146.123
