1 509.951 714.045 5 2.98262 -58.7384 11.8385
2 510.37 714.318 5 3.17537 -57.5487 148.086
3 510.79 714.59 5 3.43072 -60.642 160.429
4 511.209 714.862 5 3.73588 -63.6831 -23.7978
5 511.628 715.135 5 4.07967 -59.3884 43.9653
6 512.048 715.407 5 4.45316 -58.4044 -7.24969
7 512.467 715.679 5 4.84949 -60.9362 -31.8906
8 512.886 715.952 5 5.2635 -61.123 -49.3755
9 513.306 716.224 5 5.69134 -60.3512 -104.911
10 513.725 716.496 5 6.13012 -64.1368 133.013
11 514.144 716.769 5 6.57763 -59.2848 -115.777
12 514.564 717.041 5 7.03222 -250 0
13 514.983 717.313 5 7.4926 -250 0
14 509.679 714.465 5 2.51284 -54.7783 -43.1841
15 510.098 714.737 5 2.73885 -57.8485 -6.56603
16 510.517 715.009 5 3.03121 -71.357 149.145
17 510.937 715.282 5 3.37271 -57.7646 -69.3396
18 511.356 715.554 5 3.74994 -59.4733 -122.805
19 511.775 715.826 5 4.15319 -57.1334 -147.483
20 512.195 716.099 5 4.57558 -62.4173 168.269
21 512.614 716.371 5 5.01227 -59.0872 65.0943
22 513.033 716.643 5 5.45983 -59.8006 -119.883
23 513.453 716.916 5 5.9158 -55.6111 67.8187
24 513.872 717.188 5 6.37837 -59.5656 165.723
25 514.291 717.46 5 6.84621 -52.7236 -27.5501
26 514.711 717.733 5 7.3183 -61.3882 32.8432
27 509.406 714.884 5 2.05736 -53.0883 176.797
28 509.826 715.156 5 2.32802 -62.0791 134.973
29 510.245 715.429 5 2.66582 -59.0192 151.707
30 510.664 715.701 5 3.04853 -60.8756 102.062
31 511.084 715.973 5 3.46128 -58.1464 65.2498
32 511.503 716.246 5 3.89453 -59.6977 23.7179
33 511.922 716.518 5 4.34215 -58.1651 -110.723
34 512.342 716.79 5 4.80012 -56.626 62.9865
35 512.761 717.063 5 5.26575 -54.12 -176.298
36 513.18 717.335 5 5.73716 -58.0753 -57.3181
37 513.6 717.607 5 6.21305 -59.4594 0.792404
38 514.019 717.88 5 6.69245 -58.2667 113.254
39 514.438 718.152 5 7.17466 -55.3471 131.713
40 509.134 715.303 5 1.62822 -56.6599 -59.5242
41 509.553 715.576 5 1.95909 -59.9019 7.90019
42 509.973 715.848 5 2.35052 -54.5542 -22.2725
43 510.392 716.12 5 2.77702 -58.52 -10.798
44 510.811 716.393 5 3.22471 -56.8028 -170.818
45 511.231 716.665 5 3.68588 -50.908 57.6865
46 511.65 716.937 5 4.15604 -52.4645 152.883
47 512.069 717.21 5 4.63245 -54.7091 -111.062
48 512.489 717.482 5 5.11336 -57.12 -46.9663
49 512.908 717.754 5 5.59762 -54.0151 13.042
50 513.327 718.027 5 6.08443 -60.7623 41.2862
51 513.747 718.299 5 6.57322 -60.292 52.6861
52 514.166 718.571 5 7.06358 -68.2352 87.0572
53 508.862 715.723 5 1.25278 -53.4029 -101.541
54 509.281 715.995 5 1.66023 -54.7762 -143.63
55 509.7 716.267 5 2.10791 -51.757 -147.663
56 510.12 716.54 5 2.57492 -49.6952 30.6829
57 510.539 716.812 5 3.0524 -51.021 136.006
58 510.958 717.084 5 3.53611 -55.061 -152.431
59 511.378 717.357 5 4.0238 -53.6162 -122.419
60 511.797 717.629 5 4.51419 -55.7027 -119.669
61 512.216 717.901 5 5.00648 -61.5696 -74.4596
62 512.636 718.174 5 5.50016 -57.9848 -78.0269
63 513.055 718.446 5 5.99489 -65 -58.9467
64 513.474 718.718 5 6.49042 -64.9537 42.8097
65 513.894 718.991 5 6.9866 -60.1183 46.5279
66 508.589 716.142 5 0.993887 -51.596 -93.7674
67 509.009 716.414 5 1.4747 -44.8326 -4.0304
68 509.428 716.687 5 1.96511 -53.839 72.2464
69 509.847 716.959 5 2.45939 -55.6036 59.6923
70 510.267 717.231 5 2.95559 -53.3609 85.3754
71 510.686 717.504 5 3.45289 -57.7094 111.536
72 511.105 717.776 5 3.95087 -61.7929 101.266
73 511.525 718.048 5 4.4493 -74.0829 138.424
74 511.944 718.321 5 4.94805 -63.8229 -174.522
75 512.363 718.593 5 5.44703 -72.6026 -131.554
76 512.783 718.865 5 5.94618 -75.3821 -126.382
77 513.202 719.138 5 6.44546 -64.5008 -159.939
78 513.621 719.41 5 6.94485 -67.0417 -163.121
79 510.414 717.923 5 3.44104 -75.6037 -1.11671
80 510.833 718.195 5 3.94052 -78.0536 79.767
81 511.672 718.74 5 4.93979 -80.1535 -102.365
82 512.091 719.012 5 5.43953 -73.4365 -97.1386
83 512.51 719.285 5 5.93931 -78.9797 -74.6482
84 512.93 719.557 5 6.43912 -77.2988 -147.486
85 513.349 719.829 5 6.93897 -76.1347 -108.655
86 510.141 718.342 5 3.5013 -68.8894 -124.654
87 510.561 718.615 5 3.99325 -64.0182 -173.304
88 511.399 719.159 5 4.98196 -80.8424 -2.67333
89 511.819 719.432 5 5.47785 -81.4143 -22.4291
90 512.238 719.704 5 5.97442 -71.1871 89.3433
91 512.657 719.976 5 6.47153 -85.9683 -23.6177
92 513.077 720.249 5 6.96905 -79.7571 11.1494
93 509.869 718.762 5 3.63008 -85.1874 88.8352
94 510.288 719.034 5 4.10663 -79.4291 52.3876
95 511.127 719.579 5 5.07329 -78.2592 -157.625
96 511.546 719.851 5 5.56104 -83.9141 24.5238
97 511.966 720.123 5 6.05079 -75.3785 154.946
98 512.385 720.396 5 6.5421 -81.2005 -110.888
99 512.804 720.668 5 7.03463 -83.0273 8.39537
100 509.597 719.181 5 3.82045 -83.2996 -73.3516
101 510.016 719.453 5 4.27584 -79.4733 -132.292
102 509.324 719.6 5 4.06377 -73.1672 87.4938
103 509.744 719.873 5 4.49457 -68.3832 164.746
104 509.052 720.02 5 4.35116 -75.431 -157.02
105 509.471 720.292 5 4.75599 -78.9572 177.7
