1 514.644 719.84 5 8.16521 -92.2332 137.229
2 514.371 720.259 5 8.26894 -98.3358 70.4497
3 514.097 720.678 5 8.4012 -114.625 130.894
4 513.824 721.096 5 8.56066 -101.046 163
5 513.551 721.515 5 8.74584 -250 0
6 513.278 721.934 5 8.95514 -111.796 174.783
7 513.004 722.353 5 9.18691 -107.267 105.044
8 512.731 722.771 5 9.43949 -107.292 120.741
9 512.458 723.19 5 9.71127 -126.187 179.389
10 512.185 723.609 5 10.0007 -138.479 -1.47813
11 515.063 720.113 5 8.65767 -103.254 -67.8321
12 514.789 720.532 5 8.75557 -105.527 73.8859
13 514.516 720.951 5 8.88058 -98.7831 -170.264
14 514.243 721.37 5 9.03159 -108.332 7.64753
15 513.97 721.788 5 9.2073 -108.823 -141.768
16 513.696 722.207 5 9.40633 -109.962 -120.22
17 513.423 722.626 5 9.62725 -108.848 -100.801
18 513.15 723.045 5 9.86857 -103.726 -65.7306
19 512.877 723.463 5 10.1288 -105.893 -24.4583
20 512.603 723.882 5 10.4066 -110.951 -10.3823
21 515.481 720.387 5 9.15094 -100.958 -36.5706
22 515.208 720.805 5 9.24362 -98.3358 21.8981
23 514.935 721.224 5 9.36212 -112.608 22.8171
24 514.662 721.643 5 9.50548 -110.587 25.8527
25 514.388 722.062 5 9.67258 -106.734 134.958
26 514.115 722.48 5 9.86223 -116.243 128.62
27 513.842 722.899 5 10.0732 -119.393 -162.658
28 513.568 723.318 5 10.304 -104.251 -176.096
29 513.295 723.737 5 10.5536 -106.421 -103.542
30 513.022 724.155 5 10.8205 -107.648 -111.452
31 515.9 720.66 5 9.64491 -105.367 -150.374
32 515.627 721.079 5 9.73289 -108.137 129.498
33 515.353 721.497 5 9.8455 -106.407 -173.611
34 515.08 721.916 5 9.98192 -105.532 -123.817
35 514.807 722.335 5 10.1412 -105.095 -96.6453
36 514.534 722.754 5 10.3222 -110.01 -39.3112
37 514.26 723.172 5 10.5239 -107.799 6.19005
38 513.987 723.591 5 10.7451 -102.023 50.6673
39 516.319 720.933 5 10.1395 -93.4689 8.20618
40 516.045 721.352 5 10.2232 -113.131 119.531
41 515.772 721.771 5 10.3305 -112.918 57.8465
42 515.499 722.189 5 10.4606 -117.157 100.148
43 515.226 722.608 5 10.6126 -119.366 12.2421
44 514.952 723.027 5 10.7858 -111.464 -50.91
45 514.679 723.446 5 10.979 -111.558 -80.9448
46 514.406 723.864 5 11.1912 -250 0
47 516.737 721.206 5 10.6345 -100.144 -80.9963
48 516.464 721.625 5 10.7144 -93.5167 52.5095
49 516.191 722.044 5 10.8168 -91.0643 -173.015
50 515.918 722.463 5 10.9411 -117.819 -30.06
51 515.644 722.881 5 11.0866 -127.696 -63.4785
52 515.371 723.3 5 11.2524 -135.347 123.224
53 515.098 723.719 5 11.4378 -139.363 116.511
54 514.825 724.138 5 11.6416 -250 0
55 517.156 721.48 5 11.1301 -120.634 -78.9942
56 516.883 721.898 5 11.2064 -115.442 -38.5852
57 516.61 722.317 5 11.3043 -91.5341 -137.373
58 516.336 722.736 5 11.4233 -90.9891 3.66326
59 516.063 723.155 5 11.5627 -120.079 -176.768
60 515.79 723.573 5 11.7219 -126.429 160.749
61 515.517 723.992 5 11.8999 -129.08 35.4949
62 515.243 724.411 5 12.0959 -250 0
63 517.575 721.753 5 11.6259 -118.312 -43.0335
64 517.302 722.172 5 11.699 -95.9393 127.429
65 517.028 722.59 5 11.7929 -98.4668 -91.3377
66 516.755 723.009 5 11.907 -92.13 29.6738
67 516.482 723.428 5 12.0408 -98.7949 115.958
68 516.209 723.847 5 12.1937 -117.17 33.6022
69 515.935 724.265 5 12.3649 -124.779 159.247
70 515.662 724.684 5 12.5537 -126.524 158.735
71 517.994 722.026 5 12.1222 -129.834 51.644
72 517.72 722.445 5 12.1923 -112.051 -34.9884
73 517.447 722.864 5 12.2824 -135.56 103.035
74 517.174 723.282 5 12.392 -102.586 117.265
75 516.901 723.701 5 12.5206 -98.3402 153.184
76 516.627 724.12 5 12.6677 -114.342 -46.0401
77 516.354 724.539 5 12.8326 -114.059 18.943
78 516.081 724.957 5 13.0146 -131.545 -129.077
