1 505.473 717.831 5 2.88341 -52.6094 -87.7752
2 505.747 717.412 5 2.40405 -69.6063 31.6421
3 506.02 716.994 5 1.93517 -54.2717 74.9593
4 506.294 716.575 5 1.48671 -54.0689 -103.7
5 506.567 716.157 5 1.08432 -48.7647 -63.4118
6 505.891 718.104 5 2.79563 -48.775 -171.842
7 506.165 717.686 5 2.29804 -48.7592 174.393
8 506.439 717.267 5 1.80178 -47.9832 170.947
9 506.712 716.849 5 1.30838 -46.3591 156.531
10 506.986 716.43 5 0.822973 -46.3391 102.683
11 506.31 718.378 5 2.79591 -50.0385 -167.013
12 506.584 717.96 5 2.29837 -48.1178 -178.106
13 506.857 717.541 5 1.80221 -48.4897 172.646
14 507.131 717.123 5 1.30896 -46.0882 159.025
15 507.404 716.704 5 0.823903 -46.1681 103.598
16 506.728 718.652 5 2.8842 -64.6494 -84.806
17 507.002 718.233 5 2.40501 -59.0953 -173.567
18 507.276 717.815 5 1.93636 -51.1234 90.5312
19 507.549 717.396 5 1.48826 -54.071 -107.628
20 507.823 716.978 5 1.08644 -57.7236 45.646
21 507.147 718.925 5 3.05289 -63.7892 -6.2166
22 507.421 718.507 5 2.60492 -54.4747 -60.7187
23 507.694 718.088 5 2.17968 -52.9185 39.4554
24 507.968 717.67 5 1.79345 -63.3877 139.058
25 508.241 717.251 5 1.47712 -69.1962 170.467
26 507.565 719.199 5 3.28963 -54.2101 89.7409
27 507.839 718.78 5 2.87874 -52.9753 179.074
28 508.113 718.362 5 2.50051 -63.2366 -52.0136
29 508.386 717.943 5 2.17209 -73.1529 -145.996
30 508.66 717.525 5 1.91922 -61.285 -167.195
31 507.984 719.472 5 3.58095 -60.6276 -42.7749
32 508.258 719.054 5 3.20759 -68.5767 -74.4165
33 508.531 718.635 5 2.87299 -90.792 13.7073
34 508.805 718.217 5 2.5922 -64.8118 -118.774
35 509.078 717.798 5 2.38431 -73.5013 -7.69451
36 508.402 719.746 5 3.91468 -88.6309 -7.60563
37 508.676 719.328 5 3.57634 -66.9433 -85.1146
38 508.95 718.909 5 3.27957 -117.288 61.8301
39 509.223 718.491 5 3.03662 -102.617 -60.7755
40 509.497 718.072 5 2.8612 -106.761 -10.4147
