1 509.951 714.045 5 1.25473 -41.6582 -46.5973
2 510.37 714.318 5 1.66249 -43.6552 -132.901
3 510.79 714.59 5 2.1103 -47.9144 -18.4132
4 511.209 714.862 5 2.57738 -45.086 160.845
5 511.628 715.135 5 3.0549 -42.2796 177.57
6 512.048 715.407 5 3.53864 -53.4099 -124.447
7 512.467 715.679 5 4.02635 -54.4813 -159.14
8 512.886 715.952 5 4.51675 -52.1352 -125.499
9 513.306 716.224 5 5.00904 -52.9426 -19.2556
10 513.725 716.496 5 5.50273 -58.8843 15.8581
11 514.144 716.769 5 5.99746 -52.2464 -102.119
12 514.564 717.041 5 6.493 -200.54 -103.652
13 514.983 717.313 5 6.98918 -250 0
14 509.679 714.465 5 0.996339 -38.7734 -10.8224
15 510.098 714.737 5 1.47723 -38.7008 39.5047
16 510.517 715.009 5 1.96767 -53.2175 127.678
17 510.937 715.282 5 2.46196 -51.1425 43.5263
18 511.356 715.554 5 2.95817 -46.7979 33.3968
19 511.775 715.826 5 3.45548 -54.8131 106.69
20 512.195 716.099 5 3.95346 -50.579 138.1
21 512.614 716.371 5 4.45189 -53.8648 74.3184
22 513.033 716.643 5 4.95064 -51.5051 140.311
23 513.453 716.916 5 5.44962 -63.1876 45.8079
24 513.872 717.188 5 5.94878 -46.8175 110.544
25 514.291 717.46 5 6.44806 -53.2905 118.95
26 514.711 717.733 5 6.94744 -60.767 -172.916
27 509.406 714.884 5 0.954488 -39.6188 125.134
28 509.826 715.156 5 1.44933 -41.9978 152.479
29 510.245 715.429 5 1.94682 -41.9341 141.112
30 510.664 715.701 5 2.44533 -44.0808 168.493
31 511.084 715.973 5 2.94434 -44.513 130.523
32 511.503 716.246 5 3.44364 -45.9564 151.045
33 511.922 716.518 5 3.94312 -47.4363 120.415
34 512.342 716.79 5 4.44271 -54.6643 99.6931
35 512.761 717.063 5 4.94239 -48.5206 170.605
36 513.18 717.335 5 5.44213 -51.2914 84.2371
37 513.6 717.607 5 5.94191 -47.1514 -170.967
38 514.019 717.88 5 6.44172 -62.2746 -3.69244
39 514.438 718.152 5 6.94157 -47.6997 126.064
40 509.134 715.303 5 1.153 -40.1272 171.768
41 509.553 715.576 5 1.58711 -52.7007 79.6664
42 509.973 715.848 5 2.05145 -53.9532 -121.783
43 510.392 716.12 5 2.52942 -47.1683 -56.1693
44 510.811 716.393 5 3.01455 -59.1376 -79.2363
45 511.231 716.665 5 3.50386 -47.1111 -29.6268
46 511.65 716.937 5 3.99582 -50.1295 -20.3116
47 512.069 717.21 5 4.48955 -54.448 -10.3859
48 512.489 717.482 5 4.98454 -57.042 124.527
49 512.908 717.754 5 5.48043 -46.8496 36.6071
50 513.327 718.027 5 5.97701 -65.6629 -159.202
51 513.747 718.299 5 6.47411 -48.2084 55.5936
52 514.166 718.571 5 6.97163 -62.0251 111.187
53 508.862 715.723 5 1.49925 -45.8393 7.35823
54 509.281 715.995 5 1.85399 -46.2628 52.4668
55 509.7 716.267 5 2.26424 -44.4558 -163.954
56 510.12 716.54 5 2.70487 -48.5981 71.5522
57 510.539 716.812 5 3.1632 -57.8583 -153.295
58 510.958 717.084 5 3.63254 -62.7681 8.17965
59 511.378 717.357 5 4.10912 -52.8727 42.5218
60 511.797 717.629 5 4.59069 -50.318 65.6029
61 512.216 717.901 5 5.07582 -52.5309 72.0452
62 512.636 718.174 5 5.56358 -56.3866 -28.6772
63 513.055 718.446 5 6.05335 -52.3377 -123.634
64 513.474 718.718 5 6.54466 -54.1571 74.1423
65 513.894 718.991 5 7.03719 -49.3051 -84.7614
66 508.589 716.142 5 1.91471 -41.9532 -157.867
67 509.009 716.414 5 2.20355 -52.5917 42.364
68 509.428 716.687 5 2.55835 -58.533 -100.441
69 509.847 716.959 5 2.95545 -53.0293 78.0429
70 510.267 717.231 5 3.37997 -54.4852 -37.4284
71 510.686 717.504 5 3.82279 -71.4695 51.0256
72 511.105 717.776 5 4.27823 -55.0893 -49.7832
73 511.525 718.048 5 4.74265 -63.8232 5.83844
74 511.944 718.321 5 5.21366 -53.1349 -164.391
75 512.363 718.593 5 5.68962 -51.4667 167.876
76 512.783 718.865 5 6.16939 -59.0126 175.138
77 513.202 719.138 5 6.65213 -53.4827 -78.413
78 513.621 719.41 5 7.13725 -59.0156 -89.6257
79 510.414 717.923 5 4.06597 -56.1144 50.7119
80 510.833 718.195 5 4.49684 -76.9605 -36.6434
81 511.672 718.74 5 5.3945 -56.3004 -23.7303
82 512.091 719.012 5 5.85578 -54.335 -31.7553
83 512.51 719.285 5 6.32295 -59.2497 -130.906
84 512.93 719.557 5 6.79479 -50.7697 -135.735
85 513.349 719.829 5 7.2704 -61.6577 164.879
86 510.141 718.342 5 4.35321 -64.8256 172.127
87 510.561 718.615 5 4.75815 -66.0828 -112.247
88 511.399 719.159 5 5.61418 -59.102 128.429
89 511.819 719.432 5 6.05876 -60.7865 -100.182
90 512.238 719.704 5 6.51138 -63.5945 47.2209
91 512.657 719.976 5 6.97048 -54.446 91.1172
92 513.077 720.249 5 7.43486 -58.8132 29.3147
93 509.869 718.762 5 4.67641 -62.277 97.6709
94 510.288 719.034 5 5.05552 -56.7913 1.42828
95 511.127 719.579 5 5.86834 -63.0584 165.008
96 511.546 719.851 5 6.29499 -66.6556 170.715
97 511.966 720.123 5 6.73175 -71.4748 35.2052
98 512.385 720.396 5 7.17676 -58.1517 160.438
99 512.804 720.668 5 7.62859 -60.4095 -11.7813
100 509.597 719.181 5 5.02863 -77.1534 -167.852
101 510.016 719.453 5 5.383 -60.1545 108.653
102 509.324 719.6 5 5.40421 -70.0097 18.8953
103 509.744 719.873 5 5.73542 -70.2202 178.882
104 509.052 720.02 5 5.79861 -69.4364 161.835
105 509.471 720.292 5 6.10847 -70.9093 11.4693
