1 509.951 714.045 5 0.996953 -39.1072 -1.52462
2 510.37 714.318 5 1.47787 -40.2218 78.3079
3 510.79 714.59 5 1.96831 -41.4498 91.7238
4 511.209 714.862 5 2.46261 -45.4688 53.2377
5 511.628 715.135 5 2.95882 -48.1311 114.101
6 512.048 715.407 5 3.45612 -52.5553 73.0756
7 512.467 715.679 5 3.95411 -49.0938 74.2755
8 512.886 715.952 5 4.45254 -46.7194 96.3266
9 513.306 716.224 5 4.95129 -48.8027 117.581
10 513.725 716.496 5 5.45027 -48.7849 149.007
11 514.144 716.769 5 5.94942 -49.3171 169.73
12 514.564 717.041 5 6.44871 -250 0
13 514.983 717.313 5 6.94809 -250 0
14 509.679 714.465 5 0.955128 -40.4319 103.467
15 510.098 714.737 5 1.44998 -43.359 121.35
16 510.517 715.009 5 1.94746 -47.8252 -168.031
17 510.937 715.282 5 2.44597 -46.734 -163.007
18 511.356 715.554 5 2.94499 -44.9066 152.527
19 511.775 715.826 5 3.44429 -49.122 111.494
20 512.195 716.099 5 3.94377 -46.0125 131.079
21 512.614 716.371 5 4.44336 -52.2605 -152.68
22 513.033 716.643 5 4.94304 -59.3438 51.3211
23 513.453 716.916 5 5.44278 -52.6184 119.063
24 513.872 717.188 5 5.94256 -51.7915 169.23
25 514.291 717.46 5 6.44237 -55.2024 -105.492
26 514.711 717.733 5 6.94222 -61.2597 -176.618
27 509.406 714.884 5 1.15353 -38.6162 -97.648
28 509.826 715.156 5 1.5877 -42.9996 70.2578
29 510.245 715.429 5 2.05206 -45.0047 -146.533
30 510.664 715.701 5 2.53005 -44.9936 -65.6736
31 511.084 715.973 5 3.01518 -46.6042 -48.9237
32 511.503 716.246 5 3.5045 -47.3057 -60.8009
33 511.922 716.518 5 3.99646 -56.2037 18.5763
34 512.342 716.79 5 4.49019 -51.5217 17.8138
35 512.761 717.063 5 4.98518 -58.4475 -117.539
36 513.18 717.335 5 5.48108 -50.2811 -43.3302
37 513.6 717.607 5 5.97766 -50.3381 48.5453
38 514.019 717.88 5 6.47476 -59.6519 74.289
39 514.438 718.152 5 6.97228 -63.0877 -142.872
40 509.134 715.303 5 1.49966 -40.1138 -5.0958
41 509.553 715.576 5 1.8545 -44.5053 8.35184
42 509.973 715.848 5 2.2648 -48.3378 -58.1455
43 510.392 716.12 5 2.70546 -46.8869 102.859
44 510.811 716.393 5 3.16381 -50.4308 177.166
45 511.231 716.665 5 3.63316 -61.7063 24.3938
46 511.65 716.937 5 4.10975 -46.042 57.3779
47 512.069 717.21 5 4.59132 -47.8535 65.6428
48 512.489 717.482 5 5.07645 -50.0303 117.529
49 512.908 717.754 5 5.56422 -54.0947 82.3061
50 513.327 718.027 5 6.05398 -48.4283 -172.166
51 513.747 718.299 5 6.5453 -60.5772 -107.166
52 514.166 718.571 5 7.03783 -51.0282 110.125
53 508.862 715.723 5 1.91503 -54.4772 21.919
54 509.281 715.995 5 2.20398 -54.9722 135.57
55 509.7 716.267 5 2.55884 -50.446 -179.606
56 510.12 716.54 5 2.95599 -54.3986 77.5954
57 510.539 716.812 5 3.38054 -55.455 -37.4326
58 510.958 717.084 5 3.82338 -55.3225 166.266
59 511.378 717.357 5 4.27883 -48.3071 -94.8765
60 511.797 717.629 5 4.74326 -57.0874 -23.3438
61 512.216 717.901 5 5.21428 -51.299 113.146
62 512.636 718.174 5 5.69025 -59.2574 88.3246
63 513.055 718.446 5 6.17001 -53.2699 -138.249
64 513.474 718.718 5 6.65276 -64.1452 179.35
65 513.894 718.991 5 7.13789 -49.3104 -108.481
66 508.589 716.142 5 2.36341 -51.0365 -35.0612
67 509.009 716.414 5 2.60305 -47.3803 22.4622
68 509.428 716.687 5 2.90964 -50.8031 -132.821
69 509.847 716.959 5 3.26438 -50.2471 -53.8929
70 510.267 717.231 5 3.65327 -52.1472 -125.862
71 510.686 717.504 5 4.06652 -49.3018 -179.348
72 511.105 717.776 5 4.49741 -48.9764 5.8082
73 511.525 718.048 5 4.94135 -56.4341 82.55
74 511.944 718.321 5 5.3951 -46.8927 -53.2208
75 512.363 718.593 5 5.85639 -51.6186 -35.2865
76 512.783 718.865 5 6.32356 -55.0006 179.772
77 513.202 719.138 5 6.79541 -56.0224 163.356
78 513.621 719.41 5 7.27102 -55.5663 -89.3231
79 510.414 717.923 5 4.35372 -48.8347 55.32
80 510.833 718.195 5 4.75868 -56.2903 -24.491
81 511.672 718.74 5 5.61475 -56.3214 76.093
82 512.091 719.012 5 6.05934 -48.89 157.022
83 512.51 719.285 5 6.51197 -60.0125 19.9028
84 512.93 719.557 5 6.97108 -55.3613 45.7785
85 513.349 719.829 5 7.43546 -57.1849 151.031
86 510.141 718.342 5 4.67689 -63.1601 -96.5592
87 510.561 718.615 5 5.05603 -61.2875 -172.968
88 511.399 719.159 5 5.86888 -60.6314 166.612
89 511.819 719.432 5 6.29555 -54.8983 -134.881
90 512.238 719.704 5 6.73232 -70.4742 50.9321
91 512.657 719.976 5 7.17735 -50.159 -150.081
92 513.077 720.249 5 7.62919 -57.5906 -62.8838
93 509.869 718.762 5 5.02908 -65.7349 143.677
94 510.288 719.034 5 5.38347 -64.642 77.0408
95 511.127 719.579 5 6.15322 -69.8149 58.7735
96 511.546 719.851 5 6.56143 -64.4596 -90.9241
97 511.966 720.123 5 6.98158 -77.2207 -24.6155
98 512.385 720.396 5 7.41166 -61.4925 52.989
99 512.804 720.668 5 7.85002 -55.5563 -90.1219
100 509.597 719.181 5 5.40463 -66.9892 -164.361
101 510.016 719.453 5 5.73587 -60.0058 -134.515
102 509.324 719.6 5 5.79899 -65.438 36.3115
103 509.744 719.873 5 6.10889 -74.4196 -10.0651
104 509.052 720.02 5 6.2086 -69.7047 -78.4376
105 509.471 720.292 5 6.49899 -76.3643 132.288
