1 514.644 719.84 5 8.40454 -102.759 -95.6933
2 514.371 720.259 5 8.56394 -95.1459 9.55516
3 514.097 720.678 5 8.74905 -107.59 -138.89
4 513.824 721.096 5 8.95827 -114.59 105.599
5 513.551 721.515 5 9.18996 -250 0
6 513.278 721.934 5 9.44247 -112.356 167.028
7 513.004 722.353 5 9.71416 -107.595 -15.7538
8 512.731 722.771 5 10.0035 -109.007 69.8297
9 512.458 723.19 5 10.309 -116.349 -128.882
10 512.185 723.609 5 10.6292 -143.649 -99.4025
11 515.063 720.113 5 8.88394 -96.2599 -6.69771
12 514.789 720.532 5 9.03489 -99.1708 -63.6345
13 514.516 720.951 5 9.21053 -100.758 127.79
14 514.243 721.37 5 9.4095 -107.924 147.394
15 513.97 721.788 5 9.63034 -103.4 138.892
16 513.696 722.207 5 9.87159 -108.605 -161.066
17 513.423 722.626 5 10.1318 -105.847 -113.565
18 513.15 723.045 5 10.4095 -99.552 -114.724
19 512.877 723.463 5 10.7034 -105.175 -72.9541
20 512.603 723.882 5 11.0121 -103.984 -51.671
21 515.481 720.387 5 9.36549 -99.9482 79.765
22 515.208 720.805 5 9.5088 -101.652 -89.9239
23 514.935 721.224 5 9.67585 -117.549 141.365
24 514.662 721.643 5 9.86543 -111.631 140.678
25 514.388 722.062 5 10.0763 -109.934 141.915
26 514.115 722.48 5 10.3071 -107.563 130.413
27 513.842 722.899 5 10.5566 -100.653 122.434
28 513.568 723.318 5 10.8234 -101.839 124.67
29 513.295 723.737 5 11.1063 -99.6474 -178.697
30 513.022 724.155 5 11.4042 -100.16 176.384
31 515.9 720.66 5 9.84888 -107.558 -170.329
32 515.627 721.079 5 9.98525 -124.369 -127.218
33 515.353 721.497 5 10.1445 -111.581 -149.847
34 515.08 721.916 5 10.3254 -111.123 165.942
35 514.807 722.335 5 10.5271 -102.632 -176.171
36 514.534 722.754 5 10.7482 -105.741 -33.4695
37 514.26 723.172 5 10.9877 -99.8461 -25.8199
38 513.987 723.591 5 11.2443 -96.9304 -21.0417
39 516.319 720.933 5 10.3339 -109.278 39.9882
40 516.045 721.352 5 10.4639 -104.604 -74.0261
41 515.772 721.771 5 10.6159 -107.696 -142.52
42 515.499 722.189 5 10.789 -115.02 -157.581
43 515.226 722.608 5 10.9822 -107.102 -139.905
44 514.952 723.027 5 11.1943 -106.134 -154.475
45 514.679 723.446 5 11.4244 -104.971 -178.512
46 514.406 723.864 5 11.6714 -250 0
47 516.737 721.206 5 10.8202 -92.1807 128.336
48 516.464 721.625 5 10.9445 -107.402 58.6447
49 516.191 722.044 5 11.0899 -87.9472 63.1876
50 515.918 722.463 5 11.2557 -113.31 70.9133
51 515.644 722.881 5 11.441 -117.775 -49.4955
52 515.371 723.3 5 11.6448 -121.903 -147.328
53 515.098 723.719 5 11.8661 -122.065 -156.771
54 514.825 724.138 5 12.1041 -250 0
55 517.156 721.48 5 11.3077 -90.0203 -126.776
56 516.883 721.898 5 11.4267 -112.878 12.1784
57 516.61 722.317 5 11.5661 -102.479 -171.741
58 516.336 722.736 5 11.7251 -86.8596 -120.676
59 516.063 723.155 5 11.9031 -108.619 -4.37247
60 515.79 723.573 5 12.0991 -117.495 -161.565
61 515.517 723.992 5 12.3123 -121.139 20.5606
62 515.243 724.411 5 12.5419 -250 0
63 517.575 721.753 5 11.7963 -89.6674 -54.918
64 517.302 722.172 5 11.9104 -105.502 51.8886
65 517.028 722.59 5 12.0442 -105.185 -43.1188
66 516.755 723.009 5 12.197 -100.562 -23.3777
67 516.482 723.428 5 12.3682 -87.0488 48.9173
68 516.209 723.847 5 12.5569 -96.08 90.2565
69 515.935 724.265 5 12.7625 -129.838 64.0276
70 515.662 724.684 5 12.9841 -127.787 -55.8121
71 517.994 722.026 5 12.2858 -118.516 -141.978
72 517.72 722.445 5 12.3954 -99.2861 44.4463
73 517.447 722.864 5 12.524 -109.728 171.746
74 517.174 723.282 5 12.671 -105.475 151.238
75 516.901 723.701 5 12.8359 -100.247 156.749
76 516.627 724.12 5 13.0179 -129.968 -173.779
77 516.354 724.539 5 13.2163 -94.9717 -126.182
78 516.081 724.957 5 13.4303 -123.727 -139.857
