1 509.951 714.045 5 2.51309 -53.7597 -69.3533
2 510.37 714.318 5 2.73919 -43.4762 -2.18548
3 510.79 714.59 5 3.03162 -57.7831 -86.5191
4 511.209 714.862 5 3.37318 -50.8172 -28.8418
5 511.628 715.135 5 3.75045 -52.223 -18.3426
6 512.048 715.407 5 4.15373 -49.5741 -108.708
7 512.467 715.679 5 4.57614 -59.0224 -154.073
8 512.886 715.952 5 5.01284 -48.2069 -116.774
9 513.306 716.224 5 5.46042 -54.5476 87.3697
10 513.725 716.496 5 5.9164 -57.6078 155.549
11 514.144 716.769 5 6.37898 -53.1098 -64.4413
12 514.564 717.041 5 6.84682 -250 0
13 514.983 717.313 5 7.31891 -250 0
14 509.679 714.465 5 2.05766 -45.7567 163.179
15 510.098 714.737 5 2.32842 -46.0676 132.163
16 510.517 715.009 5 2.66629 -47.3316 -170.38
17 510.937 715.282 5 3.04905 -47.8919 -155.457
18 511.356 715.554 5 3.46183 -52.4404 78.4749
19 511.775 715.826 5 3.8951 -51.0488 -93.0706
20 512.195 716.099 5 4.34274 -51.6872 29.4795
21 512.614 716.371 5 4.80073 -63.6469 -151.754
22 513.033 716.643 5 5.26636 -52.0471 -31.8693
23 513.453 716.916 5 5.73778 -51.7917 -2.39125
24 513.872 717.188 5 6.21367 -62.7985 101.17
25 514.291 717.46 5 6.69308 -49.5321 112.659
26 514.711 717.733 5 7.17529 -50.1201 -121.529
27 509.406 714.884 5 1.62859 -42.6213 -44.7401
28 509.826 715.156 5 1.95956 -46.1256 75.432
29 510.245 715.429 5 2.35106 -42.6065 36.4673
30 510.664 715.701 5 2.7776 -59.2281 -147.704
31 511.084 715.973 5 3.22531 -45.901 82.3028
32 511.503 716.246 5 3.68649 -52.6107 154.658
33 511.922 716.518 5 4.15665 -49.4426 -110.173
34 512.342 716.79 5 4.63307 -54.8805 -20.5207
35 512.761 717.063 5 5.11399 -53.3033 34.8848
36 513.18 717.335 5 5.59826 -52.4151 93.3534
37 513.6 717.607 5 6.08507 -54.1282 98.8435
38 514.019 717.88 5 6.57386 -55.8227 73.0318
39 514.438 718.152 5 7.06422 -63.0842 -1.82884
40 509.134 715.303 5 1.25327 -45.3222 -47.8872
41 509.553 715.576 5 1.6608 -40.3242 -114.633
42 509.973 715.848 5 2.10851 -50.5485 18.3086
43 510.392 716.12 5 2.57554 -51.7124 129.113
44 510.811 716.393 5 3.05303 -49.244 -177.441
45 511.231 716.665 5 3.53674 -46.6224 -111.785
46 511.65 716.937 5 4.02444 -48.5237 -73.3645
47 512.069 717.21 5 4.51483 -56.4323 -58.4728
48 512.489 717.482 5 5.00712 -49.6693 -112.377
49 512.908 717.754 5 5.5008 -52.0818 -48.8033
50 513.327 718.027 5 5.99553 -53.6098 -17.5046
51 513.747 718.299 5 6.49107 -64.6793 -83.5605
52 514.166 718.571 5 6.98724 -52.42 -171.074
53 508.862 715.723 5 0.9945 -42.334 -15.9264
54 509.281 715.995 5 1.47533 -42.0996 47.6177
55 509.7 716.267 5 1.96575 -45.2399 119.658
56 510.12 716.54 5 2.46003 -46.46 103.177
57 510.539 716.812 5 2.95623 -51.8331 104.686
58 510.958 717.084 5 3.45353 -48.6 113.845
59 511.378 717.357 5 3.95151 -54.823 154.069
60 511.797 717.629 5 4.44995 -58.6589 133.332
61 512.216 717.901 5 4.9487 -60.2219 9.15527
62 512.636 718.174 5 5.44768 -51.656 75.3043
63 513.055 718.446 5 5.94683 -48.8656 96.0007
64 513.474 718.718 5 6.44611 -55.6813 95.8037
65 513.894 718.991 5 6.9455 -59.162 118.528
66 508.589 716.142 5 0.952568 -37.6462 123.609
67 509.009 716.414 5 1.4474 -40.827 136.125
68 509.428 716.687 5 1.94487 -43.4304 150.231
69 509.847 716.959 5 2.44338 -43.3739 133.171
70 510.267 717.231 5 2.94239 -45.1253 177.558
71 510.686 717.504 5 3.44169 -53.1138 -179.089
72 511.105 717.776 5 3.94117 -56.8122 -138.609
73 511.525 718.048 5 4.44076 -55.9917 154.635
74 511.944 718.321 5 4.94044 -53.7698 115.646
75 512.363 718.593 5 5.44018 -56.0292 115.195
76 512.783 718.865 5 5.93996 -49.0467 128.33
77 513.202 719.138 5 6.43977 -50.0678 154.51
78 513.621 719.41 5 6.93962 -52.8263 160.087
79 510.414 717.923 5 3.50194 -59.5473 119.92
80 510.833 718.195 5 3.99389 -52.138 49.5483
81 511.672 718.74 5 4.9826 -63.3812 -118.008
82 512.091 719.012 5 5.47849 -57.0651 57.9124
83 512.51 719.285 5 5.97507 -54.2065 132.043
84 512.93 719.557 5 6.47217 -55.877 156.23
85 513.349 719.829 5 6.96969 -61.61 141.957
86 510.141 718.342 5 3.6307 -66.4209 125.2
87 510.561 718.615 5 4.10725 -58.5844 32.5843
88 511.399 719.159 5 5.07392 -72.9013 93.8607
89 511.819 719.432 5 5.56168 -79.1525 103.221
90 512.238 719.704 5 6.05143 -65.5794 88.0897
91 512.657 719.976 5 6.54274 -64.343 -93.5148
92 513.077 720.249 5 7.03527 -56.2122 2.15946
93 509.869 718.762 5 3.82104 -67.8969 -128.987
94 510.288 719.034 5 4.27643 -58.454 -157.211
95 511.127 719.579 5 5.21182 -91.1633 5.0883
96 511.546 719.851 5 5.68776 -69.3759 132.146
97 511.966 720.123 5 6.16751 -63.1059 92.9216
98 512.385 720.396 5 6.65024 -64.2296 -89.2314
99 512.804 720.668 5 7.13536 -64.3708 -85.3748
100 509.597 719.181 5 4.06432 -71.2768 112.003
101 510.016 719.453 5 4.49514 -68.462 -165.539
102 509.324 719.6 5 4.35167 -62.8026 -56.486
103 509.744 719.873 5 4.75653 -59.3452 -37.0053
104 509.052 720.02 5 4.67497 -62.9823 156.122
105 509.471 720.292 5 5.054 -62.2858 102.668
