1 505.473 717.831 5 4.84141 -58.071 43.5023
2 505.747 717.412 5 4.34795 -56.6697 50.2392
3 506.02 716.994 5 3.85618 -58.2997 10.7265
4 506.294 716.575 5 3.36684 -73.2356 153.166
5 506.567 716.157 5 2.88116 -58.193 -71.1267
6 505.891 718.104 5 4.79056 -53.9363 -167.556
7 506.165 717.686 5 4.29126 -50.8248 -152.729
8 506.439 717.267 5 3.79214 -56.0134 -127.503
9 506.712 716.849 5 3.29329 -49.9647 -165.812
10 506.986 716.43 5 2.79486 -54.4304 169.869
11 506.31 718.378 5 4.79162 -62.8318 -164.412
12 506.584 717.96 5 4.29244 -60.2686 -154.678
13 506.857 717.541 5 3.79348 -58.6412 -167.252
14 507.131 717.123 5 3.29484 -59.8834 -162.171
15 507.404 716.704 5 2.79668 -59.8847 -163.988
16 506.728 718.652 5 4.84456 -76.3285 146.471
17 507.002 718.233 5 4.35146 -76.3563 -148.335
18 507.276 717.815 5 3.86014 -77.9112 135.482
19 507.549 717.396 5 3.37137 -75.4743 100.05
20 507.823 716.978 5 2.88645 -84.4305 66.3774
21 507.147 718.925 5 4.94772 -73.2784 -145.256
22 507.421 718.507 5 4.46603 -75.3637 44.6308
23 507.694 718.088 5 3.98884 -74.5406 -44.2061
24 507.968 717.67 5 3.518 -73.3574 -150.753
25 508.241 717.251 5 3.05643 -79.6342 70.1941
26 507.565 719.199 5 5.09805 -84.1544 -120.444
27 507.839 718.78 5 4.63202 -75.2953 -14.3322
28 508.113 718.362 5 4.17385 -78.2035 85.9822
29 508.386 717.943 5 3.72646 -81.7675 74.1251
30 508.66 717.525 5 3.29423 -73.4082 -52.8983
31 507.984 719.472 5 5.29153 -73.018 -153.429
32 508.258 719.054 5 4.84414 -76.798 -125.011
33 508.531 718.635 5 4.40808 -73.1253 -113.813
34 508.805 718.217 5 3.98706 -86.7341 -37.7568
35 509.078 717.798 5 3.58638 -98.2672 43.3837
36 508.402 719.746 5 5.52363 -78.2589 -120.521
37 508.676 719.328 5 5.09666 -75.0288 112.213
38 508.95 718.909 5 4.68416 -112.728 162.995
39 509.223 718.491 5 4.29032 -111.827 134.483
40 509.497 718.072 5 3.92075 -122.472 -75.0963
