1 514.644 719.84 5 8.27064 -95.3322 -103.387
2 514.371 720.259 5 8.40287 -93.7871 -100.08
3 514.097 720.678 5 8.5623 -100.646 17.2342
4 513.824 721.096 5 8.74745 -115.404 42.4662
5 513.551 721.515 5 8.95671 -250 0
6 513.278 721.934 5 9.18844 -116.094 41.3258
7 513.004 722.353 5 9.44098 -105.855 -81.1645
8 512.731 722.771 5 9.71272 -106.364 -50.3397
9 512.458 723.19 5 10.0021 -250 0
10 512.185 723.609 5 10.3076 -145.612 26.9656
11 515.063 720.113 5 8.75727 -99.3186 79.5566
12 514.789 720.532 5 8.88226 -121.532 122.469
13 514.516 720.951 5 9.03324 -105.49 -67.8184
14 514.243 721.37 5 9.20892 -101.697 -169.934
15 513.97 721.788 5 9.40792 -110.704 58.1908
16 513.696 722.207 5 9.62879 -113.856 75.7294
17 513.423 722.626 5 9.87008 -111.084 99.8582
18 513.15 723.045 5 10.1303 -101.274 131.229
19 512.877 723.463 5 10.4081 -111.2 142.438
20 512.603 723.882 5 10.702 -111.02 168.96
21 515.481 720.387 5 9.24533 -105.265 -99.2688
22 515.208 720.805 5 9.36381 -103.162 -156.73
23 514.935 721.224 5 9.50714 -101.827 -164.066
24 514.662 721.643 5 9.67421 -107.474 154.712
25 514.388 722.062 5 9.86383 -98.6561 -40.31
26 514.115 722.48 5 10.0747 -107.858 -74.3615
27 513.842 722.899 5 10.3056 -107.6 0.937419
28 513.568 723.318 5 10.5551 -104.118 17.8357
29 513.295 723.737 5 10.8219 -104.932 46.5103
30 513.022 724.155 5 11.1049 -105.983 78.6695
31 515.9 720.66 5 9.7346 -112.031 -13.9421
32 515.627 721.079 5 9.84719 -105.856 149.923
33 515.353 721.497 5 9.98359 -116.209 20.3634
34 515.08 721.916 5 10.1428 -108.154 48.5657
35 514.807 722.335 5 10.3238 -109.758 -157.559
36 514.534 722.754 5 10.5255 -118.033 141.199
37 514.26 723.172 5 10.7467 -105.716 -150.593
38 513.987 723.591 5 10.9862 -100.41 -163.051
39 516.319 720.933 5 10.2249 -110.163 56.2857
40 516.045 721.352 5 10.3322 -98.5754 -136.639
41 515.772 721.771 5 10.4622 -113.32 -151.273
42 515.499 722.189 5 10.6143 -122.397 -178.923
43 515.226 722.608 5 10.7874 -114.318 145.809
44 514.952 723.027 5 10.9806 -108.358 95.7408
45 514.679 723.446 5 11.1927 -110.051 70.1113
46 514.406 723.864 5 11.4229 -250 0
47 516.737 721.206 5 10.7161 -90.1645 156.466
48 516.464 721.625 5 10.8185 -104.218 -75.6059
49 516.191 722.044 5 10.9428 -86.0751 -11.6141
50 515.918 722.463 5 11.0883 -110.743 79.0322
51 515.644 722.881 5 11.2541 -118.969 29.866
52 515.371 723.3 5 11.4394 -152.418 49.473
53 515.098 723.719 5 11.6432 -134.061 -141.41
54 514.825 724.138 5 11.8646 -250 0
55 517.156 721.48 5 11.2081 -89.8544 -112.612
56 516.883 721.898 5 11.306 -120.873 137.128
57 516.61 722.317 5 11.425 -95.4223 69.0601
58 516.336 722.736 5 11.5644 -85.0104 160.423
59 516.063 723.155 5 11.7235 -99.4322 -85.4624
60 515.79 723.573 5 11.9015 -115.266 -140.249
61 515.517 723.992 5 12.0975 -133.742 9.57766
62 515.243 724.411 5 12.3108 -250 0
63 517.575 721.753 5 11.7008 -122.509 -66.9152
64 517.302 722.172 5 11.7946 -117.105 -14.2321
65 517.028 722.59 5 11.9087 -107.825 -53.761
66 516.755 723.009 5 12.0425 -83.8859 -162.95
67 516.482 723.428 5 12.1954 -84.5626 -37.1385
68 516.209 723.847 5 12.3665 -104.667 66.2661
69 515.935 724.265 5 12.5553 -118.35 118.263
70 515.662 724.684 5 12.7609 -114.894 -150.041
71 517.994 722.026 5 12.194 -124.188 -116.136
72 517.72 722.445 5 12.2841 -110.895 -9.32133
73 517.447 722.864 5 12.3937 -118.873 96.9209
74 517.174 723.282 5 12.5223 -102.591 143.559
75 516.901 723.701 5 12.6694 -83.8841 1.85865
76 516.627 724.12 5 12.8342 -100.406 33.1354
77 516.354 724.539 5 13.0162 -114.599 47.2653
78 516.081 724.957 5 13.2147 -117.504 151.137
