1 505.473 717.831 5 5.83111 -63.9741 109.895
2 505.747 717.412 5 5.33548 -56.2749 64.6797
3 506.02 716.994 5 4.84074 -56.1262 54.0519
4 506.294 716.575 5 4.34721 -51.9326 50.503
5 506.567 716.157 5 3.85535 -60.4845 44.5312
6 505.891 718.104 5 5.78933 -53.6827 177.075
7 506.165 717.686 5 5.28979 -57.3048 -143.241
8 506.439 717.267 5 4.79033 -56.1921 -149.734
9 506.712 716.849 5 4.29101 -54.2147 -165.253
10 506.986 716.43 5 3.79186 -53.7441 -167.517
11 506.31 718.378 5 5.79058 -68.3928 -175.822
12 506.584 717.96 5 5.29116 -69.9969 -165.769
13 506.857 717.541 5 4.79185 -79.6347 -166.522
14 507.131 717.123 5 4.2927 -60.4397 -160.383
15 507.404 716.704 5 3.79377 -63.6519 170.376
16 506.728 718.652 5 5.83484 -71.4571 -21.0475
17 507.002 718.233 5 5.33955 -88.5733 132.324
18 507.276 717.815 5 4.84523 -72.2639 154.107
19 507.549 717.396 5 4.35221 -78.852 -168.471
20 507.823 716.978 5 3.86098 -75.9267 -170.145
21 507.147 718.925 5 5.92114 -86.3781 162.506
22 507.421 718.507 5 5.43372 -74.2805 -53.2954
23 507.694 718.088 5 4.94881 -81.2576 -143.277
24 507.968 717.67 5 4.46724 -88.3983 122.205
25 508.241 717.251 5 3.9902 -82.4098 75.3512
26 507.565 719.199 5 6.04767 -84.6613 -156.89
27 507.839 718.78 5 5.57134 -74.519 -37.1637
28 508.113 718.362 5 5.09953 -79.9477 -147.033
29 508.386 717.943 5 4.63365 -90.5148 40.6968
30 508.66 717.525 5 4.17566 -85.8529 39.6491
31 507.984 719.472 5 6.21199 -72.6221 162.387
32 508.258 719.054 5 5.74929 -82.542 161.556
33 508.531 718.635 5 5.29337 -88.9867 70.187
34 508.805 718.217 5 4.84615 -83.0674 98.0737
35 509.078 717.798 5 4.41029 -87.2782 -46.2274
36 508.402 719.746 5 6.41119 -80.1349 168.48
37 508.676 719.328 5 5.96396 -74.2424 71.8121
38 508.95 718.909 5 5.52578 -132.775 66.5021
39 509.223 718.491 5 5.09899 -121.94 59.1411
40 509.497 718.072 5 4.6867 -137.767 128.964
