1 505.473 717.831 5 5.33578 -58.3713 62.8455
2 505.747 717.412 5 4.84108 -56.3185 87.0904
3 506.02 716.994 5 4.34758 -56.0482 49.7491
4 506.294 716.575 5 3.85577 -57.9185 -6.33802
5 506.567 716.157 5 3.36636 -59.4023 26.134
6 505.891 718.104 5 5.28989 -58.7093 -147.808
7 506.165 717.686 5 4.79044 -55.8208 -132.318
8 506.439 717.267 5 4.29113 -54.5442 -126.207
9 506.712 716.849 5 3.792 -53.365 -156.069
10 506.986 716.43 5 3.29313 -54.2925 -167.061
11 506.31 718.378 5 5.29105 -64.8655 177.874
12 506.584 717.96 5 4.79173 -58.2117 -158.258
13 506.857 717.541 5 4.29257 -62.4682 -172.683
14 507.131 717.123 5 3.79363 -60.6683 -157.753
15 507.404 716.704 5 3.295 -59.8367 -174.021
16 506.728 718.652 5 5.33925 -68.6972 -33.7475
17 507.002 718.233 5 4.8449 -94.1726 41.6508
18 507.276 717.815 5 4.35184 -73.1559 144.29
19 507.549 717.396 5 3.86056 -67.0504 -172.074
20 507.823 716.978 5 3.37185 -71.1123 -1.55463
21 507.147 718.925 5 5.43322 -76.6575 -97.5179
22 507.421 718.507 5 4.94827 -88.3949 -31.1977
23 507.694 718.088 5 4.46663 -77.6408 -53.9713
24 507.968 717.67 5 3.98952 -84.4619 -27.6378
25 508.241 717.251 5 3.51877 -76.8358 47.882
26 507.565 719.199 5 5.57066 -74.4647 -140.052
27 507.839 718.78 5 5.09879 -83.695 125.452
28 508.113 718.362 5 4.63283 -79.4753 103.296
29 508.386 717.943 5 4.17476 -85.6453 -81.8331
30 508.66 717.525 5 3.72747 -91.0235 -79.3689
31 507.984 719.472 5 5.74844 -88.3577 20.0766
32 508.258 719.054 5 5.29245 -78.1166 15.7056
33 508.531 718.635 5 4.84515 -78.8154 -99.4869
34 508.805 718.217 5 4.40919 -85.8066 -13.5267
35 509.078 717.798 5 3.98828 -89.8376 71.9391
36 508.402 719.746 5 5.96296 -74.3836 -85.1465
37 508.676 719.328 5 5.5247 -80.8473 -172.273
38 508.95 718.909 5 5.09782 -121.459 79.8581
39 509.223 718.491 5 4.68543 -108.512 113.216
40 509.497 718.072 5 4.2917 -116.596 -138.399
