1 505.473 717.831 5 4.34833 -52.6752 35.9145
2 505.747 717.412 5 3.8566 -55.4615 31.9603
3 506.02 716.994 5 3.36732 -58.5597 42.5147
4 506.294 716.575 5 2.88172 -60.8666 -45.8329
5 506.567 716.157 5 2.40203 -53.5825 155.796
6 505.891 718.104 5 4.29138 -53.0734 -151.471
7 506.165 717.686 5 3.79228 -56.5825 -163.202
8 506.439 717.267 5 3.29346 -51.6347 -139.945
9 506.712 716.849 5 2.79505 -50.5282 -163.276
10 506.986 716.43 5 2.29733 -48.9822 -178.417
11 506.31 718.378 5 4.29232 -49.927 -159.709
12 506.584 717.96 5 3.79334 -56.4352 -138.543
13 506.857 717.541 5 3.29467 -57.5297 -167.406
14 507.131 717.123 5 2.79648 -59.9607 -175.886
15 507.404 716.704 5 2.29908 -58.681 -164.22
16 506.728 718.652 5 4.35109 -67.6737 -169.002
17 507.002 718.233 5 3.85972 -70.2512 92.9372
18 507.276 717.815 5 3.37089 -76.6298 156.323
19 507.549 717.396 5 2.88588 -74.2073 -168.743
20 507.823 716.978 5 2.40703 -73.0332 104.855
21 507.147 718.925 5 4.46542 -80.3383 -155.723
22 507.421 718.507 5 3.98816 -74.0138 61.72
23 507.694 718.088 5 3.51723 -87.0059 -82.86
24 507.968 717.67 5 3.05554 -73.2653 124.862
25 508.241 717.251 5 2.60802 -77.8077 119.383
26 507.565 719.199 5 4.6312 -78.4209 -20.6292
27 507.839 718.78 5 4.17294 -76.9661 -71.961
28 508.113 718.362 5 3.72544 -84.4516 -76.7582
29 508.386 717.943 5 3.29308 -85.5767 13.8352
30 508.66 717.525 5 2.88267 -83.4158 -130.873
31 507.984 719.472 5 4.84314 -80.7195 88.8702
32 508.258 719.054 5 4.40698 -80.8192 -65.9607
33 508.531 718.635 5 3.98584 -78.0471 56.112
34 508.805 718.217 5 3.58502 -84.577 -18.2715
35 509.078 717.798 5 3.21213 -72.1027 -92.4019
36 508.402 719.746 5 5.09549 -75.2218 93.8045
37 508.676 719.328 5 4.68289 -72.2332 -29.9281
38 508.95 718.909 5 4.28893 -123.639 -103.859
39 509.223 718.491 5 3.91923 -122.325 54.8877
40 509.497 718.072 5 3.58131 -117.476 34.232
