1 505.473 717.831 5 7.30702 -90.1058 101.911
2 505.747 717.412 5 6.8642 -89.1794 157.142
3 506.02 716.994 5 6.42977 -80.5356 -163.696
4 506.294 716.575 5 6.00554 -88.4391 66.8634
5 506.567 716.157 5 5.59386 -90.0985 -38.6409
6 505.891 718.104 5 7.09607 -96.5271 136.121
7 506.165 717.686 5 6.6392 -85.7558 81.4341
8 506.439 717.267 5 6.18899 -83.8099 166.51
9 506.712 716.849 5 5.74703 -88.8522 176.162
10 506.986 716.43 5 5.31535 -91.3157 179.766
11 506.31 718.378 5 6.91491 -85.2812 -64.0505
12 506.584 717.96 5 6.4452 -86.0127 112.471
13 506.857 717.541 5 5.98041 -96.873 91.077
14 507.131 717.123 5 5.52178 -90.5997 -56.6762
15 507.404 716.704 5 5.07097 -85.2889 -27.6606
16 506.728 718.652 5 6.76592 -86.9938 2.50564
17 507.002 718.233 5 6.28509 -78.7697 44.6691
18 507.276 717.815 5 5.8075 -82.3974 -124.846
19 507.549 717.396 5 5.33402 -88.6248 -170.996
20 507.823 716.978 5 4.86584 -88.0592 67.8833
21 507.147 718.925 5 6.65127 -94.7107 -5.87218
22 507.421 718.507 5 6.1615 -80.3607 8.87618
23 507.694 718.088 5 5.67352 -106.827 -15.0482
24 507.968 717.67 5 5.18782 -88.4859 -15.4196
25 508.241 717.251 5 4.70512 -78.6751 -123.312
26 507.565 719.199 5 6.57276 -90.4147 135.775
27 507.839 718.78 5 6.07666 -85.8898 72.2074
28 508.113 718.362 5 5.58127 -81.7158 126.492
29 508.386 717.943 5 5.08677 -99.3397 135.886
30 508.66 717.525 5 4.59346 -72.4036 -63.5434
31 507.984 719.472 5 6.53168 -79.8159 -80.8603
32 508.258 719.054 5 6.03221 -80.2913 122.265
33 508.531 718.635 5 5.53283 -69.8547 -111.172
34 508.805 718.217 5 5.03358 -87.5823 -38.3579
35 509.078 717.798 5 4.53449 -86.6757 -12.8699
36 508.402 719.746 5 6.52875 -69.7681 -127.325
37 508.676 719.328 5 6.02904 -66.3873 170.559
38 508.95 718.909 5 5.52937 -250 0
39 509.223 718.491 5 5.02978 -250 0
40 509.497 718.072 5 4.53027 -250 0
