1 509.951 714.045 5 2.29866 -68.3786 39.7886
2 510.37 714.318 5 1.84924 -63.987 -152.313
3 510.79 714.59 5 1.43371 -52.9941 61.329
4 511.209 714.862 5 1.09149 -41.2378 -52.306
5 511.628 715.135 5 0.909497 -45.8377 153.787
6 512.048 715.407 5 0.981337 -44.0563 -100.803
7 512.467 715.679 5 1.26446 -46.0278 -142.189
8 512.886 715.952 5 1.65369 -61.1788 -137.77
9 513.306 716.224 5 2.09058 -58.5012 -67.8316
10 513.725 716.496 5 2.55076 -63.63 -172.386
11 514.144 716.769 5 3.02361 -67.3669 -45.8432
12 514.564 717.041 5 3.504 -98.918 24.232
13 514.983 717.313 5 3.98922 -100.399 -69.0871
14 509.679 714.465 5 2.53696 -63.3335 121.587
15 510.098 714.737 5 2.13822 -56.2945 165.026
16 510.517 715.009 5 1.79104 -45.7535 114.04
17 510.937 715.282 5 1.5309 -46.9633 125.389
18 511.356 715.554 5 1.40694 -47.9888 178.606
19 511.775 715.826 5 1.45442 -47.8076 -8.42952
20 512.195 716.099 5 1.65866 -44.7761 110.714
21 512.614 716.371 5 1.97155 -50.4226 -29.9033
22 513.033 716.643 5 2.35007 -62.1238 -9.91078
23 513.453 716.916 5 2.76743 -58.569 105.432
24 513.872 717.188 5 3.20851 -63.1371 -60.0249
25 514.291 717.46 5 3.66474 -71.1424 168.716
26 514.711 717.733 5 4.13112 -74.1012 90.2512
27 509.406 714.884 5 2.84402 -58.2787 -49.2658
28 509.826 715.156 5 2.49485 -49.0485 -95.4113
29 510.245 715.429 5 2.20457 -45.8146 -30.4874
30 510.664 715.701 5 1.99899 -50.0986 -171.092
31 511.084 715.973 5 1.90573 -50.9266 163.323
32 511.503 716.246 5 1.94104 -52.3395 47.1489
33 511.922 716.518 5 2.09844 -49.43 -91.5095
34 512.342 716.79 5 2.35357 -48.0832 -68.7117
35 512.761 717.063 5 2.67864 -53.0697 91.187
36 513.18 717.335 5 3.05139 -60.0337 81.9288
37 513.6 717.607 5 3.45642 -63.677 -116.323
38 514.019 717.88 5 3.88364 -64.012 154.416
39 514.438 718.152 5 4.32649 -73.2661 -50.2596
40 509.134 715.303 5 3.20012 -51.8637 54.2215
41 509.553 715.576 5 2.89423 -46.3192 161.803
42 509.973 715.848 5 2.6481 -54.8214 132.389
43 510.392 716.12 5 2.47957 -55.1374 -110.947
44 510.811 716.393 5 2.40501 -50.5155 158.574
45 511.231 716.665 5 2.43309 -52.2904 83.5929
46 511.65 716.937 5 2.56042 -55.4473 28.4137
47 512.069 717.21 5 2.77337 -52.1411 127.879
48 512.489 717.482 5 3.05409 -48.3205 83.6537
49 512.908 717.754 5 3.38575 -56.6385 -150.005
50 513.327 718.027 5 3.75488 -62.0569 -134.239
51 513.747 718.299 5 4.1515 -73.0367 35.0249
52 514.166 718.571 5 4.56846 -66.8577 -35.6554
53 508.862 715.723 5 3.59069 -45.8727 -28.6078
54 509.281 715.995 5 3.32098 -53.4673 -37.0205
55 509.7 716.267 5 3.10881 -52.1387 -95.821
56 510.12 716.54 5 2.96657 -59.7706 -116.217
57 510.539 716.812 5 2.90455 -54.1635 -173.946
58 510.958 717.084 5 2.92784 -56.6353 117.08
59 511.378 717.357 5 3.03448 -54.5526 116.13
60 511.797 717.629 5 3.21619 -51.2372 -86.4987
61 512.216 717.901 5 3.46118 -50.2105 -42.7931
62 512.636 718.174 5 3.75707 -55.353 -160.563
63 513.055 718.446 5 4.09285 -60.285 -43.6237
64 513.474 718.718 5 4.45951 -55.7482 -16.7474
65 513.894 718.991 5 4.85006 -69.6777 -34.2889
66 508.589 716.142 5 4.00567 -51.6868 -160.42
67 509.009 716.414 5 3.76579 -50.0777 135.509
68 509.428 716.687 5 3.58009 -56.4754 38.3639
69 509.847 716.959 5 3.45729 -59.4061 -8.1838
70 510.267 717.231 5 3.40422 -54.9828 162.783
71 510.686 717.504 5 3.42411 -54.7631 92.8483
72 511.105 717.776 5 3.51573 -56.4772 175.113
73 511.525 718.048 5 3.67372 -57.2465 37.4247
74 511.944 718.321 5 3.88999 -51.5846 139.196
75 512.363 718.593 5 4.15546 -51.8647 132.127
76 512.783 718.865 5 4.46136 -56.0455 -20.6988
77 513.202 719.138 5 4.79995 -57.1985 69.7598
78 513.621 719.41 5 5.16482 -55.8132 115.074
79 510.414 717.923 5 3.92133 -63.7994 108.829
80 510.833 718.195 5 4.00158 -56.84 -136.126
81 511.672 718.74 5 4.33409 -53.2684 -54.3526
82 512.091 719.012 5 4.57386 -54.2922 -3.07185
83 512.51 719.285 5 4.85345 -53.6885 -70.8754
84 512.93 719.557 5 5.16642 -56.3628 106.204
85 513.349 719.829 5 5.50706 -57.2687 -165.474
86 510.141 718.342 5 4.41918 -61.2249 132.817
87 510.561 718.615 5 4.49054 -60.941 -91.5397
88 511.399 719.159 5 4.78922 -61.2559 90.0277
89 511.819 719.432 5 5.00724 -54.6475 147.582
90 512.238 719.704 5 5.26387 -55.0088 164.936
91 512.657 719.976 5 5.55375 -53.6229 83.5181
92 513.077 720.249 5 5.87197 -60.5255 -82.6261
93 509.869 718.762 5 4.91746 -65.0332 -177.027
94 510.288 719.034 5 4.9817 -56.6614 -115.698
95 511.127 719.579 5 5.25252 -73.077 170.731
96 511.546 719.851 5 5.45205 -55.1721 -142.616
97 511.966 720.123 5 5.68864 -60.0634 7.17642
98 512.385 720.396 5 5.95789 -54.3835 -32.8168
99 512.804 720.668 5 6.25558 -63.7117 71.917
100 509.597 719.181 5 5.41606 -63.9537 117.976
101 510.016 719.453 5 5.47445 -54.2751 -81.8577
102 509.324 719.6 5 5.9149 -63.3367 -169.554
103 509.744 719.873 5 5.96841 -57.4177 -33.2488
104 509.052 720.02 5 6.41392 -72.4722 13.2909
105 509.471 720.292 5 6.4633 -57.0403 11.5995
