1 514.644 719.84 5 7.22661 -96.4802 171.665
2 514.371 720.259 5 7.46079 -78.3952 -37.2945
3 514.097 720.678 5 7.72029 -80.3763 176.337
4 513.824 721.096 5 8.00264 -85.4713 -122.792
5 513.551 721.515 5 8.30553 -81.7378 136.572
6 513.278 721.934 5 8.62678 -86.4643 -33.4916
7 513.004 722.353 5 8.96442 -92.0083 45.6318
8 512.731 722.771 5 9.31666 -91.9128 76.5822
9 512.458 723.19 5 9.68193 -92.6516 142.936
10 512.185 723.609 5 10.0588 -93.8629 151.468
11 515.063 720.113 5 7.67845 -81.3449 90.5765
12 514.789 720.532 5 7.89924 -85.6146 150.171
13 514.516 720.951 5 8.14478 -83.0637 161.674
14 514.243 721.37 5 8.41291 -81.2075 98.9409
15 513.97 721.788 5 8.70152 -94.2594 -74.9204
16 513.696 722.207 5 9.00866 -93.9818 -111.209
17 513.423 722.626 5 9.33249 -88.6525 57.826
18 513.15 723.045 5 9.67135 -92.6137 -111.549
19 512.877 723.463 5 10.0237 -92.42 78.2397
20 512.603 723.882 5 10.3882 -104.656 69.3118
21 515.481 720.387 5 8.13592 -73.7154 92.4405
22 515.208 720.805 5 8.34462 -73.6567 126.058
23 514.935 721.224 5 8.57742 -79.2944 162.902
24 514.662 721.643 5 8.83242 -88.3079 158.143
25 514.388 722.062 5 9.10775 -80.4387 -168.936
26 514.115 722.48 5 9.40163 -85.9711 50.1945
27 513.842 722.899 5 9.71237 -94.5499 128.008
28 513.568 723.318 5 10.0384 -97.348 138.534
29 513.295 723.737 5 10.3783 -81.5189 134.434
30 513.022 724.155 5 10.7307 -84.4818 171.02
31 515.9 720.66 5 8.59813 -89.0248 13.5625
32 515.627 721.079 5 8.79587 -79.2599 71.9639
33 515.353 721.497 5 9.01703 -80.2101 42.9342
34 515.08 721.916 5 9.25993 -78.2348 146.842
35 514.807 722.335 5 9.52291 -83.9547 -150.15
36 514.534 722.754 5 9.80435 -76.5106 -33.1455
37 514.26 723.172 5 10.1027 -92.461 -51.3002
38 513.987 723.591 5 10.4165 -76.8288 54.2235
39 516.319 720.933 5 9.06436 -96.8012 38.5291
40 516.045 721.352 5 9.25214 -84.2346 -70.2716
41 515.772 721.771 5 9.46264 -83.1643 -31.4889
42 515.499 722.189 5 9.69438 -78.0063 11.4479
43 515.226 722.608 5 9.94588 -80.3433 138.34
44 514.952 723.027 5 10.2157 -78.6332 176.692
45 514.679 723.446 5 10.5024 -81.8528 -95.6402
46 514.406 723.864 5 10.8046 -95.5648 -140.891
47 516.737 721.206 5 9.53401 -84.1131 134.318
48 516.464 721.625 5 9.71271 -94.1365 142.973
49 516.191 722.044 5 9.91344 -86.1022 28.7347
50 515.918 722.463 5 10.1349 -94.5494 166.834
51 515.644 722.881 5 10.3757 -79.3488 21.1064
52 515.371 723.3 5 10.6346 -87.7864 -121.696
53 515.098 723.719 5 10.9103 -78.8991 -177.006
54 514.825 724.138 5 11.2015 -97.8644 55.7696
55 517.156 721.48 5 10.0066 -80.2313 -147.448
56 516.883 721.898 5 10.177 -86.0944 -0.943607
57 516.61 722.317 5 10.3687 -81.4272 67.8745
58 516.336 722.736 5 10.5807 -97.5197 -71.4988
59 516.063 723.155 5 10.8116 -79.3811 -76.093
60 515.79 723.573 5 11.0603 -92.1218 -93.1504
61 515.517 723.992 5 11.3256 -85.2569 19.7569
62 515.243 724.411 5 11.6064 -92.117 -6.29832
63 517.575 721.753 5 10.4817 -91.1734 119.956
64 517.302 722.172 5 10.6445 -80.7315 30.0347
65 517.028 722.59 5 10.828 -82.9319 -114.519
66 516.755 723.009 5 11.0311 -88.9216 13.038
67 516.482 723.428 5 11.2528 -87.6167 92.4858
68 516.209 723.847 5 11.4919 -89.1125 109.4
69 515.935 724.265 5 11.7475 -88.7197 55.9435
70 515.662 724.684 5 12.0184 -95.0208 -87.9398
71 517.994 722.026 5 10.9591 -92.5379 142.526
72 517.72 722.445 5 11.1149 -86.3449 -159.008
73 517.447 722.864 5 11.2907 -84.6399 -71.8095
74 517.174 723.282 5 11.4856 -83.8759 43.7742
75 516.901 723.701 5 11.6987 -84.5479 -105.452
76 516.627 724.12 5 11.9289 -86.9249 56.0009
77 516.354 724.539 5 12.1753 -101.762 -148.691
78 516.081 724.957 5 12.4369 -87.9451 -133.097
