1 509.951 714.045 5 0.905999 -43.6038 159.467
2 510.37 714.318 5 0.978094 -43.4563 -99.2847
3 510.79 714.59 5 1.26194 -45.4201 -150.803
4 511.209 714.862 5 1.65177 -65.534 151.079
5 511.628 715.135 5 2.08906 -56.9557 -88.3359
6 512.048 715.407 5 2.54951 -56.5303 126.025
7 512.467 715.679 5 3.02255 -67.2744 47.1469
8 512.886 715.952 5 3.50309 -63.437 -67.0371
9 513.306 716.224 5 3.98842 -55.2846 89.1489
10 513.725 716.496 5 4.47698 -62.9344 99.7352
11 514.144 716.769 5 4.96781 -68.7849 -173.936
12 514.564 717.041 5 5.46031 -99.8055 -72.7402
13 514.983 717.313 5 5.95406 -96.9922 -122.821
14 509.679 714.465 5 1.40343 -45.9491 -179.437
15 510.098 714.737 5 1.45101 -49.6959 10.5346
16 510.517 715.009 5 1.65568 -44.3958 110.203
17 510.937 715.282 5 1.96904 -52.533 -30.6543
18 511.356 715.554 5 2.34797 -60.1766 -48.0314
19 511.775 715.826 5 2.76564 -56.2709 108.038
20 512.195 716.099 5 3.20696 -59.3326 -142.749
21 512.614 716.371 5 3.66339 -63.8545 -21.0805
22 513.033 716.643 5 4.12992 -68.7896 -161.221
23 513.453 716.916 5 4.60349 -62.5156 -71.7182
24 513.872 717.188 5 5.08212 -69.2122 -165.834
25 514.291 717.46 5 5.56451 -83.8856 -93.0961
26 514.711 717.733 5 6.04976 -71.1195 4.07649
27 509.406 714.884 5 1.90221 -46.8378 157.196
28 509.826 715.156 5 1.93758 -51.7205 63.0643
29 510.245 715.429 5 2.09525 -49.9826 -65.2528
30 510.664 715.701 5 2.35072 -47.3454 -87.8983
31 511.084 715.973 5 2.67614 -53.4147 90.3027
32 511.503 716.246 5 3.04919 -67.9425 21.681
33 511.922 716.518 5 3.45447 -60.7566 -159.662
34 512.342 716.79 5 3.88191 -57.399 126.052
35 512.761 717.063 5 4.32493 -60.3153 -23.2926
36 513.18 717.335 5 4.77921 -63.9554 117.109
37 513.6 717.607 5 5.24182 -60.6736 97.4006
38 514.019 717.88 5 5.71074 -72.0661 -132.523
39 514.438 718.152 5 6.18453 -70.8264 -65.2071
40 509.134 715.303 5 2.40149 -53.0458 167.554
41 509.553 715.576 5 2.42961 -57.3749 64.1975
42 509.973 715.848 5 2.55711 -50.2038 38.0669
43 510.392 716.12 5 2.77032 -47.1786 153.303
44 510.811 716.393 5 3.05131 -48.9253 62.7907
45 511.231 716.665 5 3.38324 -57.3476 -146.7
46 511.65 716.937 5 3.75262 -51.8671 -84.2137
47 512.069 717.21 5 4.14946 -66.7001 -83.6017
48 512.489 717.482 5 4.5666 -58.0061 37.5916
49 512.908 717.754 5 4.99897 -59.1174 -178.579
50 513.327 718.027 5 5.44293 -62.0547 -56.3472
51 513.747 718.299 5 5.89587 -64.4164 -101.98
52 514.166 718.571 5 6.35588 -69.2459 119.679
53 508.862 715.723 5 2.90102 -54.7726 149.607
54 509.281 715.995 5 2.92434 -52.4981 119.647
55 509.7 716.267 5 3.03111 -50.6351 107.332
56 510.12 716.54 5 3.21301 -50.5841 -38.4274
57 510.539 716.812 5 3.45822 -46.2205 -33.891
58 510.958 717.084 5 3.75435 -58.7374 172.453
59 511.378 717.357 5 4.09035 -53.7474 -2.36128
60 511.797 717.629 5 4.45722 -57.7486 -8.75348
61 512.216 717.901 5 4.84795 -63.4955 145.086
62 512.636 718.174 5 5.25723 -72.6571 -27.0456
63 513.055 718.446 5 5.68105 -63.3814 72.0244
64 513.474 718.718 5 6.11638 -58.2107 -178.595
65 513.894 718.991 5 6.56094 -66.9166 112.085
66 508.589 716.142 5 3.40069 -49.273 176.817
67 509.009 716.414 5 3.42061 -54.136 127.143
68 509.428 716.687 5 3.51232 -60.6391 -121.582
69 509.847 716.959 5 3.67045 -56.4499 34.3666
70 510.267 717.231 5 3.88691 -50.3308 165.643
71 510.686 717.504 5 4.15258 -50.9061 148.97
72 511.105 717.776 5 4.45867 -57.0726 8.97236
73 511.525 718.048 5 4.79745 -56.0742 52.4559
74 511.944 718.321 5 5.1625 -63.4462 149.647
75 512.363 718.593 5 5.54862 -65.1539 -178.818
76 512.783 718.865 5 5.95173 -61.0101 -106.241
77 513.202 719.138 5 6.36859 -65.0375 -37.0672
78 513.621 719.41 5 6.79667 -60.8517 27.7992
79 510.414 717.923 5 4.57085 -52.0168 16.9751
80 510.833 718.195 5 4.85062 -54.614 -82.0109
81 511.672 718.74 5 5.50456 -58.5572 -159.913
82 512.091 719.012 5 5.86822 -56.5195 -137.019
83 512.51 719.285 5 6.25075 -62.098 -8.57126
84 512.93 719.557 5 6.64888 -62.9166 119.043
85 513.349 719.829 5 7.05999 -61.8652 176.649
86 510.141 718.342 5 5.00414 -61.1062 123.642
87 510.561 718.615 5 5.26092 -51.3993 -165.23
88 511.399 719.159 5 5.86932 -67.5817 94.2903
89 511.819 719.432 5 6.21166 -56.1526 -14.8483
90 512.238 719.704 5 6.57424 -61.2539 54.4814
91 512.657 719.976 5 6.95388 -66.6055 -125.747
92 513.077 720.249 5 7.34794 -66.839 -25.3933
93 509.869 718.762 5 5.44887 -62.3998 119.558
94 510.288 719.034 5 5.6856 -55.006 -29.9909
95 511.127 719.579 5 6.25282 -73.9423 -62.1508
96 511.546 719.851 5 6.57522 -63.0379 -108.682
97 511.966 720.123 5 6.91877 -69.9566 171.395
98 512.385 720.396 5 7.28047 -58.7745 90.104
99 512.804 720.668 5 7.65774 -56.9598 48.4806
100 509.597 719.181 5 5.90246 -61.8234 97.6846
101 510.016 719.453 5 6.12167 -53.0742 -120.096
102 509.324 719.6 5 6.363 -55.7304 -2.57269
103 509.744 719.873 5 6.56686 -62.9345 -159.156
104 509.052 720.02 5 6.8291 -57.2888 -79.6747
105 509.471 720.292 5 7.01943 -57.042 0.422933
