1 514.644 719.84 5 7.67762 -95.7395 150.476
2 514.371 720.259 5 7.89832 -85.7172 41.7646
3 514.097 720.678 5 8.14376 -82.6668 -49.615
4 513.824 721.096 5 8.4118 -86.6422 41.2259
5 513.551 721.515 5 8.70034 -79.2901 -136.167
6 513.278 721.934 5 9.00741 -84.0593 63.0737
7 513.004 722.353 5 9.33118 -81.8395 97.302
8 512.731 722.771 5 9.66997 -87.8789 155.366
9 512.458 723.19 5 10.0223 -95.9069 -136.597
10 512.185 723.609 5 10.3867 -88.4875 -110.032
11 515.063 720.113 5 8.13514 -81.8957 170.562
12 514.789 720.532 5 8.34374 -86.1611 -39.369
13 514.516 720.951 5 8.57645 -87.0861 -138.163
14 514.243 721.37 5 8.83137 -92.6427 163.079
15 513.97 721.788 5 9.10662 -80.7705 34.6344
16 513.696 722.207 5 9.40043 -107.046 7.61412
17 513.423 722.626 5 9.71111 -83.836 161.446
18 513.15 723.045 5 10.0371 -92.2173 14.0499
19 512.877 723.463 5 10.3769 -88.9451 173.452
20 512.603 723.882 5 10.7293 -98.7294 112.471
21 515.481 720.387 5 8.5974 -74.5014 -161.667
22 515.208 720.805 5 8.79504 -73.7063 -140.068
23 514.935 721.224 5 9.01611 -79.6627 -96.9283
24 514.662 721.643 5 9.25893 -86.2683 -118.223
25 514.388 722.062 5 9.52183 -80.1195 -88.9997
26 514.115 722.48 5 9.8032 -81.1907 133.107
27 513.842 722.899 5 10.1015 -94.6089 124.011
28 513.568 723.318 5 10.4153 -85.9771 -128.828
29 513.295 723.737 5 10.7431 -81.2362 -135.381
30 513.022 724.155 5 11.0839 -80.9457 -107.969
31 515.9 720.66 5 9.06366 -95.8817 149.617
32 515.627 721.079 5 9.25135 -89.1465 163.995
33 515.353 721.497 5 9.46176 -78.5484 175.351
34 515.08 721.916 5 9.69342 -74.4534 -134.961
35 514.807 722.335 5 9.94484 -93.4204 -70.3229
36 514.534 722.754 5 10.2146 -77.7002 59.3398
37 514.26 723.172 5 10.5012 -93.694 -64.9407
38 513.987 723.591 5 10.8034 -82.2112 174.505
39 516.319 720.933 5 9.53334 -95.0754 -120.473
40 516.045 721.352 5 9.71196 -95.0128 71.9954
41 515.772 721.771 5 9.9126 -79.9683 101.947
42 515.499 722.189 5 10.134 -84.0852 -131.43
43 515.226 722.608 5 10.3747 -82.7884 -111.992
44 514.952 723.027 5 10.6335 -76.8893 -56.9642
45 514.679 723.446 5 10.9092 -83.8993 23.061
46 514.406 723.864 5 11.2003 -95.2852 -26.9901
47 516.737 721.206 5 10.006 -89.8105 179.156
48 516.464 721.625 5 10.1763 -93.2594 -114.738
49 516.191 722.044 5 10.3679 -85.9084 82.1027
50 515.918 722.463 5 10.5798 -94.4635 -43.3147
51 515.644 722.881 5 10.8106 -78.9182 130.052
52 515.371 723.3 5 11.0592 -87.9433 -124.038
53 515.098 723.719 5 11.3245 -80.6434 -26.9128
54 514.825 724.138 5 11.6052 -89.5479 153.244
55 517.156 721.48 5 10.4811 -80.5315 -60.3057
56 516.883 721.898 5 10.6438 -85.4235 113.68
57 516.61 722.317 5 10.8272 -84.2568 169.195
58 516.336 722.736 5 11.0303 -90.3033 118.545
59 516.063 723.155 5 11.2518 -81.6057 25.7109
60 515.79 723.573 5 11.4909 -91.2626 -41.9482
61 515.517 723.992 5 11.7464 -86.2359 139.637
62 515.243 724.411 5 12.0173 -89.5666 96.0016
63 517.575 721.753 5 10.9585 -86.6041 -160.852
64 517.302 722.172 5 11.1142 -84.1567 74.9705
65 517.028 722.59 5 11.29 -86.4457 -62.7307
66 516.755 723.009 5 11.4848 -89.3081 151.554
67 516.482 723.428 5 11.6978 -84.1503 162.317
68 516.209 723.847 5 11.928 -86.9199 178.789
69 515.935 724.265 5 12.1743 -96.0444 138.374
70 515.662 724.684 5 12.4359 -96.1069 -75.3347
71 517.994 722.026 5 11.4378 -88.3131 -45.6042
72 517.72 722.445 5 11.5871 -84.1252 -2.70146
73 517.447 722.864 5 11.7558 -86.8446 77.8103
74 517.174 723.282 5 11.943 -80.9373 123.294
75 516.901 723.701 5 12.148 -83.4673 -43.5389
76 516.627 724.12 5 12.3698 -95.1411 173.344
77 516.354 724.539 5 12.6075 -89.6713 155.16
78 516.081 724.957 5 12.8602 -91.5684 -63.08
