1 505.473 717.831 5 7.81226 -86.9862 14.9869
2 505.747 717.412 5 7.39941 -89.2099 10.2669
3 506.02 716.994 5 6.99794 -110.656 144.627
4 506.294 716.575 5 6.60992 -95.8266 -168.481
5 506.567 716.157 5 6.23787 -99.6101 177.089
6 505.891 718.104 5 7.54938 -91.3293 43.5628
7 506.165 717.686 5 7.12131 -85.5293 -20.1881
8 506.439 717.267 5 6.7032 -91.0333 -79.9418
9 506.712 716.849 5 6.29705 -92.0452 144.595
10 506.986 716.43 5 5.90531 -96.2157 -8.54453
11 506.31 718.378 5 7.31129 -95.2581 165.876
12 506.584 717.96 5 6.86839 -83.2848 -77.4292
13 506.857 717.541 5 6.43387 -93.5548 -82.2096
14 507.131 717.123 5 6.00954 -92.3128 -44.7098
15 507.404 716.704 5 5.59772 -92.1688 -13.6732
16 506.728 718.652 5 7.10047 -86.5024 144.883
17 507.002 718.233 5 6.64353 -88.0089 -179.727
18 507.276 717.815 5 6.19326 -82.8375 84.1936
19 507.549 717.396 5 5.7512 -91.3508 -128.943
20 507.823 716.978 5 5.31942 -99.213 92.5751
21 507.147 718.925 5 6.91942 -107.007 -76.1944
22 507.421 718.507 5 6.44967 -84.0374 -81.2375
23 507.694 718.088 5 5.98483 -91.5439 -6.50639
24 507.968 717.67 5 5.52613 -95.8882 -39.8761
25 508.241 717.251 5 5.07523 -100.597 -13.0195
26 507.565 719.199 5 6.77053 -92.8385 65.0746
27 507.839 718.78 5 6.28967 -89.5922 -143.567
28 508.113 718.362 5 5.81205 -97.997 -140.805
29 508.386 717.943 5 5.33852 -98.1913 111.679
30 508.66 717.525 5 4.87029 -97.0968 52.9432
31 507.984 719.472 5 6.65596 -85.3744 88.7127
32 508.258 719.054 5 6.16618 -87.3278 24.9814
33 508.531 718.635 5 5.67817 -89.8114 -136.776
34 508.805 718.217 5 5.19245 -102.178 -57.5774
35 509.078 717.798 5 4.70972 -91.9764 129.013
36 508.402 719.746 5 6.57751 -77.1364 2.82542
37 508.676 719.328 5 6.08141 -84.1763 32.4541
38 508.95 718.909 5 5.586 -250 0
39 509.223 718.491 5 5.09149 -250 0
40 509.497 718.072 5 4.59817 -250 0
