1 509.951 714.045 5 4.7024 -61.6819 117.006
2 510.37 714.318 5 4.21289 -62.2609 -138.693
3 510.79 714.59 5 3.72616 -61.4273 40.8751
4 511.209 714.862 5 3.24347 -65.2129 146.685
5 511.628 715.135 5 2.76694 -70.9903 3.7552
6 512.048 715.407 5 2.30039 -65.1299 122.9
7 512.467 715.679 5 1.85139 -56.7908 -164.599
8 512.886 715.952 5 1.43648 -57.7951 80.1356
9 513.306 716.224 5 1.09513 -40.4866 -64.3202
10 513.725 716.496 5 0.91387 -44.7843 112.919
11 514.144 716.769 5 0.985393 -45.0158 -105.557
12 514.564 717.041 5 1.26761 -96.4136 135.59
13 514.983 717.313 5 1.6561 -105.897 -145.066
14 509.679 714.465 5 4.82383 -58.9384 168.834
15 510.098 714.737 5 4.34801 -61.9169 -87.4486
16 510.517 715.009 5 3.87827 -70.3389 46.1419
17 510.937 715.282 5 3.41714 -61.739 92.1005
18 511.356 715.554 5 2.96861 -66.78 -67.497
19 511.775 715.826 5 2.53939 -67.7491 10.8836
20 512.195 716.099 5 2.14111 -55.1061 -168.173
21 512.614 716.371 5 1.79449 -46.1995 112.552
22 513.033 716.643 5 1.53494 -47.8776 113.589
23 513.453 716.916 5 1.41134 -47.9791 132.829
24 513.872 717.188 5 1.45867 -49.7413 -8.5208
25 514.291 717.46 5 1.66239 -44.9914 115.754
26 514.711 717.733 5 1.97469 -57.7273 178.858
27 509.406 714.884 5 4.9926 -58.9407 -77.3305
28 509.826 715.156 5 4.53452 -57.5669 52.1494
29 510.245 715.429 5 4.08628 -71.4498 -158.794
30 510.664 715.701 5 3.65151 -57.7928 88.2705
31 511.084 715.973 5 3.23564 -61.5325 -18.3355
32 511.503 716.246 5 2.84697 -56.5211 -47.4386
33 511.922 716.518 5 2.49821 -50.2676 -131.351
34 512.342 716.79 5 2.20837 -47.4123 -47.5897
35 512.761 717.063 5 2.00318 -50.725 -127.386
36 513.18 717.335 5 1.91013 -51.7696 134.988
37 513.6 717.607 5 1.94536 -48.5993 31.0108
38 514.019 717.88 5 2.10244 -46.998 -100.948
39 514.438 718.152 5 2.35714 -51.1323 -93.7979
40 509.134 715.303 5 5.20411 -58.4435 -43.6383
41 509.553 715.576 5 4.7664 -55.413 130.76
42 509.973 715.848 5 4.34217 -57.7606 -102.322
43 510.392 716.12 5 3.93577 -79.4401 156.562
44 510.811 716.393 5 3.55332 -52.6802 62.8407
45 511.231 716.665 5 3.20343 -50.4634 13.9179
46 511.65 716.937 5 2.89789 -48.9111 140.483
47 512.069 717.21 5 2.6521 -49.0605 128.744
48 512.489 717.482 5 2.48384 -51.6179 -88.5318
49 512.908 717.754 5 2.40942 -51.1929 135.789
50 513.327 718.027 5 2.43744 -52.0491 50.4631
51 513.747 718.299 5 2.56456 -57.7961 0.230843
52 514.166 718.571 5 2.7772 -48.7739 147.911
53 508.862 715.723 5 5.45339 -57.31 -39.9558
54 509.281 715.995 5 5.03739 -69.5883 -156.807
55 509.7 716.267 5 4.63801 -63.4917 -79.1729
56 510.12 716.54 5 4.25993 -53.6857 166.345
57 510.539 716.812 5 3.90932 -54.9419 114.422
58 510.958 717.084 5 3.59425 -53.2383 -48.5833
59 511.378 717.357 5 3.32483 -52.8115 -9.98704
60 511.797 717.629 5 3.11293 -52.5493 -114.423
61 512.216 717.901 5 2.97089 -58.6186 -92.2985
62 512.636 718.174 5 2.90895 -53.301 164.017
63 513.055 718.446 5 2.93221 -65.1539 64.5525
64 513.474 718.718 5 3.0387 -60.8176 54.4253
65 513.894 718.991 5 3.22018 -52.6925 -70.6508
66 508.589 716.142 5 5.73552 -61.0469 -158.376
67 509.009 716.414 5 5.34154 -67.3667 37.5033
68 509.428 716.687 5 4.96667 -53.6557 0.0738773
69 509.847 716.959 5 4.61559 -51.4703 -128.442
70 510.267 717.231 5 4.29413 -57.4022 72.7255
71 510.686 717.504 5 4.00941 -51.8347 168.035
72 511.105 717.776 5 3.76977 -52.7428 133.877
73 511.525 718.048 5 3.58428 -58.5612 -38.82
74 511.944 718.321 5 3.46163 -58.0558 -55.2246
75 512.363 718.593 5 3.40862 -50.3915 167.886
76 512.783 718.865 5 3.42849 -54.0798 61.9899
77 513.202 719.138 5 3.52 -55.6997 -167.745
78 513.621 719.41 5 3.6778 -51.5319 55.8594
79 510.414 717.923 5 4.44208 -54.8263 0.747202
80 510.833 718.195 5 4.22705 -59.4084 -118.247
81 511.672 718.74 5 3.95469 -60.9983 -40.1388
82 512.091 719.012 5 3.90838 -56.1592 164.665
83 512.51 719.285 5 3.92572 -62.5604 32.5238
84 512.93 719.557 5 4.00588 -56.5121 -121.24
85 513.349 719.829 5 4.14523 -57.1271 0.770161
86 510.141 718.342 5 4.88762 -52.1787 -169.686
87 510.561 718.615 5 4.69304 -55.3987 21.2722
88 511.399 719.159 5 4.4493 -55.1669 -12.9574
89 511.819 719.432 5 4.40819 -56.1983 126.639
90 512.238 719.704 5 4.42357 -54.0531 29.1976
91 512.657 719.976 5 4.49487 -58.0203 -149.529
92 513.077 720.249 5 4.61949 -51.4589 155.456
93 509.869 718.762 5 5.3428 -56.9361 -22.6276
94 510.288 719.034 5 5.1654 -55.8547 62.1909
95 511.127 719.579 5 4.945 -72.9064 -116.693
96 511.546 719.851 5 4.90804 -67.2495 -5.96715
97 511.966 720.123 5 4.92186 -56.7727 27.9719
98 512.385 720.396 5 4.98603 -56.0354 -19.5493
99 512.804 720.668 5 5.09866 -50.1571 160.055
100 509.597 719.181 5 5.80536 -60.0563 98.0314
101 510.016 719.453 5 5.64252 -62.1769 -113.705
102 509.324 719.6 5 6.27367 -64.0942 -89.9173
103 509.744 719.873 5 6.1233 -55.7072 55.9854
104 509.052 720.02 5 6.74653 -78.9619 -19.2411
105 509.471 720.292 5 6.60693 -57.226 155.41
