1 514.644 719.84 5 4.37833 -73.9332 51.7901
2 514.371 720.259 5 4.75638 -75.5507 148.531
3 514.097 720.678 5 5.15524 -80.1726 82.7326
4 513.824 721.096 5 5.57044 -77.7381 108.276
5 513.551 721.515 5 5.99859 -86.9545 -26.4659
6 513.278 721.934 5 6.43712 -92.6451 -58.808
7 513.004 722.353 5 6.88402 -79.8354 -134.106
8 512.731 722.771 5 7.33779 -82.7521 -58.3389
9 512.458 723.19 5 7.79721 -98.5921 98.2933
10 512.185 723.609 5 8.26134 -97.7245 130.786
11 515.063 720.113 5 4.73334 -82.6859 -120.007
12 514.789 720.532 5 5.08506 -80.3726 81.1969
13 514.516 720.951 5 5.45996 -77.2296 101.447
14 514.243 721.37 5 5.85359 -74.1246 140.169
15 513.97 721.788 5 6.26242 -81.4117 -161.185
16 513.696 722.207 5 6.68365 -82.2982 68.0553
17 513.423 722.626 5 7.11509 -88.9073 1.65109
18 513.15 723.045 5 7.55499 -91.8991 27.424
19 512.877 723.463 5 8.00195 -88.1097 55.8301
20 512.603 723.882 5 8.45485 -113.754 64.7945
21 515.481 720.387 5 5.11265 -67.3576 42.1012
22 515.208 720.805 5 5.4399 -64.7705 111.129
23 514.935 721.224 5 5.79188 -66.3648 -144.759
24 514.662 721.643 5 6.16435 -76.5516 -139.559
25 514.388 722.062 5 6.55382 -80.8092 21.6165
26 514.115 722.48 5 6.95743 -75.5977 157.133
27 513.842 722.899 5 7.37287 -77.8517 90.9675
28 513.568 723.318 5 7.79824 -76.5441 121.609
29 513.295 723.737 5 8.232 -81.9702 118.802
30 513.022 724.155 5 8.6729 -84.2069 162
31 515.9 720.66 5 5.51126 -74.301 -141.878
32 515.627 721.079 5 5.81612 -70.0742 3.09629
33 515.353 721.497 5 6.14659 -65.8032 83.5191
34 515.08 721.916 5 6.49876 -66.2596 168.967
35 514.807 722.335 5 6.8693 -69.4133 -101.685
36 514.534 722.754 5 7.25538 -67.8082 -43.0616
37 514.26 723.172 5 7.65467 -77.8357 -15.4883
38 513.987 723.591 5 8.06519 -70.7925 -77.8219
39 516.319 720.933 5 5.92526 -76.5462 58.5708
40 516.045 721.352 5 6.20983 -79.7687 -48.6141
41 515.772 721.771 5 6.52038 -76.8028 -69.7614
42 515.499 722.189 5 6.85337 -71.613 40.1378
43 515.226 722.608 5 7.20569 -70.0072 112.855
44 514.952 723.027 5 7.57465 -67.0565 169.483
45 514.679 723.446 5 7.95793 -68.5058 -179.14
46 514.406 723.864 5 8.35356 -77.9456 -130.219
47 516.737 721.206 5 6.35164 -74.1735 -95.1738
48 516.464 721.625 5 6.61791 -94.9985 -135.806
49 516.191 722.044 5 6.91014 -72.8613 8.14866
50 515.918 722.463 5 7.22519 -76.4677 24.8199
51 515.644 722.881 5 7.5602 -70.6156 -67.6937
52 515.371 723.3 5 7.91265 -75.2396 -26.4782
53 515.098 723.719 5 8.2803 -71.0071 128.31
54 514.825 724.138 5 8.66122 -85.6282 54.6798
55 517.156 721.48 5 6.78808 -77.5101 -165.903
56 516.883 721.898 5 7.03785 -72.6123 62.0673
57 516.61 722.317 5 7.31333 -72.0467 -53.3573
58 516.336 722.736 5 7.61171 -75.7445 -86.6333
59 516.063 723.155 5 7.93041 -87.907 66.6544
60 515.79 723.573 5 8.26709 -81.602 15.45
61 515.517 723.992 5 8.61963 -76.1221 -33.6418
62 515.243 724.411 5 8.98618 -81.9721 58.4818
63 517.575 721.753 5 7.23276 -80.9263 74.9183
64 517.302 722.172 5 7.46767 -78.9415 -48.156
65 517.028 722.59 5 7.72784 -76.9922 -135.412
66 516.755 723.009 5 8.01079 -74.0888 86.2928
67 516.482 723.428 5 8.31421 -76.647 -4.19082
68 516.209 723.847 5 8.63594 -89.132 -91.0808
69 515.935 724.265 5 8.974 -93.3658 -3.28431
70 515.662 724.684 5 9.32663 -82.9967 86.2544
71 517.994 722.026 5 7.68424 -85.7576 121.65
72 517.72 722.445 5 7.90575 -79.7973 -142.389
73 517.447 722.864 5 8.15194 -84.6902 -29.0954
74 517.174 723.282 5 8.42066 -78.9725 -10.4427
75 516.901 723.701 5 8.70981 -73.9641 -93.198
76 516.627 724.12 5 9.01744 -74.2268 103.594
77 516.354 724.539 5 9.34171 -81.2724 8.74897
78 516.081 724.957 5 9.68095 -81.5178 162.77
