1 509.951 714.045 5 2.76579 -58.9145 -58.7261
2 510.37 714.318 5 2.29901 -64.654 71.4948
3 510.79 714.59 5 1.84967 -57.8731 -146.264
4 511.209 714.862 5 1.43426 -56.2433 71.8631
5 511.628 715.135 5 1.09222 -41.6414 -48.9664
6 512.048 715.407 5 0.910372 -45.3535 128.125
7 512.467 715.679 5 0.982148 -44.1399 -108.329
8 512.886 715.952 5 1.26509 -44.8213 -152.832
9 513.306 716.224 5 1.65417 -71.9772 -158.826
10 513.725 716.496 5 2.09096 -58.738 -44.3463
11 514.144 716.769 5 2.55107 -66.8482 144.817
12 514.564 717.041 5 3.02387 -107.263 -169.275
13 514.983 717.313 5 3.50423 -101.421 -53.1482
14 509.679 714.465 5 2.96695 -65.1157 30.8785
15 510.098 714.737 5 2.53744 -61.6772 55.0053
16 510.517 715.009 5 2.1388 -57.3413 176.93
17 510.937 715.282 5 1.79173 -46.6393 101.844
18 511.356 715.554 5 1.53171 -46.4247 110.762
19 511.775 715.826 5 1.40782 -47.129 137.096
20 512.195 716.099 5 1.45527 -48.5022 9.6438
21 512.614 716.371 5 1.65941 -44.6632 111.82
22 513.033 716.643 5 1.97217 -50.6971 -41.7063
23 513.453 716.916 5 2.3506 -55.7868 -6.70961
24 513.872 717.188 5 2.76788 -57.9906 102.878
25 514.291 717.46 5 3.20889 -65.2176 -144.799
26 514.711 717.733 5 3.66508 -73.7456 -99.6789
27 509.406 714.884 5 3.23357 -57.4759 67.2874
28 509.826 715.156 5 2.84461 -58.2434 -100.69
29 510.245 715.429 5 2.49552 -47.0411 -116.594
30 510.664 715.701 5 2.20533 -45.5843 -32.4786
31 511.084 715.973 5 1.99983 -50.9869 -150.102
32 511.503 716.246 5 1.90661 -48.5042 115.514
33 511.922 716.518 5 1.9419 -50.9287 43.9915
34 512.342 716.79 5 2.09924 -48.983 -85.7688
35 512.761 717.063 5 2.35429 -47.3782 -88.7844
36 513.18 717.335 5 2.67927 -50.8357 76.4514
37 513.6 717.607 5 3.05194 -53.7806 118.643
38 514.019 717.88 5 3.4569 -58.7101 -101.394
39 514.438 718.152 5 3.88407 -69.4953 140.732
40 509.134 715.303 5 3.55094 -57.0225 125.159
41 509.553 715.576 5 3.20078 -49.7644 29.6502
42 509.973 715.848 5 2.89497 -47.5017 159.327
43 510.392 716.12 5 2.6489 -52.7651 126.559
44 510.811 716.393 5 2.48042 -56.1148 -74.6781
45 511.231 716.665 5 2.4059 -52.5595 154.18
46 511.65 716.937 5 2.43396 -52.6364 95.6283
47 512.069 717.21 5 2.56125 -54.4402 32.4799
48 512.489 717.482 5 2.77414 -47.5199 129.519
49 512.908 717.754 5 3.05478 -49.4895 74.0874
50 513.327 718.027 5 3.38637 -59.7917 -149.516
51 513.747 718.299 5 3.75544 -60.8851 -90.8273
52 514.166 718.571 5 4.15201 -61.7977 30.0085
53 508.862 715.723 5 3.9067 -49.4787 161.603
54 509.281 715.995 5 3.5914 -49.116 -22.9873
55 509.7 716.267 5 3.32175 -56.0798 -6.99793
56 510.12 716.54 5 3.10964 -51.4135 -122.149
57 510.539 716.812 5 2.96744 -59.3276 -46.7769
58 510.958 717.084 5 2.90543 -61.5717 -179.444
59 511.378 717.357 5 2.92871 -53.0472 107.191
60 511.797 717.629 5 3.03532 -54.6779 98.4729
61 512.216 717.901 5 3.21699 -52.1174 -72.7563
62 512.636 718.174 5 3.46192 -52.297 -47.7183
63 513.055 718.446 5 3.75775 -54.0923 -152.79
64 513.474 718.718 5 4.09348 -59.0394 -63.8054
65 513.894 718.991 5 4.46009 -57.5297 3.02632
66 508.589 716.142 5 4.29133 -64.0539 120.014
67 509.009 716.414 5 4.00641 -48.546 -149.3
68 509.428 716.687 5 3.76659 -54.2864 133.393
69 509.847 716.959 5 3.58093 -58.2557 15.6482
70 510.267 717.231 5 3.45816 -55.271 22.119
71 510.686 717.504 5 3.4051 -55.7142 159.536
72 511.105 717.776 5 3.42499 -52.6987 85.1778
73 511.525 718.048 5 3.51659 -56.3928 -164.35
74 511.944 718.321 5 3.67454 -59.4306 32.2318
75 512.363 718.593 5 3.89076 -52.0994 141.328
76 512.783 718.865 5 4.15619 -55.6206 134.156
77 513.202 719.138 5 4.46203 -54.5357 -41.5158
78 513.621 719.41 5 4.80058 -58.5306 70.9899
79 510.414 717.923 5 3.90485 -60.8114 173.449
80 510.833 718.195 5 3.92221 -56.4191 114.925
81 511.672 718.74 5 4.14191 -55.6731 174.144
82 512.091 719.012 5 4.33489 -52.0144 -69.9723
83 512.51 719.285 5 4.57461 -52.6933 -46.9769
84 512.93 719.557 5 4.85416 -52.4123 -97.5522
85 513.349 719.829 5 5.16708 -55.0317 109.312
86 510.141 718.342 5 4.40467 -55.9286 156.99
87 510.561 718.615 5 4.42006 -53.1236 105.044
88 511.399 719.159 5 4.61612 -56.4231 -122.321
89 511.819 719.432 5 4.79003 -55.3328 91.9649
90 512.238 719.704 5 5.00802 -53.4179 146.059
91 512.657 719.976 5 5.26461 -55.4373 121.789
92 513.077 720.249 5 5.55445 -54.7521 5.07386
93 509.869 718.762 5 4.90451 -64.9184 131.872
94 510.288 719.034 5 4.91834 -59.0059 82.1348
95 511.127 719.579 5 5.09527 -57.0097 -79.826
96 511.546 719.851 5 5.25334 -53.1733 89.7129
97 511.966 720.123 5 5.45284 -66.0896 -20.5405
98 512.385 720.396 5 5.6894 -52.0244 3.47473
99 512.804 720.668 5 5.95862 -51.5344 -159.815
100 509.597 719.181 5 5.40439 -56.7862 152.221
101 510.016 719.453 5 5.41694 -59.632 102.056
102 509.324 719.6 5 5.90429 -60.007 149.167
103 509.744 719.873 5 5.91578 -63.3251 32.1294
104 509.052 720.02 5 6.4042 -60.0293 162.002
105 509.471 720.292 5 6.4148 -70.9755 44.4143
