1 509.951 714.045 5 0.977283 -41.3765 -168.037
2 510.37 714.318 5 1.26131 -45.1957 -163.795
3 510.79 714.59 5 1.65129 -59.8471 -116.849
4 511.209 714.862 5 2.08868 -55.2776 -119.735
5 511.628 715.135 5 2.5492 -56.6518 112.068
6 512.048 715.407 5 3.02229 -57.308 -15.4455
7 512.467 715.679 5 3.50287 -64.7853 5.79643
8 512.886 715.952 5 3.98822 -53.4337 63.0044
9 513.306 716.224 5 4.4768 -63.8579 106.525
10 513.725 716.496 5 4.96765 -63.5446 101.066
11 514.144 716.769 5 5.46017 -64.1807 -23.0743
12 514.564 717.041 5 5.95393 -95.1925 -11.579
13 514.983 717.313 5 6.44865 -94.6273 -112.352
14 509.679 714.465 5 1.45016 -41.7725 -14.7448
15 510.098 714.737 5 1.65494 -54.2172 100.131
16 510.517 715.009 5 1.96841 -50.0249 -31.5468
17 510.937 715.282 5 2.34744 -66.673 -147.58
18 511.356 715.554 5 2.7652 -68.3067 141.239
19 511.775 715.826 5 3.20658 -54.4111 165.668
20 512.195 716.099 5 3.66305 -64.0999 -132.708
21 512.614 716.371 5 4.12963 -71.9198 -19.8123
22 513.033 716.643 5 4.60322 -61.4642 -96.6062
23 513.453 716.916 5 5.08188 -70.2586 -44.489
24 513.872 717.188 5 5.56429 -61.9612 -91.3366
25 514.291 717.46 5 6.04956 -66.2826 -158.973
26 514.711 717.733 5 6.53705 -73.016 -155.782
27 509.406 714.884 5 1.93672 -56.5453 -4.78944
28 509.826 715.156 5 2.09445 -48.2358 -130.638
29 510.245 715.429 5 2.35001 -53.6177 -2.73479
30 510.664 715.701 5 2.67551 -48.7983 89.1799
31 511.084 715.973 5 3.04864 -60.2374 -112.8
32 511.503 716.246 5 3.45399 -64.9055 -35.559
33 511.922 716.518 5 3.88148 -56.1821 66.5269
34 512.342 716.79 5 4.32455 -65.3486 -40.6529
35 512.761 717.063 5 4.77886 -66.9057 86.8316
36 513.18 717.335 5 5.2415 -59.743 65.0484
37 513.6 717.607 5 5.71045 -63.9331 135.754
38 514.019 717.88 5 6.18426 -61.6371 65.0668
39 514.438 718.152 5 6.6619 -75.8017 -7.3954
40 509.134 715.303 5 2.42874 -48.6347 126.863
41 509.553 715.576 5 2.55629 -46.8718 20.7602
42 509.973 715.848 5 2.76955 -51.519 112.532
43 510.392 716.12 5 3.05062 -51.8042 107.109
44 510.811 716.393 5 3.38262 -51.9456 -139.522
45 511.231 716.665 5 3.75206 -52.2014 -94.7434
46 511.65 716.937 5 4.14895 -60.2469 -128.035
47 512.069 717.21 5 4.56614 -59.622 24.5765
48 512.489 717.482 5 4.99854 -58.7115 179.062
49 512.908 717.754 5 5.44254 -59.8018 -32.1797
50 513.327 718.027 5 5.89551 -66.1676 -75.3717
51 513.747 718.299 5 6.35554 -67.3492 -35.156
52 514.166 718.571 5 6.8212 -59.351 -118.837
53 508.862 715.723 5 2.92347 -51.8568 153.166
54 509.281 715.995 5 3.03026 -46.3938 103.74
55 509.7 716.267 5 3.21222 -51.108 -85.466
56 510.12 716.54 5 3.45748 -53.8949 -78.5132
57 510.539 716.812 5 3.75366 -50.6546 -57.5577
58 510.958 717.084 5 4.08972 -48.7471 0.237217
59 511.378 717.357 5 4.45664 -57.8295 7.09416
60 511.797 717.629 5 4.84742 -58.4874 100.051
61 512.216 717.901 5 5.25674 -82.9552 -42.0789
62 512.636 718.174 5 5.68059 -70.9519 23.5391
63 513.055 718.446 5 6.11596 -57.6715 153.11
64 513.474 718.718 5 6.56055 -67.495 161.15
65 513.894 718.991 5 7.01261 -66.7569 101.541
66 508.589 716.142 5 3.41973 -50.5918 139.072
67 509.009 716.414 5 3.51147 -58.7284 74.0979
68 509.428 716.687 5 3.66964 -49.3975 -5.92044
69 509.847 716.959 5 3.88614 -49.8481 112.035
70 510.267 717.231 5 4.15185 -50.7969 176.545
71 510.686 717.504 5 4.458 -50.3303 28.7132
72 511.105 717.776 5 4.79683 -56.8456 78.3605
73 511.525 718.048 5 5.16192 -58.974 -165.91
74 511.944 718.321 5 5.54808 -74.8792 25.5054
75 512.363 718.593 5 5.95122 -62.9214 -118.715
76 512.783 718.865 5 6.36811 -66.0948 -17.4896
77 513.202 719.138 5 6.79623 -59.2224 1.95581
78 513.621 719.41 5 7.23357 -66.449 -146.187
79 510.414 717.923 5 4.84991 -57.8431 25.6444
80 510.833 718.195 5 5.16309 -51.7442 135.396
81 511.672 718.74 5 5.86763 -56.627 -125.232
82 512.091 719.012 5 6.2502 -63.4095 -21.773
83 512.51 719.285 5 6.64837 -74.3108 69.5801
84 512.93 719.557 5 7.05951 -66.0002 -157.273
85 513.349 719.829 5 7.48147 -59.5187 132.742
86 510.141 718.342 5 5.26018 -59.4893 -175.663
87 510.561 718.615 5 5.55026 -52.3812 139.884
88 511.399 719.159 5 6.21104 -60.4362 -105.639
89 511.819 719.432 5 6.57365 -56.144 55.6038
90 512.238 719.704 5 6.95332 -71.7496 178.683
91 512.657 719.976 5 7.34741 -60.1845 -84.4118
92 513.077 720.249 5 7.75373 -64.5967 -33.6255
93 509.869 718.762 5 5.68484 -65.783 -97.1673
94 510.288 719.034 5 5.95426 -58.0672 150.974
95 511.127 719.579 5 6.57457 -78.5329 165.605
96 511.546 719.851 5 6.91815 -69.4691 52.1963
97 511.966 720.123 5 7.27987 -59.8173 53.7346
98 512.385 720.396 5 7.65718 -56.6618 142.665
99 512.804 720.668 5 8.04787 -57.841 64.6018
100 509.597 719.181 5 6.12089 -58.0433 -46.9234
101 510.016 719.453 5 6.3719 -57.1218 164.068
102 509.324 719.6 5 6.56606 -65.915 -178.422
103 509.744 719.873 5 6.80066 -61.1302 -157.156
104 509.052 720.02 5 7.01862 -69.3005 -49.4569
105 509.471 720.292 5 7.23857 -58.2965 -69.3298
