1 505.473 717.831 5 8.09944 -85.2826 88.7094
2 505.747 717.412 5 7.70184 -87.4919 146.765
3 506.02 716.994 5 7.31682 -83.8698 159.258
4 506.294 716.575 5 6.94647 -94.0584 -17.9893
5 506.567 716.157 5 6.59325 -91.1609 -118.963
6 505.891 718.104 5 7.81426 -90.296 60.5714
7 506.165 717.686 5 7.40136 -82.0749 88.4822
8 506.439 717.267 5 6.99983 -83.9088 176.745
9 506.712 716.849 5 6.61174 -98.383 -80.61
10 506.986 716.43 5 6.2396 -99.327 95.356
11 506.31 718.378 5 7.55145 -106.139 115.953
12 506.584 717.96 5 7.12333 -83.6849 54.0715
13 506.857 717.541 5 6.70517 -89.4191 -119.549
14 507.131 717.123 5 6.29896 -92.9739 177.792
15 507.404 716.704 5 5.90715 -87.9921 -77.4918
16 506.728 718.652 5 7.31342 -85.3018 -3.93447
17 507.002 718.233 5 6.87049 -79.5851 43.6571
18 507.276 717.815 5 6.43592 -82.9135 -157.641
19 507.549 717.396 5 6.01154 -89.9982 162.734
20 507.823 716.978 5 5.59965 -89.9978 -127.239
21 507.147 718.925 5 7.10266 -93.4756 -100.004
22 507.421 718.507 5 6.6457 -91.4722 54.1667
23 507.694 718.088 5 6.19539 -83.7572 77.2766
24 507.968 717.67 5 5.75329 -96.8701 17.4852
25 508.241 717.251 5 5.32145 -92.8082 -152.081
26 507.565 719.199 5 6.92167 -89.7881 -127.124
27 507.839 718.78 5 6.45191 -84.3442 -83.1638
28 508.113 718.362 5 5.98704 -80.0883 92.8312
29 508.386 717.943 5 5.5283 -95.5513 118.398
30 508.66 717.525 5 5.07736 -83.6591 -62.337
31 507.984 719.472 5 6.77284 -86.8854 163.325
32 508.258 719.054 5 6.29197 -90.9225 20.7619
33 508.531 718.635 5 5.81432 -95.971 -179.658
34 508.805 718.217 5 5.34077 -86.2975 -164.172
35 509.078 717.798 5 4.87251 -95.1657 -147.099
36 508.402 719.746 5 6.65831 -73.7021 -123.012
37 508.676 719.328 5 6.16852 -78.0542 -16.0547
38 508.95 718.909 5 5.6805 -250 0
39 509.223 718.491 5 5.19477 -250 0
40 509.497 718.072 5 4.71202 -250 0
