1 505.473 717.831 5 8.73154 -90.4044 -138.239
2 505.747 717.412 5 8.36376 -91.7657 82.8682
3 506.02 716.994 5 8.01032 -90.8434 158.609
4 506.294 716.575 5 7.67319 -92.4168 49.6147
5 506.567 716.157 5 7.35463 -88.2071 -103.674
6 505.891 718.104 5 8.40842 -91.4396 172.491
7 506.165 717.686 5 8.02585 -91.3797 -22.1736
8 506.439 717.267 5 7.65682 -90.4295 69.8823
9 506.712 716.849 5 7.3034 -92.6849 12.4021
10 506.986 716.43 5 6.96795 -92.044 104.616
11 506.31 718.378 5 8.10329 -98.8452 96.0207
12 506.584 717.96 5 7.70558 -92.0988 27.8443
13 506.857 717.541 5 7.32043 -86.158 58.253
14 507.131 717.123 5 6.94992 -92.5194 -169.819
15 507.404 716.704 5 6.59653 -97.3578 -67.9957
16 506.728 718.652 5 7.81825 -83.9062 -119.793
17 507.002 718.233 5 7.40525 -92.065 146.65
18 507.276 717.815 5 7.0036 -93.315 -87.7861
19 507.549 717.396 5 6.61537 -98.1476 89.9073
20 507.823 716.978 5 6.24307 -88.3966 -163.7
21 507.147 718.925 5 7.55558 -79.2345 -41.9104
22 507.421 718.507 5 7.12738 -80.8962 -83.0779
23 507.694 718.088 5 6.70911 -77.087 -132.978
24 507.968 717.67 5 6.30277 -78.9549 89.1554
25 508.241 717.251 5 5.91081 -79.9344 -93.4199
26 507.565 719.199 5 7.31769 -93.9754 -121.312
27 507.839 718.78 5 6.87468 -81.2618 -54.3761
28 508.113 718.362 5 6.44003 -92.9876 -171.667
29 508.386 717.943 5 6.01554 -89.352 -18.4218
30 508.66 717.525 5 5.60352 -83.1661 124.439
31 507.984 719.472 5 7.10706 -80.1962 -160.062
32 508.258 719.054 5 6.65004 -85.7517 168.822
33 508.531 718.635 5 6.19966 -83.5536 76.9809
34 508.805 718.217 5 5.75747 -83.8116 -64.5572
35 509.078 717.798 5 5.32552 -102.063 -96.5407
36 508.402 719.746 5 6.92619 -75.369 112.537
37 508.676 719.328 5 6.45637 -72.5891 109.059
38 508.95 718.909 5 5.99145 -250 0
39 509.223 718.491 5 5.53265 -250 0
40 509.497 718.072 5 5.08163 -250 0
