1 505.473 717.831 5 7.54732 -88.6761 137.54
2 505.747 717.412 5 7.11929 -84.4949 82.8123
3 506.02 716.994 5 6.70123 -82.0623 -164.663
4 506.294 716.575 5 6.29514 -90.6646 112.074
5 506.567 716.157 5 5.90348 -94.2703 -142.475
6 505.891 718.104 5 7.30915 -85.2631 83.1289
7 506.165 717.686 5 6.86629 -87.9107 75.6201
8 506.439 717.267 5 6.43182 -88.4733 167.578
9 506.712 716.849 5 6.00754 -90.021 -66.0672
10 506.986 716.43 5 5.59579 -97.7841 11.741
11 506.31 718.378 5 7.09827 -83.8935 -25.0463
12 506.584 717.96 5 6.64136 -82.9773 93.9519
13 506.857 717.541 5 6.19112 -84.0507 82.1617
14 507.131 717.123 5 5.74911 -86.6579 -140.433
15 507.404 716.704 5 5.31739 -92.1542 -164.4
16 506.728 718.652 5 6.91717 -83.4074 -82.3283
17 507.002 718.233 5 6.44744 -89.095 38.055
18 507.276 717.815 5 5.98262 -100.291 -15.4688
19 507.549 717.396 5 5.52395 -92.2059 53.1616
20 507.823 716.978 5 5.0731 -84.6397 -30.1812
21 507.147 718.925 5 6.76823 -80.7003 -35.7491
22 507.421 718.507 5 6.28738 -83.2603 7.01894
23 507.694 718.088 5 5.80977 -83.2197 170.568
24 507.968 717.67 5 5.33627 -81.6109 169.42
25 508.241 717.251 5 4.86807 -85.4739 64.3467
26 507.565 719.199 5 6.65362 -84.8556 -129.139
27 507.839 718.78 5 6.16384 -80.5118 -17.9006
28 508.113 718.362 5 5.67585 -90.2165 -37.1604
29 508.386 717.943 5 5.19014 -97.8352 2.96873
30 508.66 717.525 5 4.70742 -87.9887 113.114
31 507.984 719.472 5 6.57513 -81.8054 -63.4632
32 508.258 719.054 5 6.07903 -89.0795 -144.136
33 508.531 718.635 5 5.58363 -76.633 56.7568
34 508.805 718.217 5 5.08913 -91.5466 -67.9241
35 509.078 717.798 5 4.59582 -87.8413 -55.726
36 508.402 719.746 5 6.53407 -76.7602 20.9166
37 508.676 719.328 5 6.0346 -83.4385 -18.7057
38 508.95 718.909 5 5.53522 -250 0
39 509.223 718.491 5 5.03597 -250 0
40 509.497 718.072 5 4.53688 -250 0
