1 514.644 719.84 5 5.92097 -78.1898 -147.688
2 514.371 720.259 5 6.2051 -79.6784 -69.4047
3 514.097 720.678 5 6.51527 -89.283 145.001
4 513.824 721.096 5 6.84793 -80.8324 -145.238
5 513.551 721.515 5 7.19997 -82.3814 -120.105
6 513.278 721.934 5 7.56868 -89.5561 84.3413
7 513.004 722.353 5 7.95175 -79.8911 87.2909
8 512.731 722.771 5 8.3472 -88.6374 140.117
9 512.458 723.19 5 8.75335 -97.5393 -90.1746
10 512.185 723.609 5 9.16878 -95.8823 -79.3204
11 515.063 720.113 5 6.34764 -91.3521 -160.181
12 514.789 720.532 5 6.61347 -88.1534 165.347
13 514.516 720.951 5 6.90531 -81.2549 -55.5845
14 514.243 721.37 5 7.22003 -80.4461 -9.96405
15 513.97 721.788 5 7.55475 -96.4768 56.9397
16 513.696 722.207 5 7.90694 -87.7355 -113.897
17 513.423 722.626 5 8.27436 -88.4039 -160.977
18 513.15 723.045 5 8.65508 -92.3581 -95.6454
19 512.877 723.463 5 9.04742 -88.4817 -174.245
20 512.603 723.882 5 9.44994 -88.7028 -169.662
21 515.481 720.387 5 6.78434 -84.7576 -60.915
22 515.208 720.805 5 7.03368 -88.4343 -158.538
23 514.935 721.224 5 7.30877 -82.2091 -153.014
24 514.662 721.643 5 7.60681 -78.6297 -179.181
25 514.388 722.062 5 7.92521 -78.2074 -154.067
26 514.115 722.48 5 8.26162 -87.9945 -133.225
27 513.842 722.899 5 8.61393 -85.2373 -103.928
28 513.568 723.318 5 8.98026 -81.4249 -124.881
29 513.295 723.737 5 9.35898 -82.0868 -102.129
30 513.022 724.155 5 9.74864 -76.9226 -91.5611
31 515.9 720.66 5 7.22924 -77.9231 141.031
32 515.627 721.079 5 7.46374 -77.6058 -152.855
33 515.353 721.497 5 7.72352 -77.5216 -70.2932
34 515.08 721.916 5 8.00613 -80.3042 -116.725
35 514.807 722.335 5 8.30925 -78.8292 -93.526
36 514.534 722.754 5 8.6307 -101.444 -82.2942
37 514.26 723.172 5 8.96852 -84.199 -11.8221
38 513.987 723.591 5 9.32094 -81.8622 23.1545
39 516.319 720.933 5 7.68093 -87.1053 -45.6693
40 516.045 721.352 5 7.90203 -80.5607 97.3765
41 515.772 721.771 5 8.14785 -86.109 148.311
42 515.499 722.189 5 8.41623 -74.6819 -62.4153
43 515.226 722.608 5 8.70507 -79.1377 6.49279
44 514.952 723.027 5 9.01242 -91.6176 -172.325
45 514.679 723.446 5 9.33644 -77.9022 -11.2865
46 514.406 723.864 5 9.67546 -92.9319 -121.633
47 516.737 721.206 5 8.13826 -84.865 136.722
48 516.464 721.625 5 8.34726 -99.7348 113.266
49 516.191 722.044 5 8.58033 -84.2008 -160.763
50 515.918 722.463 5 8.83559 -82.3128 165.11
51 515.644 722.881 5 9.11115 -75.9377 145.338
52 515.371 723.3 5 9.40523 -76.9652 -91.7892
53 515.098 723.719 5 9.71616 -79.2209 58.1759
54 514.825 724.138 5 10.0424 -92.9677 -94.3924
55 517.156 721.48 5 8.60035 -79.8181 15.4605
56 516.883 721.898 5 8.79838 -78.8612 -112.765
57 516.61 722.317 5 9.0198 -86.3658 164.233
58 516.336 722.736 5 9.26295 -91.8328 -161.599
59 516.063 723.155 5 9.52616 -104.975 -46.7376
60 515.79 723.573 5 9.80781 -99.6388 -47.9429
61 515.517 723.992 5 10.1064 -78.2531 -154.165
62 515.243 724.411 5 10.4204 -86.1256 87.0023
63 517.575 721.753 5 9.06646 -87.7244 -120.66
64 517.302 722.172 5 9.25452 -79.5752 146.58
65 517.028 722.59 5 9.46528 -82.8263 43.4832
66 516.755 723.009 5 9.69727 -89.4275 -89.091
67 516.482 723.428 5 9.94899 -93.1502 92.5862
68 516.209 723.847 5 10.219 -86.754 -78.7513
69 515.935 724.265 5 10.5059 -79.4099 -1.02121
70 515.662 724.684 5 10.8083 -81.6366 -56.7002
71 517.994 722.026 5 9.53601 -95.8975 -36.6664
72 517.72 722.445 5 9.71498 -87.1928 70.747
73 517.447 722.864 5 9.91596 -89.8943 -62.0746
74 517.174 723.282 5 10.1376 -79.5063 -147.456
75 516.901 723.701 5 10.3787 -79.6304 92.7912
76 516.627 724.12 5 10.6378 -83.3483 -96.1671
77 516.354 724.539 5 10.9137 -95.5295 134.139
78 516.081 724.957 5 11.2051 -90.332 30.1772
