1 505.473 717.831 5 8.40656 -92.2992 109.165
2 505.747 717.412 5 8.02405 -87.1875 -62.319
3 506.02 716.994 5 7.6551 -84.5147 -32.8507
4 506.294 716.575 5 7.30176 -99.7082 -129.051
5 506.567 716.157 5 6.9664 -84.0594 85.8149
6 505.891 718.104 5 8.10136 -93.5973 64.5039
7 506.165 717.686 5 7.70371 -89.0444 -110.705
8 506.439 717.267 5 7.31863 -88.3227 -62.9653
9 506.712 716.849 5 6.94819 -109.006 -30.1444
10 506.986 716.43 5 6.59489 -90.1349 -115.457
11 506.31 718.378 5 7.81625 -83.83 107.482
12 506.584 717.96 5 7.4033 -85.9274 -88.3775
13 506.857 717.541 5 7.00172 -86.6943 -106.065
14 507.131 717.123 5 6.61356 -93.5652 59.6008
15 507.404 716.704 5 6.24133 -82.111 42.7572
16 506.728 718.652 5 7.55351 -83.5511 119.212
17 507.002 718.233 5 7.12535 -87.4245 -163.185
18 507.276 717.815 5 6.70714 -89.8464 -131.115
19 507.549 717.396 5 6.30086 -82.3773 -92.204
20 507.823 716.978 5 5.90898 -118.205 -129.502
21 507.147 718.925 5 7.31555 -85.6859 76.791
22 507.421 718.507 5 6.87258 -87.3859 159.121
23 507.694 718.088 5 6.43798 -83.3502 95.6383
24 507.968 717.67 5 6.01354 -86.5904 57.2652
25 508.241 717.251 5 5.60159 -91.9665 -131.038
26 507.565 719.199 5 7.10486 -82.2453 9.54451
27 507.839 718.78 5 6.64787 -84.6616 135.933
28 508.113 718.362 5 6.19752 -76.4545 170.886
29 508.386 717.943 5 5.75538 -81.232 -31.3732
30 508.66 717.525 5 5.32349 -74.7538 132.652
31 507.984 719.472 5 6.92393 -86.1525 85.0224
32 508.258 719.054 5 6.45414 -84.0553 19.9912
33 508.531 718.635 5 5.98924 -87.8689 97.1729
34 508.805 718.217 5 5.53047 -89.7124 130.91
35 509.078 717.798 5 5.07949 -93.6803 -64.3688
36 508.402 719.746 5 6.77514 -77.3851 63.3954
37 508.676 719.328 5 6.29426 -75.084 132.762
38 508.95 718.909 5 5.8166 -250 0
39 509.223 718.491 5 5.34302 -250 0
40 509.497 718.072 5 4.87473 -250 0
