1 514.644 719.84 5 4.05559 -90.6308 114.145
2 514.371 720.259 5 4.46129 -72.8099 95.4743
3 514.097 720.678 5 4.88451 -83.36 -2.00949
4 513.824 721.096 5 5.32106 -86.0377 -106.43
5 513.551 721.515 5 5.76793 -95.8232 44.3349
6 513.278 721.934 5 6.22289 -91.3938 148.369
7 513.004 722.353 5 6.68428 -82.1726 177.588
8 512.731 722.771 5 7.15087 -81.681 -99.3549
9 512.458 723.19 5 7.6217 -106.779 123.149
10 512.185 723.609 5 8.09602 -111.923 174.874
11 515.063 720.113 5 4.37978 -80.8703 15.1026
12 514.789 720.532 5 4.75792 -80.767 -7.49983
13 514.516 720.951 5 5.15685 -74.5999 88.4252
14 514.243 721.37 5 5.57211 -72.7785 97.5761
15 513.97 721.788 5 6.00031 -74.9235 135.244
16 513.696 722.207 5 6.43887 -81.6292 -61.298
17 513.423 722.626 5 6.88581 -84.2011 -72.6381
18 513.15 723.045 5 7.3396 -89.2493 -80.4991
19 512.877 723.463 5 7.79904 -88.9336 -44.8447
20 512.603 723.882 5 8.26319 -91.5361 -86.3437
21 515.481 720.387 5 4.73468 -73.3202 2.54781
22 515.208 720.805 5 5.08651 -70.4441 74.1874
23 514.935 721.224 5 5.46149 -70.9364 71.3886
24 514.662 721.643 5 5.85518 -77.1199 21.4457
25 514.388 722.062 5 6.26406 -71.9065 -141.324
26 514.115 722.48 5 6.68534 -83.3839 -80.156
27 513.842 722.899 5 7.11682 -76.679 -55.5383
28 513.568 723.318 5 7.55674 -82.1055 57.6699
29 513.295 723.737 5 8.00373 -77.4919 10.6162
30 513.022 724.155 5 8.45665 -82.7917 56.4783
31 515.9 720.66 5 5.1139 -74.3404 -52.0166
32 515.627 721.079 5 5.44125 -76.7403 -15.9462
33 515.353 721.497 5 5.79332 -73.9459 13.6575
34 515.08 721.916 5 6.16586 -72.9762 15.047
35 514.807 722.335 5 6.55539 -79.073 3.84887
36 514.534 722.754 5 6.95906 -75.1149 -1.88959
37 514.26 723.172 5 7.37454 -73.1619 -11.6019
38 513.987 723.591 5 7.79994 -79.9488 -112.976
39 516.319 720.933 5 5.51241 -82.4527 -14.8677
40 516.045 721.352 5 5.81738 -72.5057 137.165
41 515.772 721.771 5 6.14795 -82.5252 -68.7422
42 515.499 722.189 5 6.5002 -80.8602 137.479
43 515.226 722.608 5 6.8708 -83.3264 22.5258
44 514.952 723.027 5 7.25694 -78.2693 125.78
45 514.679 723.446 5 7.65627 -72.116 129.323
46 514.406 723.864 5 8.06683 -79.9217 -102.456
47 516.737 721.206 5 5.92633 -80.97 -160.745
48 516.464 721.625 5 6.21101 -82.401 170.651
49 516.191 722.044 5 6.52166 -77.2008 -107.864
50 515.918 722.463 5 6.85473 -82.3017 -146.804
51 515.644 722.881 5 7.20712 -84.3619 42.4121
52 515.371 723.3 5 7.57614 -74.2545 176.208
53 515.098 723.719 5 7.95947 -76.5976 -134.133
54 514.825 724.138 5 8.35515 -90.5885 2.51024
55 517.156 721.48 5 6.35264 -74.0007 112.236
56 516.883 721.898 5 6.61902 -72.8527 1.47404
57 516.61 722.317 5 6.91135 -82.1832 -60.8864
58 516.336 722.736 5 7.22648 -95.629 149.877
59 516.063 723.155 5 7.56157 -87.2994 -165.54
60 515.79 723.573 5 7.91408 -76.7579 127.563
61 515.517 723.992 5 8.28178 -80.3586 0.781222
62 515.243 724.411 5 8.66275 -83.6374 -27.0122
63 517.575 721.753 5 6.78902 -91.5945 16.6098
64 517.302 722.172 5 7.0389 -75.1025 -64.5924
65 517.028 722.59 5 7.31447 -74.8573 -157.74
66 516.755 723.009 5 7.61293 -75.2635 47.5906
67 516.482 723.428 5 7.93171 -82.2337 -109.763
68 516.209 723.847 5 8.26845 -84.269 -143.442
69 515.935 724.265 5 8.62106 -88.2136 -24.2011
70 515.662 724.684 5 8.98766 -80.2638 -93.3131
71 517.994 722.026 5 7.23364 -90.7022 92.2719
72 517.72 722.445 5 7.46866 -92.062 155.205
73 517.447 722.864 5 7.72891 -88.1277 -166.719
74 517.174 723.282 5 8.01196 -76.4627 -32.8607
75 516.901 723.701 5 8.31545 -75.9458 -147.877
76 516.627 724.12 5 8.63725 -80.1542 21.3128
77 516.354 724.539 5 8.97538 -79.9505 -59.0164
78 516.081 724.957 5 9.32806 -78.9985 75.9915
