1 509.951 714.045 5 4.2127 -61.3658 150.371
2 510.37 714.318 5 3.72595 -60.8944 95.5458
3 510.79 714.59 5 3.24323 -66.8958 40.5724
4 511.209 714.862 5 2.76665 -64.8126 -41.5995
5 511.628 715.135 5 2.30004 -77.9918 -118.71
6 512.048 715.407 5 1.85096 -63.4553 174.803
7 512.467 715.679 5 1.43593 -51.2235 57.7318
8 512.886 715.952 5 1.0944 -40.1489 -64.1568
9 513.306 716.224 5 0.912996 -44.7199 120.081
10 513.725 716.496 5 0.984581 -42.9283 -109.183
11 514.144 716.769 5 1.26698 -45.117 -164.339
12 514.564 717.041 5 1.65562 -96.5892 -157.329
13 514.983 717.313 5 2.09211 -100.319 -118.897
14 509.679 714.465 5 4.34772 -63.363 -127.901
15 510.098 714.737 5 3.87795 -60.1042 -22.6055
16 510.517 715.009 5 3.41678 -72.3769 116.761
17 510.937 715.282 5 2.9682 -63.348 -21.7644
18 511.356 715.554 5 2.5389 -76.2489 -141.72
19 511.775 715.826 5 2.14053 -55.868 -150.667
20 512.195 716.099 5 1.7938 -45.379 94.4219
21 512.614 716.371 5 1.53413 -48.611 115.136
22 513.033 716.643 5 1.41046 -49.3136 111.23
23 513.453 716.916 5 1.45782 -49.8635 -25.133
24 513.872 717.188 5 1.66165 -44.3458 108.465
25 514.291 717.46 5 1.97406 -50.5896 -39.1798
26 514.711 717.733 5 2.35218 -58.6953 -84.8075
27 509.406 714.884 5 4.53415 -59.9089 66.5018
28 509.826 715.156 5 4.08587 -68.258 -128.158
29 510.245 715.429 5 3.65105 -55.8038 130.357
30 510.664 715.701 5 3.23512 -70.354 -0.495767
31 511.084 715.973 5 2.84638 -54.9166 -61.1231
32 511.503 716.246 5 2.49754 -48.7215 -117.953
33 511.922 716.518 5 2.20761 -47.5056 -30.8275
34 512.342 716.79 5 2.00234 -48.7321 -160.414
35 512.761 717.063 5 1.90925 -50.9758 120.603
36 513.18 717.335 5 1.9445 -52.9727 48.193
37 513.6 717.607 5 2.10164 -48.7708 -90.9682
38 514.019 717.88 5 2.35643 -49.9322 -99.7317
39 514.438 718.152 5 2.68115 -54.4915 70.5483
40 509.134 715.303 5 4.76596 -55.0572 139.507
41 509.553 715.576 5 4.34168 -52.7425 -115.749
42 509.973 715.848 5 3.93523 -62.5781 -33.3808
43 510.392 716.12 5 3.55273 -60.3322 79.9901
44 510.811 716.393 5 3.20276 -51.4568 7.30794
45 511.231 716.665 5 2.89716 -51.0491 137.271
46 511.65 716.937 5 2.6513 -51.7841 103.45
47 512.069 717.21 5 2.48298 -52.9546 -90.242
48 512.489 717.482 5 2.40854 -54.0762 122.409
49 512.908 717.754 5 2.43657 -54.8207 62.8079
50 513.327 718.027 5 2.56373 -55.7219 2.21237
51 513.747 718.299 5 2.77643 -48.2068 128.899
52 514.166 718.571 5 3.05686 -49.625 43.9993
53 508.862 715.723 5 5.03688 -68.7161 -177.993
54 509.281 715.995 5 4.63746 -57.9906 -36.7406
55 509.7 716.267 5 4.25932 -56.6389 149.621
56 510.12 716.54 5 3.90867 -51.4764 119.841
57 510.539 716.812 5 3.59354 -50.3526 -56.6894
58 510.958 717.084 5 3.32406 -51.2052 -17.3967
59 511.378 717.357 5 3.11211 -54.2636 -130.537
60 511.797 717.629 5 2.97002 -56.2032 -79.5884
61 512.216 717.901 5 2.90807 -70.6579 32.9612
62 512.636 718.174 5 2.93133 -59.3474 87.095
63 513.055 718.446 5 3.03785 -50.8497 79.7719
64 513.474 718.718 5 3.21938 -53.674 -53.6158
65 513.894 718.991 5 3.46414 -48.6543 -48.6561
66 508.589 716.142 5 5.34097 -74.8283 172.704
67 509.009 716.414 5 4.96607 -54.0578 11.415
68 509.428 716.687 5 4.61494 -49.1211 -125.745
69 509.847 716.959 5 4.29343 -57.5889 78.7707
70 510.267 717.231 5 4.00866 -49.9302 -173.566
71 510.686 717.504 5 3.76898 -55.4527 137.061
72 511.105 717.776 5 3.58344 -57.3299 -18.9978
73 511.525 718.048 5 3.46076 -60.6422 -87.0871
74 511.944 718.321 5 3.40774 -64.7578 79.9337
75 512.363 718.593 5 3.42762 -60.9522 84.578
76 512.783 718.865 5 3.51915 -57.1302 157.135
77 513.202 719.138 5 3.67699 -59.3792 51.7324
78 513.621 719.41 5 3.89308 -55.724 175.761
79 510.414 717.923 5 4.22623 -55.6855 -127.136
80 510.833 718.195 5 4.06163 -55.9067 51.5001
81 511.672 718.74 5 3.9075 -64.886 7.05979
82 512.091 719.012 5 3.92484 -60.7825 74.4317
83 512.51 719.285 5 4.00502 -57.5676 -154.873
84 512.93 719.557 5 4.1444 -56.0349 110.099
85 513.349 719.829 5 4.33727 -47.959 -81.3732
86 510.141 718.342 5 4.69221 -59.5721 17.7711
87 510.561 718.615 5 4.54452 -58.1453 82.9747
88 511.399 719.159 5 4.40731 -76.0958 6.66659
89 511.819 719.432 5 4.42269 -59.1278 110.266
90 512.238 719.704 5 4.494 -52.3092 -146.673
91 512.657 719.976 5 4.61865 -64.5391 56.7395
92 513.077 720.249 5 4.79247 -48.6956 109.535
93 509.869 718.762 5 5.16456 -79.3842 -161.523
94 510.288 719.034 5 5.03076 -60.5398 102.934
95 511.127 719.579 5 4.90716 -70.1339 11.2548
96 511.546 719.851 5 4.92098 -64.7156 -121.48
97 511.966 720.123 5 4.98517 -53.0914 -136.97
98 512.385 720.396 5 5.09782 -53.752 -68.7721
99 512.804 720.668 5 5.25581 -58.303 -140.708
100 509.597 719.181 5 5.64168 -59.6513 6.78594
101 510.016 719.453 5 5.51945 -61.9281 177.143
102 509.324 719.6 5 6.12245 -70.4929 -177.611
103 509.744 719.873 5 6.01001 -72.7461 -23.471
104 509.052 720.02 5 6.60607 -63.6857 -106.959
105 509.471 720.292 5 6.502 -62.4177 77.206
