1 509.951 714.045 5 3.24274 -60.5141 -66.2761
2 510.37 714.318 5 2.76608 -62.3206 -44.4309
3 510.79 714.59 5 2.29935 -62.3432 71.9071
4 511.209 714.862 5 1.8501 -62.8503 -130.365
5 511.628 715.135 5 1.43482 -61.1082 83.4619
6 512.048 715.407 5 1.09295 -40.3522 -55.5874
7 512.467 715.679 5 0.911247 -45.558 127.304
8 512.886 715.952 5 0.982959 -42.2315 -100.687
9 513.306 716.224 5 1.26572 -45.9869 -161.584
10 513.725 716.496 5 1.65466 -63.4634 147.001
11 514.144 716.769 5 2.09134 -56.1481 -86.3438
12 514.564 717.041 5 2.55138 -106.719 129.195
13 514.983 717.313 5 3.02414 -106.107 -147.75
14 509.679 714.465 5 3.41605 -59.1181 25.9748
15 510.098 714.737 5 2.96736 -58.6198 100.07
16 510.517 715.009 5 2.53793 -71.8436 -20.3136
17 510.937 715.282 5 2.13937 -62.3651 -168.759
18 511.356 715.554 5 1.79242 -45.331 119.87
19 511.775 715.826 5 1.53251 -49.2372 112.515
20 512.195 716.099 5 1.4087 -50.2534 139.677
21 512.614 716.371 5 1.45612 -48.3824 -19.8336
22 513.033 716.643 5 1.66015 -42.9305 101.957
23 513.453 716.916 5 1.9728 -50.7031 -29.9138
24 513.872 717.188 5 2.35113 -58.9436 -89.4299
25 514.291 717.46 5 2.76833 -58.7638 113.811
26 514.711 717.733 5 3.20928 -67.5979 163.416
27 509.406 714.884 5 3.65013 -54.0522 113.439
28 509.826 715.156 5 3.23409 -62.4582 -7.07953
29 510.245 715.429 5 2.8452 -53.4745 -64.8819
30 510.664 715.701 5 2.4962 -48.6181 -106.058
31 511.084 715.973 5 2.20609 -47.6818 -38.2185
32 511.503 716.246 5 2.00067 -54.086 -143.485
33 511.922 716.518 5 1.90749 -49.5211 145.338
34 512.342 716.79 5 1.94277 -54.7218 27.8365
35 512.761 717.063 5 2.10004 -52.3766 -99.6951
36 513.18 717.335 5 2.355 -46.0692 -85.9763
37 513.6 717.607 5 2.6799 -50.8398 81.5003
38 514.019 717.88 5 3.05249 -58.3423 75.373
39 514.438 718.152 5 3.45739 -60.262 -93.3694
40 509.134 715.303 5 3.93415 -66.6433 -72.5345
41 509.553 715.576 5 3.55153 -67.9945 95.7105
42 509.973 715.848 5 3.20144 -53.5621 33.3854
43 510.392 716.12 5 2.8957 -49.031 158.794
44 510.811 716.393 5 2.6497 -51.9538 115.714
45 511.231 716.665 5 2.48128 -53.2994 -78.0101
46 511.65 716.937 5 2.40678 -51.8287 136.075
47 512.069 717.21 5 2.43483 -53.6197 81.4971
48 512.489 717.482 5 2.56208 -53.7224 35.5824
49 512.908 717.754 5 2.7749 -47.8247 125.528
50 513.327 718.027 5 3.05547 -48.0375 66.3783
51 513.747 718.299 5 3.387 -58.9163 -160.701
52 514.166 718.571 5 3.75601 -57.2391 -146.356
53 508.862 715.723 5 4.25812 -56.991 170.458
54 509.281 715.995 5 3.90736 -50.567 127.323
55 509.7 716.267 5 3.59211 -49.1558 -40.5506
56 510.12 716.54 5 3.32252 -52.6482 -10.8536
57 510.539 716.812 5 3.11046 -55.8583 -122.688
58 510.958 717.084 5 2.9683 -62.42 -53.735
59 511.378 717.357 5 2.90631 -60.2506 128.098
60 511.797 717.629 5 2.92959 -66.269 133.92
61 512.216 717.901 5 3.03617 -54.9857 93.4601
62 512.636 718.174 5 3.21779 -53.1091 -40.1732
63 513.055 718.446 5 3.46266 -51.4934 -35.9169
64 513.474 718.718 5 3.75843 -56.03 -160.329
65 513.894 718.991 5 4.0941 -57.013 -39.114
66 508.589 716.142 5 4.61364 -52.7113 -112.639
67 509.009 716.414 5 4.29203 -62.4154 56.6389
68 509.428 716.687 5 4.00716 -50.6695 -170.869
69 509.847 716.959 5 3.76739 -49.9575 132.841
70 510.267 717.231 5 3.58176 -61.7584 8.1346
71 510.686 717.504 5 3.45903 -55.0751 -29.2089
72 511.105 717.776 5 3.40598 -56.1682 98.661
73 511.525 718.048 5 3.42586 -56.5562 114.458
74 511.944 718.321 5 3.51744 -54.6493 168.038
75 512.363 718.593 5 3.67535 -58.1337 16.6349
76 512.783 718.865 5 3.89154 -51.9218 145.166
77 513.202 719.138 5 4.15691 -51.0385 115.942
78 513.621 719.41 5 4.4627 -55.8844 7.26035
79 510.414 717.923 5 3.95208 -55.1731 3.35422
80 510.833 718.195 5 3.90574 -60.0277 124.292
81 511.672 718.74 5 4.0033 -57.4132 -148.285
82 512.091 719.012 5 4.14274 -63.2655 135.851
83 512.51 719.285 5 4.33568 -55.901 -74.7542
84 512.93 719.557 5 4.57536 -56.1058 -30.9475
85 513.349 719.829 5 4.85487 -52.5016 -118.94
86 510.141 718.342 5 4.44668 -55.974 12.0616
87 510.561 718.615 5 4.40555 -57.8418 137.034
88 511.399 719.159 5 4.49227 -52.8477 -118.498
89 511.819 719.432 5 4.61696 -61.5725 -139.733
90 512.238 719.704 5 4.79084 -56.0589 55.2992
91 512.657 719.976 5 5.0088 -54.7031 164.128
92 513.077 720.249 5 5.26535 -48.6437 -178.431
93 509.869 718.762 5 4.94237 -58.618 33.6179
94 510.288 719.034 5 4.9054 -60.6004 122.975
95 511.127 719.579 5 4.98343 -61.0371 -115.302
96 511.546 719.851 5 5.09612 -62.0227 140.179
97 511.966 720.123 5 5.25417 -59.7443 137.704
98 512.385 720.396 5 5.45363 -53.6129 -52.9676
99 512.804 720.668 5 5.69016 -69.6184 59.1628
100 509.597 719.181 5 5.43885 -54.9031 86.7255
101 510.016 719.453 5 5.40527 -55.5274 128.935
102 509.324 719.6 5 5.93592 -55.3938 72.4109
103 509.744 719.873 5 5.90517 -54.0283 124.321
104 509.052 720.02 5 6.43345 -57.8849 78.0184
105 509.471 720.292 5 6.40508 -53.668 136.672
