1 514.644 719.84 5 3.77171 -87.262 -60.9919
2 514.371 720.259 5 4.20513 -89.0104 99.5507
3 514.097 720.678 5 4.65192 -90.3325 -99.8176
4 513.824 721.096 5 5.10859 -95.2178 111.345
5 513.551 721.515 5 5.5727 -86.986 -150.416
6 513.278 721.934 5 6.04254 -99.959 112.541
7 513.004 722.353 5 6.51686 -86.5375 -23.1271
8 512.731 722.771 5 6.99477 -93.5221 166.993
9 512.458 723.19 5 7.47557 -118.002 -129.352
10 512.185 723.609 5 7.95873 -113.934 161.724
11 515.063 720.113 5 4.05716 -91.2755 39.398
12 514.789 720.532 5 4.46294 -94.8983 -58.5252
13 514.516 720.951 5 4.88621 -84.204 141.747
14 514.243 721.37 5 5.32282 -82.3145 131.251
15 513.97 721.788 5 5.76972 -84.9675 67.7356
16 513.696 722.207 5 6.2247 -82.9544 116
17 513.423 722.626 5 6.68612 -85.4157 -153.583
18 513.15 723.045 5 7.15273 -89.2852 161.994
19 512.877 723.463 5 7.62357 -98.9984 163.646
20 512.603 723.882 5 8.09791 -109.931 -156.784
21 515.481 720.387 5 4.38124 -73.2373 84.8529
22 515.208 720.805 5 4.75947 -76.4951 97.2873
23 514.935 721.224 5 5.15847 -88.6422 114.807
24 514.662 721.643 5 5.57379 -80.8641 -61.7462
25 514.388 722.062 5 6.00203 -74.2484 -78.4803
26 514.115 722.48 5 6.44063 -87.1494 -102.125
27 513.842 722.899 5 6.88759 -77.6073 -116.367
28 513.568 723.318 5 7.34141 -74.4375 -80.3196
29 513.295 723.737 5 7.80087 -75.2767 -11.2788
30 513.022 724.155 5 8.26504 -80.1416 66.5722
31 515.9 720.66 5 4.73603 -87.0566 -80.5776
32 515.627 721.079 5 5.08795 -79.0453 111.213
33 515.353 721.497 5 5.46301 -89.1068 128.91
34 515.08 721.916 5 5.85677 -88.4581 24.7956
35 514.807 722.335 5 6.26571 -89.8653 142.965
36 514.534 722.754 5 6.68703 -85.1463 -101.265
37 514.26 723.172 5 7.11854 -82.2849 -137.632
38 513.987 723.591 5 7.5585 -76.6114 -54.4985
39 516.319 720.933 5 5.11514 -89.9901 -163.47
40 516.045 721.352 5 5.4426 -84.4294 -9.11996
41 515.772 721.771 5 5.79476 -82.7132 110.922
42 515.499 722.189 5 6.16738 -83.6456 93.352
43 515.226 722.608 5 6.55697 -76.6386 -162.059
44 514.952 723.027 5 6.96068 -79.1933 14.6485
45 514.679 723.446 5 7.3762 -94.0631 -34.654
46 514.406 723.864 5 7.80165 -101.674 86.2255
47 516.737 721.206 5 5.51356 -82.4563 7.93924
48 516.464 721.625 5 5.81865 -85.1395 -31.1088
49 516.191 722.044 5 6.14931 -84.3697 -131.975
50 515.918 722.463 5 6.50163 -98.0024 70.0153
51 515.644 722.881 5 6.8723 -98.0329 -38.4637
52 515.371 723.3 5 7.2585 -81.7726 173.515
53 515.098 723.719 5 7.65788 -78.7793 -108.166
54 514.825 724.138 5 8.06848 -94.3189 8.80868
55 517.156 721.48 5 5.9274 -97.0488 -25.4046
56 516.883 721.898 5 6.2122 -88.3031 -136.945
57 516.61 722.317 5 6.52293 -91.5794 -161.778
58 516.336 722.736 5 6.85609 -99.6882 104.122
59 516.063 723.155 5 7.20855 -85.13 176.003
60 515.79 723.573 5 7.57763 -97.0946 124.954
61 515.517 723.992 5 7.96102 -82.1907 31.0647
62 515.243 724.411 5 8.35674 -97.5421 -112.149
63 517.575 721.753 5 6.35365 -93.4285 -77.1377
64 517.302 722.172 5 6.62013 -95.9455 100.902
65 517.028 722.59 5 6.91255 -81.9302 -77.1891
66 516.755 723.009 5 7.22777 -88.7398 -148.544
67 516.482 723.428 5 7.56293 -103.014 81.8542
68 516.209 723.847 5 7.91551 -99.4695 -105.83
69 515.935 724.265 5 8.28327 -94.6117 99.8913
70 515.662 724.684 5 8.66428 -95.4657 25.5769
71 517.994 722.026 5 6.78996 -95.8927 22.2786
72 517.72 722.445 5 7.03994 -97.2588 -87.6542
73 517.447 722.864 5 7.31561 -91.5258 156.329
74 517.174 723.282 5 7.61416 -91.37 -140.029
75 516.901 723.701 5 7.93301 -80.0659 -37.4783
76 516.627 724.12 5 8.26982 -89.3398 -127.603
77 516.354 724.539 5 8.62249 -93.041 69.6609
78 516.081 724.957 5 8.98913 -100.461 83.3408
