1 514.644 719.84 5 6.34664 -76.8762 -27.7395
2 514.371 720.259 5 6.61236 -76.8901 61.1277
3 514.097 720.678 5 6.90411 -83.8951 -17.8074
4 513.824 721.096 5 7.21874 -86.0597 -8.2944
5 513.551 721.515 5 7.55338 -78.7377 3.00806
6 513.278 721.934 5 7.90551 -84.7298 -170.529
7 513.004 722.353 5 8.27288 -80.3508 -141.548
8 512.731 722.771 5 8.65355 -93.2175 -110.757
9 512.458 723.19 5 9.04585 -92.1557 -12.8469
10 512.185 723.609 5 9.44832 -93.7159 2.1746
11 515.063 720.113 5 6.7834 -78.6733 -99.2992
12 514.789 720.532 5 7.03264 -88.3157 -70.1491
13 514.516 720.951 5 7.30763 -88.7188 -95.5683
14 514.243 721.37 5 7.60558 -81.0739 173.012
15 513.97 721.788 5 7.92391 -102.893 76.6519
16 513.696 722.207 5 8.26025 -92.2109 4.05417
17 513.423 722.626 5 8.6125 -84.9927 -86.1345
18 513.15 723.045 5 8.97879 -88.9352 26.7474
19 512.877 723.463 5 9.35746 -92.1295 -74.8781
20 512.603 723.882 5 9.74708 -91.0331 -67.8821
21 515.481 720.387 5 7.22836 -74.53 -129.006
22 515.208 720.805 5 7.46275 -73.0389 -83.1618
23 514.935 721.224 5 7.72244 -75.723 -43.0856
24 514.662 721.643 5 8.00497 -78.625 -52.3987
25 514.388 722.062 5 8.30801 -78.315 -12.8001
26 514.115 722.48 5 8.62939 -91.4365 -66.9031
27 513.842 722.899 5 8.96715 -97.2099 -55.9693
28 513.568 723.318 5 9.31951 -84.3424 -13.0675
29 513.295 723.737 5 9.68487 -81.118 -25.0234
30 513.022 724.155 5 10.0618 -77.4642 8.89096
31 515.9 720.66 5 7.6801 -87.4547 -1.65534
32 515.627 721.079 5 7.9011 -82.0021 -56.6029
33 515.353 721.497 5 8.14683 -83.7411 -96.7728
34 515.08 721.916 5 8.41512 -77.5215 -3.39112
35 514.807 722.335 5 8.70389 -80.4447 30.9971
36 514.534 722.754 5 9.01117 -85.4174 142.138
37 514.26 723.172 5 9.33512 -87.8445 122.608
38 513.987 723.591 5 9.67409 -78.6096 -172.493
39 516.319 720.933 5 8.13748 -88.3733 84.5895
40 516.045 721.352 5 8.34638 -88.1866 128.657
41 515.772 721.771 5 8.57936 -89.4992 101.232
42 515.499 722.189 5 8.83453 -86.2036 139.622
43 515.226 722.608 5 9.11001 -92.282 161.863
44 514.952 723.027 5 9.40403 -85.9701 70.7289
45 514.679 723.446 5 9.7149 -81.3081 94.5842
46 514.406 723.864 5 10.041 -101.523 -13.7095
47 516.737 721.206 5 8.59961 -82.628 -91.2867
48 516.464 721.625 5 8.79754 -99.0248 -163.532
49 516.191 722.044 5 9.01888 -99.9366 -52.0202
50 515.918 722.463 5 9.26194 -90.1297 -76.1773
51 515.644 722.881 5 9.52508 -88.2326 -83.6963
52 515.371 723.3 5 9.80666 -106.157 -51.4177
53 515.098 723.719 5 10.1051 -85.6408 167.222
54 514.825 724.138 5 10.4191 -110.614 -43.9038
55 517.156 721.48 5 9.06576 -75.639 40.786
56 516.883 721.898 5 9.25373 -85.9657 165.967
57 516.61 722.317 5 9.4644 -90.3795 -126.188
58 516.336 722.736 5 9.6963 -106.881 97.597
59 516.063 723.155 5 9.94795 -78.6691 -37.7005
60 515.79 723.573 5 10.2179 -88.8279 -93.8943
61 515.517 723.992 5 10.5047 -84.6715 149.641
62 515.243 724.411 5 10.807 -94.1075 100.761
63 517.575 721.753 5 9.53534 -109.698 -149.776
64 517.302 722.172 5 9.71422 -78.9303 -163.055
65 517.028 722.59 5 9.91512 -76.3299 71.6476
66 516.755 723.009 5 10.1367 -85.8199 -52.15
67 516.482 723.428 5 10.3777 -89.8991 -178.688
68 516.209 723.847 5 10.6367 -107.313 173.562
69 515.935 724.265 5 10.9125 -96.0645 85.8265
70 515.662 724.684 5 11.2039 -85.5483 -23.8744
71 517.994 722.026 5 10.0079 -92.2229 -54.3436
72 517.72 722.445 5 10.1784 -92.9865 -52.1208
73 517.447 722.864 5 10.3704 -85.3868 -27.6572
74 517.174 723.282 5 10.5824 -77.79 -114.3
75 516.901 723.701 5 10.8135 -82.3557 38.0634
76 516.627 724.12 5 11.0623 -84.5309 -24.5154
77 516.354 724.539 5 11.3278 -89.7772 -125.055
78 516.081 724.957 5 11.6087 -83.0078 132.608
