1 509.951 714.045 5 1.08931 -40.5587 -50.3068
2 510.37 714.318 5 0.906874 -44.8252 158.725
3 510.79 714.59 5 0.978904 -43.3864 -99.0357
4 511.209 714.862 5 1.26257 -46.3239 -155.977
5 511.628 715.135 5 1.65225 -65.0832 160.733
6 512.048 715.407 5 2.08944 -58.2619 -87.3061
7 512.467 715.679 5 2.54982 -55.346 177.532
8 512.886 715.952 5 3.02282 -68.103 98.8886
9 513.306 716.224 5 3.50332 -60.9073 -25.9184
10 513.725 716.496 5 3.98862 -67.949 41.4314
11 514.144 716.769 5 4.47716 -62.6713 23.5951
12 514.564 717.041 5 4.96797 -101.406 -175.713
13 514.983 717.313 5 5.46046 -98.4394 136.552
14 509.679 714.465 5 1.52848 -47.2051 138.156
15 510.098 714.737 5 1.40431 -47.9517 164.482
16 510.517 715.009 5 1.45187 -52.9289 -3.50819
17 510.937 715.282 5 1.65643 -42.8926 106.964
18 511.356 715.554 5 1.96966 -52.2237 -46.9792
19 511.775 715.826 5 2.34849 -55.7762 -34.2778
20 512.195 716.099 5 2.76609 -60.9319 103.315
21 512.614 716.371 5 3.20735 -57.9011 -153.113
22 513.033 716.643 5 3.66373 -98.5951 158.133
23 513.453 716.916 5 4.13022 -70.8156 -165.268
24 513.872 717.188 5 4.60376 -65.6971 -136.91
25 514.291 717.46 5 5.08236 -66.3501 155.57
26 514.711 717.733 5 5.56473 -67.273 -94.3807
27 509.406 714.884 5 1.99647 -49.3279 -173.216
28 509.826 715.156 5 1.90309 -51.0102 164.356
29 510.245 715.429 5 1.93845 -55.9895 47.4385
30 510.664 715.701 5 2.09605 -48.7152 -77.4534
31 511.084 715.973 5 2.35143 -47.3376 -77.6821
32 511.503 716.246 5 2.67677 -52.8919 87.9355
33 511.922 716.518 5 3.04974 -63.2024 120.119
34 512.342 716.79 5 3.45496 -59.8625 -73.1818
35 512.761 717.063 5 3.88234 -59.0139 155.108
36 513.18 717.335 5 4.32532 -63.0132 20.7959
37 513.6 717.607 5 4.77957 -84.5616 -73.0093
38 514.019 717.88 5 5.24214 -62.7113 58.3448
39 514.438 718.152 5 5.71103 -72.3504 -54.4685
40 509.134 715.303 5 2.47701 -56.1879 -97.1876
41 509.553 715.576 5 2.40237 -50.4422 163.699
42 509.973 715.848 5 2.43048 -51.5744 86.6368
43 510.392 716.12 5 2.55794 -49.8166 44.4147
44 510.811 716.393 5 2.77108 -47.3133 141.256
45 511.231 716.665 5 3.052 -49.7296 58.2521
46 511.65 716.937 5 3.38387 -55.0354 -147.013
47 512.069 717.21 5 3.75319 -59.2256 -90.518
48 512.489 717.482 5 4.14997 -67.2669 -69.0714
49 512.908 717.754 5 4.56706 -67.4755 56.0484
50 513.327 718.027 5 4.99939 -60.5041 -155.064
51 513.747 718.299 5 5.44332 -69.5996 0.264838
52 514.166 718.571 5 5.89623 -61.1245 -115.949
53 508.862 715.723 5 2.96399 -76.9603 -173.392
54 509.281 715.995 5 2.90191 -51.9917 176.296
55 509.7 716.267 5 2.92522 -60.3961 99.4135
56 510.12 716.54 5 3.03195 -54.4618 85.9434
57 510.539 716.812 5 3.21381 -51.8089 -54.1319
58 510.958 717.084 5 3.45896 -47.1404 -27.6579
59 511.378 717.357 5 3.75503 -53.2218 -158.733
60 511.797 717.629 5 4.09097 -55.6896 -15.4651
61 512.216 717.901 5 4.45779 -55.323 -7.32835
62 512.636 718.174 5 4.84848 -64.2214 -166.573
63 513.055 718.446 5 5.25771 -67.1525 130.889
64 513.474 718.718 5 5.6815 -60.0829 41.7426
65 513.894 718.991 5 6.1168 -65.0422 144.631
66 508.589 716.142 5 3.45469 -55.6538 12.3494
67 509.009 716.414 5 3.40158 -57.1727 171.083
68 509.428 716.687 5 3.42148 -53.4271 126.435
69 509.847 716.959 5 3.51317 -59.9919 140.595
70 510.267 717.231 5 3.67127 -54.7694 28.491
71 510.686 717.504 5 3.88768 -48.224 166.521
72 511.105 717.776 5 4.1533 -51.3165 149.204
73 511.525 718.048 5 4.45934 -52.0677 4.35053
74 511.944 718.321 5 4.79808 -54.2444 78.4092
75 512.363 718.593 5 5.16308 -63.0393 147.249
76 512.783 718.865 5 5.54916 -63.658 137.753
77 513.202 719.138 5 5.95223 -60.825 -100.674
78 513.621 719.41 5 6.36906 -62.3724 -150.378
79 510.414 717.923 5 4.33171 -53.6141 -48.6857
80 510.833 718.195 5 4.5716 -54.7486 13.2978
81 511.672 718.74 5 5.16442 -55.9607 109.342
82 512.091 719.012 5 5.50518 -58.2765 -146.575
83 512.51 719.285 5 5.86881 -58.389 -94.5555
84 512.93 719.557 5 6.2513 -71.8605 -41.8773
85 513.349 719.829 5 6.6494 -60.3826 70.7641
86 510.141 718.342 5 4.78679 -61.9096 78.5459
87 510.561 718.615 5 5.00492 -50.6482 179.143
88 511.399 719.159 5 5.55165 -61.3943 62.0293
89 511.819 719.432 5 5.86998 -57.4654 -136.066
90 512.238 719.704 5 6.21229 -56.6124 -23.6874
91 512.657 719.976 5 6.57483 -60.6299 56.7701
92 513.077 720.249 5 6.95444 -75.2223 4.85638
93 509.869 718.762 5 5.25005 -68.0652 52.901
94 510.288 719.034 5 5.44967 -57.2292 54.1812
95 511.127 719.579 5 5.95571 -66.8097 179.057
96 511.546 719.851 5 6.25351 -58.2223 89.9459
97 511.966 720.123 5 6.57588 -59.6969 2.77997
98 512.385 720.396 5 6.9194 -60.7588 83.1024
99 512.804 720.668 5 7.28106 -59.4512 -15.7788
100 509.597 719.181 5 5.7195 -65.7785 -169.813
101 510.016 719.453 5 5.90326 -59.3493 -63.6437
102 509.324 719.6 5 6.19373 -54.0801 106.085
103 509.744 719.873 5 6.36382 -58.9166 166.492
104 509.052 720.02 5 6.67173 -53.7385 -38.3906
105 509.471 720.292 5 6.82992 -55.1167 -85.2364
