1 505.473 717.831 5 6.9104 -84.5269 13.5986
2 505.747 717.412 5 6.44074 -95.0497 12.3052
3 506.02 716.994 5 5.976 -87.8206 130.021
4 506.294 716.575 5 5.51743 -89.0512 -103.25
5 506.567 716.157 5 5.0667 -78.7215 -2.65222
6 505.891 718.104 5 6.76131 -81.862 -6.34813
7 506.165 717.686 5 6.28051 -88.5703 4.74168
8 506.439 717.267 5 5.80295 -83.6723 13.1186
9 506.712 716.849 5 5.32952 -87.2699 177.604
10 506.986 716.43 5 4.8614 -81.426 17.2461
11 506.31 718.378 5 6.64658 -101.672 -156.205
12 506.584 717.96 5 6.15683 -84.908 -0.55313
13 506.857 717.541 5 5.66886 -87.6037 76.1559
14 507.131 717.123 5 5.18319 -79.7595 -140.328
15 507.404 716.704 5 4.70052 -84.8904 -74.0914
16 506.728 718.652 5 6.56801 -94.9438 133.413
17 507.002 718.233 5 6.07192 -80.4491 -125.373
18 507.276 717.815 5 5.57653 -76.198 111.704
19 507.549 717.396 5 5.08204 -78.0345 -145.435
20 507.823 716.978 5 4.58875 -92.4414 -5.74251
21 507.147 718.925 5 6.52691 -79.1882 -161.036
22 507.421 718.507 5 6.02743 -79.3286 -44.6094
23 507.694 718.088 5 5.52806 -92.7437 -59.0324
24 507.968 717.67 5 5.02881 -79.7888 -151.755
25 508.241 717.251 5 4.52972 -77.6355 57.7117
26 507.565 719.199 5 6.52397 -75.5491 -161.356
27 507.839 718.78 5 6.02426 -80.1221 -40.1953
28 508.113 718.362 5 5.5246 -84.5634 23.1418
29 508.386 717.943 5 5.025 -70.7662 -115.304
30 508.66 717.525 5 4.52549 -74.4451 91.2187
31 507.984 719.472 5 6.55926 -81.5423 142.655
32 508.258 719.054 5 6.06246 -73.1596 -147.466
33 508.531 718.635 5 5.56623 -69.9456 73.94
34 508.805 718.217 5 5.07073 -86.187 -100.354
35 509.078 717.798 5 4.57622 -85.4235 -74.247
36 508.402 719.746 5 6.63217 -66.9004 35.391
37 508.676 719.328 5 6.14126 -69.2856 -42.0876
38 508.95 718.909 5 5.65195 -250 0
39 509.223 718.491 5 5.16469 -250 0
40 509.497 718.072 5 4.68012 -250 0
