1 509.951 714.045 5 1.4326 -53.4457 62.3735
2 510.37 714.318 5 1.09003 -41.0827 -47.0586
3 510.79 714.59 5 0.907748 -44.2216 150.215
4 511.209 714.862 5 0.979715 -42.8996 -106.46
5 511.628 715.135 5 1.2632 -44.9296 -158.685
6 512.048 715.407 5 1.65273 -55.6728 -171.558
7 512.467 715.679 5 2.08982 -58.2262 -82.9853
8 512.886 715.952 5 2.55013 -65.0896 107.848
9 513.306 716.224 5 3.02308 -70.4989 -10.0197
10 513.725 716.496 5 3.50355 -67.246 173.207
11 514.144 716.769 5 3.98882 -67.4996 153.312
12 514.564 717.041 5 4.47733 -98.8513 58.3729
13 514.983 717.313 5 4.96813 -97.4992 74.3571
14 509.679 714.465 5 1.78966 -46.7836 110.566
15 510.098 714.737 5 1.52929 -47.9834 121.17
16 510.517 715.009 5 1.40519 -46.8681 160.184
17 510.937 715.282 5 1.45272 -54.0132 -19.3057
18 511.356 715.554 5 1.65717 -43.2904 101.013
19 511.775 715.826 5 1.97029 -51.4529 -27.2075
20 512.195 716.099 5 2.34902 -58.0425 -3.5405
21 512.614 716.371 5 2.76654 -64.609 106.412
22 513.033 716.643 5 3.20773 -65.344 -148.832
23 513.453 716.916 5 3.66407 -64.7172 -106.259
24 513.872 717.188 5 4.13052 -69.6018 9.03244
25 514.291 717.46 5 4.60403 -72.2043 -45.1533
26 514.711 717.733 5 5.08261 -69.0721 65.7312
27 509.406 714.884 5 2.20305 -45.3585 -23.1097
28 509.826 715.156 5 1.99731 -49.0521 -162.745
29 510.245 715.429 5 1.90397 -50.1976 175.722
30 510.664 715.701 5 1.93931 -53.597 44.48
31 511.084 715.973 5 2.09684 -49.8276 -95.1749
32 511.503 716.246 5 2.35215 -46.9948 -84.5362
33 511.922 716.518 5 2.67739 -52.3813 82.0898
34 512.342 716.79 5 3.05029 -58.8798 126.241
35 512.761 717.063 5 3.45544 -64.2339 -115.483
36 513.18 717.335 5 3.88277 -63.41 160.184
37 513.6 717.607 5 4.32571 -63.5053 36.0519
38 514.019 717.88 5 4.77992 -67.0589 -171.185
39 514.438 718.152 5 5.24246 -70.05 91.2022
40 509.134 715.303 5 2.6465 -53.3052 122.666
41 509.553 715.576 5 2.47786 -56.4194 -106.699
42 509.973 715.848 5 2.40325 -51.4331 164.992
43 510.392 716.12 5 2.43135 -52.512 80.9851
44 510.811 716.393 5 2.55877 -51.1397 38.6531
45 511.231 716.665 5 2.77185 -47.2437 135.816
46 511.65 716.937 5 3.0527 -47.2462 68.1383
47 512.069 717.21 5 3.38449 -58.6497 168.42
48 512.489 717.482 5 3.75375 -58.1119 -87.9779
49 512.908 717.754 5 4.15048 -73.5394 -107.349
50 513.327 718.027 5 4.56753 -63.8325 28.4058
51 513.747 718.299 5 4.99981 -69.2723 170.171
52 514.166 718.571 5 5.44371 -64.3617 18.6331
53 508.862 715.723 5 3.10717 -51.7657 -88.1985
54 509.281 715.995 5 2.96485 -57.8304 -65.4722
55 509.7 716.267 5 2.90279 -53.6299 -168.483
56 510.12 716.54 5 2.92609 -56.0419 110.433
57 510.539 716.812 5 3.03279 -48.1735 95.9288
58 510.958 717.084 5 3.2146 -53.2761 -72.4895
59 511.378 717.357 5 3.4597 -48.7779 -31.519
60 511.797 717.629 5 3.75571 -53.8779 -150.894
61 512.216 717.901 5 4.0916 -58.4492 -25.2004
62 512.636 718.174 5 4.45836 -56.232 3.33243
63 513.055 718.446 5 4.849 -68.7719 54.515
64 513.474 718.718 5 5.2582 -60.9439 177.202
65 513.894 718.991 5 5.68195 -66.699 -53.2318
66 508.589 716.142 5 3.57841 -52.5875 18.7002
67 509.009 716.414 5 3.45556 -59.7968 32.64
68 509.428 716.687 5 3.40246 -55.5839 151.868
69 509.847 716.959 5 3.42236 -51.7581 128.61
70 510.267 717.231 5 3.51403 -55.9374 169.196
71 510.686 717.504 5 3.67209 -54.1921 5.81382
72 511.105 717.776 5 3.88845 -51.0276 135.322
73 511.525 718.048 5 4.15402 -49.8977 135.554
74 511.944 718.321 5 4.46001 -55.7975 -14.7377
75 512.363 718.593 5 4.7987 -55.5193 59.2954
76 512.783 718.865 5 5.16366 -59.9212 133.977
77 513.202 719.138 5 5.5497 -70.4411 102.535
78 513.621 719.41 5 5.95274 -64.7667 -33.5764
79 510.414 717.923 5 4.13941 -57.0843 175.552
80 510.833 718.195 5 4.3325 -55.6893 -41.6304
81 511.672 718.74 5 4.85204 -53.9075 -81.6291
82 512.091 719.012 5 5.16508 -56.4932 113.919
83 512.51 719.285 5 5.50581 -56.6417 -150.247
84 512.93 719.557 5 5.86939 -63.9546 -117.209
85 513.349 719.829 5 6.25185 -63.8464 -93.1629
86 510.141 718.342 5 4.6136 -62.6425 -60.5657
87 510.561 718.615 5 4.7876 -58.7986 91.1881
88 511.399 719.159 5 5.26239 -57.1849 172.439
89 511.819 719.432 5 5.55235 -54.4369 77.317
90 512.238 719.704 5 5.87064 -59.0685 -136.264
91 512.657 719.976 5 6.21291 -58.011 -33.9888
92 513.077 720.249 5 6.57542 -57.5938 20.3213
93 509.869 718.762 5 5.09272 -64.2751 -38.0943
94 510.288 719.034 5 5.25087 -54.4997 135.712
95 511.127 719.579 5 5.68712 -64.3779 -107.488
96 511.546 719.851 5 5.95644 -54.9225 -134.614
97 511.966 720.123 5 6.2542 -59.0007 -153.123
98 512.385 720.396 5 6.57654 -61.0419 -26.0504
99 512.804 720.668 5 6.92002 -58.5746 26.422
100 509.597 719.181 5 5.57552 -65.1572 -69.8736
101 510.016 719.453 5 5.72033 -56.3165 -97.7076
102 509.324 719.6 5 6.0611 -54.0799 113.379
103 509.744 719.873 5 6.19457 -59.1555 -13.0985
104 509.052 720.02 5 6.54885 -62.7929 -68.926
105 509.471 720.292 5 6.67258 -69.1268 -138.611
