1 509.951 714.045 5 3.72573 -57.7724 46.1767
2 510.37 714.318 5 3.24298 -62.2092 81.3006
3 510.79 714.59 5 2.76636 -59.679 -83.8003
4 511.209 714.862 5 2.2997 -65.7435 -37.3242
5 511.628 715.135 5 1.85053 -56.9277 -161.605
6 512.048 715.407 5 1.43537 -53.1659 41.4221
7 512.467 715.679 5 1.09368 -40.2124 -58.3138
8 512.886 715.952 5 0.912121 -45.4196 129.577
9 513.306 716.224 5 0.98377 -44.1225 -107.583
10 513.725 716.496 5 1.26635 -44.1503 -152.707
11 514.144 716.769 5 1.65514 -60.0122 -156.721
12 514.564 717.041 5 2.09173 -100.146 141.406
13 514.983 717.313 5 2.5517 -104.743 -11.4224
14 509.679 714.465 5 3.87763 -64.2431 -59.2351
15 510.098 714.737 5 3.41641 -68.3462 153.549
16 510.517 715.009 5 2.96778 -75.2089 148.75
17 510.937 715.282 5 2.53842 -72.5411 136.335
18 511.356 715.554 5 2.13995 -51.7842 -168.079
19 511.775 715.826 5 1.79311 -46.7414 114.875
20 512.195 716.099 5 1.53332 -49.9509 111.298
21 512.614 716.371 5 1.40958 -50.8332 135.641
22 513.033 716.643 5 1.45697 -48.248 -19.0987
23 513.453 716.916 5 1.6609 -44.8751 109.946
24 513.872 717.188 5 1.97343 -50.2592 -42.5016
25 514.291 717.46 5 2.35165 -57.9148 -37.741
26 514.711 717.733 5 2.76877 -66.6115 90.8138
27 509.406 714.884 5 4.08546 -68.4866 -144.407
28 509.826 715.156 5 3.65059 -55.8613 93.0269
29 510.245 715.429 5 3.23461 -58.5572 -12.8528
30 510.664 715.701 5 2.84579 -56.5214 -50.0496
31 511.084 715.973 5 2.49687 -50.6127 -114.099
32 511.503 716.246 5 2.20685 -47.7516 -28.6964
33 511.922 716.518 5 2.00151 -50.1345 -157.15
34 512.342 716.79 5 1.90837 -50.0999 160.801
35 512.761 717.063 5 1.94363 -51.3462 33.6658
36 513.18 717.335 5 2.10084 -48.1555 -95.0775
37 513.6 717.607 5 2.35571 -47.7869 -86.0547
38 514.019 717.88 5 2.68053 -52.7259 72.5421
39 514.438 718.152 5 3.05304 -57.9288 118.772
40 509.134 715.303 5 4.34119 -57.378 -109.277
41 509.553 715.576 5 3.93469 -68.0213 -74.9909
42 509.973 715.848 5 3.55213 -63.0479 121.126
43 510.392 716.12 5 3.2021 -51.5614 20.5313
44 510.811 716.393 5 2.89643 -49.7544 150.652
45 511.231 716.665 5 2.6505 -51.0924 100.173
46 511.65 716.937 5 2.48213 -54.4259 -73.633
47 512.069 717.21 5 2.40766 -56.0974 138.709
48 512.489 717.482 5 2.4357 -54.7114 48.0107
49 512.908 717.754 5 2.56291 -56.3982 9.43483
50 513.327 718.027 5 2.77567 -47.646 134.824
51 513.747 718.299 5 3.05617 -48.7994 49.2521
52 514.166 718.571 5 3.38763 -53.9063 -159.102
53 508.862 715.723 5 4.63691 -62.4303 -48.9649
54 509.281 715.995 5 4.25872 -55.3989 164.648
55 509.7 716.267 5 3.90801 -51.7497 97.9449
56 510.12 716.54 5 3.59283 -47.2978 -33.7645
57 510.539 716.812 5 3.32329 -50.9967 -20.5356
58 510.958 717.084 5 3.11128 -52.6928 -115.053
59 511.378 717.357 5 2.96916 -56.719 -93.7995
60 511.797 717.629 5 2.90719 -59.9921 171.867
61 512.216 717.901 5 2.93046 -64.3822 106.223
62 512.636 718.174 5 3.03701 -54.3896 114.371
63 513.055 718.446 5 3.21858 -58.6471 -65.9146
64 513.474 718.718 5 3.4634 -50.42 -46.5068
65 513.894 718.991 5 3.75912 -51.8304 -165.281
66 508.589 716.142 5 4.96546 -53.537 -0.787661
67 509.009 716.414 5 4.61429 -51.3899 -123.019
68 509.428 716.687 5 4.29273 -61.5842 76.9856
69 509.847 716.959 5 4.00791 -47.6857 -161.417
70 510.267 717.231 5 3.76818 -50.3127 110.84
71 510.686 717.504 5 3.5826 -54.076 -23.7183
72 511.105 717.776 5 3.45989 -58.9957 -21.9879
73 511.525 718.048 5 3.40686 -59.763 172.453
74 511.944 718.321 5 3.42674 -61.444 92.1757
75 512.363 718.593 5 3.51829 -57.3704 -161.966
76 512.783 718.865 5 3.67617 -57.0162 60.7248
77 513.202 719.138 5 3.89231 -53.4644 148.002
78 513.621 719.41 5 4.15763 -48.5029 113.161
79 510.414 717.923 5 4.06079 -60.5013 23.2569
80 510.833 718.195 5 3.95295 -58.6874 1.3569
81 511.672 718.74 5 3.92396 -66.7419 104.96
82 512.091 719.012 5 4.00416 -58.1092 -147.867
83 512.51 719.285 5 4.14357 -56.6552 131.496
84 512.93 719.557 5 4.33647 -52.7461 -97.1718
85 513.349 719.829 5 4.57612 -51.1748 13.5587
86 510.141 718.342 5 4.54367 -57.7156 101.554
87 510.561 718.615 5 4.44756 -53.1087 26.9131
88 511.399 719.159 5 4.42181 -63.7568 117.38
89 511.819 719.432 5 4.49314 -57.6298 -117.403
90 512.238 719.704 5 4.6178 -58.7332 -111.037
91 512.657 719.976 5 4.79166 -60.4212 161.921
92 513.077 720.249 5 5.00957 -54.2421 73.7858
93 509.869 718.762 5 5.0299 -56.5075 93.8262
94 510.288 719.034 5 4.94325 -57.0682 25.4568
95 511.127 719.579 5 4.9201 -67.1616 32.7959
96 511.546 719.851 5 4.9843 -68.4093 -44.9211
97 511.966 720.123 5 5.09697 -56.1632 -46.3616
98 512.385 720.396 5 5.25499 -56.7987 174.698
99 512.804 720.668 5 5.45442 -47.5029 -168.011
100 509.597 719.181 5 5.51859 -55.3568 172.797
101 510.016 719.453 5 5.43973 -56.3303 39.9287
102 509.324 719.6 5 6.00914 -53.5733 179.778
103 509.744 719.873 5 5.9368 -59.0122 54.0946
104 509.052 720.02 5 6.50113 -56.3803 -146.315
105 509.471 720.292 5 6.43433 -59.1949 137.573
