1 514.644 719.84 5 4.732 -75.9507 72.4711
2 514.371 720.259 5 5.08362 -82.1191 15.4846
3 514.097 720.678 5 5.45844 -83.6877 56.8838
4 513.824 721.096 5 5.852 -88.2541 178.445
5 513.551 721.515 5 6.26077 -93.0597 67.9832
6 513.278 721.934 5 6.68196 -88.3979 -12.7006
7 513.004 722.353 5 7.11336 -83.2182 -95.6375
8 512.731 722.771 5 7.55323 -77.038 61.6227
9 512.458 723.19 5 8.00016 -94.1039 65.985
10 512.185 723.609 5 8.45305 -93.7571 45.9897
11 515.063 720.113 5 5.11141 -81.1884 -48.0321
12 514.789 720.532 5 5.43855 -77.2022 -137.013
13 514.516 720.951 5 5.79044 -91.3847 177.342
14 514.243 721.37 5 6.16284 -80.4339 -116.965
15 513.97 721.788 5 6.55225 -73.2021 -94.4513
16 513.696 722.207 5 6.95581 -81.4076 -73.7234
17 513.423 722.626 5 7.3712 -79.0642 -25.6969
18 513.15 723.045 5 7.79654 -81.5526 -48.4175
19 512.877 723.463 5 8.23027 -82.0846 -72.9105
20 512.603 723.882 5 8.67114 -87.6965 -38.1755
21 515.481 720.387 5 5.5101 -66.3924 -59.1405
22 515.208 720.805 5 5.81486 -75.3257 114.937
23 514.935 721.224 5 6.14524 -70.3399 -171.913
24 514.662 721.643 5 6.49733 -77.0397 -49.5398
25 514.388 722.062 5 6.8678 -78.8711 -3.27625
26 514.115 722.48 5 7.25383 -82.2254 39.1926
27 513.842 722.899 5 7.65306 -91.7101 59.7342
28 513.568 723.318 5 8.06354 -79.0335 81.3183
29 513.295 723.737 5 8.48363 -80.1575 53.3808
30 513.022 724.155 5 8.91198 -83.5156 45.4924
31 515.9 720.66 5 5.92418 -73.6178 -104.937
32 515.627 721.079 5 6.20865 -67.5086 -15.0362
33 515.353 721.497 5 6.5191 -68.6193 53.5913
34 515.08 721.916 5 6.85201 -66.6017 64.3711
35 514.807 722.335 5 7.20426 -77.3393 -12.8144
36 514.534 722.754 5 7.57316 -70.1762 11.0038
37 514.26 723.172 5 7.95638 -80.6276 30.0157
38 513.987 723.591 5 8.35197 -80.796 145.483
39 516.319 720.933 5 6.35064 -91.8254 39.2649
40 516.045 721.352 5 6.6168 -82.5078 -40.5351
41 515.772 721.771 5 6.90893 -79.1938 -27.242
42 515.499 722.189 5 7.2239 -73.539 99.0161
43 515.226 722.608 5 7.55884 -69.6626 107.977
44 514.952 723.027 5 7.91122 -66.8748 -170.162
45 514.679 723.446 5 8.27881 -68.7022 166.185
46 514.406 723.864 5 8.65968 -85.6915 10.2089
47 516.737 721.206 5 6.78715 -77.3433 -84.5466
48 516.464 721.625 5 7.03681 -79.6195 177.5
49 516.191 722.044 5 7.31219 -80.7683 15.4363
50 515.918 722.463 5 7.61048 -84.8006 28.7344
51 515.644 722.881 5 7.92911 -89.5386 -42.7338
52 515.371 723.3 5 8.26572 -77.6696 66.0921
53 515.098 723.719 5 8.61821 -76.7021 101.879
54 514.825 724.138 5 8.9847 -84.7053 56.4777
55 517.156 721.48 5 7.23188 -79.7401 -140.995
56 516.883 721.898 5 7.46669 -84.5678 72.6607
57 516.61 722.317 5 7.72676 -87.8833 44.248
58 516.336 722.736 5 8.00963 -87.4217 -29.6641
59 516.063 723.155 5 8.31297 -79.5039 70.1012
60 515.79 723.573 5 8.63463 -95.4342 179.07
61 515.517 723.992 5 8.97263 -79.7155 39.833
62 515.243 724.411 5 9.32521 -82.7591 63.1594
63 517.575 721.753 5 7.68341 -87.8525 158.807
64 517.302 722.172 5 7.90482 -78.8547 -23.8508
65 517.028 722.59 5 8.15092 -87.0126 -6.01885
66 516.755 723.009 5 8.41955 -91.2956 151.977
67 516.482 723.428 5 8.70863 -98.322 -51.714
68 516.209 723.847 5 9.01618 -85.4855 69.1975
69 515.935 724.265 5 9.34039 -88.4381 -0.858099
70 515.662 724.684 5 9.67958 -86.6993 167.396
71 517.994 722.026 5 8.14061 -86.205 -15.5145
72 517.72 722.445 5 8.3499 -84.8984 -47.0602
73 517.447 722.864 5 8.58325 -86.2735 -6.17106
74 517.174 723.282 5 8.83875 -86.0564 106.187
75 516.901 723.701 5 9.11454 -89.848 -31.0322
76 516.627 724.12 5 9.40884 -82.896 161.307
77 516.354 724.539 5 9.71996 -81.4886 -73.8287
78 516.081 724.957 5 10.0463 -85.7855 130.951
