1 509.951 714.045 5 1.84881 -60.6895 168.069
2 510.37 714.318 5 1.43315 -54.5016 69.2235
3 510.79 714.59 5 1.09076 -40.8484 -46.9503
4 511.209 714.862 5 0.908623 -45.7324 148.273
5 511.628 715.135 5 0.980526 -41.729 -107.087
6 512.048 715.407 5 1.26383 -44.0101 -161.269
7 512.467 715.679 5 1.65321 -62.1239 177.849
8 512.886 715.952 5 2.0902 -60.231 -42.3435
9 513.306 716.224 5 2.55045 -63.4923 117.036
10 513.725 716.496 5 3.02334 -67.1472 30.5187
11 514.144 716.769 5 3.50378 -68.9371 -134.33
12 514.564 717.041 5 3.98902 -108.41 -123.079
13 514.983 717.313 5 4.47751 -98.3223 2.45414
14 509.679 714.465 5 2.13764 -60.2682 178.735
15 510.098 714.737 5 1.79035 -45.6768 107.449
16 510.517 715.009 5 1.53009 -46.7692 138.336
17 510.937 715.282 5 1.40606 -48.0209 154.096
18 511.356 715.554 5 1.45357 -51.3371 11.4449
19 511.775 715.826 5 1.65792 -42.5558 98.6793
20 512.195 716.099 5 1.97092 -48.6152 -31.3063
21 512.614 716.371 5 2.34954 -59.6451 -37.1758
22 513.033 716.643 5 2.76698 -56.9087 98.2472
23 513.453 716.916 5 3.20812 -63.4487 -108.316
24 513.872 717.188 5 3.66441 -68.4641 -62.168
25 514.291 717.46 5 4.13082 -68.2417 20.0842
26 514.711 717.733 5 4.6043 -77.5043 17.3562
27 509.406 714.884 5 2.49418 -47.1852 -93.0479
28 509.826 715.156 5 2.20381 -45.2156 -24.0828
29 510.245 715.429 5 1.99815 -50.1104 -155.009
30 510.664 715.701 5 1.90485 -48.1808 164.417
31 511.084 715.973 5 1.94017 -66.4377 107.507
32 511.503 716.246 5 2.09764 -47.568 -84.0115
33 511.922 716.518 5 2.35286 -45.7974 -79.5375
34 512.342 716.79 5 2.67802 -53.4854 88.6211
35 512.761 717.063 5 3.05084 -59.2266 89.7314
36 513.18 717.335 5 3.45593 -61.1823 -152.699
37 513.6 717.607 5 3.88321 -69.8187 127.98
38 514.019 717.88 5 4.3261 -73.1002 -26.5774
39 514.438 718.152 5 4.78027 -69.2302 -165.295
40 509.134 715.303 5 2.8935 -47.5559 173.052
41 509.553 715.576 5 2.6473 -50.3461 136.945
42 509.973 715.848 5 2.47871 -56.9883 -109.321
43 510.392 716.12 5 2.40413 -50.4529 169.611
44 510.811 716.393 5 2.43222 -53.6062 95.8717
45 511.231 716.665 5 2.5596 -50.3231 55.86
46 511.65 716.937 5 2.77261 -47.726 137.898
47 512.069 717.21 5 3.05339 -47.7284 64.4523
48 512.489 717.482 5 3.38512 -53.9927 -148.836
49 512.908 717.754 5 3.75431 -57.8168 -120.492
50 513.327 718.027 5 4.15099 -71.6337 -29.4502
51 513.747 718.299 5 4.56799 -62.4663 28.1347
52 514.166 718.571 5 5.00024 -62.2969 142.603
53 508.862 715.723 5 3.32021 -50.5214 -8.49289
54 509.281 715.995 5 3.10799 -49.3458 -90.3795
55 509.7 716.267 5 2.96571 -60.274 -96.0471
56 510.12 716.54 5 2.90367 -52.9425 178.282
57 510.539 716.812 5 2.92696 -54.0038 137.84
58 510.958 717.084 5 3.03364 -50.3928 111.608
59 511.378 717.357 5 3.2154 -49.7742 -60.4457
60 511.797 717.629 5 3.46044 -48.0174 -42.2526
61 512.216 717.901 5 3.75639 -51.9892 -166.551
62 512.636 718.174 5 4.09222 -54.4288 -36.0961
63 513.055 718.446 5 4.45894 -55.8174 -7.23127
64 513.474 718.718 5 4.84953 -63.5299 61.8561
65 513.894 718.991 5 5.25869 -65.4482 165.165
66 508.589 716.142 5 3.765 -48.0682 145.157
67 509.009 716.414 5 3.57925 -53.991 20.6741
68 509.428 716.687 5 3.45642 -56.8005 40.4754
69 509.847 716.959 5 3.40334 -51.8892 178.453
70 510.267 717.231 5 3.42324 -58.7789 135.885
71 510.686 717.504 5 3.51488 -55.1286 160.689
72 511.105 717.776 5 3.6729 -55.1312 84.1147
73 511.525 718.048 5 3.88922 -49.0224 152.657
74 511.944 718.321 5 4.15474 -49.9512 131.853
75 512.363 718.593 5 4.46069 -53.7174 -15.9013
76 512.783 718.865 5 4.79933 -54.8257 85.604
77 513.202 719.138 5 5.16424 -54.2835 121.609
78 513.621 719.41 5 5.55025 -72.0525 -157.352
79 510.414 717.923 5 4.00072 -53.6478 179.749
80 510.833 718.195 5 4.14025 -56.1237 -172.191
81 511.672 718.74 5 4.57311 -51.3191 -11.9381
82 512.091 719.012 5 4.85275 -52.9897 -84.7577
83 512.51 719.285 5 5.16575 -55.7001 112.172
84 512.93 719.557 5 5.50643 -57.6887 -160.973
85 513.349 719.829 5 5.86998 -58.9016 -123.676
86 510.141 718.342 5 4.48968 -62.8097 -107.053
87 510.561 718.615 5 4.61444 -58.1403 -118.425
88 511.399 719.159 5 5.00647 -54.5384 168.227
89 511.819 719.432 5 5.26313 -52.1623 161.958
90 512.238 719.704 5 5.55305 -54.2784 67.8674
91 512.657 719.976 5 5.87131 -56.7907 -115.182
92 513.077 720.249 5 6.21354 -56.1064 -15.2892
93 509.869 718.762 5 4.98083 -63.5653 -136.247
94 510.288 719.034 5 5.09357 -55.018 -5.5491
95 511.127 719.579 5 5.45125 -69.5439 -128.879
96 511.546 719.851 5 5.68788 -52.5125 -90.8201
97 511.966 720.123 5 5.95717 -55.9412 -18.2181
98 512.385 720.396 5 6.25489 -55.4159 -147.682
99 512.804 720.668 5 6.57719 -59.3477 -61.1252
100 509.597 719.181 5 5.47358 -62.7837 161.328
101 510.016 719.453 5 5.57637 -65.1548 110.391
102 509.324 719.6 5 5.96754 -55.8265 77.9258
103 509.744 719.873 5 6.06196 -57.8583 -43.3178
104 509.052 720.02 5 6.46242 -58.0146 -141.049
105 509.471 720.292 5 6.54971 -63.8588 -1.97165
