1 514.644 719.84 5 6.78247 -80.0951 108.998
2 514.371 720.259 5 7.03159 -80.2765 -176.437
3 514.097 720.678 5 7.30649 -79.5775 101.853
4 513.824 721.096 5 7.60436 -94.7953 173.879
5 513.551 721.515 5 7.92261 -80.4198 84.3029
6 513.278 721.934 5 8.25888 -84.1438 -87.7118
7 513.004 722.353 5 8.61108 -81.6865 -57.0112
8 512.731 722.771 5 8.97731 -91.6537 11.0831
9 512.458 723.19 5 9.35594 -91.4604 86.3079
10 512.185 723.609 5 9.74551 -89.3872 103.466
11 515.063 720.113 5 7.22749 -80.4989 5.01586
12 514.789 720.532 5 7.46177 -94.2252 106.113
13 514.516 720.951 5 7.72136 -82.7325 66.9856
14 514.243 721.37 5 8.00381 -83.9563 -53.9275
15 513.97 721.788 5 8.30677 -92.3928 -177.429
16 513.696 722.207 5 8.62808 -111.523 -179.205
17 513.423 722.626 5 8.96579 -85.6916 0.247739
18 513.15 723.045 5 9.31809 -94.8312 -165.292
19 512.877 723.463 5 9.6834 -90.7376 4.32625
20 512.603 723.882 5 10.0603 -90.2691 21.2566
21 515.481 720.387 5 7.67927 -72.5456 7.10535
22 515.208 720.805 5 7.90017 -73.1141 35.3685
23 514.935 721.224 5 8.14581 -79.0451 69.0751
24 514.662 721.643 5 8.41401 -77.2387 49.5923
25 514.388 722.062 5 8.7027 -78.673 80.7109
26 514.115 722.48 5 9.00991 -87.802 -14.1062
27 513.842 722.899 5 9.33381 -90.442 19.1235
28 513.568 723.318 5 9.67272 -85.7263 71.8706
29 513.295 723.737 5 10.0251 -80.1103 66.6117
30 513.022 724.155 5 10.3896 -78.5726 109.987
31 515.9 720.66 5 8.1367 -84.4657 -67.886
32 515.627 721.079 5 8.3455 -76.8385 31.5494
33 515.353 721.497 5 8.57839 -81.6432 41.805
34 515.08 721.916 5 8.83348 -80.557 78.6994
35 514.807 722.335 5 9.10888 -79.1207 174.436
36 514.534 722.754 5 9.40283 -81.683 -112.782
37 514.26 723.172 5 9.71363 -97.6848 102.595
38 513.987 723.591 5 10.0397 -79.6531 -60.0374
39 516.319 720.933 5 8.59887 -98.7852 -120.281
40 516.045 721.352 5 8.79671 -100.968 -179.675
41 515.772 721.771 5 9.01796 -82.7973 -107.163
42 515.499 722.189 5 9.26094 -95.9804 60.327
43 515.226 722.608 5 9.52399 -85.8925 141.045
44 514.952 723.027 5 9.8055 -90.7303 -164.821
45 514.679 723.446 5 10.1039 -79.2431 -134.81
46 514.406 723.864 5 10.4178 -109.316 -11.9848
47 516.737 721.206 5 9.06506 -82.0961 9.29043
48 516.464 721.625 5 9.25293 -102.774 -28.974
49 516.191 722.044 5 9.46352 -91.7723 -126.436
50 515.918 722.463 5 9.69534 -87.0548 164.689
51 515.644 722.881 5 9.94692 -79.9529 -67.5825
52 515.371 723.3 5 10.2168 -86.3172 139.098
53 515.098 723.719 5 10.5035 -86.6282 -176.932
54 514.825 724.138 5 10.8058 -109.131 -36.6306
55 517.156 721.48 5 9.53467 -80.1075 132.51
56 516.883 721.898 5 9.71347 -89.2576 -133.354
57 516.61 722.317 5 9.91428 -83.5117 -14.3361
58 516.336 722.736 5 10.1358 -99.2961 -149.82
59 516.063 723.155 5 10.3767 -91.33 -175.855
60 515.79 723.573 5 10.6357 -91.3792 33.1299
61 515.517 723.992 5 10.9114 -83.3605 -39.185
62 515.243 724.411 5 11.2027 -97.8185 -107.086
63 517.575 721.753 5 10.0072 -97.9673 96.1276
64 517.302 722.172 5 10.1777 -80.8777 -67.0911
65 517.028 722.59 5 10.3696 -82.1326 167.076
66 516.755 723.009 5 10.5815 -97.6055 -143.709
67 516.482 723.428 5 10.8125 -89.7916 -14.0153
68 516.209 723.847 5 11.0613 -93.0563 -173.531
69 515.935 724.265 5 11.3267 -93.0908 -4.46387
70 515.662 724.684 5 11.6075 -90.3204 -167.554
71 517.994 722.026 5 10.4823 -112.739 102.049
72 517.72 722.445 5 10.6452 -97.7256 71.1208
73 517.447 722.864 5 10.8288 -80.8466 130.235
74 517.174 723.282 5 11.0319 -83.4765 -36.9925
75 516.901 723.701 5 11.2537 -91.6657 109.151
76 516.627 724.12 5 11.4929 -108.578 -165.615
77 516.354 724.539 5 11.7485 -86.3521 -2.66073
78 516.081 724.957 5 12.0195 -95.6668 173.217
