1 509.951 714.045 5 5.19407 -62.6609 -36.1253
2 510.37 714.318 5 4.70257 -64.6454 44.1739
3 510.79 714.59 5 4.21308 -63.8773 -111.957
4 511.209 714.862 5 3.72638 -60.3295 53.2146
5 511.628 715.135 5 3.24372 -69.2684 91.7186
6 512.048 715.407 5 2.76723 -58.3484 -8.77092
7 512.467 715.679 5 2.30074 -70.3227 -99.5981
8 512.886 715.952 5 1.85182 -59.0672 -168.989
9 513.306 716.224 5 1.43704 -53.1777 51.3517
10 513.725 716.496 5 1.09586 -41.0088 -60.9173
11 514.144 716.769 5 0.914745 -44.468 115.035
12 514.564 717.041 5 0.986205 -118.38 -158.818
13 514.983 717.313 5 1.26824 -122.158 20.9533
14 509.679 714.465 5 5.30433 -63.1577 32.8934
15 510.098 714.737 5 4.82408 -65.0365 156.1
16 510.517 715.009 5 4.34829 -62.4059 -153.606
17 510.937 715.282 5 3.87859 -67.7378 -39.3775
18 511.356 715.554 5 3.4175 -62.8886 52.3322
19 511.775 715.826 5 2.96903 -65.294 -20.1607
20 512.195 716.099 5 2.53988 -66.0106 -79.6715
21 512.614 716.371 5 2.14169 -54.3487 -179.745
22 513.033 716.643 5 1.79518 -45.7424 100.574
23 513.453 716.916 5 1.53574 -48.4998 99.1218
24 513.872 717.188 5 1.41222 -47.7026 120.531
25 514.291 717.46 5 1.45952 -56.4628 -31.9086
26 514.711 717.733 5 1.66314 -66.1276 72.0743
27 509.406 714.884 5 5.45835 -63.1077 87.1636
28 509.826 715.156 5 4.99293 -62.3829 -90.4724
29 510.245 715.429 5 4.53489 -67.0628 111.196
30 510.664 715.701 5 4.08669 -61.3911 -69.1385
31 511.084 715.973 5 3.65197 -57.7398 85.1451
32 511.503 716.246 5 3.23616 -68.7067 -7.78941
33 511.922 716.518 5 2.84756 -53.9516 -59.936
34 512.342 716.79 5 2.49888 -48.764 -114.06
35 512.761 717.063 5 2.20913 -48.0849 -30.0005
36 513.18 717.335 5 2.00402 -55.4753 -165.27
37 513.6 717.607 5 1.91101 -49.4916 95.1756
38 514.019 717.88 5 1.94622 -55.479 32.5825
39 514.438 718.152 5 2.10324 -65.1704 175.075
40 509.134 715.303 5 5.65253 -64.6823 91.5695
41 509.553 715.576 5 5.20451 -56.3759 -41.927
42 509.973 715.848 5 4.76685 -58.1755 140.43
43 510.392 716.12 5 4.34266 -59.151 -111.304
44 510.811 716.393 5 3.9363 -74.7655 93.305
45 511.231 716.665 5 3.55392 -56.6299 69.2814
46 511.65 716.937 5 3.20409 -54.7642 8.55257
47 512.069 717.21 5 2.89862 -49.4664 153.049
48 512.489 717.482 5 2.6529 -53.8501 104.886
49 512.908 717.754 5 2.48469 -49.2271 -69.93
50 513.327 718.027 5 2.4103 -49.2813 120.38
51 513.747 718.299 5 2.43832 -54.9309 72.2124
52 514.166 718.571 5 2.56539 -75.8545 41.1395
53 508.862 715.723 5 5.88292 -68.6112 93.8876
54 509.281 715.995 5 5.45386 -60.4971 -58.1175
55 509.7 716.267 5 5.0379 -62.4499 102.978
56 510.12 716.54 5 4.63856 -62.5623 -69.8105
57 510.539 716.812 5 4.26053 -54.9538 -158.516
58 510.958 717.084 5 3.90998 -55.9582 111.079
59 511.378 717.357 5 3.59496 -52.7293 -47.2127
60 511.797 717.629 5 3.3256 -54.8787 -22.8081
61 512.216 717.901 5 3.11375 -57.1789 -121.492
62 512.636 718.174 5 2.97175 -52.3746 -57.2803
63 513.055 718.446 5 2.90983 -54.3486 124.015
64 513.474 718.718 5 2.93308 -61.8399 100.063
65 513.894 718.991 5 3.03954 -62.5573 89.2381
66 508.589 716.142 5 6.14543 -70.7357 -42.7341
67 509.009 716.414 5 5.73604 -60.1362 -136.657
68 509.428 716.687 5 5.3421 -72.5011 25.6374
69 509.847 716.959 5 4.96728 -56.229 -9.29596
70 510.267 717.231 5 4.61624 -53.3679 -135.792
71 510.686 717.504 5 4.29483 -58.8864 43.093
72 511.105 717.776 5 4.01016 -52.5786 166.592
73 511.525 718.048 5 3.77057 -53.8543 119.794
74 511.944 718.321 5 3.58511 -56.1346 -52.7976
75 512.363 718.593 5 3.4625 -60.3174 -28.0122
76 512.783 718.865 5 3.40951 -56.1381 94.5337
77 513.202 719.138 5 3.42937 -56.5295 102.195
78 513.621 719.41 5 3.52085 -65.5519 163.245
79 510.414 717.923 5 4.7014 -53.2462 -30.6723
80 510.833 718.195 5 4.44285 -52.9797 -8.88146
81 511.672 718.74 5 4.06333 -57.241 30.6225
82 512.091 719.012 5 3.95556 -63.1706 -9.95835
83 512.51 719.285 5 3.90926 -55.7527 101.59
84 512.93 719.557 5 3.9266 -57.3466 118.75
85 513.349 719.829 5 4.00674 -61.4606 144.686
86 510.141 718.342 5 5.12452 -48.4212 -176.693
87 510.561 718.615 5 4.88841 -63.2851 159.151
88 511.399 719.159 5 4.54623 -54.5022 99.5451
89 511.819 719.432 5 4.45018 -53.8723 -6.91255
90 512.238 719.704 5 4.40907 -54.5365 84.1286
91 512.657 719.976 5 4.42445 -56.595 123.699
92 513.077 720.249 5 4.49573 -59.0091 -113.809
93 509.869 718.762 5 5.56042 -46.4648 24.0521
94 510.288 719.034 5 5.34361 -58.0309 -51.5559
95 511.127 719.579 5 5.03248 -52.4164 91.2062
96 511.546 719.851 5 4.94587 -66.5875 -163.953
97 511.966 720.123 5 4.90892 -57.8936 44.9703
98 512.385 720.396 5 4.92274 -63.9526 153.437
99 512.804 720.668 5 4.9869 -60.7579 113.078
100 509.597 719.181 5 6.00632 -50.7471 -166.206
101 510.016 719.453 5 5.80618 -57.9938 -113.454
102 509.324 719.6 5 6.46015 -58.2472 47.704
103 509.744 719.873 5 6.2745 -51.5637 45.145
104 509.052 720.02 5 6.92034 -62.0107 159.581
105 509.471 720.292 5 6.74736 -56.0586 -106.131
