1 514.644 719.84 5 5.11017 -80.1908 -112.898
2 514.371 720.259 5 5.43721 -88.1007 -144.382
3 514.097 720.678 5 5.789 -80.002 -104.741
4 513.824 721.096 5 6.16133 -80.8233 97.9374
5 513.551 721.515 5 6.55067 -78.4446 -140.154
6 513.278 721.934 5 6.95419 -87.7503 145.547
7 513.004 722.353 5 7.36954 -77.4599 43.4316
8 512.731 722.771 5 7.79483 -74.3147 91.8779
9 512.458 723.19 5 8.22854 -93.1459 -136.687
10 512.185 723.609 5 8.66938 -92.6084 -156.843
11 515.063 720.113 5 5.50895 -81.5852 156.153
12 514.789 720.532 5 5.8136 -80.3829 73.1539
13 514.516 720.951 5 6.14388 -85.1917 -95.1049
14 514.243 721.37 5 6.49589 -73.733 -111.663
15 513.97 721.788 5 6.8663 -87.2218 -39.4587
16 513.696 722.207 5 7.25227 -80.7161 112.938
17 513.423 722.626 5 7.65146 -80.2695 124.913
18 513.15 723.045 5 8.06189 -76.1821 118.86
19 512.877 723.463 5 8.48195 -77.1779 130.423
20 512.603 723.882 5 8.91027 -80.2746 132.246
21 515.481 720.387 5 5.92311 -67.4814 -46.5592
22 515.208 720.805 5 6.20746 -69.3567 -159.988
23 514.935 721.224 5 6.51782 -75.9592 -111.254
24 514.662 721.643 5 6.85065 -77.7636 -121.863
25 514.388 722.062 5 7.20283 -82.1024 -99.8844
26 514.115 722.48 5 7.57166 -82.098 -125.369
27 513.842 722.899 5 7.95484 -81.1613 -89.4889
28 513.568 723.318 5 8.35038 -78.8746 -114.949
29 513.295 723.737 5 8.75661 -78.5483 -132.552
30 513.022 724.155 5 9.17211 -82.3358 -102.96
31 515.9 720.66 5 6.34964 -73.6111 101.505
32 515.627 721.079 5 6.61569 -69.3242 -159.596
33 515.353 721.497 5 6.90773 -69.7535 -161.389
34 515.08 721.916 5 7.22261 -73.769 -72.5006
35 514.807 722.335 5 7.55747 -92.8386 -26.1587
36 514.534 722.754 5 7.90979 -86.0399 -159.602
37 514.26 723.172 5 8.27733 -78.4822 -129.725
38 513.987 723.591 5 8.65815 -75.0442 -129.162
39 516.319 720.933 5 6.78621 -83.4088 -109.031
40 516.045 721.352 5 7.03577 -81.9462 154.491
41 515.772 721.771 5 7.31105 -82.6574 60.6355
42 515.499 722.189 5 7.60925 -66.8603 -65.2368
43 515.226 722.608 5 7.92781 -73.9308 89.8703
44 514.952 723.027 5 8.26435 -80.6324 108.045
45 514.679 723.446 5 8.61678 -77.5594 115.664
46 514.406 723.864 5 8.98322 -85.2164 -46.7802
47 516.737 721.206 5 7.231 -81.3265 -142.346
48 516.464 721.625 5 7.4657 -83.9425 17.9715
49 516.191 722.044 5 7.72568 -82.8263 -39.5751
50 515.918 722.463 5 8.00846 -80.6194 -103.954
51 515.644 722.881 5 8.31173 -73.7845 151.781
52 515.371 723.3 5 8.63332 -64.9511 -21.9978
53 515.098 723.719 5 8.97126 -75.1 -31.0692
54 514.825 724.138 5 9.32378 -87.8486 34.6604
55 517.156 721.48 5 7.68258 -81.6488 41.2644
56 516.883 721.898 5 7.90389 -81.8644 2.20507
57 516.61 722.317 5 8.14989 -87.1644 104.933
58 516.336 722.736 5 8.41844 -75.0094 -19.1648
59 516.063 723.155 5 8.70744 -101.364 149.397
60 515.79 723.573 5 9.01493 -86.5534 -151.771
61 515.517 723.992 5 9.33907 -84.0872 -32.2353
62 515.243 724.411 5 9.6782 -97.0512 151.768
63 517.575 721.753 5 8.13982 -89.7137 34.143
64 517.302 722.172 5 8.34902 -82.6988 -121.093
65 517.028 722.59 5 8.58228 -82.7146 36.6341
66 516.755 723.009 5 8.8377 -87.7629 49.9962
67 516.482 723.428 5 9.11341 -76.2215 -178.719
68 516.209 723.847 5 9.40764 -82.8298 1.14314
69 515.935 724.265 5 9.71869 -82.837 83.0531
70 515.662 724.684 5 10.045 -82.7156 -132.114
71 517.994 722.026 5 8.60183 -93.683 -157.782
72 517.72 722.445 5 8.80005 -99.1011 25.3392
73 517.447 722.864 5 9.02165 -79.2888 -152.68
74 517.174 723.282 5 9.26496 -81.8814 -92.2104
75 516.901 723.701 5 9.52832 -83.2786 -122.406
76 516.627 724.12 5 9.81011 -82.2331 4.18064
77 516.354 724.539 5 10.1088 -87.0934 -96.9609
78 516.081 724.957 5 10.4229 -97.5461 -89.2952
