1 505.473 717.831 5 6.75901 -88.4257 9.17808
2 505.747 717.412 5 6.27822 -83.0125 43.9704
3 506.02 716.994 5 5.80068 -78.9962 150.941
4 506.294 716.575 5 5.32727 -81.6831 126.295
5 506.567 716.157 5 4.85918 -82.2049 -80.0244
6 505.891 718.104 5 6.64424 -84.1583 78.9471
7 506.165 717.686 5 6.15449 -87.9027 -69.6111
8 506.439 717.267 5 5.66653 -85.25 -109.741
9 506.712 716.849 5 5.18088 -81.2913 145.021
10 506.986 716.43 5 4.69823 -87.5427 36.7374
11 506.31 718.378 5 6.56564 -85.0279 18.0209
12 506.584 717.96 5 6.06955 -83.8743 131.005
13 506.857 717.541 5 5.57417 -78.1809 58.7618
14 507.131 717.123 5 5.07968 -78.1136 -171.712
15 507.404 716.704 5 4.5864 -80.2372 -155.527
16 506.728 718.652 5 6.52452 -77.0466 -126.146
17 507.002 718.233 5 6.02505 -81.6034 -87.9156
18 507.276 717.815 5 5.52567 -86.8095 62.4163
19 507.549 717.396 5 5.02642 -85.5545 21.8251
20 507.823 716.978 5 4.52733 -79.6624 25.7426
21 507.147 718.925 5 6.52158 -84.1481 121.892
22 507.421 718.507 5 6.02187 -75.4662 -62.7747
23 507.694 718.088 5 5.52221 -76.5355 -102.495
24 507.968 717.67 5 5.02261 -79.3545 -89.0683
25 508.241 717.251 5 4.5231 -80.693 -11.8882
26 507.565 719.199 5 6.55689 -74.2277 153.617
27 507.839 718.78 5 6.06008 -79.2792 172.562
28 508.113 718.362 5 5.56385 -77.0102 151.552
29 508.386 717.943 5 5.06836 -71.8193 -163.744
30 508.66 717.525 5 4.57386 -90.1816 -12.6542
31 507.984 719.472 5 6.62982 -74.5216 -28.144
32 508.258 719.054 5 6.13892 -81.5636 151.261
33 508.531 718.635 5 5.64962 -79.5125 47.7605
34 508.805 718.217 5 5.16237 -97.9338 99.1916
35 509.078 717.798 5 4.67781 -94.9843 -179.93
36 508.402 719.746 5 6.73915 -74.401 53.8468
37 508.676 719.328 5 6.25684 -81.0287 -112.175
38 508.95 718.909 5 5.77753 -250 0
39 509.223 718.491 5 5.30205 -250 0
40 509.497 718.072 5 4.83152 -250 0
