1 514.644 719.84 5 5.5078 -82.9376 12.6413
2 514.371 720.259 5 5.81233 -92.5268 -146.59
3 514.097 720.678 5 6.14253 -82.051 -13.183
4 513.824 721.096 5 6.49446 -81.2303 53.4309
5 513.551 721.515 5 6.8648 -81.6918 -49.1243
6 513.278 721.934 5 7.25071 -102.236 63.0042
7 513.004 722.353 5 7.64985 -88.3449 -30.7038
8 512.731 722.771 5 8.06025 -92.231 134.607
9 512.458 723.19 5 8.48027 -93.7265 -35.8224
10 512.185 723.609 5 8.90856 -94.1203 -47.9142
11 515.063 720.113 5 5.92204 -79.3547 -133.735
12 514.789 720.532 5 6.20628 -86.2691 149.988
13 514.516 720.951 5 6.51654 -82.4665 171.977
14 514.243 721.37 5 6.84929 -75.8982 -170.706
15 513.97 721.788 5 7.2014 -87.0703 -117.318
16 513.696 722.207 5 7.57017 -85.2965 -133.045
17 513.423 722.626 5 7.9533 -86.156 -95.0769
18 513.15 723.045 5 8.34879 -83.7114 -126.895
19 512.877 723.463 5 8.75498 -82.5652 -156.053
20 512.603 723.882 5 9.17045 -88.6746 -139.531
21 515.481 720.387 5 6.34864 -71.0808 -64.484
22 515.208 720.805 5 6.61458 -76.5325 -52.516
23 514.935 721.224 5 6.90652 -81.5701 -30.7646
24 514.662 721.643 5 7.22132 -88.037 -67.7883
25 514.388 722.062 5 7.55611 -85.3262 -101.785
26 514.115 722.48 5 7.90836 -84.0242 -103.098
27 513.842 722.899 5 8.27584 -90.3864 176.333
28 513.568 723.318 5 8.65662 -88.5947 -47.742
29 513.295 723.737 5 9.049 -87.0513 -66.6447
30 513.022 724.155 5 9.45155 -93.3074 8.19599
31 515.9 720.66 5 6.78527 -74.827 116.04
32 515.627 721.079 5 7.03472 -74.1208 -19.7822
33 515.353 721.497 5 7.30991 -82.032 -11.6809
34 515.08 721.916 5 7.60803 -85.1408 -99.6972
35 514.807 722.335 5 7.92651 -75.3584 25.6797
36 514.534 722.754 5 8.26298 -85.1402 -119.511
37 514.26 723.172 5 8.61535 -80.9547 -106.076
38 513.987 723.591 5 8.98174 -81.0407 -79.0359
39 516.319 720.933 5 7.23012 -87.8594 -108.87
40 516.045 721.352 5 7.46472 -87.963 144.3
41 515.772 721.771 5 7.7246 -77.4496 164.59
42 515.499 722.189 5 8.0073 -77.4311 1.32669
43 515.226 722.608 5 8.31049 -79.0162 -147.079
44 514.952 723.027 5 8.63201 -75.8575 -58.0013
45 514.679 723.446 5 8.96989 -74.3314 92.677
46 514.406 723.864 5 9.32236 -91.571 63.3694
47 516.737 721.206 5 7.68175 -87.2803 89.6361
48 516.464 721.625 5 7.90296 -87.082 -127.95
49 516.191 722.044 5 8.14887 -89.4098 -57.6966
50 515.918 722.463 5 8.41733 -85.1479 -21.6483
51 515.644 722.881 5 8.70626 -82.1295 -168.557
52 515.371 723.3 5 9.01367 -77.1637 77.9302
53 515.098 723.719 5 9.33776 -75.9981 -50.2699
54 514.825 724.138 5 9.67683 -85.121 156.146
55 517.156 721.48 5 8.13904 -84.074 159.498
56 516.883 721.898 5 8.34814 -90.3737 81.9385
57 516.61 722.317 5 8.58131 -88.6325 63.2377
58 516.336 722.736 5 8.83664 -85.2857 -87.7988
59 516.063 723.155 5 9.11228 -87.1136 47.7061
60 515.79 723.573 5 9.40643 -91.2681 -32.8036
61 515.517 723.992 5 9.71743 -79.6547 177.623
62 515.243 724.411 5 10.0437 -82.3153 -62.2405
63 517.575 721.753 5 8.60109 -95.5483 118.254
64 517.302 722.172 5 8.79921 -103.724 -14.6951
65 517.028 722.59 5 9.02073 -90.4701 -61.7536
66 516.755 723.009 5 9.26396 -82.7119 88.7156
67 516.482 723.428 5 9.52724 -95.6412 176.046
68 516.209 723.847 5 9.80896 -92.9697 -57.7716
69 515.935 724.265 5 10.1076 -88.545 -124.091
70 515.662 724.684 5 10.4216 -94.5521 11.613
71 517.994 722.026 5 9.06716 -89.6937 161.74
72 517.72 722.445 5 9.25531 -89.5423 -31.8481
73 517.447 722.864 5 9.46616 -98.0834 0.904693
74 517.174 723.282 5 9.69823 -87.7085 87.8093
75 516.901 723.701 5 9.95002 -89.8392 -10.0635
76 516.627 724.12 5 10.2201 -84.8008 130.876
77 516.354 724.539 5 10.507 -95.658 90.5564
78 516.081 724.957 5 10.8095 -88.5707 -90.9149
