1 505.473 717.831 5 9.07244 -83.2668 21.9459
2 505.747 717.412 5 8.71892 -108.797 125.246
3 506.02 716.994 5 8.38033 -84.9969 -157.956
4 506.294 716.575 5 8.05855 -85.4258 -154.774
5 506.567 716.157 5 7.75568 -81.4601 22.9695
6 505.891 718.104 5 8.73332 -82.0983 10.1843
7 506.165 717.686 5 8.36548 -102.808 -60.2995
8 506.439 717.267 5 8.01197 -86.6741 -179.391
9 506.712 716.849 5 7.67476 -85.7598 64.8283
10 506.986 716.43 5 7.3561 -92.6667 -155.017
11 506.31 718.378 5 8.41027 -79.7881 -10.9316
12 506.584 717.96 5 8.02764 -81.0269 -53.8923
13 506.857 717.541 5 7.65855 -88.5002 178.229
14 507.131 717.123 5 7.30505 -85.9053 11.4238
15 507.404 716.704 5 6.96951 -83.0559 9.39708
16 506.728 718.652 5 8.10521 -79.5238 153.701
17 507.002 718.233 5 7.70745 -80.3031 45.3252
18 507.276 717.815 5 7.32224 -89.7798 121.96
19 507.549 717.396 5 6.95165 -78.7207 -116.911
20 507.823 716.978 5 6.59817 -82.512 -110.199
21 507.147 718.925 5 7.82025 -93.7116 -65.919
22 507.421 718.507 5 7.4072 -85.0423 58.4235
23 507.694 718.088 5 7.00549 -81.4048 132.553
24 507.968 717.67 5 6.61719 -83.9254 109.765
25 508.241 717.251 5 6.2448 -79.3009 42.7331
26 507.565 719.199 5 7.55765 -85.273 8.67076
27 507.839 718.78 5 7.1294 -78.167 -15.6063
28 508.113 718.362 5 6.71109 -89.8449 112.911
29 508.386 717.943 5 6.30468 -94.8513 -116.249
30 508.66 717.525 5 5.91264 -80.9669 67.3837
31 507.984 719.472 5 7.31982 -85.7344 -172.286
32 508.258 719.054 5 6.87678 -77.2514 -100.055
33 508.531 718.635 5 6.44208 -78.1766 50.9565
34 508.805 718.217 5 6.01754 -93.5754 24.9011
35 509.078 717.798 5 5.60545 -111.122 -29.1944
36 508.402 719.746 5 7.10926 -73.8132 -26.8407
37 508.676 719.328 5 6.65221 -72.0029 -138.113
38 508.95 718.909 5 6.20179 -178.444 120.952
39 509.223 718.491 5 5.75956 -250 0
40 509.497 718.072 5 5.32756 -250 0
