1 505.473 717.831 5 7.09388 -86.9657 -24.3327
2 505.747 717.412 5 6.63703 -96.507 24.4438
3 506.02 716.994 5 6.18686 -92.7141 -4.22856
4 506.294 716.575 5 5.74494 -87.4749 -150.845
5 506.567 716.157 5 5.31332 -83.7751 101.586
6 505.891 718.104 5 6.91266 -81.3519 -51.349
7 506.165 717.686 5 6.44297 -81.7301 -56.1459
8 506.439 717.267 5 5.97821 -81.5652 11.199
9 506.712 716.849 5 5.5196 -87.5216 -79.8961
10 506.986 716.43 5 5.06884 -84.2488 -30.2869
11 506.31 718.378 5 6.76362 -82.2213 -25.2959
12 506.584 717.96 5 6.2828 -87.8663 -114.311
13 506.857 717.541 5 5.80523 -89.4146 64.9053
14 507.131 717.123 5 5.33177 -87.9976 170.931
15 507.404 716.704 5 4.86362 -89.0283 -3.48325
16 506.728 718.652 5 6.64893 -82.3737 -43.4119
17 507.002 718.233 5 6.15917 -80.7752 -84.2061
18 507.276 717.815 5 5.67119 -88.3153 -101.989
19 507.549 717.396 5 5.18551 -84.9711 157.511
20 507.823 716.978 5 4.70282 -85.0879 116.646
21 507.147 718.925 5 6.57039 -79.7115 -171.198
22 507.421 718.507 5 6.07429 -89.5244 89.797
23 507.694 718.088 5 5.5789 -83.1266 19.554
24 507.968 717.67 5 5.08441 -78.4373 -148.943
25 508.241 717.251 5 4.59111 -77.9999 -0.260212
26 507.565 719.199 5 6.5293 -80.2434 -128.808
27 507.839 718.78 5 6.02982 -77.5019 -106.774
28 508.113 718.362 5 5.53045 -87.8684 -84.5114
29 508.386 717.943 5 5.03119 -74.1386 -135.371
30 508.66 717.525 5 4.53211 -74.1217 40.2873
31 507.984 719.472 5 6.52636 -78.775 65.1313
32 508.258 719.054 5 6.02665 -73.5525 172.063
33 508.531 718.635 5 5.52698 -72.0321 19.8575
34 508.805 718.217 5 5.02739 -91.3324 -60.7566
35 509.078 717.798 5 4.52788 -91.5258 -5.09365
36 508.402 719.746 5 6.56164 -72.0021 -32.8102
37 508.676 719.328 5 6.06483 -73.9833 -125.212
38 508.95 718.909 5 5.5686 -250 0
39 509.223 718.491 5 5.0731 -250 0
40 509.497 718.072 5 4.57858 -250 0
