1 514.644 719.84 5 8.13437 -82.6154 150.098
2 514.371 720.259 5 8.34287 -84.7227 45.4159
3 514.097 720.678 5 8.57548 -82.8817 -45.3504
4 513.824 721.096 5 8.83032 -92.9713 2.41049
5 513.551 721.515 5 9.10549 -77.2196 -92.7649
6 513.278 721.934 5 9.39923 -82.5004 101.293
7 513.004 722.353 5 9.70984 -81.8288 140.888
8 512.731 722.771 5 10.0358 -91.4776 -95.9861
9 512.458 723.19 5 10.3756 -87.023 -100.229
10 512.185 723.609 5 10.7279 -88.2057 -69.9396
11 515.063 720.113 5 8.59666 -79.9572 -176.72
12 514.789 720.532 5 8.79421 -83.6095 -22.7328
13 514.516 720.951 5 9.01519 -81.9102 -91.111
14 514.243 721.37 5 9.25792 -83.8269 -61.7533
15 513.97 721.788 5 9.52075 -82.5682 73.5994
16 513.696 722.207 5 9.80205 -93.2735 17.7793
17 513.423 722.626 5 10.1003 -82.053 -148.33
18 513.15 723.045 5 10.414 -86.8137 56.1201
19 512.877 723.463 5 10.7418 -118.875 37.535
20 512.603 723.882 5 11.0825 -93.5246 154.122
21 515.481 720.387 5 9.06296 -74.6335 -116.558
22 515.208 720.805 5 9.25055 -71.383 -96.3343
23 514.935 721.224 5 9.46088 -79.03 -57.5456
24 514.662 721.643 5 9.69246 -82.0838 -61.4054
25 514.388 722.062 5 9.94381 -83.4141 -16.0444
26 514.115 722.48 5 10.2135 -82.2324 -125.595
27 513.842 722.899 5 10.5 -85.0686 -151.012
28 513.568 723.318 5 10.8021 -81.4063 -116.849
29 513.295 723.737 5 11.1185 -76.1442 -107.993
30 513.022 724.155 5 11.448 -79.6427 -88.3908
31 515.9 720.66 5 9.53268 -88.7814 39.7541
32 515.627 721.079 5 9.7112 -79.3709 -136.213
33 515.353 721.497 5 9.91176 -77.7663 -140.692
34 515.08 721.916 5 10.133 -80.7393 -100.09
35 514.807 722.335 5 10.3737 -85.0713 103.774
36 514.534 722.754 5 10.6325 -74.7299 147.983
37 514.26 723.172 5 10.908 -91.1587 164.135
38 513.987 723.591 5 11.1991 -74.4374 -137.855
39 516.319 720.933 5 10.0053 -96.763 -98.03
40 516.045 721.352 5 10.1756 -86.5217 133.726
41 515.772 721.771 5 10.3671 -76.2263 130.561
42 515.499 722.189 5 10.5789 -79.5014 -127.304
43 515.226 722.608 5 10.8097 -84.1067 -29.016
44 514.952 723.027 5 11.0582 -77.709 -18.7227
45 514.679 723.446 5 11.3234 -95.965 65.5097
46 514.406 723.864 5 11.6041 -93.5299 -162.762
47 516.737 721.206 5 10.4805 -94.1399 -34.1102
48 516.464 721.625 5 10.6432 -92.4511 -59.8012
49 516.191 722.044 5 10.8265 -86.4433 124.966
50 515.918 722.463 5 11.0294 -89.3903 57.7599
51 515.644 722.881 5 11.2509 -75.4893 165.425
52 515.371 723.3 5 11.4899 -85.9662 1.03263
53 515.098 723.719 5 11.7454 -80.6826 45.2293
54 514.825 724.138 5 12.0162 -97.122 177.362
55 517.156 721.48 5 10.9579 -76.3904 -11.5711
56 516.883 721.898 5 11.1136 -82.3686 175.558
57 516.61 722.317 5 11.2892 -82.1073 -149.592
58 516.336 722.736 5 11.484 -88.9114 157.057
59 516.063 723.155 5 11.6969 -85.5011 52.8001
60 515.79 723.573 5 11.927 -95.8786 -103.488
61 515.517 723.992 5 12.1733 -81.7024 -171.3
62 515.243 724.411 5 12.4348 -82.4032 156.345
63 517.575 721.753 5 11.4372 -86.3587 -93.248
64 517.302 722.172 5 11.5865 -78.5214 149.853
65 517.028 722.59 5 11.7551 -83.2607 30.3597
66 516.755 723.009 5 11.9422 -84.6471 -176.263
67 516.482 723.428 5 12.1471 -93.6671 -89.5405
68 516.209 723.847 5 12.3688 -92.1577 -83.3074
69 515.935 724.265 5 12.6065 -91.6222 -156.968
70 515.662 724.684 5 12.8592 -91.1234 -34.2441
71 517.994 722.026 5 11.9183 -80.7492 -0.896659
72 517.72 722.445 5 12.0615 -83.7205 142.064
73 517.447 722.864 5 12.2236 -84.5048 4.34515
74 517.174 723.282 5 12.4037 -84.1919 -160.169
75 516.901 723.701 5 12.6011 -84.4922 12.3715
76 516.627 724.12 5 12.8149 -83.7593 -158.608
77 516.354 724.539 5 13.0445 -91.386 -150.871
78 516.081 724.957 5 13.2889 -86.1557 -19.1215
