1 505.473 717.831 5 9.42755 -86.8885 -7.78995
2 505.747 717.412 5 9.08772 -79.9138 -2.23699
3 506.02 716.994 5 8.76325 -87.4469 111.651
4 506.294 716.575 5 8.45591 -97.493 -50.284
5 506.567 716.157 5 8.16764 -89.9013 -63.8812
6 505.891 718.104 5 9.07416 -83.5748 43.6392
7 506.165 717.686 5 8.72057 -87.5343 -144.881
8 506.439 717.267 5 8.3819 -82.0336 -128.771
9 506.712 716.849 5 8.06004 -80.2957 138.875
10 506.986 716.43 5 7.75707 -85.6719 -39.4107
11 506.31 718.378 5 8.73511 -84.1033 -45.3398
12 506.584 717.96 5 8.3672 -75.3861 -17.2576
13 506.857 717.541 5 8.01362 -85.9789 119.136
14 507.131 717.123 5 7.67633 -90.8083 -153.014
15 507.404 716.704 5 7.35758 -85.3167 20.2601
16 506.728 718.652 5 8.41213 -81.9669 -168.887
17 507.002 718.233 5 8.02944 -87.7096 -154.222
18 507.276 717.815 5 7.66028 -82.9971 78.8599
19 507.549 717.396 5 7.30669 -82.1722 -99.3224
20 507.823 716.978 5 6.97106 -86.9011 -71.3715
21 507.147 718.925 5 8.10714 -80.2996 26.6266
22 507.421 718.507 5 7.70932 -80.9648 -84.1949
23 507.694 718.088 5 7.32404 -78.3975 99.0403
24 507.968 717.67 5 6.95338 -94.419 -12.0826
25 508.241 717.251 5 6.59981 -88.6569 167.222
26 507.565 719.199 5 7.82224 -79.6894 99.5603
27 507.839 718.78 5 7.40914 -79.6382 8.23591
28 508.113 718.362 5 7.00738 -86.4594 -113.613
29 508.386 717.943 5 6.61901 -77.8823 43.9408
30 508.66 717.525 5 6.24654 -103.431 -114.448
31 507.984 719.472 5 7.55971 -79.4419 -133.916
32 508.258 719.054 5 7.13142 -80.4043 1.54591
33 508.531 718.635 5 6.71306 -79.6914 -110.899
34 508.805 718.217 5 6.30659 -93.3741 -59.2586
35 509.078 717.798 5 5.91447 -95.6975 -0.57269
36 508.402 719.746 5 7.32195 -74.9215 88.3937
37 508.676 719.328 5 6.87888 -74.9559 -43.2824
38 508.95 718.909 5 6.44414 -250 0
39 509.223 718.491 5 6.01954 -250 0
40 509.497 718.072 5 5.60739 -250 0
