1 505.473 717.831 5 6.64189 -99.8058 94.5981
2 505.747 717.412 5 6.15215 -84.1409 -28.2226
3 506.02 716.994 5 5.66421 -85.1705 86.3668
4 506.294 716.575 5 5.17856 -86.3619 -32.4602
5 506.567 716.157 5 4.69593 -79.3946 -159.852
6 505.891 718.104 5 6.56327 -88.6109 -41.7155
7 506.165 717.686 5 6.06718 -88.6135 99.268
8 506.439 717.267 5 5.5718 -80.4749 167.063
9 506.712 716.849 5 5.07732 -80.8387 24.5246
10 506.986 716.43 5 4.58404 -85.333 164.402
11 506.31 718.378 5 6.52213 -80.4084 -55.4541
12 506.584 717.96 5 6.02266 -82.3727 22.1492
13 506.857 717.541 5 5.52328 -80.4695 -102.565
14 507.131 717.123 5 5.02403 -81.4583 64.0273
15 507.404 716.704 5 4.52495 -78.927 149.181
16 506.728 718.652 5 6.51919 -84.0697 -154.537
17 507.002 718.233 5 6.01948 -83.2243 52.2622
18 507.276 717.815 5 5.51982 -74.3155 -63.2183
19 507.549 717.396 5 5.02022 -77.7105 -6.53136
20 507.823 716.978 5 4.52071 -85.4662 -40.9352
21 507.147 718.925 5 6.55451 -83.5161 -1.04991
22 507.421 718.507 5 6.05771 -76.8109 -175.219
23 507.694 718.088 5 5.56148 -78.4962 -163.392
24 507.968 717.67 5 5.066 -85.4961 -92.4527
25 508.241 717.251 5 4.57149 -78.334 -50.4787
26 507.565 719.199 5 6.62746 -78.0918 34.7551
27 507.839 718.78 5 6.13657 -86.652 162.18
28 508.113 718.362 5 5.64728 -89.9716 -18.7133
29 508.386 717.943 5 5.16004 -94.1501 -163.985
30 508.66 717.525 5 4.6755 -80.0259 -58.7229
31 507.984 719.472 5 6.73684 -79.7411 -24.3775
32 508.258 719.054 5 6.25454 -82.0063 32.4004
33 508.531 718.635 5 5.77525 -80.924 -21.4355
34 508.805 718.217 5 5.29979 -103.293 123.835
35 509.078 717.798 5 4.82928 -91.7779 91.5263
36 508.402 719.746 5 6.88089 -72.4213 -5.4156
37 508.676 719.328 5 6.40944 -84.3878 -167.45
38 508.95 718.909 5 5.94266 -250 0
39 509.223 718.491 5 5.48174 -250 0
40 509.497 718.072 5 5.02829 -250 0
