1 505.473 717.831 5 0.732063 -35.2308 -115.559
2 505.747 717.412 5 1.21631 -38.9633 -17.8975
3 506.02 716.994 5 1.70965 -39.9153 22.7351
4 506.294 716.575 5 2.20599 -44.614 24.5003
5 506.567 716.157 5 2.70368 -42.0215 35.6328
6 505.891 718.104 5 1.01015 -43.4987 -136.978
7 506.165 717.686 5 1.40139 -54.6637 90.8708
8 506.439 717.267 5 1.84591 -41.0878 -95.545
9 506.712 716.849 5 2.3132 -46.8642 15.8428
10 506.986 716.43 5 2.79184 -42.2406 119.422
11 506.31 718.378 5 1.41594 -50.6933 -7.45989
12 506.584 717.96 5 1.71708 -45.0211 -25.0962
13 506.857 717.541 5 2.09568 -48.9009 -82.9199
14 507.131 717.123 5 2.51701 -50.9538 159.61
15 507.404 716.704 5 2.96291 -54.7686 -89.5958
16 506.728 718.652 5 1.86798 -54.3665 -73.9756
17 507.002 718.233 5 2.10544 -54.5163 -92.8411
18 507.276 717.815 5 2.42412 -48.5311 134.01
19 507.549 717.396 5 2.7964 -52.6225 96.115
20 507.823 716.978 5 3.20364 -52.1837 -58.8459
21 507.147 718.925 5 2.33963 -54.135 -168.36
22 507.421 718.507 5 2.53325 -55.5411 58.3777
23 507.694 718.088 5 2.80372 -55.97 -61.8292
24 507.968 717.67 5 3.13119 -53.1616 -139.281
25 508.241 717.251 5 3.49969 -59.8237 -134.879
26 507.565 719.199 5 2.82105 -58.6563 -46.3249
27 507.839 718.78 5 2.98359 -57.8423 170.39
28 508.113 718.362 5 3.21641 -59.5945 -132.718
29 508.386 717.943 5 3.50554 -62.9663 -149.026
30 508.66 717.525 5 3.83827 -51.496 6.49727
31 507.984 719.472 5 3.30799 -61.1897 97.2526
32 508.258 719.054 5 3.44765 -56.3665 -138.02
33 508.531 718.635 5 3.651 -60.8733 46.7899
34 508.805 718.217 5 3.90811 -55.2723 85.4943
35 509.078 717.798 5 4.20913 -66.1508 -54.3625
36 508.402 719.746 5 3.79833 -60.0731 117.444
37 508.676 719.328 5 3.92056 -63.6225 -108.58
38 508.95 718.909 5 4.10052 -95.6623 -101.367
39 509.223 718.491 5 4.33102 -95.222 117.459
40 509.497 718.072 5 4.60448 -94.8082 149.127
