1 514.644 719.84 5 8.96506 -117.017 155.113
2 514.371 720.259 5 8.75229 -107.28 136.287
3 514.097 720.678 5 8.56347 -105.076 -154.992
4 513.824 721.096 5 8.4002 -113.806 -150.183
5 513.551 721.515 5 8.264 -119.374 -141.565
6 513.278 721.934 5 8.15623 -102.869 36.521
7 513.004 722.353 5 8.07802 -105.529 47.0634
8 512.731 722.771 5 8.03024 -99.5749 -30.0637
9 512.458 723.19 5 8.01343 -93.8069 178.461
10 512.185 723.609 5 8.02779 -79.6128 -172.636
11 515.063 720.113 5 9.41465 -109.635 -169.134
12 514.789 720.532 5 9.21228 -100.977 -143.036
13 514.516 720.951 5 9.03307 -107.114 -142.011
14 514.243 721.37 5 8.87844 -109.276 136.05
15 513.97 721.788 5 8.74969 -106.797 -134.388
16 513.696 722.207 5 8.64797 -99.7216 -178.495
17 513.423 722.626 5 8.57425 -96.4187 168.402
18 513.15 723.045 5 8.52925 -103.343 -3.40524
19 512.877 723.463 5 8.51343 -85.3282 42.9517
20 512.603 723.882 5 8.52695 -85.7017 -50.4157
21 515.481 720.387 5 9.8691 -107.385 167.385
22 515.208 720.805 5 9.67623 -104.033 -132.548
23 514.935 721.224 5 9.50578 -111.131 176.764
24 514.662 721.643 5 9.35896 -94.8746 -140.114
25 514.388 722.062 5 9.23691 -102.037 107.252
26 514.115 722.48 5 9.14061 -100.753 -43.537
27 513.842 722.899 5 9.0709 -99.1969 -79.3331
28 513.568 723.318 5 9.02837 -102.563 74.1981
29 513.295 723.737 5 9.01343 -106.694 114.841
30 513.022 724.155 5 9.0262 -81.1201 -116.634
31 515.9 720.66 5 10.3278 -84.6336 73.4508
32 515.627 721.079 5 10.1436 -80.9436 -14.6514
33 515.353 721.497 5 9.98114 -89.3161 -174.978
34 515.08 721.916 5 9.84142 -110.764 -119.693
35 514.807 722.335 5 9.72543 -93.329 -48.9258
36 514.534 722.754 5 9.63402 -94.034 -171.659
37 514.26 723.172 5 9.56789 -99.3302 50.0686
38 513.987 723.591 5 9.52759 -121.056 122.727
39 516.319 720.933 5 10.7901 -76.8461 -37.7376
40 516.045 721.352 5 10.614 -65.8418 60.939
41 515.772 721.771 5 10.4588 -76.1538 -18.6699
42 515.499 722.189 5 10.3255 -89.2679 -113.016
43 515.226 722.608 5 10.2151 -94.7475 -2.21569
44 514.952 723.027 5 10.1281 -110.596 107.577
45 514.679 723.446 5 10.0652 -128.642 -74.2334
46 514.406 723.864 5 10.0269 -250 0
47 516.737 721.206 5 11.2556 -87.0255 67.7212
48 516.464 721.625 5 11.0869 -78.6933 106.221
49 516.191 722.044 5 10.9385 -88.7263 -168.842
50 515.918 722.463 5 10.8111 -101.058 -80.121
51 515.644 722.881 5 10.7056 -123.506 -23.0465
52 515.371 723.3 5 10.6227 -113.06 95.8025
53 515.098 723.719 5 10.5627 -95.4041 11.2969
54 514.825 724.138 5 10.5262 -250 0
55 517.156 721.48 5 11.724 -80.2091 29.0719
56 516.883 721.898 5 11.5621 -87.629 -164.154
57 516.61 722.317 5 11.4199 -92.6165 163.779
58 516.336 722.736 5 11.298 -114.585 -163.746
59 516.063 723.155 5 11.1971 -104.036 -71.0931
60 515.79 723.573 5 11.1178 -129.917 -127.752
61 515.517 723.992 5 11.0605 -105.583 23.972
62 515.243 724.411 5 11.0257 -250 0
63 517.575 721.753 5 12.1949 -87.8446 -123.902
64 517.302 722.172 5 12.0394 -88.9174 -41.7552
65 517.028 722.59 5 11.9028 -108.18 -54.7762
66 516.755 723.009 5 11.7859 -105.463 24.0486
67 516.482 723.428 5 11.6892 -109.003 119.213
68 516.209 723.847 5 11.6133 -98.1616 90.08
69 515.935 724.265 5 11.5585 -111.754 -66.1162
70 515.662 724.684 5 11.5251 -120.727 161.5
71 517.994 722.026 5 12.6681 -90.7553 172.061
72 517.72 722.445 5 12.5184 -94.3173 26.4893
73 517.447 722.864 5 12.3871 -104.18 -20.65
74 517.174 723.282 5 12.2748 -109.291 -61.1157
75 516.901 723.701 5 12.182 -114.136 -75.6275
76 516.627 724.12 5 12.1091 -93.2877 -71.2012
77 516.354 724.539 5 12.0566 -114.467 -134.962
78 516.081 724.957 5 12.0246 -122.099 -41.5738
