1 509.951 714.045 5 6.32047 -82.0717 137.395
2 510.37 714.318 5 6.37406 -81.4288 -8.09476
3 510.79 714.59 5 6.46599 -92.0068 32.7129
4 511.209 714.862 5 6.59465 -76.0302 -131.145
5 511.628 715.135 5 6.75794 -67.0037 -9.73358
6 512.048 715.407 5 6.95343 -79.5126 28.388
7 512.467 715.679 5 7.17848 -78.7215 108.231
8 512.886 715.952 5 7.4304 -78.7392 -0.653379
9 513.306 716.224 5 7.70657 -90.5747 142.825
10 513.725 716.496 5 8.00448 -74.1667 -136.779
11 514.144 716.769 5 8.32178 -75.3302 144.627
12 514.564 717.041 5 8.65635 -95.1692 -178.935
13 514.983 717.313 5 9.00626 -115.589 51.6867
14 509.679 714.465 5 5.82173 -83.1501 -96.9067
15 510.098 714.737 5 5.87987 -87.2752 110.579
16 510.517 715.009 5 5.9794 -78.7247 33.4528
17 510.937 715.282 5 6.1183 -73.9308 60.6781
18 511.356 715.554 5 6.29396 -67.5889 132.554
19 511.775 715.826 5 6.50341 -70.9192 -9.90315
20 512.195 716.099 5 6.7435 -74.2469 101.192
21 512.614 716.371 5 7.01107 -76.6302 7.70201
22 513.033 716.643 5 7.30311 -85.6292 12.9569
23 513.453 716.916 5 7.61681 -70.5856 -4.10826
24 513.872 717.188 5 7.9496 -79.5713 151.416
25 514.291 717.46 5 8.29919 -83.4038 26.4484
26 514.711 717.733 5 8.66354 -92.4292 174.89
27 509.406 714.884 5 5.32322 -85.7248 9.79479
28 509.826 715.156 5 5.38675 -89.0131 -70.7608
29 510.245 715.429 5 5.49522 -74.7196 -22.6827
30 510.664 715.701 5 5.64604 -74.3351 -88.7474
31 511.084 715.973 5 5.83594 -74.3752 -163.001
32 511.503 716.246 5 6.06123 -69.6033 -32.9277
33 511.922 716.518 5 6.31814 -74.9918 74.3636
34 512.342 716.79 5 6.60298 -73.9748 -15.642
35 512.761 717.063 5 6.91228 -72.2037 -113.111
36 513.18 717.335 5 7.24293 -86.7635 130.353
37 513.6 717.607 5 7.59213 -82.2398 50.5215
38 514.019 717.88 5 7.95744 -82.4201 28.2895
39 514.438 718.152 5 8.33674 -94.3292 -16.837
40 509.134 715.303 5 4.82503 -88.2499 -7.57481
41 509.553 715.576 5 4.89503 -80.7487 -143.588
42 509.973 715.848 5 5.01415 -79.8621 -124.824
43 510.392 716.12 5 5.179 -85.0051 26.7811
44 510.811 716.393 5 5.38539 -82.3822 -84.1967
45 511.231 716.665 5 5.62874 -72.4803 -116.602
46 511.65 716.937 5 5.9045 -81.0587 4.9959
47 512.069 717.21 5 6.20834 -69.5619 -51.1233
48 512.489 717.482 5 6.53635 -69.7058 -58.3111
49 512.908 717.754 5 6.88507 -82.4987 -113.664
50 513.327 718.027 5 7.25153 -90.0016 128.432
51 513.747 718.299 5 7.63315 -77.5311 179.754
52 514.166 718.571 5 8.02779 -81.232 113.144
53 508.862 715.723 5 4.32725 -79.4903 105.719
54 509.281 715.995 5 4.40517 -83.0703 134.9
55 509.7 716.267 5 4.53716 -78.4428 -99.6594
56 510.12 716.54 5 4.71871 -81.2575 -16.4906
57 510.539 716.812 5 4.94435 -92.7659 -120.874
58 510.958 717.084 5 5.20836 -72.4268 -85.302
59 511.378 717.357 5 5.50521 -74.558 155.274
60 511.797 717.629 5 5.8299 -94.647 -91.1897
61 512.216 717.901 5 6.17803 -80.6716 156.928
62 512.636 718.174 5 6.54587 -83.0715 27.1891
63 513.055 718.446 5 6.93028 -83.5548 -9.5439
64 513.474 718.718 5 7.32866 -84.4394 -136.714
65 513.894 718.991 5 7.73884 -87.8092 -107.716
66 508.589 716.142 5 3.83005 -77.5959 -57.9791
67 509.009 716.414 5 3.91787 -77.2652 -176.974
68 509.428 716.687 5 4.06572 -83.4639 3.1128
69 509.847 716.959 5 4.26737 -81.6686 35.3997
70 510.267 717.231 5 4.51562 -86.3554 23.6562
71 510.686 717.504 5 4.80325 -76.0362 -74.1011
72 511.105 717.776 5 5.12363 -70.5544 131.976
73 511.525 718.048 5 5.47101 -73.677 -30.3616
74 511.944 718.321 5 5.84057 -86.484 -114.278
75 512.363 718.593 5 6.22838 -82.249 38.2816
76 512.783 718.865 5 6.63122 -82.8753 -8.82373
77 513.202 719.138 5 7.04652 -86.9267 -38.8411
78 513.621 719.41 5 7.4722 -84.5432 122.9
79 510.414 717.923 5 4.41762 -68.1099 -122.288
80 510.833 718.195 5 4.76401 -91.0759 162.261
81 511.672 718.74 5 5.52779 -92.6878 141.033
82 512.091 719.012 5 5.93606 -86.8109 131.018
83 512.51 719.285 5 6.35745 -84.4124 130.701
84 512.93 719.557 5 6.78952 -105.001 -125.211
85 513.349 719.829 5 7.23035 -79.9625 -21.3018
86 510.141 718.342 5 4.05704 -85.7191 -173.887
87 510.561 718.615 5 4.4317 -66.4391 115.84
88 511.399 719.159 5 5.24411 -83.2269 -113.443
89 511.819 719.432 5 5.67284 -97.2257 -172.29
90 512.238 719.704 5 6.1124 -86.1469 -92.1148
91 512.657 719.976 5 6.56063 -90.1658 178.286
92 513.077 720.249 5 7.01585 -82.8572 53.6853
93 509.869 718.762 5 3.72878 -88.4563 144.991
94 510.288 719.034 5 4.1333 -71.3609 136.551
95 511.127 719.579 5 4.99449 -84.3099 -50.9537
96 511.546 719.851 5 5.44291 -84.0405 -37.2812
97 511.966 720.123 5 5.89963 -86.4062 -174.306
98 512.385 720.396 5 6.36286 -87.264 -21.1743
99 512.804 720.668 5 6.83128 -84.3665 -29.4503
100 509.597 719.181 5 3.44209 -83.4795 138.054
101 510.016 719.453 5 3.87664 -66.7022 25.7089
102 509.324 719.6 5 3.20814 -68.6434 -22.1871
103 509.744 719.873 5 3.6705 -58.0142 -3.76771
104 509.052 720.02 5 3.03914 -68.2307 160.397
105 509.471 720.292 5 3.52374 -68.4233 -106.971
