1 509.951 714.045 5 6.49702 -58.6057 31.4488
2 510.37 714.318 5 6.39466 -63.1081 -163.18
3 510.79 714.59 5 6.33025 -63.1281 -39.0865
4 511.209 714.862 5 6.30495 -65.6916 -3.90027
5 511.628 715.135 5 6.31924 -79.2777 131.855
6 512.048 715.407 5 6.37284 -67.4088 69.1938
7 512.467 715.679 5 6.46479 -70.1817 -177.438
8 512.886 715.952 5 6.59347 -70.2566 42.1306
9 513.306 716.224 5 6.75679 -70.5758 150.933
10 513.725 716.496 5 6.95231 -68.3535 173.338
11 514.144 716.769 5 7.1774 -60.0963 -145.024
12 514.564 717.041 5 7.42936 -103.585 -78.6479
13 514.983 717.313 5 7.70557 -102.364 152.594
14 509.679 714.465 5 6.01305 -78.9683 -68.1711
15 510.098 714.737 5 5.9023 -60.0582 -86.0982
16 510.517 715.009 5 5.83245 -62.7039 77.3061
17 510.937 715.282 5 5.80498 -68.0107 144.239
18 511.356 715.554 5 5.8205 -71.4478 177.053
19 511.775 715.826 5 5.87865 -65.3397 2.06956
20 512.195 716.099 5 5.97821 -68.7851 -166.702
21 512.614 716.371 5 6.11713 -68.4339 42.7261
22 513.033 716.643 5 6.29283 -74.7495 165.807
23 513.453 716.916 5 6.50231 -61.5779 75.9692
24 513.872 717.188 5 6.74244 -79.8433 -51.1191
25 514.291 717.46 5 7.01005 -68.9229 -173.548
26 514.711 717.733 5 7.30214 -80.6064 -134.103
27 509.406 714.884 5 5.53192 -81.3079 134.604
28 509.826 715.156 5 5.41133 -70.9571 -84.6026
29 510.245 715.429 5 5.33506 -60.3096 120.991
30 510.664 715.701 5 5.30502 -59.634 -69.0616
31 511.084 715.973 5 5.322 -66.0581 -16.2185
32 511.503 716.246 5 5.38554 -67.3694 -73.0557
33 511.922 716.518 5 5.49403 -70.1666 164.149
34 512.342 716.79 5 5.64489 -69.6699 -51.2762
35 512.761 717.063 5 5.83482 -70.0759 155.873
36 513.18 717.335 5 6.06016 -67.3871 108.089
37 513.6 717.607 5 6.31711 -69.6085 109.222
38 514.019 717.88 5 6.60199 -80.266 -144.886
39 514.438 718.152 5 6.91134 -86.2588 -71.0403
40 509.134 715.303 5 5.05446 -71.5596 165.4
41 509.553 715.576 5 4.92219 -70.9814 -90.7152
42 509.973 715.848 5 4.83822 -77.8771 -158.815
43 510.392 716.12 5 4.80507 -58.6469 -1.92845
44 510.811 716.393 5 4.8238 -63.3043 115.928
45 511.231 716.665 5 4.89382 -66.7701 -161.378
46 511.65 716.937 5 5.01297 -64.5439 -101.431
47 512.069 717.21 5 5.17786 -79.8997 -49.544
48 512.489 717.482 5 5.38429 -63.1961 -36.9751
49 512.908 717.754 5 5.62769 -68.9951 -53.4737
50 513.327 718.027 5 5.9035 -75.4001 68.705
51 513.747 718.299 5 6.20739 -79.1157 10.8164
52 514.166 718.571 5 6.53545 -75.5054 162.294
53 508.862 715.723 5 4.58181 -73.0455 -83.0854
54 509.281 715.995 5 4.43547 -83.4271 143.345
55 509.7 716.267 5 4.34209 -78.1356 -101.504
56 510.12 716.54 5 4.30513 -57.5237 14.0143
57 510.539 716.812 5 4.32603 -57.0258 -139.743
58 510.958 717.084 5 4.40396 -61.9419 -64.3042
59 511.378 717.357 5 4.536 -59.851 -144.547
60 511.797 717.629 5 4.71759 -59.3819 168.957
61 512.216 717.901 5 4.94328 -64.3136 177.427
62 512.636 718.174 5 5.20734 -72.814 -10.6647
63 513.055 718.446 5 5.50425 -76.4169 -106.057
64 513.474 718.718 5 5.82899 -75.8627 119.228
65 513.894 718.991 5 6.17717 -80.4887 -166.926
66 508.589 716.142 5 4.11564 -75.9392 -48.906
67 509.009 716.414 5 3.95207 -72.4885 117.055
68 509.428 716.687 5 3.84697 -81.4388 -113.839
69 509.847 716.959 5 3.8052 -76.4631 39.4783
70 510.267 717.231 5 3.82883 -55.5687 -115.629
71 510.686 717.504 5 3.91667 -59.1907 58.4047
72 511.105 717.776 5 4.06456 -56.6279 113.562
73 511.525 718.048 5 4.26627 -66.0155 -96.739
74 511.944 718.321 5 4.51458 -85.4973 -99.0496
75 512.363 718.593 5 4.80227 -68.3651 59.1385
76 512.783 718.865 5 5.12271 -77.4263 26.6035
77 513.202 719.138 5 5.47015 -75.9558 151.144
78 513.621 719.41 5 5.83977 -79.1957 10.6575
79 510.414 717.923 5 3.43304 -62.6173 162.206
80 510.833 718.195 5 3.60085 -56.8581 -118.155
81 511.672 718.74 5 4.10206 -82.5602 -5.40909
82 512.091 719.012 5 4.4167 -76.4376 35.2024
83 512.51 719.285 5 4.76315 -75.7396 53.3698
84 512.93 719.557 5 5.13498 -78.06 146.91
85 513.349 719.829 5 5.52706 -83.9765 102.662
86 510.141 718.342 5 2.95486 -65.4781 105.025
87 510.561 718.615 5 3.14826 -52.0871 6.18329
88 511.399 719.159 5 3.7111 -83.3582 -4.57485
89 511.819 719.432 5 4.05619 -78.2291 107.083
90 512.238 719.704 5 4.43092 -72.7683 119.918
91 512.657 719.976 5 4.8284 -80.4156 -48.8717
92 513.077 720.249 5 5.24345 -78.4303 -166.102
93 509.869 718.762 5 2.48528 -88.6166 37.4924
94 510.288 719.034 5 2.71238 -61.4489 -138.056
95 511.127 719.579 5 3.34929 -82.3035 -37.9864
96 511.546 719.851 5 3.72802 -79.3172 21.5056
97 511.966 720.123 5 4.13261 -73.6658 152.9
98 512.385 720.396 5 4.55619 -86.3855 97.9089
99 512.804 720.668 5 4.99392 -84.3672 -39.0594
100 509.597 719.181 5 2.03028 -59.2804 -76.6703
101 510.016 719.453 5 2.3027 -47.2271 -36.2281
102 509.324 719.6 5 1.60234 -48.3522 173.725
103 509.744 719.873 5 1.93594 -50.2758 -34.5749
104 509.052 720.02 5 1.23001 -47.8014 -174.82
105 509.471 720.292 5 1.64112 -57.7584 113.182
