1 509.951 714.045 5 7.01131 -60.222 -169.848
2 510.37 714.318 5 6.80727 -55.2131 94.6256
3 510.79 714.59 5 6.6347 -53.8833 -95.124
4 511.209 714.862 5 6.49613 -74.5676 150.207
5 511.628 715.135 5 6.39375 -49.0153 -120.052
6 512.048 715.407 5 6.32933 -45.7025 -27.8372
7 512.467 715.679 5 6.30403 -46.1614 119.493
8 512.886 715.952 5 6.31832 -62.5619 96.2966
9 513.306 716.224 5 6.37193 -73.0065 -117.542
10 513.725 716.496 5 6.46389 -57.7796 -128.395
11 514.144 716.769 5 6.59259 -48.956 -73.7198
12 514.564 717.041 5 6.75593 -76.1686 -108.128
13 514.983 717.313 5 6.95147 -101.021 -105.962
14 509.679 714.465 5 6.56543 -69.5658 64.8408
15 510.098 714.737 5 6.34707 -64.124 91.4844
16 510.517 715.009 5 6.16163 -53.0614 -31.8031
17 510.937 715.282 5 6.01215 -51.4717 126.03
18 511.356 715.554 5 5.90139 -53.6424 -124.531
19 511.775 715.826 5 5.83153 -44.3234 -31.0311
20 512.195 716.099 5 5.80406 -46.0017 116.209
21 512.614 716.371 5 5.81958 -51.688 57.6465
22 513.033 716.643 5 5.87774 -51.0009 -46.8679
23 513.453 716.916 5 5.97731 -50.7495 110.821
24 513.872 717.188 5 6.11626 -49.9472 70.9927
25 514.291 717.46 5 6.29198 -57.1819 -140.631
26 514.711 717.733 5 6.50149 -74.2782 -146.996
27 509.406 714.884 5 6.12791 -58.9955 94.0155
28 509.826 715.156 5 5.89335 -70.7723 -15.2312
29 510.245 715.429 5 5.69315 -57.4618 -11.3871
30 510.664 715.701 5 5.53104 -70.2812 -105.941
31 511.084 715.973 5 5.41043 -66.8597 58.83
32 511.503 716.246 5 5.33414 -44.9651 -18.1266
33 511.922 716.518 5 5.3041 -41.1937 96.8022
34 512.342 716.79 5 5.32108 -48.3143 46.0879
35 512.761 717.063 5 5.38463 -48.0175 -145.585
36 513.18 717.335 5 5.49314 -51.3454 -80.4705
37 513.6 717.607 5 5.64402 -54.7722 112.615
38 514.019 717.88 5 5.83398 -53.0774 -39.088
39 514.438 718.152 5 6.05935 -62.7719 45.7493
40 509.134 715.303 5 5.70067 -67.6598 30.523
41 509.553 715.576 5 5.44775 -59.4223 54.745
42 509.973 715.848 5 5.23052 -63.3801 77.9003
43 510.392 716.12 5 5.05358 -57.3789 117.892
44 510.811 716.393 5 4.92129 -49.5845 65.8935
45 511.231 716.665 5 4.8373 -47.5391 -28.2757
46 511.65 716.937 5 4.80415 -43.4166 62.563
47 512.069 717.21 5 4.82288 -48.5559 -9.03486
48 512.489 717.482 5 4.89291 -48.8191 85.254
49 512.908 717.754 5 5.01208 -71.2332 -175.316
50 513.327 718.027 5 5.177 -58.2663 -117.562
51 513.747 718.299 5 5.38346 -59.9159 73.2794
52 514.166 718.571 5 5.6269 -58.7385 -121.923
53 508.862 715.723 5 5.2862 -67.3387 19.6066
54 509.281 715.995 5 5.01242 -64.6586 82.8192
55 509.7 716.267 5 4.77543 -62.797 72.5426
56 510.12 716.54 5 4.58095 -54.6311 88.1454
57 510.539 716.812 5 4.43457 -53.3503 45.6628
58 510.958 717.084 5 4.34118 -43.1827 -37.6971
59 511.378 717.357 5 4.30421 -44.3491 62.5188
60 511.797 717.629 5 4.32511 -53.0152 -156.093
61 512.216 717.901 5 4.40306 -61.0133 -136.154
62 512.636 718.174 5 4.53512 -56.0701 88.6457
63 513.055 718.446 5 4.71674 -65.9191 -93.5676
64 513.474 718.718 5 4.94247 -67.3994 -175.621
65 513.894 718.991 5 5.20657 -55.7541 -6.35017
66 508.589 716.142 5 4.88777 -70.291 58.092
67 509.009 716.414 5 4.59028 -67.3766 120.829
68 509.428 716.687 5 4.33025 -64.0522 -155.969
69 509.847 716.959 5 4.11478 -57.6106 140.19
70 510.267 717.231 5 3.95118 -61.8559 -95.5271
71 510.686 717.504 5 3.84606 -42.0156 -31.1034
72 511.105 717.776 5 3.80428 -46.2627 56.8741
73 511.525 718.048 5 3.82791 -44.9909 37.92
74 511.944 718.321 5 3.91577 -67.16 -54.0763
75 512.363 718.593 5 4.0637 -61.8921 92.9848
76 512.783 718.865 5 4.26545 -57.3029 80.3618
77 513.202 719.138 5 4.5138 -56.0483 -60.0361
78 513.621 719.41 5 4.80154 -55.1314 123.93
79 510.414 717.923 5 3.35239 -41.6287 -83.4009
80 510.833 718.195 5 3.30438 -44.873 131.081
81 511.672 718.74 5 3.43215 -60.6029 -116.496
82 512.091 719.012 5 3.6 -63.0435 142.642
83 512.51 719.285 5 3.82628 -60.778 83.0565
84 512.93 719.557 5 4.10131 -59.0516 11.8326
85 513.349 719.829 5 4.41601 -64.7516 -112.934
86 510.141 718.342 5 2.86092 -42.3742 -73.4196
87 510.561 718.615 5 2.80451 -37.6431 54.321
88 511.399 719.159 5 2.95398 -75.945 -86.1665
89 511.819 719.432 5 3.14744 -57.9576 -106.303
90 512.238 719.704 5 3.40393 -62.1326 -163.542
91 512.657 719.976 5 3.71041 -59.6559 89.8232
92 513.077 720.249 5 4.05555 -59.6989 -99.776
93 509.869 718.762 5 2.37302 -42.0875 -174.829
94 510.288 719.034 5 2.30469 -41.3413 114.797
95 511.127 719.579 5 2.48442 -61.9976 -162.414
96 511.546 719.851 5 2.71159 -65.2149 -154.831
97 511.966 720.123 5 3.00551 -62.8779 -104.298
98 512.385 720.396 5 3.34865 -62.2917 160.904
99 512.804 720.668 5 3.72745 -57.6948 -91.0723
100 509.597 719.181 5 1.89146 -45.7993 -32.9148
101 510.016 719.453 5 1.80499 -42.9636 75.6657
102 509.324 719.6 5 1.42266 -38.0066 121.108
103 509.744 719.873 5 1.3055 -37.7604 79.2586
104 509.052 720.02 5 0.985047 -41.533 -88.6946
105 509.471 720.292 5 0.806653 -36.2785 52.6961
