1 514.644 719.84 5 8.08226 -118.456 -169.13
2 514.371 720.259 5 7.84577 -100.627 -60.0343
3 514.097 720.678 5 7.63474 -118.506 -107.244
4 513.824 721.096 5 7.45134 -118.639 114.649
5 513.551 721.515 5 7.29764 -134.686 169.122
6 513.278 721.934 5 7.17557 -107.448 37.5081
7 513.004 722.353 5 7.08674 -106.648 -66.7249
8 512.731 722.771 5 7.03243 -93.7601 47.1184
9 512.458 723.19 5 7.01343 -90.008 -116.088
10 512.185 723.609 5 7.03003 -102.623 166.279
11 515.063 720.113 5 8.51976 -113.52 24.6431
12 514.789 720.532 5 8.29575 -116.373 22.7416
13 514.516 720.951 5 8.09646 -104.647 -129.208
14 514.243 721.37 5 7.92375 -101.673 14.762
15 513.97 721.788 5 7.7794 -112.044 54.4955
16 513.696 722.207 5 7.665 -105.524 57.1447
17 513.423 722.626 5 7.58191 -101.709 107.061
18 513.15 723.045 5 7.53117 -94.4548 149.249
19 512.877 723.463 5 7.51343 -83.7633 -139.338
20 512.603 723.882 5 7.52893 -92.2948 -60.9884
21 515.481 720.387 5 8.9638 -109.742 -64.0417
22 515.208 720.805 5 8.75117 -107.271 -159.174
23 514.935 721.224 5 8.56248 -104.285 147.018
24 514.662 721.643 5 8.39936 -93.5956 28.0665
25 514.388 722.062 5 8.26332 -107.495 -25.8412
26 514.115 722.48 5 8.15571 -107.427 2.17095
27 513.842 722.899 5 8.07767 -90.8801 144.636
28 513.568 723.318 5 8.03006 -114.037 -136.459
29 513.295 723.737 5 8.01343 -91.402 -8.5823
30 513.022 724.155 5 8.02796 -76.3673 32.4504
31 515.9 720.66 5 9.41346 -94.2025 -179.143
32 515.627 721.079 5 9.21121 -90.1067 97.1425
33 515.353 721.497 5 9.03214 -90.5745 164.676
34 515.08 721.916 5 8.87765 -100.803 -167.041
35 514.807 722.335 5 8.74905 -102.208 170.976
36 514.534 722.754 5 8.64748 -98.7025 132.454
37 514.26 723.172 5 8.57392 -99.1375 -97.2763
38 513.987 723.591 5 8.52908 -103.856 73.1236
39 516.319 720.933 5 9.86796 -90.4279 91.3267
40 516.045 721.352 5 9.67521 -79.8663 -32.4317
41 515.772 721.771 5 9.50489 -116.856 -88.6199
42 515.499 722.189 5 9.35821 -116.98 125.064
43 515.226 722.608 5 9.2363 -106.475 -64.5317
44 514.952 723.027 5 9.14015 -99.2801 40.1734
45 514.679 723.446 5 9.07059 -105.208 124.435
46 514.406 723.864 5 9.02822 -250 0
47 516.737 721.206 5 10.3267 -85.6853 89.8902
48 516.464 721.625 5 10.1426 -91.296 -145.171
49 516.191 722.044 5 9.9803 -110.562 -107.197
50 515.918 722.463 5 9.84071 -104.77 93.0073
51 515.644 722.881 5 9.72485 -115.025 -18.3956
52 515.371 723.3 5 9.63358 -102.504 164.852
53 515.098 723.719 5 9.5676 -99.2123 120.979
54 514.825 724.138 5 9.52744 -250 0
55 517.156 721.48 5 10.789 -90.4102 -73.3853
56 516.883 721.898 5 10.613 -90.2587 -94.3773
57 516.61 722.317 5 10.458 -114.307 -115.174
58 516.336 722.736 5 10.3249 -118.281 -10.7229
59 516.063 723.155 5 10.2145 -105.941 95.4103
60 515.79 723.573 5 10.1276 -124.963 139.909
61 515.517 723.992 5 10.0649 -119.409 155.647
62 515.243 724.411 5 10.0267 -250 0
63 517.575 721.753 5 11.2546 -109.293 -142.08
64 517.302 722.172 5 11.086 -93.1435 -138.546
65 517.028 722.59 5 10.9377 -111.162 -42.8547
66 516.755 723.009 5 10.8105 -112.082 98.3028
67 516.482 723.428 5 10.7051 -88.2779 143.147
68 516.209 723.847 5 10.6223 -115.564 112.428
69 515.935 724.265 5 10.5625 -120.241 36.3257
70 515.662 724.684 5 10.5261 -126.333 177.565
71 517.994 722.026 5 11.7231 -96.5602 16.1433
72 517.72 722.445 5 11.5613 -100.388 -57.5095
73 517.447 722.864 5 11.4191 -90.8999 36.6772
74 517.174 723.282 5 11.2973 -97.0219 91.5409
75 516.901 723.701 5 11.1966 -101.635 -46.1552
76 516.627 724.12 5 11.1174 -94.4523 -79.6156
77 516.354 724.539 5 11.0603 -99.7288 -33.2588
78 516.081 724.957 5 11.0255 -113.489 39.6781
