1 509.951 714.045 5 6.46659 -86.3891 175.386
2 510.37 714.318 5 6.59524 -76.8019 -98.0992
3 510.79 714.59 5 6.75852 -62.5627 137.718
4 511.209 714.862 5 6.95399 -65.4759 163.652
5 511.628 715.135 5 7.17902 -83.7198 -156.635
6 512.048 715.407 5 7.43093 -77.9045 123.524
7 512.467 715.679 5 7.70708 -81.5634 130.796
8 512.886 715.952 5 8.00496 -85.6802 47.583
9 513.306 716.224 5 8.32225 -79.1869 -125.965
10 513.725 716.496 5 8.6568 -92.6476 140.592
11 514.144 716.769 5 9.00669 -88.4766 -15.6518
12 514.564 717.041 5 9.37021 -85.9565 57.7235
13 514.983 717.313 5 9.74583 -107.083 165.68
14 509.679 714.465 5 5.98 -77.1885 91.9167
15 510.098 714.737 5 6.11889 -70.3308 59.506
16 510.517 715.009 5 6.29453 -75.1934 122.969
17 510.937 715.282 5 6.50396 -60.5815 -43.5334
18 511.356 715.554 5 6.74403 -78.1657 178.554
19 511.775 715.826 5 7.01158 -79.7152 68.1353
20 512.195 716.099 5 7.3036 -78.3345 155.031
21 512.614 716.371 5 7.61728 -94.3518 58.6911
22 513.033 716.643 5 7.95005 -71.9181 84.4281
23 513.453 716.916 5 8.29962 -73.9237 -38.7681
24 513.872 717.188 5 8.66395 -82.8265 -159.47
25 514.291 717.46 5 9.04127 -93.7656 90.2222
26 514.711 717.733 5 9.43 -81.3199 -57.6006
27 509.406 714.884 5 5.49582 -74.8581 -95.4586
28 509.826 715.156 5 5.64662 -80.0698 -121.889
29 510.245 715.429 5 5.8365 -77.4843 -157.005
30 510.664 715.701 5 6.06177 -73.6694 -34.0765
31 511.084 715.973 5 6.31866 -62.4573 118.308
32 511.503 716.246 5 6.60347 -79.7125 74.6491
33 511.922 716.518 5 6.91276 -77.3363 -175.134
34 512.342 716.79 5 7.24338 -78.1887 62.7661
35 512.761 717.063 5 7.59256 -74.5535 33.9328
36 513.18 717.335 5 7.95785 -87.0658 -121.417
37 513.6 717.607 5 8.33713 -82.8666 3.89955
38 514.019 717.88 5 8.72858 -83.0528 29.4715
39 514.438 718.152 5 9.13063 -80.6333 108.409
40 509.134 715.303 5 5.01474 -72.8011 97.5987
41 509.553 715.576 5 5.17957 -80.0985 27.7973
42 509.973 715.848 5 5.38594 -84.7629 -14.8501
43 510.392 716.12 5 5.62927 -79.0794 51.7242
44 510.811 716.393 5 5.905 -60.8946 -64.6465
45 511.231 716.665 5 6.20882 -78.1495 -62.8604
46 511.65 716.937 5 6.5368 -76.2501 161.09
47 512.069 717.21 5 6.8855 -80.7845 118.083
48 512.489 717.482 5 7.25193 -79.1051 -28.4612
49 512.908 717.754 5 7.63354 -91.0155 -179.412
50 513.327 718.027 5 8.02816 -80.0919 111.463
51 513.747 718.299 5 8.43396 -91.5769 -131.586
52 514.166 718.571 5 8.84941 -77.1327 106.135
53 508.862 715.723 5 4.53775 -85.0475 -148.731
54 509.281 715.995 5 4.71927 -84.9178 -48.0592
55 509.7 716.267 5 4.94489 -85.4302 -175.612
56 510.12 716.54 5 5.20886 -82.1624 -42.9831
57 510.539 716.812 5 5.50569 -77.7348 -69.3573
58 510.958 717.084 5 5.83035 -61.3834 96.9442
59 511.378 717.357 5 6.17846 -77.5763 -145.1
60 511.797 717.629 5 6.54628 -78.6477 31.7856
61 512.216 717.901 5 6.93067 -89.6631 -165.531
62 512.636 718.174 5 7.32902 -86.7499 39.9105
63 513.055 718.446 5 7.73918 -93.9753 127.508
64 513.474 718.718 5 8.15937 -87.0814 38.395
65 513.894 718.991 5 8.58811 -82.6487 -97.4489
66 508.589 716.142 5 4.06629 -85.7726 21.3949
67 509.009 716.414 5 4.26792 -89.0633 -41.3948
68 509.428 716.687 5 4.51614 -94.3846 -75.7651
69 509.847 716.959 5 4.80373 -92.5613 113.675
70 510.267 717.231 5 5.12408 -82.8617 29.4476
71 510.686 717.504 5 5.47143 -76.7038 98.7419
72 511.105 717.776 5 5.84097 -62.7313 -101.286
73 511.525 718.048 5 6.22875 -75.4047 -19.5539
74 511.944 718.321 5 6.63157 -93.7561 -97.6001
75 512.363 718.593 5 7.04685 -87.7115 150.411
76 512.783 718.865 5 7.47251 -87.3358 174.837
77 513.202 719.138 5 7.90688 -88.5274 108.029
78 513.621 719.41 5 8.3486 -81.1108 65.4879
79 510.414 717.923 5 5.13616 -75.2548 -145.176
80 510.833 718.195 5 5.52816 -62.7024 76.2344
81 511.672 718.74 5 6.35777 -88.7682 -177.431
82 512.091 719.012 5 6.78982 -89.11 -43.2107
83 512.51 719.285 5 7.23063 -87.5555 150.373
84 512.93 719.557 5 7.6787 -89.8459 56.0686
85 513.349 719.829 5 8.13282 -89.4585 117.587
86 510.141 718.342 5 4.82947 -75.2208 -100.58
87 510.561 718.615 5 5.24444 -70.9301 161.833
88 511.399 719.159 5 6.11268 -86.9169 -168.484
89 511.819 719.432 5 6.56089 -91.8242 85.4253
90 512.238 719.704 5 7.0161 -86.8047 -114.094
91 512.657 719.976 5 7.47703 -96.3776 -132.209
92 513.077 720.249 5 7.94269 -80.7762 60.966
93 509.869 718.762 5 4.55712 -82.5417 -61.7053
94 510.288 719.034 5 4.99477 -64.5509 -22.4953
95 511.127 719.579 5 5.89987 -88.2026 -85.684
96 511.546 719.851 5 6.36308 -96.8251 132.891
97 511.966 720.123 5 6.83149 -91.9058 -0.782791
98 512.385 720.396 5 7.30408 -88.7752 -34.8993
99 512.804 720.668 5 7.7801 -87.4839 128.514
100 509.597 719.181 5 4.32561 -69.8043 -143.122
101 510.016 719.453 5 4.78449 -58.6203 135.201
102 509.324 719.6 5 4.1418 -59.735 -39.0415
103 509.744 719.873 5 4.61897 -71.9219 41.2445
104 509.052 720.02 5 4.01225 -66.8638 8.88274
105 509.471 720.292 5 4.50316 -65.444 -155.703
