1 514.644 719.84 5 5.6723 -94.4662 37.4479
2 514.371 720.259 5 5.33072 -92.5678 -116.047
3 514.097 720.678 5 5.01579 -104.927 170.365
4 513.824 721.096 5 4.73283 -81.6019 -75.8219
5 513.551 721.515 5 4.48791 -96.4615 138.207
6 513.278 721.934 5 4.28753 -107.893 -154.517
7 513.004 722.353 5 4.13817 -88.0395 115.918
8 512.731 722.771 5 4.0455 -88.8381 -139.356
9 512.458 723.19 5 4.01343 -98.4665 103.972
10 512.185 723.609 5 4.04342 -89.4419 49.4323
11 515.063 720.113 5 6.03642 -99.6171 -158.02
12 514.789 720.532 5 5.71664 -89.6975 -171.418
13 514.516 720.951 5 5.42416 -91.3455 -39.5168
14 514.243 721.37 5 5.16364 -89.2839 37.508
15 513.97 721.788 5 4.94011 -102.282 52.0084
16 513.696 722.207 5 4.75881 -94.7467 -132.854
17 513.423 722.626 5 4.6247 -104.534 -139.619
18 513.15 723.045 5 4.54197 -92.9576 -12.0332
19 512.877 723.463 5 4.51343 -91.3596 96.9132
20 512.603 723.882 5 4.54011 -80.0624 145.302
21 515.481 720.387 5 6.41886 -93.8848 -60.2007
22 515.208 720.805 5 6.1191 -93.5459 -13.2703
23 514.935 721.224 5 5.84679 -91.633 65.9001
24 514.662 721.643 5 5.60594 -98.4631 93.1001
25 514.388 722.062 5 5.40075 -91.9897 -109.17
26 514.115 722.48 5 5.23543 -113.337 109.306
27 513.842 722.899 5 5.11383 -92.0091 72.974
28 513.568 723.318 5 5.03914 -89.0589 -121.14
29 513.295 723.737 5 5.01343 -82.3123 -80.471
30 513.022 724.155 5 5.03746 -83.3271 -101.392
31 515.9 720.66 5 6.81654 -91.4148 -146.185
32 515.627 721.079 5 6.53504 -93.9315 -86.8205
33 515.353 721.497 5 6.2808 -94.4696 -93.8922
34 515.08 721.916 5 6.05722 -86.7025 26.5429
35 514.807 722.335 5 5.86784 -87.4106 72.2567
36 514.534 722.754 5 5.71604 -98.7207 -98.7802
37 514.26 723.172 5 5.60488 -97.7201 -138.653
38 513.987 723.591 5 5.53681 -85.7085 27.6322
39 516.319 720.933 5 7.22694 -87.281 77.0186
40 516.045 721.352 5 6.96206 -104.489 84.2175
41 515.772 721.771 5 6.72397 -89.047 119.273
42 515.499 722.189 5 6.51563 -94.6705 81.1503
43 515.226 722.608 5 6.33995 -93.4411 -171.055
44 514.952 723.027 5 6.19972 -100.373 -115.666
45 514.679 723.446 5 6.09739 -103.088 -172.596
46 514.406 723.864 5 6.03488 -250 0
47 516.737 721.206 5 7.64801 -92.0413 -81.0344
48 516.464 721.625 5 7.39822 -90.7 -120.712
49 516.191 722.044 5 7.17462 -89.9142 -22.3215
50 515.918 722.463 5 6.97974 -92.855 11.8689
51 515.644 722.881 5 6.81604 -84.5908 -66.0901
52 515.371 723.3 5 6.6858 -93.8099 80.6947
53 515.098 723.719 5 6.59102 -102.838 -80.6089
54 514.825 724.138 5 6.53323 -250 0
55 517.156 721.48 5 8.07809 -99.4722 116.89
56 516.883 721.898 5 7.84201 -84.6729 155.639
57 516.61 722.317 5 7.63143 -93.847 30.0259
58 516.336 722.736 5 7.44851 -85.0582 105.433
59 516.063 723.155 5 7.29533 -87.9918 135.228
60 515.79 723.573 5 7.1738 -97.9549 19.0346
61 515.517 723.992 5 7.08555 -93.2981 -7.77768
62 515.243 724.411 5 7.03183 -139.559 124.322
63 517.575 721.753 5 8.5158 -95.9245 -32.0479
64 517.302 722.172 5 8.29219 -88.5145 -69.4227
65 517.028 722.59 5 8.09334 -85.7452 -175.904
66 516.755 723.009 5 7.92109 -93.3947 77.8674
67 516.482 723.428 5 7.77723 -96.5262 -80.4301
68 516.209 723.847 5 7.66334 -88.7543 -101.99
69 515.935 724.265 5 7.58079 -101.561 -150.314
70 515.662 724.684 5 7.5306 -96.4074 -54.34
71 517.994 722.026 5 8.96004 -105.274 144.147
72 517.72 722.445 5 8.7478 -87.505 -54.5384
73 517.447 722.864 5 8.55953 -103.792 -79.7977
74 517.174 723.282 5 8.39685 -92.3789 117.238
75 516.901 723.701 5 8.26128 -108.798 -126.55
76 516.627 724.12 5 8.15416 -103.873 140.422
77 516.354 724.539 5 8.07662 -88.7164 165.095
78 516.081 724.957 5 8.02953 -93.4458 155.98
