1 514.644 719.84 5 6.03735 -103.786 -100.569
2 514.371 720.259 5 5.7175 -116.555 154.989
3 514.097 720.678 5 5.42494 -101.879 -152.469
4 513.824 721.096 5 5.16432 -89.6949 7.20134
5 513.551 721.515 5 4.94068 -121.957 -6.33487
6 513.278 721.934 5 4.75926 -106.935 -68.2955
7 513.004 722.353 5 4.62501 -102.1 155.055
8 512.731 722.771 5 4.54212 -100.697 -97.3292
9 512.458 723.19 5 4.51343 -117.734 139.14
10 512.185 723.609 5 4.53996 -89.506 106.041
11 515.063 720.113 5 6.41974 -102.156 179.446
12 514.789 720.532 5 6.1199 -102.989 -136.809
13 514.516 720.951 5 5.84751 -98.8763 -47.7462
14 514.243 721.37 5 5.60657 -97.9204 21.4319
15 513.97 721.788 5 5.40127 -106.406 -56.3795
16 513.696 722.207 5 5.23583 -110.522 157.696
17 513.423 722.626 5 5.11411 -90.9419 -174.872
18 513.15 723.045 5 5.03928 -107.315 -56.0491
19 512.877 723.463 5 5.01343 -94.1352 -78.3146
20 512.603 723.882 5 5.03733 -87.579 3.06149
21 515.481 720.387 5 6.81736 -102.695 10.1539
22 515.208 720.805 5 6.5358 -101.701 138.657
23 514.935 721.224 5 6.28147 -96.5906 -87.4266
24 514.662 721.643 5 6.05781 -98.4917 -43.5611
25 514.388 722.062 5 5.86832 -100.732 -72.0071
26 514.115 722.48 5 5.71641 -106.838 2.25352
27 513.842 722.899 5 5.60513 -105.512 -95.7663
28 513.568 723.318 5 5.53694 -93.3949 60.5312
29 513.295 723.737 5 5.51343 -101.776 -83.1798
30 513.022 724.155 5 5.53517 -84.5209 8.02109
31 515.9 720.66 5 7.22772 -96.3925 175.655
32 515.627 721.079 5 6.96276 -100.053 138.026
33 515.353 721.497 5 6.7246 -93.0615 -108.359
34 515.08 721.916 5 6.51617 -95.0451 -51.849
35 514.807 722.335 5 6.34039 -101.395 -141.779
36 514.534 722.754 5 6.20006 -96.4958 91.0339
37 514.26 723.172 5 6.09762 -101.266 -54.0341
38 513.987 723.591 5 6.03499 -105.663 1.53061
39 516.319 720.933 5 7.64875 -90.593 46.0824
40 516.045 721.352 5 7.39888 -111.053 139.265
41 515.772 721.771 5 7.17521 -105.047 172.843
42 515.499 722.189 5 6.98025 -98.8824 113.304
43 515.226 722.608 5 6.81645 -92.659 -38.5948
44 514.952 723.027 5 6.68612 -97.0138 -33.7912
45 514.679 723.446 5 6.59124 -98.8702 127.49
46 514.406 723.864 5 6.53334 -250 0
47 516.737 721.206 5 8.07878 -94.7724 -156.685
48 516.464 721.625 5 7.84263 -90.9985 -111.917
49 516.191 722.044 5 7.63198 -92.061 -123.21
50 515.918 722.463 5 7.44898 -112.899 -89.9926
51 515.644 722.881 5 7.29571 -98.3145 101.131
52 515.371 723.3 5 7.17409 -101.323 -105.547
53 515.098 723.719 5 7.08575 -100.944 -174.328
54 514.825 724.138 5 7.03193 -250 0
55 517.156 721.48 5 8.51646 -93.5347 -49.8489
56 516.883 721.898 5 8.29279 -86.4019 92.301
57 516.61 722.317 5 8.09386 -99.8677 26.6509
58 516.336 722.736 5 7.92153 -96.6882 -97.6554
59 516.063 723.155 5 7.77759 -90.9204 91.2803
60 515.79 723.573 5 7.66362 -102.609 8.92242
61 515.517 723.992 5 7.58098 -104.588 59.5306
62 515.243 724.411 5 7.5307 -250 0
63 517.575 721.753 5 8.96067 -101.012 -23.1994
64 517.302 722.172 5 8.74836 -102.073 39.2353
65 517.028 722.59 5 8.56002 -96.2075 -56.0318
66 516.755 723.009 5 8.39727 -86.9023 174.433
67 516.482 723.428 5 8.26161 -105.123 117.478
68 516.209 723.847 5 8.15441 -100.3 -124.577
69 515.935 724.265 5 8.0768 -101.768 -154.952
70 515.662 724.684 5 8.02962 -105.127 -166.996
71 517.994 722.026 5 9.41047 -97.2457 -159.444
72 517.72 722.445 5 9.20854 -89.3343 99.724
73 517.447 722.864 5 9.0298 -97.1368 -32.5161
74 517.174 723.282 5 8.87567 -107.225 31.8833
75 516.901 723.701 5 8.74744 -104.778 -28.6421
76 516.627 724.12 5 8.64626 -99.062 -148.411
77 516.354 724.539 5 8.5731 -100.644 -22.1077
78 516.081 724.957 5 8.52867 -95.1805 0.730398
