1 514.644 719.84 5 7.65169 -104.365 58.4842
2 514.371 720.259 5 7.40154 -106.593 80.9789
3 514.097 720.678 5 7.17756 -117.704 -46.8229
4 513.824 721.096 5 6.98226 -110.482 58.6813
5 513.551 721.515 5 6.8181 -121.759 -52.4049
6 513.278 721.934 5 6.68738 -126.243 124.074
7 513.004 722.353 5 6.59209 -98.2784 70.0352
8 512.731 722.771 5 6.53377 -90.4474 178.226
9 512.458 723.19 5 6.51343 -76.7121 -90.6381
10 512.185 723.609 5 6.53141 -92.0544 -31.3186
11 515.063 720.113 5 8.08157 -126.933 -27.7179
12 514.789 720.532 5 7.84514 -114.346 -23.9072
13 514.516 720.951 5 7.63419 -107.537 87.1127
14 514.243 721.37 5 7.45086 -108.427 164.161
15 513.97 721.788 5 7.29726 -106.557 -16.6097
16 513.696 722.207 5 7.17527 -116.98 -111.375
17 513.423 722.626 5 7.08654 -116.097 -41.3305
18 513.15 723.045 5 7.03233 -95.5392 -29.4688
19 512.877 723.463 5 7.01343 -91.7418 145.205
20 512.603 723.882 5 7.03013 -88.0354 17.0089
21 515.481 720.387 5 8.5191 -112.7 171.541
22 515.208 720.805 5 8.29516 -120.193 -80.8462
23 514.935 721.224 5 8.09594 -107.032 22.7384
24 514.662 721.643 5 7.92331 -103.805 -169.728
25 514.388 722.062 5 7.77903 -88.2179 95.7695
26 514.115 722.48 5 7.66472 -105.779 -0.801596
27 513.842 722.899 5 7.58172 -103.421 -102.886
28 513.568 723.318 5 7.53107 -104.826 -52.9077
29 513.295 723.737 5 7.51343 -86.4805 26.8822
30 513.022 724.155 5 7.52902 -77.6141 -46.0945
31 515.9 720.66 5 8.96318 -92.5677 -54.2975
32 515.627 721.079 5 8.75061 -90.453 -124.131
33 515.353 721.497 5 8.56199 -87.781 120.706
34 515.08 721.916 5 8.39894 -87.74 45.6591
35 514.807 722.335 5 8.26298 -95.0804 -125.081
36 514.534 722.754 5 8.15545 -103.49 147.001
37 514.26 723.172 5 8.07749 -98.7148 148.612
38 513.987 723.591 5 8.02997 -98.9837 -166.266
39 516.319 720.933 5 9.41286 -86.3217 -146.441
40 516.045 721.352 5 9.21067 -85.2221 84.5379
41 515.772 721.771 5 9.03167 -87.8774 -48.7364
42 515.499 722.189 5 8.87725 -96.8487 -124.155
43 515.226 722.608 5 8.74872 -100.202 9.73142
44 514.952 723.027 5 8.64724 -102.871 -105.035
45 514.679 723.446 5 8.57376 -96.7846 76.9203
46 514.406 723.864 5 8.529 -250 0
47 516.737 721.206 5 9.86739 -88.7112 -130.608
48 516.464 721.625 5 9.67471 -103.64 99.8683
49 516.191 722.044 5 9.50445 -107.971 41.0157
50 515.918 722.463 5 9.35783 -96.0142 45.2161
51 515.644 722.881 5 9.23599 -115.814 -117.761
52 515.371 723.3 5 9.13992 -95.9836 91.2851
53 515.098 723.719 5 9.07043 -98.3523 -108.949
54 514.825 724.138 5 9.02814 -250 0
55 517.156 721.48 5 10.3261 -94.3331 -24.2585
56 516.883 721.898 5 10.1422 -107.169 -164.716
57 516.61 722.317 5 9.97987 -90.0799 -38.2315
58 516.336 722.736 5 9.84035 -97.7742 56.0796
59 516.063 723.155 5 9.72456 -92.9086 36.9411
60 515.79 723.573 5 9.63336 -104.832 125.949
61 515.517 723.992 5 9.56745 -119.177 99.6597
62 515.243 724.411 5 9.52737 -250 0
63 517.575 721.753 5 10.7885 -93.9912 -110.704
64 517.302 722.172 5 10.6126 -101.113 -174.948
65 517.028 722.59 5 10.4576 -115.772 -13.683
66 516.755 723.009 5 10.3245 -108.455 -64.7913
67 516.482 723.428 5 10.2142 -96.8942 -0.98927
68 516.209 723.847 5 10.1274 -99.3698 -129.916
69 515.935 724.265 5 10.0648 -116.492 146.92
70 515.662 724.684 5 10.0267 -109.436 174.658
71 517.994 722.026 5 11.2541 -98.4747 -135.756
72 517.72 722.445 5 11.0856 -98.1499 47.707
73 517.447 722.864 5 10.9373 -99.2985 -151.305
74 517.174 723.282 5 10.8101 -94.0983 67.289
75 516.901 723.701 5 10.7049 -98.6432 131.794
76 516.627 724.12 5 10.6221 -100.87 -63.1519
77 516.354 724.539 5 10.5623 -103.225 -35.8781
78 516.081 724.957 5 10.526 -92.6945 155.77
