1 514.644 719.84 5 8.52042 -113.657 6.34301
2 514.371 720.259 5 8.29635 -112.334 19.1937
3 514.097 720.678 5 8.09698 -104.975 68.7075
4 513.824 721.096 5 7.9242 -113.1 66.2187
5 513.551 721.515 5 7.77976 -125.334 66.7158
6 513.278 721.934 5 7.66527 -99.7018 -18.7899
7 513.004 722.353 5 7.58209 -104.701 0.0875739
8 512.731 722.771 5 7.53126 -95.8607 154.632
9 512.458 723.19 5 7.51343 -93.5014 75.1461
10 512.185 723.609 5 7.52884 -81.172 55.5339
11 515.063 720.113 5 8.96443 -115.633 -58.8804
12 514.789 720.532 5 8.75173 -118.145 135.474
13 514.516 720.951 5 8.56298 -107.358 -22.0157
14 514.243 721.37 5 8.39978 -105.889 58.0833
15 513.97 721.788 5 8.26366 -102.088 74.8907
16 513.696 722.207 5 8.15597 -101.58 85.7185
17 513.423 722.626 5 8.07784 -98.5518 38.4913
18 513.15 723.045 5 8.03015 -93.2943 -73.0443
19 512.877 723.463 5 8.01343 -81.8293 -17.1111
20 512.603 723.882 5 8.02788 -82.9638 6.48967
21 515.481 720.387 5 9.41406 -108.066 -0.0872155
22 515.208 720.805 5 9.21174 -115.741 13.6474
23 514.935 721.224 5 9.0326 -109.145 95.7653
24 514.662 721.643 5 8.87805 -97.6286 -116.591
25 514.388 722.062 5 8.74937 -102.364 16.5168
26 514.115 722.48 5 8.64773 -100.48 -96.342
27 513.842 722.899 5 8.57409 -94.8909 -36.5667
28 513.568 723.318 5 8.52917 -103.156 -75.9636
29 513.295 723.737 5 8.51343 -92.4552 148.342
30 513.022 724.155 5 8.52703 -81.2705 134.802
31 515.9 720.66 5 9.86853 -96.4118 173.006
32 515.627 721.079 5 9.67572 -95.4702 98.1634
33 515.353 721.497 5 9.50533 -104.75 -119.358
34 515.08 721.916 5 9.35858 -114.41 88.1686
35 514.807 722.335 5 9.2366 -107.288 -177.158
36 514.534 722.754 5 9.14038 -94.1773 164.307
37 514.26 723.172 5 9.07074 -102.17 -25.7977
38 513.987 723.591 5 9.02829 -109.869 -101.171
39 516.319 720.933 5 10.3272 -101.745 -0.892642
40 516.045 721.352 5 10.1431 -87.7801 23.1942
41 515.772 721.771 5 9.98072 -86.0787 -103.141
42 515.499 722.189 5 9.84106 -94.7544 179.141
43 515.226 722.608 5 9.72514 -103.857 -51.3176
44 514.952 723.027 5 9.6338 -98.749 32.8125
45 514.679 723.446 5 9.56775 -110.979 -149.723
46 514.406 723.864 5 9.52751 -250 0
47 516.737 721.206 5 10.7896 -95.3432 145.543
48 516.464 721.625 5 10.6135 -90.9895 -155.6
49 516.191 722.044 5 10.4584 -97.1914 51.7407
50 515.918 722.463 5 10.3252 -104.945 -155.408
51 515.644 722.881 5 10.2148 -130.951 -20.4606
52 515.371 723.3 5 10.1279 -114.865 -142.784
53 515.098 723.719 5 10.065 -100.412 -77.2815
54 514.825 724.138 5 10.0268 -250 0
55 517.156 721.48 5 11.2551 -86.6748 88.167
56 516.883 721.898 5 11.0865 -96.8328 -72.6414
57 516.61 722.317 5 10.9381 -82.3373 -135.101
58 516.336 722.736 5 10.8108 -109.578 93.5633
59 516.063 723.155 5 10.7054 -104.313 -144.975
60 515.79 723.573 5 10.6225 -110.881 115.673
61 515.517 723.992 5 10.5626 -105.757 -90.9739
62 515.243 724.411 5 10.5262 -250 0
63 517.575 721.753 5 11.7235 -100.205 132.345
64 517.302 722.172 5 11.5617 -93.0608 -100.028
65 517.028 722.59 5 11.4195 -115.126 -96.9464
66 516.755 723.009 5 11.2976 -113.222 39.6323
67 516.482 723.428 5 11.1968 -117.439 30.4929
68 516.209 723.847 5 11.1176 -105.995 -59.7366
69 515.935 724.265 5 11.0604 -112.603 -77.8056
70 515.662 724.684 5 11.0256 -122.532 -46.3909
71 517.994 722.026 5 12.1945 -98.7525 25.0337
72 517.72 722.445 5 12.039 -112.262 44.6171
73 517.447 722.864 5 11.9025 -110.111 140.688
74 517.174 723.282 5 11.7856 -102.433 -136.071
75 516.901 723.701 5 11.689 -87.5024 95.857
76 516.627 724.12 5 11.6131 -83.652 106.289
77 516.354 724.539 5 11.5583 -121.031 -163.756
78 516.081 724.957 5 11.5251 -113.096 -87.7365
