1 509.951 714.045 5 6.39496 -79.8371 92.7842
2 510.37 714.318 5 6.33055 -80.0784 -57.6007
3 510.79 714.59 5 6.30526 -78.6758 85.242
4 511.209 714.862 5 6.31955 -72.5725 138.842
5 511.628 715.135 5 6.37315 -71.5928 7.69002
6 512.048 715.407 5 6.46509 -82.1797 -28.9815
7 512.467 715.679 5 6.59377 -85.5396 -43.6978
8 512.886 715.952 5 6.75708 -73.4073 -151.032
9 513.306 716.224 5 6.95259 -76.9841 12.0866
10 513.725 716.496 5 7.17767 -84.2495 -108.309
11 514.144 716.769 5 7.42962 -81.2531 124.242
12 514.564 717.041 5 7.70582 -82.374 17.8398
13 514.983 717.313 5 8.00375 -102.629 79.7779
14 509.679 714.465 5 5.9026 -75.3596 84.2482
15 510.098 714.737 5 5.83276 -87.6216 28.7581
16 510.517 715.009 5 5.80529 -69.9833 119.966
17 510.937 715.282 5 5.82081 -73.8348 -51.1158
18 511.356 715.554 5 5.87896 -78.4845 -8.47831
19 511.775 715.826 5 5.97851 -90.0758 -106.296
20 512.195 716.099 5 6.11743 -85.9329 37.7192
21 512.614 716.371 5 6.29311 -78.1385 -133.257
22 513.033 716.643 5 6.50259 -80.364 94.3538
23 513.453 716.916 5 6.7427 -73.7215 -148.452
24 513.872 717.188 5 7.01031 -73.0388 -12.7768
25 514.291 717.46 5 7.30238 -81.6382 -76.095
26 514.711 717.733 5 7.61611 -81.5396 -160.176
27 509.406 714.884 5 5.41164 -92.8888 -129.452
28 509.826 715.156 5 5.33537 -67.9016 -14.3664
29 510.245 715.429 5 5.30533 -73.2605 -49.9038
30 510.664 715.701 5 5.3223 -70.7369 -8.41824
31 511.084 715.973 5 5.38584 -67.5332 177.09
32 511.503 716.246 5 5.49433 -71.1757 17.9246
33 511.922 716.518 5 5.64518 -81.6269 132.448
34 512.342 716.79 5 5.8351 -82.5322 14.8533
35 512.761 717.063 5 6.06043 -77.8306 -44.3159
36 513.18 717.335 5 6.31737 -74.5638 -141.476
37 513.6 717.607 5 6.60224 -86.1169 150.309
38 514.019 717.88 5 6.91158 -89.4775 54.9741
39 514.438 718.152 5 7.24225 -81.2148 175.69
40 509.134 715.303 5 4.92249 -82.6316 177.429
41 509.553 715.576 5 4.83852 -84.3727 -54.1296
42 509.973 715.848 5 4.80538 -71.8138 -127.31
43 510.392 716.12 5 4.82411 -72.7749 108.833
44 510.811 716.393 5 4.89412 -65.9934 -136.001
45 511.231 716.665 5 5.01326 -68.7818 -62.4528
46 511.65 716.937 5 5.17814 -86.5129 102.237
47 512.069 717.21 5 5.38456 -75.4758 168.646
48 512.489 717.482 5 5.62796 -71.5598 91.3906
49 512.908 717.754 5 5.90375 -80.2304 5.6357
50 513.327 718.027 5 6.20763 -86.2014 150.366
51 513.747 718.299 5 6.53567 -77.2594 89.4675
52 514.166 718.571 5 6.88443 -78.3696 -2.57732
53 508.862 715.723 5 4.43577 -87.0681 -122.84
54 509.281 715.995 5 4.3424 -92.8635 -124.092
55 509.7 716.267 5 4.30544 -86.6041 118.527
56 510.12 716.54 5 4.32633 -68.0318 102.098
57 510.539 716.812 5 4.40426 -70.2937 -67.5891
58 510.958 717.084 5 4.53629 -62.74 94.3654
59 511.378 717.357 5 4.71787 -85.9323 15.5669
60 511.797 717.629 5 4.94355 -68.8222 -54.4608
61 512.216 717.901 5 5.20759 -71.0077 140.254
62 512.636 718.174 5 5.50449 -81.2801 -138.985
63 513.055 718.446 5 5.82922 -77.45 -45.2175
64 513.474 718.718 5 6.17739 -91.8333 -35.3767
65 513.894 718.991 5 6.54527 -88.6301 33.902
66 508.589 716.142 5 3.95236 -81.387 121.338
67 509.009 716.414 5 3.84728 -82.6981 -142.521
68 509.428 716.687 5 3.80551 -84.1413 -178.54
69 509.847 716.959 5 3.82914 -84.486 162.639
70 510.267 717.231 5 3.91697 -68.4075 -20.3687
71 510.686 717.504 5 4.06485 -70.2249 93.0791
72 511.105 717.776 5 4.26654 -71.5017 -64.0646
73 511.525 718.048 5 4.51484 -68.28 98.3757
74 511.944 718.321 5 4.80251 -73.7181 118.307
75 512.363 718.593 5 5.12294 -77.0628 175.098
76 512.783 718.865 5 5.47036 -96.0579 122.524
77 513.202 719.138 5 5.83997 -99.4245 -87.1548
78 513.621 719.41 5 6.22781 -84.4076 147.957
79 510.414 717.923 5 3.60113 -70.1215 -131.686
80 510.833 718.195 5 3.82734 -67.3823 80.3607
81 511.672 718.74 5 4.41693 -82.349 123.049
82 512.091 719.012 5 4.76336 -86.2444 -76.5406
83 512.51 719.285 5 5.13517 -88.2286 12.7486
84 512.93 719.557 5 5.52724 -83.8611 -41.3971
85 513.349 719.829 5 5.93555 -88.6901 -145.523
86 510.141 718.342 5 3.14854 -67.9813 104.478
87 510.561 718.615 5 3.40495 -64.9581 38.3941
88 511.399 719.159 5 4.0564 -77.3251 131.234
89 511.819 719.432 5 4.43111 -83.9284 -77.8511
90 512.238 719.704 5 4.82858 -85.5974 21.6883
91 512.657 719.976 5 5.24362 -89.9261 23.4037
92 513.077 720.249 5 5.67238 -79.4013 -19.3151
93 509.869 718.762 5 2.71264 -66.98 -158.663
94 510.288 719.034 5 3.00646 -67.8635 -79.7293
95 511.127 719.579 5 3.72821 -84.2181 179.365
96 511.546 719.851 5 4.13278 -85.0037 -157.841
97 511.966 720.123 5 4.55634 -83.8405 14.0364
98 512.385 720.396 5 4.99406 -90.6883 -158.542
99 512.804 720.668 5 5.44252 -91.4076 -52.3355
100 509.597 719.181 5 2.30294 -67.1768 151.713
101 510.016 719.453 5 2.64271 -62.6471 97.2995
102 509.324 719.6 5 1.93615 -54.1467 -33.9959
103 509.744 719.873 5 2.33003 -58.6406 -176.389
104 509.052 720.02 5 1.64127 -55.0657 -5.18038
105 509.471 720.292 5 2.09145 -61.3456 -160.241
