1 514.644 719.84 5 9.41525 -115.73 -134.32
2 514.371 720.259 5 9.21281 -113.868 -128.414
3 514.097 720.678 5 9.03354 -114.607 -3.86513
4 513.824 721.096 5 8.87884 -123.7 -16.7128
5 513.551 721.515 5 8.75001 -117.735 -101.13
6 513.278 721.934 5 8.64822 -107.181 34.1153
7 513.004 722.353 5 8.57442 -102.113 146.533
8 512.731 722.771 5 8.52933 -99.1081 102.93
9 512.458 723.19 5 8.51343 -99.4125 83.4844
10 512.185 723.609 5 8.52687 -84.4682 -179.302
11 515.063 720.113 5 9.86967 -124.384 -143.89
12 514.789 720.532 5 9.67674 -119.054 -117.382
13 514.516 720.951 5 9.50622 -125.869 -111.521
14 514.243 721.37 5 9.35934 -119.252 79.8475
15 513.97 721.788 5 9.23721 -113.553 -2.36798
16 513.696 722.207 5 9.14085 -107.079 179.634
17 513.423 722.626 5 9.07105 -99.2723 117.401
18 513.15 723.045 5 9.02845 -100.951 93.7106
19 512.877 723.463 5 9.01343 -92.6979 68.6575
20 512.603 723.882 5 9.02612 -81.3121 138.057
21 515.481 720.387 5 10.3283 -112.371 148.225
22 515.208 720.805 5 10.1441 -112.392 33.2564
23 514.935 721.224 5 9.98157 -116.371 17.1597
24 514.662 721.643 5 9.84178 -97.0355 -136.974
25 514.388 722.062 5 9.72572 -122.748 -94.0292
26 514.115 722.48 5 9.63423 -105.809 86.9179
27 513.842 722.899 5 9.56804 -87.276 101.782
28 513.568 723.318 5 9.52766 -97.0578 98.6785
29 513.295 723.737 5 9.51343 -101.155 -134.188
30 513.022 724.155 5 9.52545 -82.8982 -32.4721
31 515.9 720.66 5 10.7906 -119.534 134.821
32 515.627 721.079 5 10.6144 -117.312 41.6399
33 515.353 721.497 5 10.4592 -100.593 -7.89192
34 515.08 721.916 5 10.3259 -92.0671 1.11238
35 514.807 722.335 5 10.2153 -104.154 -86.3885
36 514.534 722.754 5 10.1283 -96.5892 -120.444
37 514.26 723.172 5 10.0653 -105.866 13.2473
38 513.987 723.591 5 10.027 -95.7308 -97.4604
39 516.319 720.933 5 11.2561 -100.275 -36.325
40 516.045 721.352 5 11.0874 -80.2523 77.4352
41 515.772 721.771 5 10.9389 -85.0408 71.2181
42 515.499 722.189 5 10.8114 -100.315 -73.404
43 515.226 722.608 5 10.7059 -107.9 14.785
44 514.952 723.027 5 10.6229 -114.098 -119.931
45 514.679 723.446 5 10.5629 -115.292 -120.048
46 514.406 723.864 5 10.5263 -250 0
47 516.737 721.206 5 11.7245 -77.9968 -112.361
48 516.464 721.625 5 11.5626 -92.2848 -133.849
49 516.191 722.044 5 11.4202 -102.588 -167.323
50 515.918 722.463 5 11.2983 -110.538 52.2313
51 515.644 722.881 5 11.1973 -103.397 -82.5283
52 515.371 723.3 5 11.1179 -106.39 -49.767
53 515.098 723.719 5 11.0606 -114.878 14.4438
54 514.825 724.138 5 11.0257 -250 0
55 517.156 721.48 5 12.1954 -100.131 156.606
56 516.883 721.898 5 12.0398 -87.6354 -176.377
57 516.61 722.317 5 11.9032 -116.497 -145.322
58 516.336 722.736 5 11.7862 -107.23 9.68325
59 516.063 723.155 5 11.6894 -108.595 76.6182
60 515.79 723.573 5 11.6134 -112.399 -142.59
61 515.517 723.992 5 11.5586 -96.237 166.108
62 515.243 724.411 5 11.5252 -250 0
63 517.575 721.753 5 12.6685 -103.577 -125.887
64 517.302 722.172 5 12.5188 -95.0867 85.7451
65 517.028 722.59 5 12.3874 -114.524 -11.7858
66 516.755 723.009 5 12.2751 -114.943 -171.719
67 516.482 723.428 5 12.1822 -94.528 -21.4361
68 516.209 723.847 5 12.1093 -117.694 102.986
69 515.935 724.265 5 12.0567 -114.458 -147.302
70 515.662 724.684 5 12.0247 -117.181 -170.152
71 517.994 722.026 5 13.1436 -112.989 144.741
72 517.72 722.445 5 12.9994 -114.259 34.6632
73 517.447 722.864 5 12.8729 -108.073 -111.705
74 517.174 723.282 5 12.7648 -113.468 72.707
75 516.901 723.701 5 12.6756 -106.999 -104.253
76 516.627 724.12 5 12.6055 -94.7312 -120.547
77 516.354 724.539 5 12.555 -95.0822 -7.60191
78 516.081 724.957 5 12.5242 -125.027 158.769
