1 505.473 717.831 5 4.3189 -65.3153 -133.004
2 505.747 717.412 5 4.42493 -71.5008 28.7416
3 506.02 716.994 5 4.58336 -59.0478 49.9245
4 506.294 716.575 5 4.78898 -60.6892 21.2028
5 506.567 716.157 5 5.03601 -56.3646 31.0183
6 505.891 718.104 5 3.82589 -66.7652 -160.193
7 506.165 717.686 5 3.94519 -60.446 102.539
8 506.439 717.267 5 4.1221 -63.1518 82.4833
9 506.712 716.849 5 4.34958 -67.3499 174.245
10 506.986 716.43 5 4.62017 -57.7233 -143.167
11 506.31 718.378 5 3.33495 -64.0915 -138.895
12 506.584 717.96 5 3.47118 -57.9881 -3.94471
13 506.857 717.541 5 3.67099 -61.4373 -13.8203
14 507.131 717.123 5 3.92471 -63.3187 42.7579
15 507.404 716.704 5 4.22261 -59.3657 0.925279
16 506.728 718.652 5 2.84718 -57.3763 126.261
17 507.002 718.233 5 3.00559 -60.3839 52.5909
18 507.276 717.815 5 3.2343 -69.0623 -48.6228
19 507.549 717.396 5 3.51964 -56.6435 -142.729
20 507.823 716.978 5 3.84902 -73.0112 -132.876
21 507.147 718.925 5 2.36452 -60.912 -100.344
22 507.421 718.507 5 2.55305 -59.779 -66.9552
23 507.694 718.088 5 2.81873 -60.608 -27.3358
24 507.968 717.67 5 3.14203 -62.1146 16.932
25 508.241 717.251 5 3.50706 -61.9485 61.7409
26 507.565 719.199 5 1.89089 -72.6577 74.3902
27 507.839 718.78 5 2.12193 -76.0718 -18.149
28 508.113 718.362 5 2.4351 -70.5297 -173.649
29 508.386 717.943 5 2.80301 -58.4897 -126.063
30 508.66 717.525 5 3.20687 -65.1229 -44.4719
31 507.984 719.472 5 1.43526 -64.7312 -66.2376
32 508.258 719.054 5 1.72832 -53.9256 -152.672
33 508.531 718.635 5 2.10101 -61.537 -157.629
34 508.805 718.217 5 2.51821 -73.2171 -46.4332
35 509.078 717.798 5 2.96117 -77.0258 -178.022
36 508.402 719.746 5 1.022 -45.3557 126.192
37 508.676 719.328 5 1.40414 -71.3617 -69.4469
38 508.95 718.909 5 1.84357 -92.68 60.5429
39 509.223 718.491 5 2.30779 -94.6884 169.57
40 509.497 718.072 5 2.78443 -92.7071 -171.418
