1 505.473 717.831 5 1.89418 -58.3195 154.228
2 505.747 717.412 5 2.127 -57.6747 -96.2475
3 506.02 716.994 5 2.44138 -50.8187 39.1601
4 506.294 716.575 5 2.81009 -47.6771 46.5491
5 506.567 716.157 5 3.21447 -51.2134 -45.1383
6 505.891 718.104 5 1.43958 -49.0181 -58.5065
7 506.165 717.686 5 1.73454 -44.9935 -66.9028
8 506.439 717.267 5 2.10828 -44.7784 -96.8247
9 506.712 716.849 5 2.52608 -52.1458 167.912
10 506.986 716.43 5 2.96939 -54.9973 -55.0398
11 506.31 718.378 5 1.02806 -44.8826 174.021
12 506.584 717.96 5 1.41178 -44.6802 132.227
13 506.857 717.541 5 1.85185 -45.1765 -84.2689
14 507.131 717.123 5 2.31637 -51.1783 44.9077
15 507.404 716.704 5 2.79317 -47.7255 120.28
16 506.728 718.652 5 0.735795 -37.6412 -92.7686
17 507.002 718.233 5 1.21557 -42.6441 -42.7331
18 507.276 717.815 5 1.707 -42.7444 -34.8113
19 507.549 717.396 5 2.20229 -46.7955 -17.9158
20 507.823 716.978 5 2.69931 -46.2761 -19.3455
21 507.147 718.925 5 0.725183 -37.4293 -70.9797
22 507.421 718.507 5 1.20918 -41.5042 -28.7744
23 507.694 718.088 5 1.70245 -42.5873 -25.4349
24 507.968 717.67 5 2.19876 -46.1233 -0.336377
25 508.241 717.251 5 2.69644 -44.7689 -22.8919
26 507.565 719.199 5 1.00518 -43.4763 -135.862
27 507.839 718.78 5 1.39521 -42.6512 164.999
28 508.113 718.362 5 1.83925 -48.4992 -57.9131
29 508.386 717.943 5 2.30631 -49.5082 104.239
30 508.66 717.525 5 2.78483 -46.1806 140.377
31 507.984 719.472 5 1.4124 -52.2477 14.0835
32 508.258 719.054 5 1.71205 -46.7559 -16.1048
33 508.531 718.635 5 2.08982 -45.9043 -44.5439
34 508.805 718.217 5 2.51069 -51.7947 -151.961
35 509.078 717.798 5 2.95631 -61.7716 -3.47243
36 508.402 719.746 5 1.86531 -58.888 -140.219
37 508.676 719.328 5 2.10133 -67.8116 -105.648
38 508.95 718.909 5 2.41905 -85.7522 -110.141
39 509.223 718.491 5 2.79071 -93.3914 -169.955
40 509.497 718.072 5 3.19754 -90.9911 -148.203
