1 514.644 719.84 5 9.87024 -114.621 57.3571
2 514.371 720.259 5 9.67725 -120.508 -77.0962
3 514.097 720.678 5 9.50667 -115.962 142.984
4 513.824 721.096 5 9.35971 -115.854 -179.561
5 513.551 721.515 5 9.23752 -129.103 -11.4694
6 513.278 721.934 5 9.14108 -110.132 68.7701
7 513.004 722.353 5 9.07121 -97.9147 84.2518
8 512.731 722.771 5 9.02853 -92.009 -85.6999
9 512.458 723.19 5 9.01343 -93.0577 73.7912
10 512.185 723.609 5 9.02604 -98.8276 162.756
11 515.063 720.113 5 10.3288 -100.339 77.9521
12 514.789 720.532 5 10.1446 -133.102 41.3234
13 514.516 720.951 5 9.98199 -110.45 140.618
14 514.243 721.37 5 9.84214 -107.937 -84.8198
15 513.97 721.788 5 9.72601 -107.528 -103.321
16 513.696 722.207 5 9.63445 -110.607 -69.3897
17 513.423 722.626 5 9.56819 -104.291 31.9702
18 513.15 723.045 5 9.52774 -100.395 -168.808
19 512.877 723.463 5 9.51343 -82.773 99.127
20 512.603 723.882 5 9.52538 -88.209 -80.4812
21 515.481 720.387 5 10.7911 -115.497 10.6035
22 515.208 720.805 5 10.6149 -118.793 123.363
23 514.935 721.224 5 10.4596 -109.186 -166.709
24 514.662 721.643 5 10.3262 -85.653 -5.15377
25 514.388 722.062 5 10.2156 -111.025 82.0773
26 514.115 722.48 5 10.1285 -97.0504 -104.835
27 513.842 722.899 5 10.0655 -105.266 4.52009
28 513.568 723.318 5 10.027 -92.5944 49.9992
29 513.295 723.737 5 10.0134 -88.2935 155.494
30 513.022 724.155 5 10.0248 -81.5941 6.00067
31 515.9 720.66 5 11.2566 -83.2271 -124.029
32 515.627 721.079 5 11.0878 -82.0054 125.333
33 515.353 721.497 5 10.9392 -82.2945 -14.0443
34 515.08 721.916 5 10.8118 -88.2654 178.894
35 514.807 722.335 5 10.7062 -103.846 -112.449
36 514.534 722.754 5 10.6231 -103.14 171.466
37 514.26 723.172 5 10.563 -115.794 31.1197
38 513.987 723.591 5 10.5264 -99.441 129.117
39 516.319 720.933 5 11.725 -76.6693 127.398
40 516.045 721.352 5 11.563 -76.0116 -42.8811
41 515.772 721.771 5 11.4206 -80.5299 87.513
42 515.499 722.189 5 11.2986 -102.503 -43.1095
43 515.226 722.608 5 11.1976 -95.7185 110.317
44 514.952 723.027 5 11.1181 -105.212 -37.568
45 514.679 723.446 5 11.0608 -122.411 164.263
46 514.406 723.864 5 11.0258 -250 0
47 516.737 721.206 5 12.1958 -77.3504 141.806
48 516.464 721.625 5 12.0402 -84.9914 -64.2354
49 516.191 722.044 5 11.9035 -81.222 -22.1222
50 515.918 722.463 5 11.7865 -111.876 152.471
51 515.644 722.881 5 11.6897 -108.096 -147.981
52 515.371 723.3 5 11.6136 -105.821 95.5063
53 515.098 723.719 5 11.5587 -106.79 72.9808
54 514.825 724.138 5 11.5253 -250 0
55 517.156 721.48 5 12.6689 -84.7795 131.045
56 516.883 721.898 5 12.5192 -85.7008 -115.078
57 516.61 722.317 5 12.3878 -92.2183 -143.018
58 516.336 722.736 5 12.2754 -103.49 -59.9316
59 516.063 723.155 5 12.1825 -108.533 2.72678
60 515.79 723.573 5 12.1095 -107.818 6.10117
61 515.517 723.992 5 12.0568 -101.224 111.474
62 515.243 724.411 5 12.0248 -250 0
63 517.575 721.753 5 13.144 -90.9263 16.707
64 517.302 722.172 5 12.9997 -86.3566 121.505
65 517.028 722.59 5 12.8732 -129.751 -130.94
66 516.755 723.009 5 12.7651 -119.104 89.663
67 516.482 723.428 5 12.6758 -113.856 150.661
68 516.209 723.847 5 12.6057 -87.5115 106.608
69 515.935 724.265 5 12.5551 -99.7095 -20.204
70 515.662 724.684 5 12.5243 -120.934 84.5751
71 517.994 722.026 5 13.6209 -90.3805 -17.7788
72 517.72 722.445 5 13.4817 -98.244 170.561
73 517.447 722.864 5 13.3598 -113.943 -74.4308
74 517.174 723.282 5 13.2556 -111.617 93.8463
75 516.901 723.701 5 13.1696 -110.433 -37.4053
76 516.627 724.12 5 13.1022 -94.3928 -56.9245
77 516.354 724.539 5 13.0535 -102.66 112.27
78 516.081 724.957 5 13.0239 -126.039 -177.075
