1 505.473 717.831 5 2.36662 -53.5445 -118.183
2 505.747 717.412 5 2.55643 -61.7782 -117.191
3 506.02 716.994 5 2.82307 -65.3277 -121.656
4 506.294 716.575 5 3.14708 -50.1117 172.345
5 506.567 716.157 5 3.51262 -52.7478 -169.514
6 505.891 718.104 5 1.89352 -62.7392 -73.4754
7 506.165 717.686 5 2.12598 -65.4378 -142.642
8 506.439 717.267 5 2.44013 -51.5427 66.5564
9 506.712 716.849 5 2.80867 -46.4788 58.9832
10 506.986 716.43 5 3.21295 -50.5537 -29.5985
11 506.31 718.378 5 1.43872 -47.6763 -51.2421
12 506.584 717.96 5 1.73329 -46.6294 -65.9082
13 506.857 717.541 5 2.10683 -43.5589 -93.1597
14 507.131 717.123 5 2.5245 -49.862 162.505
15 507.404 716.704 5 2.96775 -55.3806 -41.1253
16 506.728 718.652 5 1.02684 -44.2866 177.738
17 507.002 718.233 5 1.41025 -44.2488 134.425
18 507.276 717.815 5 1.85019 -46.3766 -78.6569
19 507.549 717.396 5 2.31465 -48.3038 74.9642
20 507.823 716.978 5 2.79142 -48.0184 122.55
21 507.147 718.925 5 0.734099 -37.2989 -87.5186
22 507.421 718.507 5 1.2138 -41.2587 -42.2645
23 507.694 718.088 5 1.7052 -42.5517 -23.2421
24 507.968 717.67 5 2.20048 -46.5259 -17.2611
25 508.241 717.251 5 2.6975 -48.4648 -12.1273
26 507.565 719.199 5 0.723465 -36.9571 -62.9677
27 507.839 718.78 5 1.2074 -40.8856 -31.5371
28 508.113 718.362 5 1.70065 -43.2777 -20.781
29 508.386 717.943 5 2.19696 -45.3321 -10.874
30 508.66 717.525 5 2.69463 -46.2069 -11.9962
31 507.984 719.472 5 1.00394 -44.8494 -132.773
32 508.258 719.054 5 1.39367 -42.6278 164.259
33 508.531 718.635 5 1.83758 -49.0153 -45.7538
34 508.805 718.217 5 2.30459 -48.666 83.0031
35 509.078 717.798 5 2.78308 -44.2403 131.465
36 508.402 719.746 5 1.41152 -51.9597 42.1929
37 508.676 719.328 5 1.71079 -47.8776 3.97215
38 508.95 718.909 5 2.08835 -95.7823 -173.891
39 509.223 718.491 5 2.50911 -92.2722 102.271
40 509.497 718.072 5 2.95466 -100.569 -157.86
