1 514.644 719.84 5 6.81901 -100.599 127.374
2 514.371 720.259 5 6.5373 -108.402 85.2289
3 514.097 720.678 5 6.28281 -110.04 -135.761
4 513.824 721.096 5 6.05897 -109.835 -22.0407
5 513.551 721.515 5 5.86928 -113.126 -9.1783
6 513.278 721.934 5 5.71715 -101.768 -174.521
7 513.004 722.353 5 5.60564 -77.7193 86.9013
8 512.731 722.771 5 5.5372 -75.4002 -158.486
9 512.458 723.19 5 5.51343 -95.41 40.6027
10 512.185 723.609 5 5.53492 -92.4249 175.753
11 515.063 720.113 5 7.22927 -105.192 -155.971
12 514.789 720.532 5 6.96418 -105.609 167.434
13 514.516 720.951 5 6.72585 -113.383 -149.935
14 514.243 721.37 5 6.51725 -109.846 166.264
15 513.97 721.788 5 6.34128 -96.8435 -122.575
16 513.696 722.207 5 6.20074 -94.4711 -135.393
17 513.423 722.626 5 6.09808 -95.1398 -165.623
18 513.15 723.045 5 6.03523 -78.8228 -50.8637
19 512.877 723.463 5 6.01343 -91.3332 -29.1637
20 512.603 723.882 5 6.03313 -96.7336 72.7169
21 515.481 720.387 5 7.65022 -102.651 87.8426
22 515.208 720.805 5 7.40021 -108.69 11.0392
23 514.935 721.224 5 7.17639 -108.657 -83.2621
24 514.662 721.643 5 6.98125 -91.2336 -35.5399
25 514.388 722.062 5 6.81728 -95.9851 -178.922
26 514.115 722.48 5 6.68675 -94.1017 58.8332
27 513.842 722.899 5 6.59166 -100.743 -157.578
28 513.568 723.318 5 6.53356 -96.7971 165.289
29 513.295 723.737 5 6.51343 -79.7199 -179.764
30 513.022 724.155 5 6.53162 -61.618 -132.118
31 515.9 720.66 5 8.08017 -104.755 131.583
32 515.627 721.079 5 7.84389 -104.454 66.334
33 515.353 721.497 5 7.63308 -98.7288 -66.8726
34 515.08 721.916 5 7.44992 -100.282 -164.086
35 514.807 722.335 5 7.29648 -94.7862 -14.2167
36 514.534 722.754 5 7.17468 -91.5445 -120.268
37 514.26 723.172 5 7.08614 -95.3482 59.7025
38 513.987 723.591 5 7.03213 -95.3105 -29.4028
39 516.319 720.933 5 8.51778 -109.78 119.873
40 516.045 721.352 5 8.29397 -103.224 36.21
41 515.772 721.771 5 8.0949 -102.202 -170.369
42 515.499 722.189 5 7.92242 -100.845 7.76527
43 515.226 722.608 5 7.77831 -96.2152 141.418
44 514.952 723.027 5 7.66417 -98.6197 174.137
45 514.679 723.446 5 7.58135 -85.5754 39.4607
46 514.406 723.864 5 7.53088 -250 0
47 516.737 721.206 5 8.96192 -94.3605 -90.4837
48 516.464 721.625 5 8.74948 -100.604 15.1911
49 516.191 722.044 5 8.561 -106.272 52.0081
50 515.918 722.463 5 8.3981 -94.4751 -21.5792
51 515.644 722.881 5 8.2623 -93.8287 62.0467
52 515.371 723.3 5 8.15493 -86.4351 167.398
53 515.098 723.719 5 8.07714 -98.7281 -92.8004
54 514.825 724.138 5 8.0298 -250 0
55 517.156 721.48 5 9.41167 -106.237 -9.10033
56 516.883 721.898 5 9.20961 -103.178 133.608
57 516.61 722.317 5 9.03074 -102.051 43.8624
58 516.336 722.736 5 8.87646 -92.413 -60.3254
59 516.063 723.155 5 8.74808 -86.3311 -65.0333
60 515.79 723.573 5 8.64675 -117.277 -65.0898
61 515.517 723.992 5 8.57343 -122.955 119.016
62 515.243 724.411 5 8.52884 -250 0
63 517.575 721.753 5 9.86625 -84.3614 -128.159
64 517.302 722.172 5 9.67369 -95.0065 -33.4358
65 517.028 722.59 5 9.50356 -87.8093 132.786
66 516.755 723.009 5 9.35708 -83.755 42.4327
67 516.482 723.428 5 9.23539 -105.432 -54.6941
68 516.209 723.847 5 9.13946 -97.4591 -171.115
69 515.935 724.265 5 9.07012 -106.433 166.932
70 515.662 724.684 5 9.02798 -115.942 -123.116
71 517.994 722.026 5 10.325 -83.3045 150.74
72 517.72 722.445 5 10.1412 -81.9592 30.0505
73 517.447 722.864 5 9.97903 -79.9759 -155.642
74 517.174 723.282 5 9.83963 -90.0253 -8.82082
75 516.901 723.701 5 9.72398 -109.159 110.107
76 516.627 724.12 5 9.63292 -110.721 160.392
77 516.354 724.539 5 9.56716 -103.337 -11.5313
78 516.081 724.957 5 9.52722 -98.5459 177.868
