1 509.951 714.045 5 6.80755 -59.6867 -129.962
2 510.37 714.318 5 6.63499 -66.6667 -17.7017
3 510.79 714.59 5 6.49642 -54.6754 72.7324
4 511.209 714.862 5 6.39405 -58.5068 -11.295
5 511.628 715.135 5 6.32963 -62.8171 128.455
6 512.048 715.407 5 6.30434 -57.4526 55.0671
7 512.467 715.679 5 6.31862 -47.3243 69.3992
8 512.886 715.952 5 6.37224 -43.7501 -104.674
9 513.306 716.224 5 6.46419 -51.1413 10.2314
10 513.725 716.496 5 6.59288 -61.2445 -13.4239
11 514.144 716.769 5 6.75622 -75.2022 -137.571
12 514.564 717.041 5 6.95175 -70.6105 -140.411
13 514.983 717.313 5 7.17685 -71.4237 126.606
14 509.679 714.465 5 6.34735 -63.3175 60.833
15 510.098 714.737 5 6.16192 -59.6522 -26.1741
16 510.517 715.009 5 6.01245 -59.2373 -155.43
17 510.937 715.282 5 5.90169 -54.6248 -96.4515
18 511.356 715.554 5 5.83184 -54.1445 90.769
19 511.775 715.826 5 5.80437 -50.8233 178.768
20 512.195 716.099 5 5.81988 -48.4654 62.673
21 512.614 716.371 5 5.87805 -47.2816 -118.972
22 513.033 716.643 5 5.97761 -50.2971 -3.46051
23 513.453 716.916 5 6.11655 -65.6042 176.77
24 513.872 717.188 5 6.29226 -60.2637 -163.823
25 514.291 717.46 5 6.50176 -74.1785 176.258
26 514.711 717.733 5 6.74191 -61.4269 108.574
27 509.406 714.884 5 5.89363 -61.3163 150.955
28 509.826 715.156 5 5.69344 -57.907 98.8894
29 510.245 715.429 5 5.53133 -58.1367 -81.0598
30 510.664 715.701 5 5.41073 -53.3112 65.5957
31 511.084 715.973 5 5.33445 -55.9228 24.098
32 511.503 716.246 5 5.30441 -47.5387 145.091
33 511.922 716.518 5 5.32138 -46.0834 52.4864
34 512.342 716.79 5 5.38493 -48.2462 -100.657
35 512.761 717.063 5 5.49344 -59.5544 -9.05713
36 513.18 717.335 5 5.64431 -61.4614 -90.9822
37 513.6 717.607 5 5.83426 -63.0066 168.74
38 514.019 717.88 5 6.05962 -58.1714 -70.1479
39 514.438 718.152 5 6.31659 -71.7422 -26.1053
40 509.134 715.303 5 5.44802 -57.3022 -30.6879
41 509.553 715.576 5 5.2308 -58.3648 -177.399
42 509.973 715.848 5 5.05388 -59.674 -0.743036
43 510.392 716.12 5 4.92159 -57.9886 165.641
44 510.811 716.393 5 4.8376 -53.8329 -177.264
45 511.231 716.665 5 4.80446 -49.1617 120.611
46 511.65 716.937 5 4.82319 -47.2895 63.5527
47 512.069 717.21 5 4.89321 -50.7416 -102.338
48 512.489 717.482 5 5.01237 -53.2384 88.5529
49 512.908 717.754 5 5.17728 -57.1846 -166.215
50 513.327 718.027 5 5.38374 -52.9855 -174.155
51 513.747 718.299 5 5.62717 -60.3159 -161.984
52 514.166 718.571 5 5.903 -67.9513 -70.5619
53 508.862 715.723 5 5.01268 -67.1141 126.759
54 509.281 715.995 5 4.7757 -59.8622 -4.68715
55 509.7 716.267 5 4.58124 -56.5341 107.721
56 510.12 716.54 5 4.43487 -59.75 -148.183
57 510.539 716.812 5 4.34148 -58.7523 -9.59725
58 510.958 717.084 5 4.30451 -54.0004 59.9009
59 511.378 717.357 5 4.32541 -42.2456 47.7268
60 511.797 717.629 5 4.40336 -50.8013 -125.057
61 512.216 717.901 5 4.53541 -58.4528 69.3025
62 512.636 718.174 5 4.71702 -54.9807 -103.542
63 513.055 718.446 5 4.94274 -53.7035 -145.638
64 513.474 718.718 5 5.20683 -62.9744 -172.209
65 513.894 718.991 5 5.50377 -68.4578 90.7695
66 508.589 716.142 5 4.59054 -61.5162 -133.825
67 509.009 716.414 5 4.33052 -64.217 34.1813
68 509.428 716.687 5 4.11507 -58.8938 174.947
69 509.847 716.959 5 3.95147 -64.0729 -47.2815
70 510.267 717.231 5 3.84636 -59.5131 153.685
71 510.686 717.504 5 3.80459 -45.1727 149.434
72 511.105 717.776 5 3.82822 -43.3653 13.9411
73 511.525 718.048 5 3.91607 -51.3244 81.9193
74 511.944 718.321 5 4.06399 -54.8491 105.885
75 512.363 718.593 5 4.26572 -59.8255 -118.42
76 512.783 718.865 5 4.51406 -63.8406 64.3742
77 513.202 719.138 5 4.80178 -69.5033 2.26127
78 513.621 719.41 5 5.12225 -69.7381 -151.533
79 510.414 717.923 5 3.30468 -47.2655 98.4019
80 510.833 718.195 5 3.33186 -41.0313 -5.50668
81 511.672 718.74 5 3.60029 -60.6904 179.843
82 512.091 719.012 5 3.82654 -51.5816 -74.7996
83 512.51 719.285 5 4.10156 -86.057 -81.2037
84 512.93 719.557 5 4.41624 -61.6429 -22.6082
85 513.349 719.829 5 4.76272 -72.4508 -100.001
86 510.141 718.342 5 2.80481 -43.929 140.995
87 510.561 718.615 5 2.83679 -46.6772 -0.499119
88 511.399 719.159 5 3.14771 -54.3675 112.556
89 511.819 719.432 5 3.40418 -57.2135 -46.5747
90 512.238 719.704 5 3.71064 -63.9697 25.0755
91 512.657 719.976 5 4.05576 -65.4812 26.8877
92 513.077 720.249 5 4.43053 -62.8677 -54.1968
93 509.869 718.762 5 2.305 -40.1944 125.654
94 510.288 719.034 5 2.3438 -40.0676 -29.842
95 511.127 719.579 5 2.71185 -66.031 136.794
96 511.546 719.851 5 3.00575 -60.6205 -179.656
97 511.966 720.123 5 3.34886 -59.4053 -11.5473
98 512.385 720.396 5 3.72764 -73.9098 75.6474
99 512.804 720.668 5 4.13227 -66.1792 -67.0237
100 509.597 719.181 5 1.80529 -41.8372 111.849
101 510.016 719.453 5 1.85458 -41.3051 -68.7819
102 509.324 719.6 5 1.30581 -39.9719 111.278
103 509.744 719.873 5 1.37314 -42.7644 -148.513
104 509.052 720.02 5 0.80696 -34.6554 94.2324
105 509.471 720.292 5 0.911897 -40.68 158.793
