1 505.473 717.831 5 3.82621 -67.0418 -15.9155
2 505.747 717.412 5 3.94574 -67.1701 132.772
3 506.02 716.994 5 4.12284 -68.1868 138.285
4 506.294 716.575 5 4.35049 -62.1469 23.381
5 506.567 716.157 5 4.62122 -70.6671 50.6744
6 505.891 718.104 5 3.33533 -61.4697 -43.7642
7 506.165 717.686 5 3.4718 -67.7553 50.6368
8 506.439 717.267 5 3.67183 -67.6744 42.1625
9 506.712 716.849 5 3.92572 -70.7959 -179.477
10 506.986 716.43 5 4.22377 -56.2138 -62.883
11 506.31 718.378 5 2.84762 -58.5105 127.728
12 506.584 717.96 5 3.00631 -55.4119 127.474
13 506.857 717.541 5 3.23525 -57.6862 4.77548
14 507.131 717.123 5 3.52076 -58.2857 136.122
15 507.404 716.704 5 3.85029 -57.5669 -46.7118
16 506.728 718.652 5 2.36504 -55.7852 -97.3773
17 507.002 718.233 5 2.55389 -57.7373 37.5096
18 507.276 717.815 5 2.81981 -64.8776 -80.2177
19 507.549 717.396 5 3.14329 -50.6151 -153.018
20 507.823 716.978 5 3.50845 -49.7294 -142.238
21 507.147 718.925 5 1.89154 -65.2344 -33.0422
22 507.421 718.507 5 2.12294 -61.8265 -34.3595
23 507.694 718.088 5 2.43636 -48.8116 70.6877
24 507.968 717.67 5 2.80442 -46.8047 92.8244
25 508.241 717.251 5 3.20839 -47.2419 -29.7357
26 507.565 719.199 5 1.43612 -52.6404 -25.48
27 507.839 718.78 5 1.72957 -48.8736 -72.8202
28 508.113 718.362 5 2.10246 -44.7403 -74.3363
29 508.386 717.943 5 2.51978 -49.1412 167.782
30 508.66 717.525 5 2.96281 -57.4028 24.541
31 507.984 719.472 5 1.02321 -45.8166 -167.715
32 508.258 719.054 5 1.40567 -45.3801 128.421
33 508.531 718.635 5 1.84523 -46.7493 -31.5039
34 508.805 718.217 5 2.3095 -54.6212 39.8176
35 509.078 717.798 5 2.78617 -59.6838 41.7557
36 508.402 719.746 5 0.729015 -38.4712 -92.2604
37 508.676 719.328 5 1.20848 -44.0213 -28.2145
38 508.95 718.909 5 1.69981 -92.4738 -179.051
39 509.223 718.491 5 2.19507 -95.1449 -165.09
40 509.497 718.072 5 2.69208 -96.0557 -76.9558
