1 505.473 717.831 5 0.740887 -37.8874 -108.579
2 505.747 717.412 5 1.2209 -39.7184 -56.698
3 506.02 716.994 5 1.71239 -44.0852 -44.7972
4 506.294 716.575 5 2.2077 -41.9236 -39.5047
5 506.567 716.157 5 2.70474 -46.1472 -28.9427
6 505.891 718.104 5 0.730342 -38.8904 -72.239
7 506.165 717.686 5 1.21453 -41.0821 -39.1211
8 506.439 717.267 5 1.70785 -42.5969 -15.781
9 506.712 716.849 5 2.20418 -43.8853 -24.81
10 506.986 716.43 5 2.70187 -45.3561 -9.96689
11 506.31 718.378 5 1.0089 -42.6165 -128.767
12 506.584 717.96 5 1.39984 -43.1716 168.019
13 506.857 717.541 5 1.84424 -46.8187 -69.8279
14 507.131 717.123 5 2.31147 -55.2336 64.2828
15 507.404 716.704 5 2.79009 -46.1404 118.381
16 506.728 718.652 5 1.41505 -50.7186 8.34147
17 507.002 718.233 5 1.71582 -44.814 -16.4165
18 507.276 717.815 5 2.09421 -44.1675 -54.0055
19 507.549 717.396 5 2.51543 -51.0297 -162.023
20 507.823 716.978 5 2.96126 -55.8759 -24.8235
21 507.147 718.925 5 1.86731 -56.7011 -108.026
22 507.421 718.507 5 2.10441 -59.0316 -107.707
23 507.694 718.088 5 2.42285 -49.0021 120.503
24 507.968 717.67 5 2.79498 -46.1818 90.7038
25 508.241 717.251 5 3.20212 -51.9656 -5.88574
26 507.565 719.199 5 2.33909 -55.664 -107.179
27 507.839 718.78 5 2.53239 -65.0317 125.452
28 508.113 718.362 5 2.80262 -58.0943 -54.7326
29 508.386 717.943 5 3.12992 -52.1456 -150.89
30 508.66 717.525 5 3.49829 -49.728 -131.635
31 507.984 719.472 5 2.82061 -58.0983 1.90338
32 508.258 719.054 5 2.98287 -53.2657 -171.242
33 508.531 718.635 5 3.21546 -55.761 -33.4503
34 508.805 718.217 5 3.50441 -67.9647 -84.2108
35 509.078 717.798 5 3.837 -52.7167 -5.90271
36 508.402 719.746 5 3.30761 -59.1529 121.853
37 508.676 719.328 5 3.44703 -61.5649 -96.1246
38 508.95 718.909 5 3.65016 -86.5785 159.67
39 509.223 718.491 5 3.90709 -92.7953 7.01302
40 509.497 718.072 5 4.20797 -101.151 -19.0446
