1 514.644 719.84 5 7.23005 -122.482 -144.809
2 514.371 720.259 5 6.96488 -115.952 179.608
3 514.097 720.678 5 6.72648 -110.444 18.3838
4 513.824 721.096 5 6.51779 -110.225 91.0357
5 513.551 721.515 5 6.34173 -119.398 -123.488
6 513.278 721.934 5 6.20108 -109.665 -133.008
7 513.004 722.353 5 6.09831 -104.839 35.7126
8 512.731 722.771 5 6.03534 -79.089 -137.639
9 512.458 723.19 5 6.01343 -98.2774 97.679
10 512.185 723.609 5 6.03302 -89.7467 -67.44
11 515.063 720.113 5 7.65095 -118.9 -80.7796
12 514.789 720.532 5 7.40088 -114.34 84.5817
13 514.516 720.951 5 7.17698 -123.1 -84.3715
14 514.243 721.37 5 6.98176 -110.665 -135.521
15 513.97 721.788 5 6.81769 -109.874 167.222
16 513.696 722.207 5 6.68707 -99.2803 -66.3624
17 513.423 722.626 5 6.59188 -117.363 72.7135
18 513.15 723.045 5 6.53367 -78.782 0.662005
19 512.877 723.463 5 6.51343 -83.1806 148.972
20 512.603 723.882 5 6.53152 -83.8383 -95.6872
21 515.481 720.387 5 8.08087 -131.155 170.119
22 515.208 720.805 5 7.84452 -111.872 51.1293
23 514.935 721.224 5 7.63364 -104.743 84.2864
24 514.662 721.643 5 7.45039 -101.419 66.0604
25 514.388 722.062 5 7.29687 -102.67 87.0075
26 514.115 722.48 5 7.17498 -114.741 26.8585
27 513.842 722.899 5 7.08634 -99.6404 -150.055
28 513.568 723.318 5 7.03223 -96.3639 44.455
29 513.295 723.737 5 7.01343 -78.0849 -170.618
30 513.022 724.155 5 7.03023 -65.2659 -170.809
31 515.9 720.66 5 8.51844 -106.514 -100.448
32 515.627 721.079 5 8.29457 -109.844 103.422
33 515.353 721.497 5 8.09542 -91.0138 -1.89335
34 515.08 721.916 5 7.92286 -103.037 54.6697
35 514.807 722.335 5 7.77867 -94.3651 -95.3988
36 514.534 722.754 5 7.66444 -117.237 -140.201
37 514.26 723.172 5 7.58153 -85.3055 3.32455
38 513.987 723.591 5 7.53098 -94.74 -91.5442
39 516.319 720.933 5 8.96255 -101.852 131.293
40 516.045 721.352 5 8.75004 -81.1796 -7.77118
41 515.772 721.771 5 8.5615 -103.489 -53.0817
42 515.499 722.189 5 8.39852 -89.9674 -6.3419
43 515.226 722.608 5 8.26264 -104.347 -31.1934
44 514.952 723.027 5 8.15519 -110.107 159.42
45 514.679 723.446 5 8.07732 -99.8583 67.5519
46 514.406 723.864 5 8.02988 -250 0
47 516.737 721.206 5 9.41226 -92.2296 -175.133
48 516.464 721.625 5 9.21014 -103.302 120.635
49 516.191 722.044 5 9.0312 -114.772 84.6109
50 515.918 722.463 5 8.87686 -101.531 30.0104
51 515.644 722.881 5 8.7484 -116.562 -128.87
52 515.371 723.3 5 8.647 -96.0209 33.2909
53 515.098 723.719 5 8.57359 -94.007 -113.145
54 514.825 724.138 5 8.52892 -250 0
55 517.156 721.48 5 9.86682 -101.502 -118.646
56 516.883 721.898 5 9.6742 -113.414 -20.9087
57 516.61 722.317 5 9.504 -88.7072 77.0581
58 516.336 722.736 5 9.35746 -107.961 29.7078
59 516.063 723.155 5 9.23569 -105.123 -110.338
60 515.79 723.573 5 9.13969 -97.7191 64.9038
61 515.517 723.992 5 9.07028 -111.376 -75.2913
62 515.243 724.411 5 9.02806 -250 0
63 517.575 721.753 5 10.3256 -97.8606 -36.9634
64 517.302 722.172 5 10.1417 -102.75 -91.2721
65 517.028 722.59 5 9.97945 -110.22 77.9632
66 516.755 723.009 5 9.83999 -108.049 -78.7532
67 516.482 723.428 5 9.72427 -95.6194 -105.027
68 516.209 723.847 5 9.63314 -97.384 -62.752
69 515.935 724.265 5 9.5673 -110.779 132.02
70 515.662 724.684 5 9.52729 -115.476 139.932
71 517.994 722.026 5 10.788 -96.5642 177.42
72 517.72 722.445 5 10.6121 -94.609 130.709
73 517.447 722.864 5 10.4572 -103.063 129.632
74 517.174 723.282 5 10.3242 -98.3678 20.2331
75 516.901 723.701 5 10.214 -96.933 114.92
76 516.627 724.12 5 10.1272 -101.742 -65.3166
77 516.354 724.539 5 10.0646 -101.849 -58.3018
78 516.081 724.957 5 10.0266 -89.7937 -82.8834
