1 505.473 717.831 5 3.3357 -60.3391 18.1708
2 505.747 717.412 5 3.47242 -56.9731 -152.248
3 506.02 716.994 5 3.67266 -56.92 -1.01745
4 506.294 716.575 5 3.92673 -58.7349 89.1276
5 506.567 716.157 5 4.22492 -58.5419 -106.017
6 505.891 718.104 5 2.84805 -61.2925 -14.5777
7 506.165 717.686 5 3.00702 -58.2548 104.374
8 506.439 717.267 5 3.23619 -65.2139 -69.4957
9 506.712 716.849 5 3.52189 -63.9562 -113.531
10 506.986 716.43 5 3.85156 -53.7947 -42.8589
11 506.31 718.378 5 2.36557 -52.3397 -134.048
12 506.584 717.96 5 2.55474 -62.1176 -24.3825
13 506.857 717.541 5 2.8209 -57.9248 -64.5734
14 507.131 717.123 5 3.14455 -48.6685 -177.588
15 507.404 716.704 5 3.50984 -49.987 -165.874
16 506.728 718.652 5 1.8922 -65.6982 21.444
17 507.002 718.233 5 2.12396 -64.6462 142.933
18 507.276 717.815 5 2.43761 -49.1886 79.8891
19 507.549 717.396 5 2.80584 -44.77 56.8254
20 507.823 716.978 5 3.20991 -50.6132 -48.4257
21 507.147 718.925 5 1.43698 -48.4342 -38.3256
22 507.421 718.507 5 1.73081 -45.5231 -62.4346
23 507.694 718.088 5 2.10392 -44.3767 -97.5681
24 507.968 717.67 5 2.52136 -47.8988 163.921
25 508.241 717.251 5 2.96446 -69.9423 -17.3831
26 507.565 719.199 5 1.02442 -45.7438 -171.292
27 507.839 718.78 5 1.4072 -46.0132 134.781
28 508.113 718.362 5 1.84688 -45.8756 -69.7306
29 508.386 717.943 5 2.31122 -50.0661 43.3836
30 508.66 717.525 5 2.78792 -46.4316 112.689
31 507.984 719.472 5 0.730709 -38.7606 -88.2832
32 508.258 719.054 5 1.21025 -43.7109 -27.7596
33 508.531 718.635 5 1.70161 -43.7584 -5.3184
34 508.805 718.217 5 2.19687 -48.2002 30.9375
35 509.078 717.798 5 2.69389 -50.061 24.1896
36 508.402 719.746 5 0.720029 -39.8011 -49.4131
37 508.676 719.328 5 1.20383 -43.5991 6.90299
38 508.95 718.909 5 1.69705 -90.6577 -173.315
39 509.223 718.491 5 2.19334 -88.1313 -75.7657
40 509.497 718.072 5 2.69101 -92.3656 164.676
