1 505.473 717.831 5 1.03049 -46.4381 164.905
2 505.747 717.412 5 1.41484 -44.504 109.934
3 506.02 716.994 5 1.85516 -46.5779 -105.799
4 506.294 716.575 5 2.3198 -52.0595 -15.7393
5 506.567 716.157 5 2.79667 -44.5376 114.674
6 505.891 718.104 5 0.739189 -37.6002 -100.396
7 506.165 717.686 5 1.21912 -41.5202 -56.1338
8 506.439 717.267 5 1.71059 -42.4777 -32.8847
9 506.712 716.849 5 2.2059 -44.6453 -16.6935
10 506.986 716.43 5 2.70293 -49.269 -0.176121
11 506.31 718.378 5 0.728622 -37.0912 -77.9119
12 506.584 717.96 5 1.21274 -41.481 -42.1368
13 506.857 717.541 5 1.70605 -42.0177 -29.9826
14 507.131 717.123 5 2.20238 -45.4613 -23.947
15 507.404 716.704 5 2.70006 -46.9501 -21.5391
16 506.728 718.652 5 1.00766 -43.9291 -138.642
17 507.002 718.233 5 1.3983 -43.0973 163.521
18 507.276 717.815 5 1.84258 -47.8303 -57.6798
19 507.549 717.396 5 2.30975 -48.9682 66.6438
20 507.823 716.978 5 2.78834 -47.1265 125.935
21 507.147 718.925 5 1.41417 -50.3759 -12.3464
22 507.421 718.507 5 1.71456 -46.1927 -26.5365
23 507.694 718.088 5 2.09275 -44.4861 -54.4082
24 507.968 717.67 5 2.51385 -51.0579 -168.045
25 508.241 717.251 5 2.95961 -58.4764 -40.7769
26 507.565 719.199 5 1.86664 -56.4389 -82.1381
27 507.839 718.78 5 2.10338 -59.4166 -145.736
28 508.113 718.362 5 2.42159 -49.6833 111.154
29 508.386 717.943 5 2.79355 -47.151 91.4534
30 508.66 717.525 5 3.20059 -51.754 -3.29708
31 507.984 719.472 5 2.33856 -57.1583 -139.729
32 508.258 719.054 5 2.53154 -77.1282 -172.344
33 508.531 718.635 5 2.80153 -57.7545 -28.8939
34 508.805 718.217 5 3.12865 -52.0715 -163.651
35 509.078 717.798 5 3.4969 -51.4612 -136.104
36 508.402 719.746 5 2.82017 -56.483 52.1113
37 508.676 719.328 5 2.98215 -56.8586 159.492
38 508.95 718.909 5 3.21451 -93.8535 -69.2991
39 509.223 718.491 5 3.50327 -87.4132 -144.471
40 509.497 718.072 5 3.83572 -96.1718 -15.3401
