1 509.951 714.045 5 6.63529 -70.4131 -174.68
2 510.37 714.318 5 6.49672 -77.6234 -135.29
3 510.79 714.59 5 6.39436 -56.5573 59.5835
4 511.209 714.862 5 6.32994 -62.4623 12.9589
5 511.628 715.135 5 6.30464 -64.134 124.267
6 512.048 715.407 5 6.31893 -59.6495 -150.805
7 512.467 715.679 5 6.37254 -57.1768 0.076914
8 512.886 715.952 5 6.46449 -57.4202 169.646
9 513.306 716.224 5 6.59318 -53.1046 -74.6194
10 513.725 716.496 5 6.75651 -59.4862 -66.2662
11 514.144 716.769 5 6.95203 -67.4608 69.3627
12 514.564 717.041 5 7.17712 -85.51 -57.0688
13 514.983 717.313 5 7.4291 -79.531 36.6435
14 509.679 714.465 5 6.16221 -68.8174 5.48286
15 510.098 714.737 5 6.01275 -67.795 -20.4925
16 510.517 715.009 5 5.90199 -58.5697 -153.951
17 510.937 715.282 5 5.83214 -55.1241 -134.365
18 511.356 715.554 5 5.80468 -57.1874 34.2588
19 511.775 715.826 5 5.82019 -59.5872 137.917
20 512.195 716.099 5 5.87835 -59.5179 11.2668
21 512.614 716.371 5 5.97791 -54.4727 128.584
22 513.033 716.643 5 6.11684 -64.4619 -130.342
23 513.453 716.916 5 6.29254 -60.1013 44.5712
24 513.872 717.188 5 6.50204 -62.5261 118.264
25 514.291 717.46 5 6.74217 -66.0113 -152.763
26 514.711 717.733 5 7.0098 -74.024 20.5148
27 509.406 714.884 5 5.69373 -73.9049 117.716
28 509.826 715.156 5 5.53163 -65.0527 120.168
29 510.245 715.429 5 5.41103 -67.0947 -62.3745
30 510.664 715.701 5 5.33476 -55.2874 14.8144
31 511.084 715.973 5 5.30472 -53.3232 -3.22549
32 511.503 716.246 5 5.32169 -61.5717 55.895
33 511.922 716.518 5 5.38523 -64.8598 -32.6997
34 512.342 716.79 5 5.49373 -57.0547 155.81
35 512.761 717.063 5 5.6446 -62.5563 -82.3767
36 513.18 717.335 5 5.83454 -64.8775 94.0496
37 513.6 717.607 5 6.05989 -66.0024 70.5967
38 514.019 717.88 5 6.31685 -71.8221 123.328
39 514.438 718.152 5 6.60174 -74.8813 36.9676
40 509.134 715.303 5 5.23109 -66.3413 -13.425
41 509.553 715.576 5 5.05417 -84.2179 -167.309
42 509.973 715.848 5 4.92189 -65.7867 -13.0077
43 510.392 716.12 5 4.83791 -71.1618 147.999
44 510.811 716.393 5 4.80476 -54.223 -163.38
45 511.231 716.665 5 4.8235 -65.5284 -6.34963
46 511.65 716.937 5 4.89352 -58.7999 48.5018
47 512.069 717.21 5 5.01267 -51.5816 111.495
48 512.489 717.482 5 5.17757 -63.9874 14.5802
49 512.908 717.754 5 5.38401 -69.1703 163.85
50 513.327 718.027 5 5.62743 -68.1665 116.845
51 513.747 718.299 5 5.90325 -71.1329 140.919
52 514.166 718.571 5 6.20715 -90.2436 -108.292
53 508.862 715.723 5 4.77598 -62.8547 145.358
54 509.281 715.995 5 4.58153 -66.6302 -63.5451
55 509.7 716.267 5 4.43517 -65.3817 42.1089
56 510.12 716.54 5 4.34179 -65.1433 100.934
57 510.539 716.812 5 4.30482 -56.1887 13.8123
58 510.958 717.084 5 4.32572 -53.5889 -49.3348
59 511.378 717.357 5 4.40366 -56.0292 -18.3399
60 511.797 717.629 5 4.5357 -53.2696 109.505
61 512.216 717.901 5 4.71731 -63.4569 174.496
62 512.636 718.174 5 4.94301 -61.7142 161.217
63 513.055 718.446 5 5.20708 -71.2813 112.408
64 513.474 718.718 5 5.50401 -76.1016 0.372717
65 513.894 718.991 5 5.82876 -73.5241 130.186
66 508.589 716.142 5 4.33079 -72.4692 -158.683
67 509.009 716.414 5 4.11535 -67.9967 -42.6417
68 509.428 716.687 5 3.95177 -70.4197 84.2636
69 509.847 716.959 5 3.84667 -75.7121 111.763
70 510.267 717.231 5 3.8049 -61.7084 112.71
71 510.686 717.504 5 3.82852 -51.4614 -168.512
72 511.105 717.776 5 3.91637 -51.0616 -29.2781
73 511.525 718.048 5 4.06428 -53.181 48.9131
74 511.944 718.321 5 4.266 -69.3151 56.1185
75 512.363 718.593 5 4.51432 -59.4966 161.804
76 512.783 718.865 5 4.80203 -74.7543 -140.034
77 513.202 719.138 5 5.12248 -70.6856 176.959
78 513.621 719.41 5 5.46994 -72.9234 -103.744
79 510.414 717.923 5 3.33217 -56.3293 -72.6277
80 510.833 718.195 5 3.43274 -47.919 -67.9573
81 511.672 718.74 5 3.82681 -68.1096 101.836
82 512.091 719.012 5 4.10181 -62.059 -161.633
83 512.51 719.285 5 4.41647 -64.46 -61.7123
84 512.93 719.557 5 4.76294 -67.6536 -84.3098
85 513.349 719.829 5 5.13478 -75.89 -34.3905
86 510.141 718.342 5 2.83709 -57.6322 -16.9883
87 510.561 718.615 5 2.95457 -50.9394 -162.038
88 511.399 719.159 5 3.40444 -69.3346 109.53
89 511.819 719.432 5 3.71087 -61.6989 -135.477
90 512.238 719.704 5 4.05598 -64.6429 -29.0162
91 512.657 719.976 5 4.43072 -70.105 -6.63342
92 513.077 720.249 5 4.82822 -85.0011 -137.068
93 509.869 718.762 5 2.3441 -57.8842 154.456
94 510.288 719.034 5 2.48499 -46.9432 -107.509
95 511.127 719.579 5 3.00598 -67.7816 106.363
96 511.546 719.851 5 3.34908 -67.6191 111.56
97 511.966 720.123 5 3.72783 -62.8766 -30.639
98 512.385 720.396 5 4.13244 -76.8902 9.84733
99 512.804 720.668 5 4.55603 -84.4858 -154.709
100 509.597 719.181 5 1.85488 -51.6547 66.3912
101 510.016 719.453 5 2.03001 -62.6602 -23.994
102 509.324 719.6 5 1.37343 -59.0083 121.828
103 509.744 719.873 5 1.60209 -45.935 176.417
104 509.052 720.02 5 0.912168 -39.4186 25.4175
105 509.471 720.292 5 1.22981 -48.3916 -27.6168
