1 514.644 719.84 5 6.42061 -108.323 156.592
2 514.371 720.259 5 6.12071 -114.623 129.529
3 514.097 720.678 5 5.84823 -103.85 173.153
4 513.824 721.096 5 5.60719 -105.516 -66.5856
5 513.551 721.515 5 5.4018 -127.771 -49.3464
6 513.278 721.934 5 5.23624 -117.519 68.4998
7 513.004 722.353 5 5.11439 -108.92 35.9388
8 512.731 722.771 5 5.03942 -105.251 124.02
9 512.458 723.19 5 5.01343 -111.806 -115.771
10 512.185 723.609 5 5.03719 -90.0209 160.117
11 515.063 720.113 5 6.81819 -97.417 -152.907
12 514.789 720.532 5 6.53655 -108.46 84.9681
13 514.516 720.951 5 6.28214 -121.69 -94.1329
14 514.243 721.37 5 6.05839 -120.6 169.116
15 513.97 721.788 5 5.8688 -111.765 -14.8069
16 513.696 722.207 5 5.71678 -111.934 -162.824
17 513.423 722.626 5 5.60539 -106.738 -157.092
18 513.15 723.045 5 5.53707 -103.336 -61.3307
19 512.877 723.463 5 5.51343 -91.321 -115.21
20 512.603 723.882 5 5.53504 -92.2045 -93.156
21 515.481 720.387 5 7.22849 -108.051 -11.4179
22 515.208 720.805 5 6.96347 -107.573 -68.8806
23 514.935 721.224 5 6.72523 -107.163 -85.9604
24 514.662 721.643 5 6.51671 -97.8387 -167.19
25 514.388 722.062 5 6.34084 -112.06 14.6851
26 514.115 722.48 5 6.2004 -108.141 127.631
27 513.842 722.899 5 6.09785 -98.4445 -89.3474
28 513.568 723.318 5 6.03511 -96.7498 85.3842
29 513.295 723.737 5 6.01343 -92.3958 109.286
30 513.022 724.155 5 6.03325 -84.2938 152.641
31 515.9 720.66 5 7.64948 -109.471 107.919
32 515.627 721.079 5 7.39955 -106.46 -1.08543
33 515.353 721.497 5 7.1758 -96.2799 56.8125
34 515.08 721.916 5 6.98075 -101.977 80.3961
35 514.807 722.335 5 6.81686 -96.2572 -77.6454
36 514.534 722.754 5 6.68644 -118.965 142.851
37 514.26 723.172 5 6.59145 -94.1327 -156.695
38 513.987 723.591 5 6.53345 -100.531 -153.867
39 516.319 720.933 5 8.07948 -112.691 -173.212
40 516.045 721.352 5 7.84326 -98.3207 87.2361
41 515.772 721.771 5 7.63253 -98.5478 -30.5503
42 515.499 722.189 5 7.44945 -97.2866 -122.696
43 515.226 722.608 5 7.2961 -89.6571 -58.2544
44 514.952 723.027 5 7.17439 -99.8689 -31.6066
45 514.679 723.446 5 7.08594 -105.211 -42.1927
46 514.406 723.864 5 7.03203 -250 0
47 516.737 721.206 5 8.51712 -93.1977 -24.6869
48 516.464 721.625 5 8.29338 -99.9621 -40.7515
49 516.191 722.044 5 8.09438 -99.9931 128.201
50 515.918 722.463 5 7.92198 -93.6087 65.5377
51 515.644 722.881 5 7.77795 -102.37 -2.5243
52 515.371 723.3 5 7.66389 -114.199 -49.4035
53 515.098 723.719 5 7.58116 -105.185 -113.753
54 514.825 724.138 5 7.53079 -250 0
55 517.156 721.48 5 8.96129 -103.09 -134.632
56 516.883 721.898 5 8.74892 -99.3559 158.289
57 516.61 722.317 5 8.56051 -91.5868 -104.564
58 516.336 722.736 5 8.39769 -100.305 117.334
59 516.063 723.155 5 8.26195 -110.284 167.926
60 515.79 723.573 5 8.15467 -117.015 36.242
61 515.517 723.992 5 8.07697 -117.733 179.016
62 515.243 724.411 5 8.02971 -250 0
63 517.575 721.753 5 9.41107 -92.9109 176.819
64 517.302 722.172 5 9.20907 -104.245 -114.115
65 517.028 722.59 5 9.03027 -86.154 79.333
66 516.755 723.009 5 8.87607 -92.5567 -78.8355
67 516.482 723.428 5 8.74776 -100.551 143.187
68 516.209 723.847 5 8.64651 -93.7984 121.709
69 515.935 724.265 5 8.57326 -105.705 -138.29
70 515.662 724.684 5 8.52875 -112.341 -139.899
71 517.994 722.026 5 9.86568 -87.9655 51.9094
72 517.72 722.445 5 9.67318 -88.0942 -113.354
73 517.447 722.864 5 9.50311 -87.3059 153.674
74 517.174 723.282 5 9.35671 -93.7758 -71.3078
75 516.901 723.701 5 9.23508 -108.041 73.8016
76 516.627 724.12 5 9.13923 -106.145 88.6108
77 516.354 724.539 5 9.06997 -111.282 -76.362
78 516.081 724.957 5 9.0279 -96.4149 -172.422
