1 509.951 714.045 5 6.59553 -81.3049 98.7469
2 510.37 714.318 5 6.7588 -70.0867 28.3303
3 510.79 714.59 5 6.95427 -65.5495 136.414
4 511.209 714.862 5 7.17929 -79.2664 -122.503
5 511.628 715.135 5 7.43119 -75.4332 172.527
6 512.048 715.407 5 7.70733 -79.9948 99.8073
7 512.467 715.679 5 8.0052 -75.6725 -164.878
8 512.886 715.952 5 8.32248 -78.2085 81.1895
9 513.306 716.224 5 8.65702 -80.6996 -111.346
10 513.725 716.496 5 9.00691 -80.1382 98.2053
11 514.144 716.769 5 9.37042 -74.1289 -111.881
12 514.564 717.041 5 9.74603 -87.1655 -119.531
13 514.983 717.313 5 10.1324 -98.5872 106.956
14 509.679 714.465 5 6.11918 -78.4244 21.0783
15 510.098 714.737 5 6.29482 -73.321 161.91
16 510.517 715.009 5 6.50424 -63.7959 -122.33
17 510.937 715.282 5 6.74429 -61.2392 -57.9576
18 511.356 715.554 5 7.01183 -75.1572 -32.3285
19 511.775 715.826 5 7.30385 -78.8745 113.144
20 512.195 716.099 5 7.61752 -75.2423 -154.083
21 512.614 716.371 5 7.95028 -81.6934 97.0932
22 513.033 716.643 5 8.29984 -79.4368 171.361
23 513.453 716.916 5 8.66416 -70.0992 172.724
24 513.872 717.188 5 9.04146 -77.0489 6.26797
25 514.291 717.46 5 9.43019 -76.7192 -128.653
26 514.711 717.733 5 9.82898 -85.7936 69.9817
27 509.406 714.884 5 5.64691 -79.2082 -45.485
28 509.826 715.156 5 5.83678 -79.0655 -125.412
29 510.245 715.429 5 6.06204 -73.9279 18.7419
30 510.664 715.701 5 6.31892 -61.061 74.9255
31 511.084 715.973 5 6.60372 -70.8057 -149.246
32 511.503 716.246 5 6.91299 -77.549 85.5869
33 511.922 716.518 5 7.24361 -73.2144 -178.786
34 512.342 716.79 5 7.59277 -76.8106 99.6034
35 512.761 717.063 5 7.95805 -68.0845 16.528
36 513.18 717.335 5 8.33732 -86.3218 -145.584
37 513.6 717.607 5 8.72876 -75.36 -45.1797
38 514.019 717.88 5 9.13081 -85.428 -64.9995
39 514.438 718.152 5 9.54212 -92.6656 -62.4953
40 509.134 715.303 5 5.17986 -77.5921 134.179
41 509.553 715.576 5 5.38621 -82.2498 77.1762
42 509.973 715.848 5 5.62953 -85.5592 156.474
43 510.392 716.12 5 5.90525 -75.9154 164.029
44 510.811 716.393 5 6.20906 -62.3749 -94.8411
45 511.231 716.665 5 6.53703 -77.6639 34.1635
46 511.65 716.937 5 6.88572 -76.1415 -173.778
47 512.069 717.21 5 7.25214 -77.8032 -151.804
48 512.489 717.482 5 7.63373 -74.9797 157.26
49 512.908 717.754 5 8.02834 -80.1519 57.1543
50 513.327 718.027 5 8.43413 -84.9629 105.573
51 513.747 718.299 5 8.84958 -83.7171 -112.425
52 514.166 718.571 5 9.27337 -107.246 99.0277
53 508.862 715.723 5 4.71955 -83.1754 -44.7322
54 509.281 715.995 5 4.94515 -85.7661 -153.469
55 509.7 716.267 5 5.20912 -85.0364 -149.043
56 510.12 716.54 5 5.50593 -89.6654 82.8702
57 510.539 716.812 5 5.83058 -61.523 24.3756
58 510.958 717.084 5 6.17868 -68.022 102.884
59 511.378 717.357 5 6.54648 -71.3771 -106.706
60 511.797 717.629 5 6.93086 -77.0854 12.5097
61 512.216 717.901 5 7.3292 -81.4356 91.2061
62 512.636 718.174 5 7.73935 -95.3116 68.6838
63 513.055 718.446 5 8.15953 -81.5405 14.1387
64 513.474 718.718 5 8.58826 -97.2495 86.8825
65 513.894 718.991 5 9.02434 -97.6388 -99.4643
66 508.589 716.142 5 4.26819 -85.013 54.468
67 509.009 716.414 5 4.5164 -91.0233 88.1147
68 509.428 716.687 5 4.80398 -81.569 -105.377
69 509.847 716.959 5 5.12431 -87.229 138.503
70 510.267 717.231 5 5.47165 -76.8288 172.236
71 510.686 717.504 5 5.84117 -62.409 -147.222
72 511.105 717.776 5 6.22894 -73.192 -169.941
73 511.525 718.048 5 6.63175 -77.4303 -97.6913
74 511.944 718.321 5 7.04702 -81.9698 -122.731
75 512.363 718.593 5 7.47267 -88.2956 174.865
76 512.783 718.865 5 7.90703 -82.5578 169.313
77 513.202 719.138 5 8.34874 -90.9823 -177.314
78 513.621 719.41 5 8.7967 -85.1916 -10.3531
79 510.414 717.923 5 5.52834 -69.3502 37.2882
80 510.833 718.195 5 5.93658 -60.8869 83.347
81 511.672 718.74 5 6.78997 -82.1966 -47.0978
82 512.091 719.012 5 7.23077 -92.0678 52.2723
83 512.51 719.285 5 7.67883 -92.249 171.502
84 512.93 719.557 5 8.13295 -87.3087 -163.572
85 513.349 719.829 5 8.59216 -90.0948 111.352
86 510.141 718.342 5 5.2446 -70.5028 151.681
87 510.561 718.615 5 5.67329 -62.1161 172.836
88 511.399 719.159 5 6.56102 -103.55 -155.003
89 511.819 719.432 5 7.01622 -87.0126 -28.3437
90 512.238 719.704 5 7.47715 -103.364 69.9452
91 512.657 719.976 5 7.9428 -84.6696 -140.986
92 513.077 720.249 5 8.4124 -81.0054 -93.2632
93 509.869 718.762 5 4.99491 -70.9521 -42.0918
94 510.288 719.034 5 5.4433 -80.1002 -46.2493
95 511.127 719.579 5 6.3632 -88.2323 -22.3386
96 511.546 719.851 5 6.83159 -83.2897 -46.4964
97 511.966 720.123 5 7.30418 -85.774 -68.3664
98 512.385 720.396 5 7.78019 -100.854 -32.197
99 512.804 720.668 5 8.25904 -95.6697 -119.787
100 509.597 719.181 5 4.7846 -67.4339 -103.773
101 510.016 719.453 5 5.25098 -57.8895 131.695
102 509.324 719.6 5 4.61906 -59.8788 -49.6168
103 509.744 719.873 5 5.1006 -66.347 43.5593
104 509.052 720.02 5 4.50322 -70.6812 57.468
105 509.471 720.292 5 4.99593 -75.9206 -121.86
