1 509.951 714.045 5 6.33086 -80.4738 99.5682
2 510.37 714.318 5 6.30557 -80.819 78.1134
3 510.79 714.59 5 6.31985 -79.0146 117.04
4 511.209 714.862 5 6.37345 -77.1817 63.7896
5 511.628 715.135 5 6.46539 -72.5805 -25.4272
6 512.048 715.407 5 6.59406 -79.1965 -170.419
7 512.467 715.679 5 6.75737 -76.2598 -16.2516
8 512.886 715.952 5 6.95287 -74.7562 -134.658
9 513.306 716.224 5 7.17794 -74.1135 -77.6875
10 513.725 716.496 5 7.42988 -89.8808 157.722
11 514.144 716.769 5 7.70607 -80.1615 -61.3756
12 514.564 717.041 5 8.00399 -96.1964 -34.0095
13 514.983 717.313 5 8.32131 -104.226 -160.424
14 509.679 714.465 5 5.83306 -84.2229 -38.0932
15 510.098 714.737 5 5.8056 -83.7708 -148.245
16 510.517 715.009 5 5.82111 -80.5968 -120.591
17 510.937 715.282 5 5.87926 -76.8938 137.143
18 511.356 715.554 5 5.9788 -89.2521 -103.491
19 511.775 715.826 5 6.11772 -75.6813 -139.64
20 512.195 716.099 5 6.2934 -80.3422 -16.5281
21 512.614 716.371 5 6.50286 -71.8354 -132.934
22 513.033 716.643 5 6.74297 -70.4861 -63.863
23 513.453 716.916 5 7.01056 -78.1116 69.9195
24 513.872 717.188 5 7.30262 -77.6878 25.2006
25 514.291 717.46 5 7.61634 -81.3765 125.953
26 514.711 717.733 5 7.94916 -92.0149 13.2195
27 509.406 714.884 5 5.33568 -102.865 -90.5445
28 509.826 715.156 5 5.30564 -81.0555 -166.74
29 510.245 715.429 5 5.32261 -83.2676 -112.65
30 510.664 715.701 5 5.38614 -90.1747 -68.3058
31 511.084 715.973 5 5.49463 -75.997 -86.879
32 511.503 716.246 5 5.64547 -88.7965 -167.667
33 511.922 716.518 5 5.83538 -79.7808 -77.4559
34 512.342 716.79 5 6.0607 -80.7724 -157.796
35 512.761 717.063 5 6.31763 -76.5129 97.3548
36 513.18 717.335 5 6.60248 -82.053 -6.04555
37 513.6 717.607 5 6.91181 -83.2307 18.2221
38 514.019 717.88 5 7.24248 -86.2078 -55.2006
39 514.438 718.152 5 7.5917 -94.5623 83.7808
40 509.134 715.303 5 4.83883 -77.3877 -16.3902
41 509.553 715.576 5 4.80569 -77.0436 60.3827
42 509.973 715.848 5 4.82442 -72.6273 67.8982
43 510.392 716.12 5 4.89442 -74.9432 117.526
44 510.811 716.393 5 5.01356 -80.2493 167.063
45 511.231 716.665 5 5.17843 -72.0932 143.937
46 511.65 716.937 5 5.38484 -83.0419 -143.552
47 512.069 717.21 5 5.62822 -77.5737 -158.077
48 512.489 717.482 5 5.904 -79.9817 48.6455
49 512.908 717.754 5 6.20787 -84.4093 -54.409
50 513.327 718.027 5 6.5359 -89.5414 131.694
51 513.747 718.299 5 6.88464 -88.0307 5.44877
52 514.166 718.571 5 7.25112 -87.3396 133.708
53 508.862 715.723 5 4.3427 -81.1202 104.42
54 509.281 715.995 5 4.30575 -84.4336 146.597
55 509.7 716.267 5 4.32664 -80.9447 119.503
56 510.12 716.54 5 4.40456 -77.1157 -74.4092
57 510.539 716.812 5 4.53658 -75.3486 -45.1777
58 510.958 717.084 5 4.71815 -76.4507 99.5576
59 511.378 717.357 5 4.94381 -75.0313 -47.2265
60 511.797 717.629 5 5.20785 -76.3145 77.094
61 512.216 717.901 5 5.50473 -75.5432 92.9081
62 512.636 718.174 5 5.82944 -79.6194 -171.266
63 513.055 718.446 5 6.1776 -90.3172 141.098
64 513.474 718.718 5 6.54547 -96.0076 154.881
65 513.894 718.991 5 6.9299 -82.6915 -43.1056
66 508.589 716.142 5 3.84758 -85.9213 111.344
67 509.009 716.414 5 3.80582 -95.7223 169.16
68 509.428 716.687 5 3.82944 -93.5849 99.4708
69 509.847 716.959 5 3.91727 -87.3354 -135.139
70 510.267 717.231 5 4.06514 -78.982 147.264
71 510.686 717.504 5 4.26682 -66.3292 132.865
72 511.105 717.776 5 4.5151 -75.0319 -45.1189
73 511.525 718.048 5 4.80276 -70.9469 4.83575
74 511.944 718.321 5 5.12317 -85.7557 114.077
75 512.363 718.593 5 5.47058 -86.5806 -134.398
76 512.783 718.865 5 5.84017 -87.8941 -169.099
77 513.202 719.138 5 6.228 -91.3762 -130.272
78 513.621 719.41 5 6.63086 -87.368 68.0568
79 510.414 717.923 5 3.82761 -74.7919 63.4937
80 510.833 718.195 5 4.10255 -70.9627 -59.113
81 511.672 718.74 5 4.76358 -85.1985 159.748
82 512.091 719.012 5 5.13537 -90.3843 -146.35
83 512.51 719.285 5 5.52742 -95.8982 -13.6575
84 512.93 719.557 5 5.93572 -87.6074 -134.941
85 513.349 719.829 5 6.35713 -87.0717 162.064
86 510.141 718.342 5 3.4052 -79.2681 -168.708
87 510.561 718.615 5 3.71157 -76.086 -83.8473
88 511.399 719.159 5 4.43131 -83.7638 39.0554
89 511.819 719.432 5 4.82875 -85.1227 -51.2182
90 512.238 719.704 5 5.24378 -89.0322 44.9974
91 512.657 719.976 5 5.67253 -86.2816 -68.262
92 513.077 720.249 5 6.11212 -101.102 -102.227
93 509.869 718.762 5 3.00669 -77.8705 36.606
94 510.288 719.034 5 3.34971 -64.6599 -58.4449
95 511.127 719.579 5 4.13295 -83.5448 -174.608
96 511.546 719.851 5 4.5565 -88.2281 -155.351
97 511.966 720.123 5 4.9942 -85.7544 21.4009
98 512.385 720.396 5 5.44265 -93.8452 -26.6979
99 512.804 720.668 5 5.89939 -95.9424 -88.1798
100 509.597 719.181 5 2.64292 -67.216 -175.238
101 510.016 719.453 5 3.02744 -64.4581 -93.9436
102 509.324 719.6 5 2.3302 -56.5744 89.7366
103 509.744 719.873 5 2.75866 -63.8168 -13.1254
104 509.052 720.02 5 2.09157 -66.144 -137.487
105 509.471 720.292 5 2.56028 -58.6999 -88.9674
