1 505.473 717.831 5 1.44045 -49.4188 -60.313
2 505.747 717.412 5 1.73579 -46.9704 -69.6011
3 506.02 716.994 5 2.10974 -46.0834 -91.7748
4 506.294 716.575 5 2.52765 -52.5348 141.227
5 506.567 716.157 5 2.97104 -61.7709 -96.4101
6 505.891 718.104 5 1.02927 -44.2035 172.511
7 506.165 717.686 5 1.41331 -43.8418 114.075
8 506.439 717.267 5 1.85351 -45.19 -86.6849
9 506.712 716.849 5 2.31809 -50.2241 39.651
10 506.986 716.43 5 2.79492 -47.0717 115.995
11 506.31 718.378 5 0.737492 -36.8111 -97.4809
12 506.584 717.96 5 1.21735 -41.0238 -48.1301
13 506.857 717.541 5 1.70879 -42.5629 -29.3882
14 507.131 717.123 5 2.20409 -45.9924 -22.5605
15 507.404 716.704 5 2.70112 -46.086 -26.27
16 506.728 718.652 5 0.726902 -36.837 -70.1995
17 507.002 718.233 5 1.21096 -42.2416 -32.7558
18 507.276 717.815 5 1.70425 -41.5198 -23.5159
19 507.549 717.396 5 2.20057 -44.7694 -7.5531
20 507.823 716.978 5 2.69825 -47.3884 -30.6153
21 507.147 718.925 5 1.00642 -43.0063 -134.877
22 507.421 718.507 5 1.39675 -42.6287 160.858
23 507.694 718.088 5 1.84091 -46.5111 -49.1382
24 507.968 717.67 5 2.30803 -47.9026 90.7186
25 508.241 717.251 5 2.78658 -48.335 125.957
26 507.565 719.199 5 1.41328 -50.6624 4.43003
27 507.839 718.78 5 1.7133 -47.3275 -19.0545
28 508.113 718.362 5 2.09128 -44.8523 -53.5234
29 508.386 717.943 5 2.51227 -48.4758 -163.393
30 508.66 717.525 5 2.95796 -52.7821 1.40391
31 507.984 719.472 5 1.86598 -54.8906 -96.8353
32 508.258 719.054 5 2.10236 -56.9184 -93.3719
33 508.531 718.635 5 2.42032 -49.4082 104.871
34 508.805 718.217 5 2.79213 -46.8411 97.8667
35 509.078 717.798 5 3.19907 -50.6763 -1.05425
36 508.402 719.746 5 2.33802 -63.4893 -129.341
37 508.676 719.328 5 2.53069 -57.2556 -17.663
38 508.95 718.909 5 2.80044 -97.4902 -34.1798
39 509.223 718.491 5 3.12738 -88.03 51.7708
40 509.497 718.072 5 3.4955 -90.4436 97.7463
