1 505.473 717.831 5 2.84849 -52.0104 -13.441
2 505.747 717.412 5 3.00774 -55.6894 129.725
3 506.02 716.994 5 3.23714 -59.0615 -116.019
4 506.294 716.575 5 3.52302 -68.9069 -130.922
5 506.567 716.157 5 3.85282 -54.3667 -16.2146
6 505.891 718.104 5 2.3661 -53.5723 -151.658
7 506.165 717.686 5 2.55558 -61.972 165.86
8 506.439 717.267 5 2.82198 -56.2871 -24.0577
9 506.712 716.849 5 3.14582 -50.5054 173.48
10 506.986 716.43 5 3.51123 -53.1076 175.533
11 506.31 718.378 5 1.89286 -61.0912 -97.7872
12 506.584 717.96 5 2.12497 -59.3841 -100.693
13 506.857 717.541 5 2.43887 -54.3491 49.8694
14 507.131 717.123 5 2.80725 -48.3393 65.6156
15 507.404 716.704 5 3.21143 -49.6135 -23.2834
16 506.728 718.652 5 1.43785 -47.1324 -43.1822
17 507.002 718.233 5 1.73205 -45.3504 -60.9807
18 507.276 717.815 5 2.10537 -44.4718 -94.5955
19 507.549 717.396 5 2.52293 -49.0457 162.699
20 507.823 716.978 5 2.9661 -57.7431 2.52697
21 507.147 718.925 5 1.02563 -43.3478 -178.955
22 507.421 718.507 5 1.40872 -43.9177 129.859
23 507.694 718.088 5 1.84854 -47.4044 -59.3682
24 507.968 717.67 5 2.31294 -50.3338 37.215
25 508.241 717.251 5 2.78967 -46.0204 106.35
26 507.565 719.199 5 0.732404 -37.5398 -90.9424
27 507.839 718.78 5 1.21202 -41.0943 -42.6431
28 508.113 718.362 5 1.70341 -43.3515 -31.1359
29 508.386 717.943 5 2.19868 -44.8046 -49.0625
30 508.66 717.525 5 2.69569 -48.4681 -44.4943
31 507.984 719.472 5 0.721746 -36.5533 -54.0084
32 508.258 719.054 5 1.20561 -39.9894 -22.7357
33 508.531 718.635 5 1.69885 -41.153 2.0016
34 508.805 718.217 5 2.19515 -44.7542 -13.4847
35 509.078 717.798 5 2.69282 -43.8858 -34.5007
36 508.402 719.746 5 1.00271 -44.7268 -141.338
37 508.676 719.328 5 1.39212 -43.4261 164.082
38 508.95 718.909 5 1.83592 -94.3675 26.7843
39 509.223 718.491 5 2.30286 -101.578 69.9248
40 509.497 718.072 5 2.78133 -94.163 77.0452
