1 509.951 714.045 5 6.37437 -76.2173 -35.0728
2 510.37 714.318 5 6.46629 -77.5463 173.327
3 510.79 714.59 5 6.59495 -73.3309 56.753
4 511.209 714.862 5 6.75823 -67.6079 6.93605
5 511.628 715.135 5 6.95371 -71.4023 -142.955
6 512.048 715.407 5 7.17875 -84.3859 73.825
7 512.467 715.679 5 7.43067 -81.9994 158.392
8 512.886 715.952 5 7.70683 -80.5976 70.8787
9 513.306 716.224 5 8.00472 -79.0323 144.762
10 513.725 716.496 5 8.32201 -81.766 159.23
11 514.144 716.769 5 8.65657 -75.6617 112.815
12 514.564 717.041 5 9.00648 -89.4006 38.6942
13 514.983 717.313 5 9.37001 -105.279 -116.809
14 509.679 714.465 5 5.88017 -100.96 27.8082
15 510.098 714.737 5 5.9797 -75.6121 -136.8
16 510.517 715.009 5 6.11859 -69.5484 62.943
17 510.937 715.282 5 6.29425 -76.4311 -91.5057
18 511.356 715.554 5 6.50369 -68.5053 -42.6014
19 511.775 715.826 5 6.74376 -81.1188 88.3729
20 512.195 716.099 5 7.01133 -80.9507 177.899
21 512.614 716.371 5 7.30336 -79.3049 56.5186
22 513.033 716.643 5 7.61705 -76.6251 125.874
23 513.453 716.916 5 7.94983 -69.5699 -36.2332
24 513.872 717.188 5 8.29941 -76.8813 48.6997
25 514.291 717.46 5 8.66375 -76.607 -26.1511
26 514.711 717.733 5 9.04107 -88.6423 -39.3097
27 509.406 714.884 5 5.38705 -83.6491 -150.904
28 509.826 715.156 5 5.49552 -92.0433 -6.50655
29 510.245 715.429 5 5.64633 -73.1475 14.5071
30 510.664 715.701 5 5.83622 -77.1962 -45.2406
31 511.084 715.973 5 6.0615 -80.2928 22.2723
32 511.503 716.246 5 6.3184 -84.7337 65.2742
33 511.922 716.518 5 6.60322 -77.4556 149.337
34 512.342 716.79 5 6.91252 -77.1435 66.2775
35 512.761 717.063 5 7.24316 -78.4916 11.1053
36 513.18 717.335 5 7.59234 -77.2165 -10.3616
37 513.6 717.607 5 7.95764 -83.1383 96.4185
38 514.019 717.88 5 8.33693 -75.8641 59.151
39 514.438 718.152 5 8.72839 -93.6212 44.7794
40 509.134 715.303 5 4.89533 -80.4369 -129.445
41 509.553 715.576 5 5.01444 -82.4917 47.1276
42 509.973 715.848 5 5.17928 -83.8538 33.207
43 510.392 716.12 5 5.38566 -78.0562 1.63324
44 510.811 716.393 5 5.62901 -67.7544 -170.407
45 511.231 716.665 5 5.90475 -65.1155 -47.1915
46 511.65 716.937 5 6.20858 -79.783 107.189
47 512.069 717.21 5 6.53658 -87.9519 68.2384
48 512.489 717.482 5 6.88529 -75.6024 -47.7904
49 512.908 717.754 5 7.25173 -86.3888 11.6872
50 513.327 718.027 5 7.63334 -84.0543 -120.894
51 513.747 718.299 5 8.02797 -100.836 150.555
52 514.166 718.571 5 8.43378 -76.0534 79.2649
53 508.862 715.723 5 4.40547 -87.9171 -88.6728
54 509.281 715.995 5 4.53746 -88.6442 -48.4915
55 509.7 716.267 5 4.71899 -80.0351 -9.82481
56 510.12 716.54 5 4.94462 -81.4303 -72.6137
57 510.539 716.812 5 5.20861 -78.4637 -69.3793
58 510.958 717.084 5 5.50545 -67.7368 24.5832
59 511.378 717.357 5 5.83013 -75.3408 -173.223
60 511.797 717.629 5 6.17825 -85.6371 56.5861
61 512.216 717.901 5 6.54608 -81.3107 -128.155
62 512.636 718.174 5 6.93047 -86.284 142.232
63 513.055 718.446 5 7.32884 -88.2778 -148.45
64 513.474 718.718 5 7.73901 -77.241 -14.3017
65 513.894 718.991 5 8.1592 -81.0295 167.953
66 508.589 716.142 5 3.91817 -81.7756 71.4143
67 509.009 716.414 5 4.06601 -89.3333 -88.7922
68 509.428 716.687 5 4.26764 -100.302 -120.283
69 509.847 716.959 5 4.51588 -86.0879 76.1836
70 510.267 717.231 5 4.80349 -76.1001 167.589
71 510.686 717.504 5 5.12385 -80.2229 141.351
72 511.105 717.776 5 5.47122 -67.7082 -100.979
73 511.525 718.048 5 5.84077 -69.3742 -93.6588
74 511.944 718.321 5 6.22856 -97.3889 -115.695
75 512.363 718.593 5 6.63139 -97.9528 -109.253
76 512.783 718.865 5 7.04668 -85.1353 55.0757
77 513.202 719.138 5 7.47236 -81.7417 106.678
78 513.621 719.41 5 7.90674 -85.4581 -132.983
79 510.414 717.923 5 4.76422 -82.086 -54.6894
80 510.833 718.195 5 5.13597 -70.7363 -10.7161
81 511.672 718.74 5 5.93624 -86.2707 146.382
82 512.091 719.012 5 6.35761 -99.8659 33.086
83 512.51 719.285 5 6.78967 -88.6166 154.588
84 512.93 719.557 5 7.23049 -90.1567 -124.575
85 513.349 719.829 5 7.67857 -81.8485 39.4949
86 510.141 718.342 5 4.43189 -85.6394 24.279
87 510.561 718.615 5 4.82929 -65.3048 -123.323
88 511.399 719.159 5 5.67299 -83.9398 -104.019
89 511.819 719.432 5 6.11254 -91.3122 -75.433
90 512.238 719.704 5 6.56076 -90.2264 -163.941
91 512.657 719.976 5 7.01597 -84.1502 83.1858
92 513.077 720.249 5 7.47692 -78.9046 131.362
93 509.869 718.762 5 4.13347 -91.2071 159.549
94 510.288 719.034 5 4.55697 -70.7978 -41.2152
95 511.127 719.579 5 5.44304 -86.5885 -54.0642
96 511.546 719.851 5 5.89975 -102.275 136.511
97 511.966 720.123 5 6.36297 -80.5443 -86.3477
98 512.385 720.396 5 6.83138 -78.1729 96.4912
99 512.804 720.668 5 7.30398 -81.0945 156.309
100 509.597 719.181 5 3.87678 -68.0004 153.663
101 510.016 719.453 5 4.32549 -67.7151 147.576
102 509.324 719.6 5 3.67061 -68.5981 -39.1255
103 509.744 719.873 5 4.14171 -69.7816 143.618
104 509.052 720.02 5 3.52381 -77.6919 129.895
105 509.471 720.292 5 4.01218 -63.0443 86.5078
