1 509.951 714.045 5 6.30587 -83.6496 -175.396
2 510.37 714.318 5 6.32016 -80.1767 65.886
3 510.79 714.59 5 6.37376 -97.5409 121.673
4 511.209 714.862 5 6.46569 -80.0619 59.0876
5 511.628 715.135 5 6.59436 -79.1086 18.1155
6 512.048 715.407 5 6.75766 -80.1845 -58.0584
7 512.467 715.679 5 6.95315 -74.909 29.1734
8 512.886 715.952 5 7.17821 -83.7675 -38.3208
9 513.306 716.224 5 7.43014 -76.7456 17.421
10 513.725 716.496 5 7.70632 -67.2574 -117.332
11 514.144 716.769 5 8.00423 -82.1283 5.33528
12 514.564 717.041 5 8.32155 -99.828 -76.8044
13 514.983 717.313 5 8.65613 -109.893 147.995
14 509.679 714.465 5 5.80591 -90.1267 -154.171
15 510.098 714.737 5 5.82142 -83.9706 -42.975
16 510.517 715.009 5 5.87957 -78.1036 -86.3251
17 510.937 715.282 5 5.9791 -89.2735 71.1681
18 511.356 715.554 5 6.11801 -77.0976 -115.786
19 511.775 715.826 5 6.29368 -78.0631 -84.3273
20 512.195 716.099 5 6.50314 -75.1776 10.4695
21 512.614 716.371 5 6.74323 -75.7347 -58.7734
22 513.033 716.643 5 7.01082 -70.4967 29.7065
23 513.453 716.916 5 7.30287 -88.5215 123.483
24 513.872 717.188 5 7.61658 -84.2575 -30.5243
25 514.291 717.46 5 7.94938 -81.0545 34.4619
26 514.711 717.733 5 8.29898 -88.2464 104.964
27 509.406 714.884 5 5.30595 -86.3083 33.7935
28 509.826 715.156 5 5.32292 -84.3485 -1.72834
29 510.245 715.429 5 5.38645 -80.7053 -94.8599
30 510.664 715.701 5 5.49492 -81.1044 112.8
31 511.084 715.973 5 5.64576 -77.5553 81.1682
32 511.503 716.246 5 5.83566 -72.7667 -152.377
33 511.922 716.518 5 6.06097 -71.6761 15.8341
34 512.342 716.79 5 6.31788 -85.6103 -130.732
35 512.761 717.063 5 6.60273 -89.1351 162.156
36 513.18 717.335 5 6.91205 -72.3805 -110.016
37 513.6 717.607 5 7.24271 -75.3622 -120.446
38 514.019 717.88 5 7.59191 -94.0439 -37.4424
39 514.438 718.152 5 7.95723 -99.4727 1.21621
40 509.134 715.303 5 4.80599 -78.0302 34.2658
41 509.553 715.576 5 4.82472 -79.6552 -16.7991
42 509.973 715.848 5 4.89472 -77.4908 176.795
43 510.392 716.12 5 5.01385 -75.1237 -163.191
44 510.811 716.393 5 5.17871 -81.2013 77.0458
45 511.231 716.665 5 5.38511 -74.2802 -167.523
46 511.65 716.937 5 5.62848 -79.6966 -115.511
47 512.069 717.21 5 5.90425 -71.8813 -110.448
48 512.489 717.482 5 6.2081 -88.0278 82.1277
49 512.908 717.754 5 6.53612 -80.0959 69.3609
50 513.327 718.027 5 6.88486 -91.9207 -171.614
51 513.747 718.299 5 7.25132 -93.1339 135.631
52 514.166 718.571 5 7.63296 -97.9868 -115.131
53 508.862 715.723 5 4.30605 -86.4511 -143.33
54 509.281 715.995 5 4.32695 -79.0721 104.065
55 509.7 716.267 5 4.40486 -105.162 34.9126
56 510.12 716.54 5 4.53687 -84.3666 -48.2563
57 510.539 716.812 5 4.71843 -75.3934 -10.9576
58 510.958 717.084 5 4.94408 -75.8278 160.608
59 511.378 717.357 5 5.2081 -73.0052 57.8857
60 511.797 717.629 5 5.50497 -82.4586 -172.003
61 512.216 717.901 5 5.82967 -79.0023 24.8356
62 512.636 718.174 5 6.17782 -89.1547 -93.5995
63 513.055 718.446 5 6.54567 -85.6411 105.097
64 513.474 718.718 5 6.93009 -88.435 -89.4065
65 513.894 718.991 5 7.32848 -87.6016 10.8447
66 508.589 716.142 5 3.80613 -86.0793 -115.829
67 509.009 716.414 5 3.82975 -86.0034 145.241
68 509.428 716.687 5 3.91757 -113.857 15.7105
69 509.847 716.959 5 4.06543 -85.0649 -17.8675
70 510.267 717.231 5 4.26709 -83.5372 122.14
71 510.686 717.504 5 4.51536 -73.4796 -159.865
72 511.105 717.776 5 4.803 -72.5397 116.724
73 511.525 718.048 5 5.1234 -73.0695 115.712
74 511.944 718.321 5 5.47079 -82.2742 88.4712
75 512.363 718.593 5 5.84037 -81.3652 -80.1161
76 512.783 718.865 5 6.22819 -84.5462 -78.4351
77 513.202 719.138 5 6.63104 -94.2695 63.771
78 513.621 719.41 5 7.04635 -99.3973 89.9716
79 510.414 717.923 5 4.1028 -73.3955 85.9942
80 510.833 718.195 5 4.41739 -67.3845 21.0983
81 511.672 718.74 5 5.13557 -86.7947 133.371
82 512.091 719.012 5 5.52761 -85.5971 -131.743
83 512.51 719.285 5 5.93589 -86.81 29.5731
84 512.93 719.557 5 6.35729 -93.2138 133.52
85 513.349 719.829 5 6.78937 -88.293 -58.2908
86 510.141 718.342 5 3.7118 -71.2237 176.826
87 510.561 718.615 5 4.05683 -71.1636 35.0253
88 511.399 719.159 5 4.82893 -84.8197 -179.602
89 511.819 719.432 5 5.24395 -77.7282 26.7456
90 512.238 719.704 5 5.67268 -88.2921 15.7559
91 512.657 719.976 5 6.11226 -97.4458 -88.3873
92 513.077 720.249 5 6.56049 -88.0581 122.135
93 509.869 718.762 5 3.34992 -75.7613 46.5232
94 510.288 719.034 5 3.72859 -74.5415 -18.9374
95 511.127 719.579 5 4.55665 -84.2441 -73.6199
96 511.546 719.851 5 4.99434 -94.5853 34.1259
97 511.966 720.123 5 5.44278 -84.748 77.9846
98 512.385 720.396 5 5.89951 -83.96 1.73975
99 512.804 720.668 5 6.36275 -87.1611 118.15
100 509.597 719.181 5 3.02762 -69.644 179.671
101 510.016 719.453 5 3.44193 -77.078 -13.4323
102 509.324 719.6 5 2.75881 -66.5622 -148.926
103 509.744 719.873 5 3.20802 -71.6991 -127.991
104 509.052 720.02 5 2.56037 -65.5106 -71.2753
105 509.471 720.292 5 3.03906 -73.6523 -0.234096
