1 505.473 717.831 5 4.8131 -79.5909 115.055
2 505.747 717.412 5 4.90828 -59.7042 135.237
3 506.02 716.994 5 5.05139 -66.2906 50.8249
4 506.294 716.575 5 5.2385 -50.2981 61.9256
5 506.567 716.157 5 5.46509 -49.4321 -149.18
6 505.891 718.104 5 4.31861 -67.715 -133.707
7 506.165 717.686 5 4.42445 -56.5557 -142.354
8 506.439 717.267 5 4.58269 -68.7773 -44.89
9 506.712 716.849 5 4.78815 -52.7451 -37.7689
10 506.986 716.43 5 5.03505 -54.8545 -21.6069
11 506.31 718.378 5 3.82556 -70.2111 47.6678
12 506.584 717.96 5 3.94465 -60.644 -154.451
13 506.857 717.541 5 4.12135 -50.738 57.9794
14 507.131 717.123 5 4.34866 -53.9543 -132.513
15 507.404 716.704 5 4.61911 -48.9533 164.78
16 506.728 718.652 5 3.33458 -60.657 47.1226
17 507.002 718.233 5 3.47056 -56.6367 102.639
18 507.276 717.815 5 3.67016 -60.9658 -27.7724
19 507.549 717.396 5 3.9237 -49.7954 4.3731
20 507.823 716.978 5 4.22146 -51.1314 -146.582
21 507.147 718.925 5 2.84675 -59.2344 -28.9494
22 507.421 718.507 5 3.00488 -50.6581 42.8343
23 507.694 718.088 5 3.23336 -53.6051 -162.443
24 507.968 717.67 5 3.51851 -47.7786 82.5382
25 508.241 717.251 5 3.84776 -56.2547 152.675
26 507.565 719.199 5 2.364 -51.3486 -85.307
27 507.839 718.78 5 2.55221 -51.5576 -42.9377
28 508.113 718.362 5 2.81764 -45.475 -63.8857
29 508.386 717.943 5 3.14077 -56.7765 38.6275
30 508.66 717.525 5 3.50567 -67.4248 3.53508
31 507.984 719.472 5 1.89024 -47.5588 22.2466
32 508.258 719.054 5 2.12092 -44.914 171.979
33 508.531 718.635 5 2.43385 -53.8825 -67.8536
34 508.805 718.217 5 2.8016 -59.952 51.8023
35 509.078 717.798 5 3.20535 -62.8945 41.7862
36 508.402 719.746 5 1.4344 -44.6287 -52.1005
37 508.676 719.328 5 1.72708 -41.7655 153.104
38 508.95 718.909 5 2.09956 -94.0617 32.2185
39 509.223 718.491 5 2.51664 -78.8818 -2.97466
40 509.497 718.072 5 2.95952 -78.3303 -90.9298
