1 509.951 714.045 5 6.88317 -51.9325 -173.279
2 510.37 714.318 5 6.38476 -57.6051 -148.552
3 510.79 714.59 5 5.88662 -51.3677 -151.855
4 511.209 714.862 5 5.38883 -51.9704 -156.87
5 511.628 715.135 5 4.89148 -54.9111 155.357
6 512.048 715.407 5 4.39474 -56.5446 -152.994
7 512.467 715.679 5 3.89883 -52.6699 158.912
8 512.886 715.952 5 3.40411 -53.1619 149.558
9 513.306 716.224 5 2.9112 -47.7034 148.408
10 513.725 716.496 5 2.42121 -62.555 -151.777
11 514.144 716.769 5 1.93633 -61.2085 163.875
12 514.564 717.041 5 1.46168 -68.4293 -76.5012
13 514.983 717.313 5 1.01174 -56.5038 -167.699
14 509.679 714.465 5 6.86293 -50.7868 -89.0023
15 510.098 714.737 5 6.36293 -52.0692 -82.8853
16 510.517 715.009 5 5.86294 -53.4365 -96.3836
17 510.937 715.282 5 5.36294 -50.1771 -72.7928
18 511.356 715.554 5 4.86295 -48.942 -89.9453
19 511.775 715.826 5 4.36296 -48.6997 -113.36
20 512.195 716.099 5 3.86297 -49.6518 -112.919
21 512.614 716.371 5 3.36299 -48.2584 -115.779
22 513.033 716.643 5 2.86301 -56.6511 -61.6096
23 513.453 716.916 5 2.36304 -47.5422 -106.727
24 513.872 717.188 5 1.86308 -48.9382 -111.192
25 514.291 717.46 5 1.36316 -44.3757 -95.6937
26 514.711 717.733 5 0.863333 -38.9036 -92.6529
27 509.406 714.884 5 6.87906 -51.8756 -156.657
28 509.826 715.156 5 6.38033 -54.0486 -122.007
29 510.245 715.429 5 5.88182 -50.2319 -162.163
30 510.664 715.701 5 5.38358 -51.8291 -134.756
31 511.084 715.973 5 4.8857 -52.6018 -147.689
32 511.503 716.246 5 4.3883 -50.4619 -179.461
33 511.922 716.518 5 3.89157 -51.7582 -177.719
34 512.342 716.79 5 3.39579 -48.7459 -126.564
35 512.761 717.063 5 2.90147 -48.9582 -140.012
36 513.18 717.335 5 2.4095 -45.3694 165.507
37 513.6 717.607 5 1.92167 -41.905 128.04
38 514.019 717.88 5 1.4422 -40.9818 59.9265
39 514.438 718.152 5 0.983393 -36.825 -103.727
40 509.134 715.303 5 6.93132 -52.6327 58.5527
41 509.553 715.576 5 6.43664 -54.5277 58.1771
42 509.973 715.848 5 5.94285 -56.3942 103.693
43 510.392 716.12 5 5.45019 -52.0041 73.9896
44 510.811 716.393 5 4.95901 -55.6292 46.3777
45 511.231 716.665 5 4.46977 -53.7894 -11.9889
46 511.65 716.937 5 3.98321 -50.23 -61.2374
47 512.069 717.21 5 3.50045 -47.8978 -95.1031
48 512.489 717.482 5 3.02329 -46.7942 175.708
49 512.908 717.754 5 2.55488 -46.1493 85.2471
50 513.327 718.027 5 2.10108 -43.2296 -63.4186
51 513.747 718.299 5 1.67381 -45.6711 71.1378
52 514.166 718.571 5 1.29953 -48.0615 92.4793
53 508.862 715.723 5 7.0189 -59.322 -74.5231
54 509.281 715.995 5 6.53086 -53.8765 171.087
55 509.7 716.267 5 6.04477 -58.024 122.136
56 510.12 716.54 5 5.56114 -56.6955 76.6377
57 510.539 716.812 5 5.08069 -51.9666 -21.1297
58 510.958 717.084 5 4.60441 -48.8548 -68.9453
59 511.378 717.357 5 4.13373 -46.9534 -130.318
60 511.797 717.629 5 3.67081 -50.4637 105.883
61 512.216 717.901 5 3.219 -46.9755 -63.0286
62 512.636 718.174 5 2.78372 -45.6324 114.553
63 513.055 718.446 5 2.37408 -48.8304 -145.555
64 513.474 718.718 5 2.00583 -45.3661 -144.305
65 513.894 718.991 5 1.70602 -44.4462 0.363064
66 508.589 716.142 5 7.14049 -62.6803 -153.281
67 509.009 716.414 5 6.66137 -50.0894 95.3581
68 509.428 716.687 5 6.18554 -50.4661 24.8883
69 509.847 716.959 5 5.71385 -55.6369 0.704395
70 510.267 717.231 5 5.2474 -49.8961 -120.309
71 510.686 717.504 5 4.78772 -49.9682 123.601
72 511.105 717.776 5 4.33698 -48.0756 -41.951
73 511.525 718.048 5 3.89828 -48.1115 136.132
74 511.944 718.321 5 3.47616 -51.7251 -84.7537
75 512.363 718.593 5 3.07747 -56.008 -1.75419
76 512.783 718.865 5 2.71255 -47.1 -29.8468
77 513.202 719.138 5 2.39689 -49.2495 172.799
78 513.621 719.41 5 2.15226 -48.1133 -173.843
79 510.414 717.923 5 5.01438 -48.8085 158.421
80 510.833 718.195 5 4.58597 -50.0117 -36.9137
81 511.672 718.74 5 3.78225 -68.4467 4.68323
82 512.091 719.012 5 3.41944 -49.8582 91.8333
83 512.51 719.285 5 3.0951 -52.7487 -29.4188
84 512.93 719.557 5 2.82255 -48.9494 22.3343
85 513.349 719.829 5 2.618 -50.9102 -141.056
86 510.141 718.342 5 5.2788 -55.1462 126.36
87 510.561 718.615 5 4.87369 -52.3271 78.4591
88 511.399 719.159 5 4.12639 -51.4008 -144.535
89 511.819 719.432 5 3.79661 -49.772 85.0065
90 512.238 719.704 5 3.50733 -52.8691 -142.796
91 512.657 719.976 5 3.26933 -46.1005 173.371
92 513.077 720.249 5 3.09445 -62.8661 -158.197
93 509.869 718.762 5 5.57561 -59.0374 -123.12
94 510.288 719.034 5 5.19371 -60.508 -58.3624
95 511.127 719.579 5 4.49987 -50.2539 -119.403
96 511.546 719.851 5 4.19952 -62.2792 -61.8469
97 511.966 720.123 5 3.93994 -50.1449 48.6264
98 512.385 720.396 5 3.72964 -54.0549 -119.979
99 512.804 720.668 5 3.57734 -58.5473 104.402
100 509.597 719.181 5 5.89993 -58.1466 16.2921
101 510.016 719.453 5 5.54042 -59.1735 -4.1465
102 509.324 719.6 5 6.24747 -59.2685 127.826
103 509.744 719.873 5 5.90915 -60.9981 53.2944
104 509.052 720.02 5 6.61458 -59.9524 -170.468
105 509.471 720.292 5 6.29601 -71.0905 -46.003
