1 514.644 719.84 5 1.2961 -47.7188 103.776
2 514.371 720.259 5 1.79029 -46.9666 114.073
3 514.097 720.678 5 2.28701 -47.668 112.192
4 513.824 721.096 5 2.7849 -48.3541 172.507
5 513.551 721.515 5 3.28343 -48.4003 37.4953
6 513.278 721.934 5 3.78235 -63.618 131.287
7 513.004 722.353 5 4.28152 -64.7985 -16.7706
8 512.731 722.771 5 4.78086 -62.7534 168.899
9 512.458 723.19 5 5.28033 -75.1578 13.2054
10 512.185 723.609 5 5.77989 -70.5158 -175.273
11 515.063 720.113 5 1.47018 -43.471 -70.356
12 514.789 720.532 5 1.92008 -47.272 117.869
13 514.516 720.951 5 2.38997 -57.6607 49.0692
14 514.243 721.37 5 2.87005 -52.6011 -124.996
15 513.97 721.788 5 3.35596 -51.8313 -85.0249
16 513.696 722.207 5 3.84548 -52.6446 -88.0376
17 513.423 722.626 5 4.33739 -55.4593 -68.3119
18 513.15 723.045 5 4.83096 -62.4756 -72.7965
19 512.877 723.463 5 5.32574 -67.6563 142.714
20 512.603 723.882 5 5.8214 -69.0145 58.9978
21 515.481 720.387 5 1.77285 -49.2721 -167.034
22 515.208 720.805 5 2.16061 -47.9348 102.498
23 514.935 721.224 5 2.58718 -47.1831 -49.6951
24 514.662 721.643 5 3.03624 -47.6959 106.016
25 514.388 722.062 5 3.49914 -49.5366 178.461
26 514.115 722.48 5 3.97105 -53.4895 -121.819
27 513.842 722.899 5 4.4491 -58.0117 -20.3955
28 513.568 723.318 5 4.93151 -63.0958 58.3602
29 513.295 723.737 5 5.4171 -56.0423 145.826
30 513.022 724.155 5 5.90511 -52.7227 -165.513
31 515.9 720.66 5 2.15048 -48.8485 149.691
32 515.627 721.079 5 2.47988 -48.5643 -38.7392
33 515.353 721.497 5 2.85921 -48.7695 -79.7785
34 515.08 721.916 5 3.27113 -48.0032 111.375
35 514.807 722.335 5 3.7048 -50.0987 -40.4658
36 514.534 722.754 5 4.15341 -55.945 83.1582
37 514.26 723.172 5 4.6126 -62.6866 -116.216
38 513.987 723.591 5 5.0795 -53.2498 -4.81099
39 516.319 720.933 5 2.57023 -51.0569 37.8377
40 516.045 721.352 5 2.85155 -48.1982 -67.3423
41 515.772 721.771 5 3.18694 -53.7556 49.4704
42 515.499 722.189 5 3.56116 -48.8491 51.7948
43 515.226 722.608 5 3.96322 -58.4424 -50.3412
44 514.952 723.027 5 4.38547 -50.8091 153.605
45 514.679 723.446 5 4.82262 -51.4535 6.42741
46 514.406 723.864 5 5.27095 -66.1568 -112.59
47 516.737 721.206 5 3.01457 -75.0251 -62.0522
48 516.464 721.625 5 3.25775 -47.1197 -150.399
49 516.191 722.044 5 3.55502 -65.6081 119.255
50 515.918 722.463 5 3.89402 -52.7905 -171.574
51 515.644 722.881 5 4.26482 -58.4612 -133.99
52 515.371 723.3 5 4.65982 -54.1669 134.005
53 515.098 723.719 5 5.07338 -58.6284 -21.4727
54 514.825 724.138 5 5.50131 -75.7232 -124.693
55 517.156 721.48 5 3.47408 -58.2078 -164.049
56 516.883 721.898 5 3.68707 -57.9338 84.6261
57 516.61 722.317 5 3.95218 -50.5299 -0.346568
58 516.336 722.736 5 4.25969 -57.5121 -174.268
59 516.063 723.155 5 4.60111 -58.328 -64.6049
60 515.79 723.573 5 4.96945 -59.4359 -36.5428
61 515.517 723.992 5 5.35917 -54.6586 -103.856
62 515.243 724.411 5 5.76593 -66.1428 -33.4097
63 517.575 721.753 5 3.94345 -66.2325 141.358
64 517.302 722.172 5 4.13231 -63.2711 -129.759
65 517.028 722.59 5 4.3705 -52.9334 -123.709
66 516.755 723.009 5 4.65043 -51.4639 143.445
67 516.482 723.428 5 4.96506 -63.461 -74.4973
68 516.209 723.847 5 5.3082 -54.225 76.6657
69 515.935 724.265 5 5.67471 -61.4409 53.1191
70 515.662 724.684 5 6.06032 -63.3913 84.299
71 517.994 722.026 5 4.41954 -60.1541 -176.551
72 517.72 722.445 5 4.58885 -72.0362 -99.5053
73 517.447 722.864 5 4.80446 -58.0812 78.522
74 517.174 723.282 5 5.06044 -53.0641 60.099
75 516.901 723.701 5 5.35101 -55.2981 -78.3437
76 516.627 724.12 5 5.67085 -62.6987 117.203
77 516.354 724.539 5 6.0153 -59.8098 -146.461
78 516.081 724.957 5 6.38037 -55.548 -140.309
