1 514.644 719.84 5 1.3242 -42.1583 31.9057
2 514.371 720.259 5 1.71424 -42.6865 -17.2762
3 514.097 720.678 5 2.15028 -44.4529 170.891
4 513.824 721.096 5 2.60936 -45.843 -113.764
5 513.551 721.515 5 3.08121 -42.5248 -82.9066
6 513.278 721.934 5 3.56075 -65.2663 -57.1769
7 513.004 722.353 5 4.04525 -49.9957 -177.123
8 512.731 722.771 5 4.53312 -50.2555 -137.731
9 512.458 723.19 5 5.02337 -58.9371 2.92381
10 512.185 723.609 5 5.51537 -54.7759 49.5972
11 515.063 720.113 5 1.03242 -38.6618 148.602
12 514.789 720.532 5 1.50033 -42.3261 -123.73
13 514.516 720.951 5 1.98396 -47.655 -63.1153
14 514.243 721.37 5 2.4741 -45.2062 -40.0849
15 513.97 721.788 5 2.96753 -45.6743 32.2335
16 513.696 722.207 5 3.46285 -41.3283 -5.50516
17 513.423 722.626 5 3.95935 -51.2691 -87.609
18 513.15 723.045 5 4.45663 -45.7562 9.89271
19 512.877 723.463 5 4.95445 -64.2206 -55.8623
20 512.603 723.882 5 5.45268 -51.1744 -9.06064
21 515.481 720.387 5 0.937168 -39.8499 52.8656
22 515.208 720.805 5 1.43644 -41.6742 89.9386
23 514.935 721.224 5 1.93609 -41.6994 94.5687
24 514.662 721.643 5 2.43589 -45.507 81.1481
25 514.388 722.062 5 2.93575 -41.0884 86.1713
26 514.115 722.48 5 3.43566 -42.4219 105.695
27 513.842 722.899 5 3.93558 -44.2161 127.567
28 513.568 723.318 5 4.43553 -44.4609 71.4762
29 513.295 723.737 5 4.93548 -49.1242 151.492
30 513.022 724.155 5 5.43545 -46.8822 73.8062
31 515.9 720.66 5 1.09118 -40.2123 -5.27806
32 515.627 721.079 5 1.54135 -41.6981 117.39
33 515.353 721.497 5 2.01515 -44.2502 173.274
34 515.08 721.916 5 2.49919 -47.954 -102.677
35 514.807 722.335 5 2.98848 -58.9267 -52.2027
36 514.534 722.754 5 3.48082 -46.4088 -93.5777
37 514.26 723.172 5 3.97507 -44.8852 -81.7082
38 513.987 723.591 5 4.4706 -46.1745 -34.608
39 516.319 720.933 5 1.41529 -47.4944 40.4687
40 516.045 721.352 5 1.78554 -46.4983 171.474
41 515.772 721.771 5 2.20754 -50.4939 23.0728
42 515.499 722.189 5 2.65675 -49.5413 -172.229
43 515.226 722.608 5 3.12144 -43.061 -116.824
44 514.952 723.027 5 3.59562 -54.9736 -75.9677
45 514.679 723.446 5 4.07598 -47.2389 15.9554
46 514.406 723.864 5 4.56056 -48.81 159.962
47 516.737 721.206 5 1.82083 -57.1551 154.299
48 516.464 721.625 5 2.12144 -52.1189 117.361
49 516.191 722.044 5 2.48709 -53.0556 -56.029
50 515.918 722.463 5 2.89322 -51.6505 -170.19
51 515.644 722.881 5 3.32503 -52.5354 89.0311
52 515.371 723.3 5 3.77371 -51.0599 146.84
53 515.098 723.719 5 4.23391 -52.8186 -43.6875
54 514.825 724.138 5 4.70224 -54.1098 -108.127
55 517.156 721.48 5 2.26447 -55.3055 -4.62593
56 516.883 721.898 5 2.51255 -60.9638 119.606
57 516.61 722.317 5 2.82807 -48.2819 -85.2567
58 516.336 722.736 5 3.19109 -59.1279 10.8887
59 516.063 723.155 5 3.58722 -52.1667 2.42115
60 515.79 723.573 5 4.00665 -51.6527 -128.486
61 515.517 723.992 5 4.44279 -55.3436 55.897
62 515.243 724.411 5 4.89116 -48.4836 -16.7126
63 517.575 721.753 5 2.72767 -56.9068 -114.004
64 517.302 722.172 5 2.93688 -46.4153 -131.596
65 517.028 722.59 5 3.21098 -59.6518 -46.7061
66 516.755 723.009 5 3.53489 -49.7847 14.8183
67 516.482 723.428 5 3.89622 -60.3211 -34.2235
68 516.209 723.847 5 4.28552 -57.8252 159.693
69 515.935 724.265 5 4.69582 -60.8192 -22.3796
70 515.662 724.684 5 5.12209 -57.0246 -135.449
71 517.994 722.026 5 3.20197 -50.496 88.0551
72 517.72 722.445 5 3.38196 -46.7339 -19.0615
73 517.447 722.864 5 3.62254 -62.0133 177.692
74 517.174 723.282 5 3.91253 -51.6187 82.3781
75 516.901 723.701 5 4.24181 -59.7412 -153.738
76 516.627 724.12 5 4.60196 -57.4282 -129.622
77 516.354 724.539 5 4.98629 -57.9832 -73.7189
78 516.081 724.957 5 5.38964 -60.8147 -155.006
