1 505.473 717.831 5 10.1562 -82.8318 -70.466
2 505.747 717.412 5 9.95608 -79.2096 -73.3719
3 506.02 716.994 5 9.77743 -92.1435 57.7302
4 506.294 716.575 5 9.62147 -98.3522 34.9003
5 506.567 716.157 5 9.48932 -80.5826 -51.5212
6 505.891 718.104 5 9.70498 -87.5706 -13.3125
7 506.165 717.686 5 9.49532 -94.042 -64.6057
8 506.439 717.267 5 9.30783 -82.8182 87.1686
9 506.712 716.849 5 9.14386 -96.1374 83.4989
10 506.986 716.43 5 9.0047 -78.811 157.973
11 506.31 718.378 5 9.25874 -95.8492 -162.039
12 506.584 717.96 5 9.03873 -87.8623 -155.311
13 506.857 717.541 5 8.84156 -103.103 34.0153
14 507.131 717.123 5 8.66878 -82.3982 45.3792
15 507.404 716.704 5 8.52187 -87.0067 178.643
16 506.728 718.652 5 8.81826 -84.7798 -77.9552
17 507.002 718.233 5 8.58698 -85.7073 57.9198
18 507.276 717.815 5 8.37919 -87.9777 9.55107
19 507.549 717.396 5 8.19666 -81.7017 -22.7007
20 507.823 716.978 5 8.04113 -76.2781 -50.8682
21 507.147 718.925 5 8.38447 -87.9677 -158.535
22 507.421 718.507 5 8.14087 -80.7687 174.385
23 507.694 718.088 5 7.92138 -83.2907 -101.458
24 507.968 717.67 5 7.72805 -86.2764 -95.6626
25 508.241 717.251 5 7.56289 -81.5562 -166.761
26 507.565 719.199 5 7.95845 -84.2479 -1.21018
27 507.839 718.78 5 7.70139 -100.667 110.038
28 508.113 718.362 5 7.46899 -89.4838 -145.816
29 508.386 717.943 5 7.26363 -85.052 83.5521
30 508.66 717.525 5 7.08766 -91.4694 41.993
31 507.984 719.472 5 7.54151 -82.7832 -43.9634
32 508.258 719.054 5 7.26973 -80.8559 114.303
33 508.531 718.635 5 7.02306 -84.7646 85.2669
34 508.805 718.217 5 6.80426 -84.4468 36.2551
35 509.078 717.798 5 6.61607 -85.3422 -153.124
36 508.402 719.746 5 7.13526 -82.8564 -1.20868
37 508.676 719.328 5 6.84737 -85.9841 25.5303
38 508.95 718.909 5 6.5849 -109.976 -143.344
39 509.223 718.491 5 6.35102 -113.974 -167.928
40 509.497 718.072 5 6.14898 -109.051 -71.4396
