1 509.951 714.045 5 7.16215 -51.9041 -115.451
2 510.37 714.318 5 6.67195 -48.7728 169.662
3 510.79 714.59 5 6.18331 -47.0719 93.7159
4 511.209 714.862 5 5.69665 -63.7538 -129.099
5 511.628 715.135 5 5.21251 -48.9402 -68.0996
6 512.048 715.407 5 4.73167 -47.9225 -52.0732
7 512.467 715.679 5 4.25525 -49.2253 -144.077
8 512.886 715.952 5 3.78492 -50.0634 18.3848
9 513.306 716.224 5 3.32326 -51.7055 43.3507
10 513.725 716.496 5 2.87446 -51.4788 -77.4983
11 514.144 716.769 5 2.4456 -42.4545 47.4775
12 514.564 717.041 5 2.04925 -47.1821 -119.245
13 514.983 717.313 5 1.70818 -48.1163 139.544
14 509.679 714.465 5 7.08413 -51.449 81.7286
15 510.098 714.737 5 6.58812 -56.0143 -23.9344
16 510.517 715.009 5 6.09277 -50.9738 26.3432
17 510.937 715.282 5 5.59824 -47.9863 31.894
18 511.356 715.554 5 5.10477 -61.1621 -73.9632
19 511.775 715.826 5 4.61272 -50.2788 31.5355
20 512.195 716.099 5 4.12257 -51.7362 59.5339
21 512.614 716.371 5 3.63512 -62.7013 -81.4807
22 513.033 716.643 5 3.15159 -59.324 170.926
23 513.453 716.916 5 2.67413 -46.2457 51.4829
24 513.872 717.188 5 2.20668 -45.2122 29.9849
25 514.291 717.46 5 1.75724 -46.6933 -94.1862
26 514.711 717.733 5 1.344 -43.7311 -35.8355
27 509.406 714.884 5 7.04083 -48.2499 165.527
28 509.826 715.156 5 6.54154 -47.0535 133.243
29 510.245 715.429 5 6.04237 -53.9741 -164.559
30 510.664 715.701 5 5.54335 -48.8498 94.7582
31 511.084 715.973 5 5.04452 -49.3006 172.285
32 511.503 716.246 5 4.54594 -50.6542 -177.004
33 511.922 716.518 5 4.04772 -51.5376 96.3651
34 512.342 716.79 5 3.55 -47.8717 111.314
35 512.761 717.063 5 3.05303 -50.4562 162.722
36 513.18 717.335 5 2.55723 -43.2829 176.63
37 513.6 717.607 5 2.06346 -43.2652 121.693
38 514.019 717.88 5 1.57364 -45.8853 -7.07801
39 514.438 718.152 5 1.09307 -51.4867 -32.8286
40 509.134 715.303 5 7.03291 -59.9594 -164.504
41 509.553 715.576 5 6.53301 -46.9999 130.314
42 509.973 715.848 5 6.03313 -50.7879 -167.788
43 510.392 716.12 5 5.53328 -51.8089 64.7591
44 510.811 716.393 5 5.03345 -49.0978 92.5024
45 511.231 716.665 5 4.53366 -47.2166 159.557
46 511.65 716.937 5 4.03392 -44.1891 150.321
47 512.069 717.21 5 3.53426 -43.4446 157.204
48 512.489 717.482 5 3.0347 -45.2773 157.409
49 512.908 717.754 5 2.53533 -43.5726 173.998
50 513.327 718.027 5 2.03626 -42.6311 143.091
51 513.747 718.299 5 1.53779 -42.6572 132.23
52 514.166 718.571 5 1.0408 -36.9227 140.53
53 508.862 715.723 5 7.06047 -58.651 -14.393
54 509.281 715.995 5 6.56268 -49.406 62.1603
55 509.7 716.267 5 6.06524 -52.486 124.036
56 510.12 716.54 5 5.56827 -49.3821 111.667
57 510.539 716.812 5 5.07189 -50.7185 20.9477
58 510.958 717.084 5 4.5763 -47.8638 10.6798
59 511.378 717.357 5 4.08179 -51.7731 45.9984
60 511.797 717.629 5 3.58879 -52.9144 63.8891
61 512.216 717.901 5 3.09805 -54.2988 18.8914
62 512.636 718.174 5 2.61081 -51.0252 -62.1877
63 513.055 718.446 5 2.12951 -50.4243 -110.254
64 513.474 718.718 5 1.65929 -50.4931 -28.8168
65 513.894 718.991 5 1.21314 -52.2191 -19.1449
66 508.589 716.142 5 7.12311 -48.1686 -128.856
67 509.009 716.414 5 6.63002 -51.2689 -74.7637
68 509.428 716.687 5 6.13805 -57.489 -18.1476
69 509.847 716.959 5 5.64748 -60.6103 -112.798
70 510.267 717.231 5 5.15873 -61.0877 -143.195
71 510.686 717.504 5 4.67236 -48.8906 -171.972
72 511.105 717.776 5 4.18921 -54.1535 160.271
73 511.525 718.048 5 3.71051 -64.122 48.8373
74 511.944 718.321 5 3.23826 -59.1776 0.0739949
75 512.363 718.593 5 2.77575 -53.9327 -27.8458
76 512.783 718.865 5 2.32879 -56.1436 110.527
77 513.202 719.138 5 1.90833 -54.3315 -98.0164
78 513.621 719.41 5 1.53628 -58.9927 127.714
79 510.414 717.923 5 4.81866 -53.6707 -4.67012
80 510.833 718.195 5 4.35177 -52.9702 -51.2163
81 511.672 718.74 5 3.44598 -57.1673 -172.186
82 512.091 719.012 5 3.0155 -49.8889 -108.761
83 512.51 719.285 5 2.60993 -69.6792 89.2937
84 512.93 719.557 5 2.2428 -74.8593 -10.959
85 513.349 719.829 5 1.93614 -60.1403 149.159
86 510.141 718.342 5 5.01078 -57.3876 110.968
87 510.561 718.615 5 4.56359 -61.8076 43.1704
88 511.399 719.159 5 3.70989 -64.5942 -16.8786
89 511.819 719.432 5 3.31387 -55.9672 120.557
90 512.238 719.704 5 2.94961 -54.028 -82.5177
91 512.657 719.976 5 2.63033 -60.4044 -107.663
92 513.077 720.249 5 2.37425 -67.2473 146.141
93 509.869 718.762 5 5.2437 -59.0769 -120.08
94 510.288 719.034 5 4.81818 -56.9182 -48.389
95 511.127 719.579 5 4.01892 -61.8231 -79.7548
96 511.546 719.851 5 3.65653 -65.6426 -12.4054
97 511.966 720.123 5 3.32996 -58.6682 24.8428
98 512.385 720.396 5 3.05075 -76.1444 72.7074
99 512.804 720.668 5 2.83294 -69.3692 -155.455
100 509.597 719.181 5 5.51224 -59.953 134.633
101 510.016 719.453 5 5.10914 -65.5402 99.0199
102 509.324 719.6 5 5.81148 -75.8751 156.78
103 509.744 719.873 5 5.43063 -74.919 -102.267
104 509.052 720.02 5 6.13692 -86.7749 56.4167
105 509.471 720.292 5 5.77756 -79.4875 -0.822817
