1 509.951 714.045 5 8.14768 -48.8617 -172.546
2 510.37 714.318 5 7.65527 -47.3874 178.521
3 510.79 714.59 5 7.16391 -48.9452 139.812
4 511.209 714.862 5 6.67384 -52.0698 135.3
5 511.628 715.135 5 6.18536 -51.2473 171.418
6 512.048 715.407 5 5.69887 -60.8243 46.1028
7 512.467 715.679 5 5.21495 -51.0633 50.582
8 512.886 715.952 5 4.73436 -50.8898 -13.6241
9 513.306 716.224 5 4.25825 -59.3804 -17.8274
10 513.725 716.496 5 3.78829 -53.8685 48.6103
11 514.144 716.769 5 3.32711 -57.8365 11.7026
12 514.564 717.041 5 2.87892 -54.7055 -18.9626
13 514.983 717.313 5 2.45085 -81.1586 59.3784
14 509.679 714.465 5 8.07859 -49.8461 66.3338
15 510.098 714.737 5 7.5817 -50.4802 73.6792
16 510.517 715.009 5 7.08524 -47.0122 49.0667
17 510.937 715.282 5 6.58932 -44.2354 19.5434
18 511.356 715.554 5 6.09407 -46.0888 35.2637
19 511.775 715.826 5 5.59966 -46.5738 -3.18738
20 512.195 716.099 5 5.10633 -47.3958 -18.3203
21 512.614 716.371 5 4.61445 -48.3369 -35.4173
22 513.033 716.643 5 4.12452 -62.4913 -11.3845
23 513.453 716.916 5 3.63733 -51.9942 -68.9468
24 513.872 717.188 5 3.15415 -43.6591 -117.575
25 514.291 717.46 5 2.67715 -59.863 161.974
26 514.711 717.733 5 2.21035 -66.0957 -42.5846
27 509.406 714.884 5 8.04006 -57.4479 -148.484
28 509.826 715.156 5 7.54063 -60.2225 -176.856
29 510.245 715.429 5 7.04128 -53.2318 -164.163
30 510.664 715.701 5 6.54203 -52.5644 -155.491
31 511.084 715.973 5 6.0429 -52.2018 -178.439
32 511.503 716.246 5 5.54393 -52.333 177.775
33 511.922 716.518 5 5.04516 -48.2147 173.639
34 512.342 716.79 5 4.54666 -47.2522 157.536
35 512.761 717.063 5 4.04854 -44.0633 175.754
36 513.18 717.335 5 3.55093 -44.4981 145.697
37 513.6 717.607 5 3.05412 -43.314 129.771
38 514.019 717.88 5 2.55854 -39.4938 103.635
39 514.438 718.152 5 2.0651 -46.2463 101.874
40 509.134 715.303 5 8.03254 -51.4758 144.471
41 509.553 715.576 5 7.5326 -54.663 118.79
42 509.973 715.848 5 7.03268 -50.5676 134.713
43 510.392 716.12 5 6.53277 -52.1515 133.69
44 510.811 716.393 5 6.03288 -50.0823 131.807
45 511.231 716.665 5 5.533 -48.5063 118.678
46 511.65 716.937 5 5.03315 -50.4196 158.138
47 512.069 717.21 5 4.53334 -47.0124 147.58
48 512.489 717.482 5 4.03356 -46.7984 139.372
49 512.908 717.754 5 3.53385 -44.6972 141.338
50 513.327 718.027 5 3.03424 -43.4474 129.616
51 513.747 718.299 5 2.53478 -44.0757 134.995
52 514.166 718.571 5 2.03559 -61.8022 95.1428
53 508.862 715.723 5 8.05609 -59.3521 -118.796
54 509.281 715.995 5 7.55772 -62.5809 -145.462
55 509.7 716.267 5 7.05958 -73.7528 160.51
56 510.12 716.54 5 6.56172 -53.2044 94.2429
57 510.539 716.812 5 6.06421 -54.5878 -77.4449
58 510.958 717.084 5 5.56715 -56.9237 105.375
59 511.378 717.357 5 5.07066 -64.533 24.2027
60 511.797 717.629 5 4.57494 -54.9008 -75.2884
61 512.216 717.901 5 4.08027 -53.3497 -165.587
62 512.636 718.174 5 3.58708 -50.8194 -133.328
63 513.055 718.446 5 3.09606 -67.6202 168.823
64 513.474 718.718 5 2.60847 -59.7389 -53.2139
65 513.894 718.991 5 2.12664 -50.4783 -105.735
66 508.589 716.142 5 8.11046 -61.9488 -105.024
67 509.009 716.414 5 7.61565 -56.7313 144.274
68 509.428 716.687 5 7.12156 -54.8709 -132.064
69 509.847 716.959 5 6.62836 -53.197 127.483
70 510.267 717.231 5 6.13625 -57.808 24.2803
71 510.686 717.504 5 5.64554 -55.5652 35.4471
72 511.105 717.776 5 5.15661 -55.7577 -130.151
73 511.525 718.048 5 4.67002 -56.8207 -59.8
74 511.944 718.321 5 4.1866 -56.3815 43.8665
75 512.363 718.593 5 3.70757 -51.3458 45.5669
76 512.783 718.865 5 3.2349 -54.0778 -72.8487
77 513.202 719.138 5 2.77184 -63.5353 89.3837
78 513.621 719.41 5 2.32414 -69.7359 -59.6306
79 510.414 717.923 5 5.76638 -60.7373 -39.5945
80 510.833 718.195 5 5.28863 -55.319 -177.708
81 511.672 718.74 5 4.34817 -60.1042 -95.085
82 512.091 719.012 5 3.8891 -64.7076 -61.0025
83 512.51 719.285 5 3.44145 -66.1937 -23.1216
84 512.93 719.557 5 3.01033 -69.7892 -134.604
85 513.349 719.829 5 2.60396 -64.5409 -135.709
86 510.141 718.342 5 5.92706 -63.3417 -121.438
87 510.561 718.615 5 5.46339 -63.2698 -124.48
88 511.399 719.159 5 4.55912 -73.0745 44.1178
89 511.819 719.432 5 4.1236 -61.143 126.348
90 512.238 719.704 5 3.7044 -75.6785 -5.80296
91 512.657 719.976 5 3.30773 -64.2614 -66.0508
92 513.077 720.249 5 2.94272 -55.638 -64.0633
93 509.869 718.762 5 6.12447 -63.8441 -105.707
94 510.288 719.034 5 5.67693 -63.0871 -91.1674
95 511.127 719.579 5 4.81296 -67.2004 122.198
96 511.546 719.851 5 4.40262 -67.3117 29.7617
97 511.966 720.123 5 4.01268 -64.4936 71.0087
98 512.385 720.396 5 3.64967 -57.5449 73.6649
99 512.804 720.668 5 3.32244 -74.4789 73.6861
100 509.597 719.181 5 6.35516 -64.2446 84.4729
101 510.016 719.453 5 5.92508 -82.4327 15.1936
102 509.324 719.6 5 6.61567 -75.3363 114.794
103 509.744 719.873 5 6.20367 -70.1315 -109.816
104 509.052 720.02 5 6.90261 -85.3154 90.3059
105 509.471 720.292 5 6.50881 -70.6112 28.8746
