1 514.644 719.84 5 1.03573 -46.2671 96.4187
2 514.371 720.259 5 1.50381 -44.9919 73.1023
3 514.097 720.678 5 1.98751 -47.5595 -50.51
4 513.824 721.096 5 2.47768 -54.9459 168.622
5 513.551 721.515 5 2.97113 -56.7594 -163.293
6 513.278 721.934 5 3.46646 -55.3256 143.056
7 513.004 722.353 5 3.96296 -64.5812 52.5862
8 512.731 722.771 5 4.46025 -53.2478 88.8138
9 512.458 723.19 5 4.95808 -70.1382 -107.608
10 512.185 723.609 5 5.4563 -65.5401 -93.6264
11 515.063 720.113 5 0.940796 -43.644 114.861
12 514.789 720.532 5 1.44008 -45.897 96.0909
13 514.516 720.951 5 1.93973 -43.8423 106.17
14 514.243 721.37 5 2.43952 -42.5834 100.173
15 513.97 721.788 5 2.93939 -49.8663 21.3596
16 513.696 722.207 5 3.43929 -46.2385 91.6409
17 513.423 722.626 5 3.93922 -47.9233 91.3673
18 513.15 723.045 5 4.43916 -48.1036 97.0494
19 512.877 723.463 5 4.93912 -51.3252 101.4
20 512.603 723.882 5 5.43908 -48.6798 81.6713
21 515.481 720.387 5 1.09429 -42.2637 -30.1737
22 515.208 720.805 5 1.54473 -45.382 112.222
23 514.935 721.224 5 2.01864 -44.646 -137.964
24 514.662 721.643 5 2.50273 -46.3457 -43.3896
25 514.388 722.062 5 2.99205 -48.213 -38.4262
26 514.115 722.48 5 3.48441 -60.5233 32.8746
27 513.842 722.899 5 3.97867 -48.2568 31.428
28 513.568 723.318 5 4.47421 -54.4348 -11.9321
29 513.295 723.737 5 4.97064 -55.9486 69.4766
30 513.022 724.155 5 5.46772 -64.7259 85.6144
31 515.9 720.66 5 1.41769 -42.4725 98.9071
32 515.627 721.079 5 1.78845 -45.5035 106.275
33 515.353 721.497 5 2.21072 -46.3976 -0.396657
34 515.08 721.916 5 2.66008 -53.0405 89.2233
35 514.807 722.335 5 3.12486 -55.6501 10.1579
36 514.534 722.754 5 3.59909 -46.3108 39.4432
37 514.26 723.172 5 4.07948 -47.5368 53.2977
38 513.987 723.591 5 4.56409 -48.9028 116.887
39 516.319 720.933 5 1.82269 -44.5528 10.9174
40 516.045 721.352 5 2.1239 -49.3729 -111.646
41 515.772 721.771 5 2.48991 -44.8378 -89.1442
42 515.499 722.189 5 2.89627 -51.9494 -152.592
43 515.226 722.608 5 3.32823 -47.9784 9.54263
44 514.952 723.027 5 3.77701 -55.2546 -157
45 514.679 723.446 5 4.23728 -48.786 -100.92
46 514.406 723.864 5 4.70567 -50.7219 152.507
47 516.737 721.206 5 2.26596 -68.6173 -100.83
48 516.464 721.625 5 2.51462 -44.904 167.67
49 516.191 722.044 5 2.83055 -51.8836 -6.91304
50 515.918 722.463 5 3.19386 -49.2906 40.4561
51 515.644 722.881 5 3.59019 -48.3872 -27.8165
52 515.371 723.3 5 4.00976 -51.8382 -150.642
53 515.098 723.719 5 4.446 -49.9764 15.9153
54 514.825 724.138 5 4.89445 -61.7514 -26.1798
55 517.156 721.48 5 2.72891 -56.5008 164.137
56 516.883 721.898 5 2.93865 -48.0954 43.8512
57 516.61 722.317 5 3.21316 -49.5701 -32.0746
58 516.336 722.736 5 3.53739 -47.8866 102.005
59 516.063 723.155 5 3.89896 -51.7751 174.885
60 515.79 723.573 5 4.28842 -53.4169 95.7928
61 515.517 723.992 5 4.69886 -53.3366 26.8087
62 515.243 724.411 5 5.12524 -50.9079 34.5759
63 517.575 721.753 5 3.20302 -56.6135 55.8765
64 517.302 722.172 5 3.3835 -53.5447 34.4795
65 517.028 722.59 5 3.62447 -47.4604 -116.146
66 516.755 723.009 5 3.91478 -48.7272 90.8691
67 516.482 723.428 5 4.24432 -55.3088 -135.375
68 516.209 723.847 5 4.60467 -59.2919 -118.442
69 515.935 724.265 5 4.98916 -49.868 -125.219
70 515.662 724.684 5 5.39263 -54.4811 167.236
71 517.994 722.026 5 3.68398 -56.1519 -148.752
72 517.72 722.445 5 3.84193 -60.0777 132.939
73 517.447 722.864 5 4.05575 -51.1104 49.6286
74 517.174 723.282 5 4.31716 -53.0874 23.8052
75 516.901 723.701 5 4.61807 -52.4319 -129.373
76 516.627 724.12 5 4.9513 -59.5294 -29.3369
77 516.354 724.539 5 5.31075 -53.6855 25.8175
78 516.081 724.957 5 5.69147 -52.8258 36.1201
