1 505.473 717.831 5 9.70816 -82.9662 -68.8695
2 505.747 717.412 5 9.48087 -84.4476 -49.7789
3 506.02 716.994 5 9.27499 -79.1888 143.251
4 506.294 716.575 5 9.09197 -79.0962 81.533
5 506.567 716.157 5 8.93322 -79.663 161.339
6 505.891 718.104 5 9.27121 -82.3962 -56.8689
7 506.165 717.686 5 9.03293 -86.3888 -167.933
8 506.439 717.267 5 8.8166 -92.2818 -143.527
9 506.712 716.849 5 8.62386 -79.37 173.706
10 506.986 716.43 5 8.45633 -80.329 -177.599
11 506.31 718.378 5 8.84095 -103.375 71.4347
12 506.584 717.96 5 8.59074 -78.7026 160.916
13 506.857 717.541 5 8.36298 -83.8485 -168.569
14 507.131 717.123 5 8.15953 -84.0323 81.766
15 507.404 716.704 5 7.98226 -75.4928 61.9987
16 506.728 718.652 5 8.4184 -85.5946 153.178
17 507.002 718.233 5 8.15524 -81.654 -130.362
18 507.276 717.815 5 7.91495 -80.0058 37.5987
19 507.549 717.396 5 7.69967 -104.02 -144.328
20 507.823 716.978 5 7.51156 -80.2611 -156.769
21 507.147 718.925 5 8.00477 -85.837 27.5464
22 507.421 718.507 5 7.72754 -83.5001 119.26
23 507.694 718.088 5 7.47352 -81.14 93.1419
24 507.968 717.67 5 7.24513 -78.1686 -92.1408
25 508.241 717.251 5 7.04489 -78.5164 19.4165
26 507.565 719.199 5 7.60154 -103.775 -154.494
27 507.839 718.78 5 7.30903 -93.8034 -136.803
28 508.113 718.362 5 7.03992 -92.2546 -79.3407
29 508.386 717.943 5 6.79698 -86.8144 21.6841
30 508.66 717.525 5 6.58312 -80.7864 114.278
31 507.984 719.472 5 7.21044 -76.9889 -141.702
32 508.258 719.054 5 6.90137 -94.9032 64.9856
33 508.531 718.635 5 6.6157 -88.2181 75.4657
34 508.805 718.217 5 6.35657 -97.2863 91.1306
35 509.078 717.798 5 6.12736 -84.0012 115.143
36 508.402 719.746 5 6.83355 -83.5125 -46.044
37 508.676 719.328 5 6.50661 -93.6012 -3.13085
38 508.95 718.909 5 6.20278 -96.4787 -27.8648
39 509.223 718.491 5 5.92562 -103.858 -136.587
40 509.497 718.072 5 5.67904 -99.0322 25.7598
