1 509.951 714.045 5 6.93968 -52.836 -62.4085
2 510.37 714.318 5 6.44563 -57.7965 -163.442
3 510.79 714.59 5 5.95257 -58.1262 65.0029
4 511.209 714.862 5 5.46077 -51.9196 20.9235
5 511.628 715.135 5 4.9706 -47.2529 -58.5619
6 512.048 715.407 5 4.48261 -50.3072 -152.341
7 512.467 715.679 5 3.99759 -50.1575 -88.9752
8 512.886 715.952 5 3.51677 -47.3519 -167.801
9 513.306 716.224 5 3.04214 -48.913 109.499
10 513.725 716.496 5 2.57711 -48.4352 8.79256
11 514.144 716.769 5 2.12801 -46.3374 -128.301
12 514.564 717.041 5 1.70744 -49.252 149.995
13 514.983 717.313 5 1.34249 -41.9064 129.454
14 509.679 714.465 5 6.88338 -52.5107 -159.406
15 510.098 714.737 5 6.38497 -59.0016 156.257
16 510.517 715.009 5 5.88683 -52.7671 -115.451
17 510.937 715.282 5 5.38904 -43.1953 -152.653
18 511.356 715.554 5 4.89169 -54.0135 94.759
19 511.775 715.826 5 4.39495 -46.6343 -178.522
20 512.195 716.099 5 3.89903 -51.6114 154.137
21 512.614 716.371 5 3.40432 -50.173 159.717
22 513.033 716.643 5 2.91141 -49.7908 148.632
23 513.453 716.916 5 2.42141 -45.6356 98.9614
24 513.872 717.188 5 1.93653 -40.8188 29.8193
25 514.291 717.46 5 1.46187 -38.5521 -11.1223
26 514.711 717.733 5 1.01192 -39.2688 -159.478
27 509.406 714.884 5 6.86314 -52.0215 -37.3088
28 509.826 715.156 5 6.36314 -49.1719 -104.215
29 510.245 715.429 5 5.86315 -54.4895 4.19185
30 510.664 715.701 5 5.36315 -48.1391 -93.0947
31 511.084 715.973 5 4.86316 -54.7241 -98.8825
32 511.503 716.246 5 4.36317 -52.7389 -109.641
33 511.922 716.518 5 3.86318 -56.7583 -89.2841
34 512.342 716.79 5 3.3632 -49.4208 -82.9501
35 512.761 717.063 5 2.86322 -45.8814 -34.3679
36 513.18 717.335 5 2.36325 -51.1727 -135.318
37 513.6 717.607 5 1.86329 -53.5677 -90.2487
38 514.019 717.88 5 1.36337 -42.3625 -76.31
39 514.438 718.152 5 0.863543 -38.1872 -86.715
40 509.134 715.303 5 6.87927 -56.6234 163.014
41 509.553 715.576 5 6.38054 -47.7586 -96.1513
42 509.973 715.848 5 5.88203 -56.6148 72.5939
43 510.392 716.12 5 5.38378 -60.1711 -132.788
44 510.811 716.393 5 4.8859 -60.6893 -119.281
45 511.231 716.665 5 4.38851 -59.0114 -160.275
46 511.65 716.937 5 3.89177 -54.2802 -150.77
47 512.069 717.21 5 3.396 -46.5447 -170.575
48 512.489 717.482 5 2.90168 -49.4017 -142.487
49 512.908 717.754 5 2.4097 -45.8515 162.516
50 513.327 718.027 5 1.92187 -46.1722 94.2829
51 513.747 718.299 5 1.44239 -42.2501 53.8814
52 514.166 718.571 5 0.983577 -39.4499 -73.3635
53 508.862 715.723 5 6.93153 -50.2987 84.866
54 509.281 715.995 5 6.43685 -55.1103 75.0632
55 509.7 716.267 5 5.94306 -56.4099 53.8911
56 510.12 716.54 5 5.4504 -54.1111 -7.25527
57 510.539 716.812 5 4.95921 -52.8653 -28.9001
58 510.958 717.084 5 4.46998 -48.267 -40.6462
59 511.378 717.357 5 3.98342 -45.8374 -37.3254
60 511.797 717.629 5 3.50065 -53.4415 -80.0833
61 512.216 717.901 5 3.02348 -60.3441 173.818
62 512.636 718.174 5 2.55507 -50.6689 103.529
63 513.055 718.446 5 2.10126 -46.0845 -38.9333
64 513.474 718.718 5 1.67398 -42.6532 101.249
65 513.894 718.991 5 1.29967 -43.2824 150.688
66 508.589 716.142 5 7.0191 -64.6335 -158.474
67 509.009 716.414 5 6.53106 -60.416 -151.035
68 509.428 716.687 5 6.04497 -55.0289 173.054
69 509.847 716.959 5 5.56135 -53.8334 78.3786
70 510.267 717.231 5 5.0809 -50.0413 -6.47976
71 510.686 717.504 5 4.60461 -60.2311 -115.142
72 511.105 717.776 5 4.13392 -51.4226 -146.421
73 511.525 718.048 5 3.671 -47.4409 132.865
74 511.944 718.321 5 3.21919 -49.294 -31.2863
75 512.363 718.593 5 2.7839 -46.0205 142.063
76 512.783 718.865 5 2.37424 -47.0141 -128.46
77 513.202 719.138 5 2.00598 -45.5003 -76.9478
78 513.621 719.41 5 1.70612 -48.3182 -24.5316
79 510.414 717.923 5 4.78792 -60.4831 150.548
80 510.833 718.195 5 4.33717 -50.6082 -41.154
81 511.672 718.74 5 3.47633 -47.978 -57.9701
82 512.091 719.012 5 3.07763 -48.7924 0.746777
83 512.51 719.285 5 2.7127 -48.6885 62.5699
84 512.93 719.557 5 2.39701 -49.6347 132.204
85 513.349 719.829 5 2.15234 -56.1628 116.822
86 510.141 718.342 5 5.01456 -57.544 54.9471
87 510.561 718.615 5 4.58615 -54.9613 173.706
88 511.399 719.159 5 3.78241 -51.5355 112.069
89 511.819 719.432 5 3.41958 -60.5138 -144.003
90 512.238 719.704 5 3.09523 -46.3517 -60.4097
91 512.657 719.976 5 2.82265 -58.9408 -161.586
92 513.077 720.249 5 2.61807 -64.1633 -164.116
93 509.869 718.762 5 5.27897 -57.0117 34.1138
94 510.288 719.034 5 4.87386 -55.2357 93.4935
95 511.127 719.579 5 4.12654 -57.4788 -153.138
96 511.546 719.851 5 3.79674 -52.9289 -11.3216
97 511.966 720.123 5 3.50744 -55.6865 153.891
98 512.385 720.396 5 3.26942 -69.8492 -96.8172
99 512.804 720.668 5 3.09451 -60.3197 125.227
100 509.597 719.181 5 5.57578 -53.8987 -118.484
101 510.016 719.453 5 5.19386 -51.9928 -87.0515
102 509.324 719.6 5 5.90009 -54.2356 45.4622
103 509.744 719.873 5 5.54057 -54.8495 -20.0131
104 509.052 720.02 5 6.24762 -55.8673 109.234
105 509.471 720.292 5 5.90928 -65.0821 -163.977
