1 509.951 714.045 5 6.86272 -73.2131 -0.166239
2 510.37 714.318 5 6.36272 -65.089 -8.41236
3 510.79 714.59 5 5.86273 -73.4987 -91.2862
4 511.209 714.862 5 5.36274 -73.884 90.7316
5 511.628 715.135 5 4.86274 -67.3231 -23.0716
6 512.048 715.407 5 4.36275 -64.5639 -105.335
7 512.467 715.679 5 3.86276 -65.1481 -86.3596
8 512.886 715.952 5 3.36278 -59.7786 -80.8922
9 513.306 716.224 5 2.8628 -67.4624 -94.2058
10 513.725 716.496 5 2.36283 -62.068 -165.7
11 514.144 716.769 5 1.86288 -66.8464 60.136
12 514.564 717.041 5 1.36295 -64.262 2.55435
13 514.983 717.313 5 0.863124 -71.6066 81.3953
14 509.679 714.465 5 6.87885 -69.0949 -143.211
15 510.098 714.737 5 6.38012 -65.7053 174.654
16 510.517 715.009 5 5.88161 -57.2556 -84.8298
17 510.937 715.282 5 5.38337 -63.0565 -49.4473
18 511.356 715.554 5 4.88549 -61.1472 -90.1843
19 511.775 715.826 5 4.38809 -67.8542 -82.9774
20 512.195 716.099 5 3.89136 -61.2674 -65.4114
21 512.614 716.371 5 3.39559 -57.5219 -106.669
22 513.033 716.643 5 2.90127 -56.8169 178.18
23 513.453 716.916 5 2.40929 -55.2673 144.537
24 513.872 717.188 5 1.92146 -55.2632 106.106
25 514.291 717.46 5 1.442 -49.7588 26.7568
26 514.711 717.733 5 0.983209 -40.565 -103.882
27 509.406 714.884 5 6.93111 -55.889 179.24
28 509.826 715.156 5 6.43643 -54.0087 -176.043
29 510.245 715.429 5 5.94264 -61.6777 91.507
30 510.664 715.701 5 5.44999 -66.633 54.4088
31 511.084 715.973 5 4.9588 -63.6034 -173.374
32 511.503 716.246 5 4.46957 -65.8123 -166.289
33 511.922 716.518 5 3.98301 -56.956 -158.141
34 512.342 716.79 5 3.50025 -52.3642 -170.786
35 512.761 717.063 5 3.02309 -50.1321 126.768
36 513.18 717.335 5 2.55468 -54.7398 57.8732
37 513.6 717.607 5 2.10089 -49.2286 -123.504
38 514.019 717.88 5 1.67364 -43.4812 81.7283
39 514.438 718.152 5 1.29939 -51.229 -4.94309
40 509.134 715.303 5 7.01869 -58.0766 67.8461
41 509.553 715.576 5 6.53065 -56.6431 55.1725
42 509.973 715.848 5 6.04456 -53.0966 45.5759
43 510.392 716.12 5 5.56094 -56.5237 32.3768
44 510.811 716.393 5 5.08049 -51.1782 -25.354
45 511.231 716.665 5 4.60421 -56.6768 -68.4304
46 511.65 716.937 5 4.13353 -66.9407 -174.701
47 512.069 717.21 5 3.67062 -56.4413 35.9379
48 512.489 717.482 5 3.21882 -49.9755 -78.5409
49 512.908 717.754 5 2.78354 -52.2235 120.496
50 513.327 718.027 5 2.37391 -46.2826 -131.19
51 513.747 718.299 5 2.00569 -50.0348 80.6744
52 514.166 718.571 5 1.70591 -50.6226 -120.615
53 508.862 715.723 5 7.14029 -58.7133 -166.626
54 509.281 715.995 5 6.66117 -55.15 135.574
55 509.7 716.267 5 6.18534 -61.8702 7.20705
56 510.12 716.54 5 5.71365 -53.32 -87.9165
57 510.539 716.812 5 5.2472 -58.9333 178.949
58 510.958 717.084 5 4.78753 -55.2506 106.655
59 511.378 717.357 5 4.3368 -54.2777 -64.8055
60 511.797 717.629 5 3.8981 -58.305 126.978
61 512.216 717.901 5 3.47599 -48.9088 -90.0181
62 512.636 718.174 5 3.07731 -47.6284 20.805
63 513.055 718.446 5 2.71241 -50.9034 -133.95
64 513.474 718.718 5 2.39677 -55.2001 23.0241
65 513.894 718.991 5 2.15217 -77.9041 74.3291
66 508.589 716.142 5 7.29421 -59.1547 23.0753
67 509.009 716.414 5 6.82589 -62.3638 -60.8013
68 509.428 716.687 5 6.3624 -57.7401 -101.287
69 509.847 716.959 5 5.90487 -52.4329 115.98
70 510.267 717.231 5 5.4548 -54.7228 -1.38894
71 510.686 717.504 5 5.0142 -56.8671 169.126
72 511.105 717.776 5 4.5858 -54.534 -43.6869
73 511.525 718.048 5 4.17335 -52.4879 94.1016
74 511.944 718.321 5 3.78209 -54.7297 142.748
75 512.363 718.593 5 3.41929 -57.2666 123.075
76 512.783 718.865 5 3.09498 -55.0686 -168.197
77 513.202 719.138 5 2.82245 -59.1761 -111.355
78 513.621 719.41 5 2.61793 -56.3262 -108.568
79 510.414 717.923 5 5.27863 -50.6262 123.132
80 510.833 718.195 5 4.87353 -54.48 -148.698
81 511.672 718.74 5 4.12625 -58.534 -114.071
82 512.091 719.012 5 3.79648 -57.3157 -32.9466
83 512.51 719.285 5 3.50722 -57.7589 71.5576
84 512.93 719.557 5 3.26924 -64.5457 122.333
85 513.349 719.829 5 3.0944 -55.5768 -29.4354
86 510.141 718.342 5 5.57545 -59.4863 12.4862
87 510.561 718.615 5 5.19355 -68.9607 -26.5827
88 511.399 719.159 5 4.49974 -57.7036 123.872
89 511.819 719.432 5 4.1994 -57.6303 -129.789
90 512.238 719.704 5 3.93984 -55.5518 -89.2192
91 512.657 719.976 5 3.72957 -63.2423 -134.908
92 513.077 720.249 5 3.57729 -56.9744 56.137
93 509.869 718.762 5 5.89978 -66.6256 133.836
94 510.288 719.034 5 5.54028 -69.0721 100.674
95 511.127 719.579 5 4.89585 -54.024 55.8704
96 511.546 719.851 5 4.62133 -65.0082 106.253
97 511.966 720.123 5 4.3868 -62.4011 96.4732
98 512.385 720.396 5 4.19897 -63.0324 -1.58049
99 512.804 720.668 5 4.06432 -54.7363 89.5451
100 509.597 719.181 5 6.24732 -66.5539 -76.8738
101 510.016 719.453 5 5.90901 -75.0316 -76.9285
102 509.324 719.6 5 6.61444 -69.9616 130.431
103 509.744 719.873 5 6.29588 -75.1759 53.2825
104 509.052 720.02 5 6.99804 -68.7769 -50.6618
105 509.471 720.292 5 6.69775 -74.2744 -48.394
