1 514.644 719.84 5 2.28727 -62.5644 -72.2832
2 514.371 720.259 5 2.78511 -44.4157 166.446
3 514.097 720.678 5 3.28361 -48.2344 160.678
4 513.824 721.096 5 3.7825 -56.7375 140.323
5 513.551 721.515 5 4.28166 -57.8892 124.778
6 513.278 721.934 5 4.78099 -74.0409 116.863
7 513.004 722.353 5 5.28044 -60.6696 -55.2846
8 512.731 722.771 5 5.78 -55.3381 -164.951
9 512.458 723.19 5 6.27962 -64.1388 113.297
10 512.185 723.609 5 6.7793 -67.5923 144.659
11 515.063 720.113 5 2.39077 -53.4147 73.4568
12 514.789 720.532 5 2.87072 -55.5964 -172.767
13 514.516 720.951 5 3.35652 -51.1686 -104.428
14 514.243 721.37 5 3.84597 -48.6336 -5.38663
15 513.97 721.788 5 4.33783 -56.8299 -42.6271
16 513.696 722.207 5 4.83136 -58.4715 -16.7149
17 513.423 722.626 5 5.32609 -52.0056 16.3167
18 513.15 723.045 5 5.82173 -67.9388 45.7692
19 512.877 723.463 5 6.31805 -59.7931 8.01218
20 512.603 723.882 5 6.81491 -58.9454 8.28217
21 515.481 720.387 5 2.58842 -47.9483 35.4392
22 515.208 720.805 5 3.0373 -47.6035 119.704
23 514.935 721.224 5 3.50006 -54.9965 88.2795
24 514.662 721.643 5 3.97186 -53.2596 -121.235
25 514.388 722.062 5 4.44982 -66.2811 2.25669
26 514.115 722.48 5 4.93216 -58.204 47.0928
27 513.842 722.899 5 5.4177 -54.7965 100.885
28 513.568 723.318 5 5.90565 -51.9166 131.866
29 513.295 723.737 5 6.39546 -54.3919 -176.029
30 513.022 724.155 5 6.88674 -51.2857 -145.568
31 515.9 720.66 5 2.86079 -42.4015 -93.879
32 515.627 721.079 5 3.27251 -47.4683 -156.056
33 515.353 721.497 5 3.70602 -51.7057 52.3735
34 515.08 721.916 5 4.1545 -54.2247 149.865
35 514.807 722.335 5 4.61358 -54.6872 95.0151
36 514.534 722.754 5 5.08039 -64.6442 35.852
37 514.26 723.172 5 5.55298 -53.6453 28.427
38 513.987 723.591 5 6.03 -49.9827 39.3703
39 516.319 720.933 5 3.18877 -55.4529 -53.8573
40 516.045 721.352 5 3.5628 -47.5374 20.1734
41 515.772 721.771 5 3.96469 -46.2106 -14.846
42 515.499 722.189 5 4.3868 -51.2511 -114.426
43 515.226 722.608 5 4.82382 -53.2874 7.90699
44 514.952 723.027 5 5.27205 -51.2136 -166.715
45 514.679 723.446 5 5.72885 -56.5396 -112.327
46 514.406 723.864 5 6.19233 -71.3759 109.225
47 516.737 721.206 5 3.55702 -59.6175 10.0746
48 516.464 721.625 5 3.89585 -62.3973 114.606
49 516.191 722.044 5 4.26649 -49.3891 137.365
50 515.918 722.463 5 4.66135 -47.3992 142.802
51 515.644 722.881 5 5.07478 -51.9691 46.5513
52 515.371 723.3 5 5.50261 -53.4825 -97.0108
53 515.098 723.719 5 5.94171 -60.0837 43.6287
54 514.825 724.138 5 6.38977 -62.5878 10.4836
55 517.156 721.48 5 3.95431 -61.5771 148.409
56 516.883 721.898 5 4.26167 -57.5663 107.181
57 516.61 722.317 5 4.60294 -65.6204 83.9555
58 516.336 722.736 5 4.97115 -54.0581 -56.3031
59 516.063 723.155 5 5.36075 -50.755 -93.586
60 515.79 723.573 5 5.76739 -51.2366 179.682
61 515.517 723.992 5 6.18774 -51.7498 70.5061
62 515.243 724.411 5 6.61916 -55.5299 35.2209
63 517.575 721.753 5 4.37273 -60.5157 138.592
64 517.302 722.172 5 4.65253 -57.1713 48.2289
65 517.028 722.59 5 4.96702 -61.1213 -121.218
66 516.755 723.009 5 5.31004 -74.5152 44.8212
67 516.482 723.428 5 5.67642 -53.0144 -4.32164
68 516.209 723.847 5 6.06193 -51.6051 54.8692
69 515.935 724.265 5 6.46315 -50.9639 -13.8497
70 515.662 724.684 5 6.87732 -49.7668 -105.834
71 517.994 722.026 5 4.80676 -62.0953 -130.219
72 517.72 722.445 5 5.06263 -62.7341 -127.495
73 517.447 722.864 5 5.35308 -71.2904 -129.995
74 517.174 723.282 5 5.6728 -72.0356 -75.3598
75 516.901 723.701 5 6.01714 -62.7807 0.504862
76 516.627 724.12 5 6.3821 -53.4181 130.253
77 516.354 724.539 5 6.76435 -51.2599 157.936
78 516.081 724.957 5 7.16112 -48.5405 134.841
