1 514.644 719.84 5 2.78522 -56.1728 140.015
2 514.371 720.259 5 3.2837 -59.5834 143.599
3 514.097 720.678 5 3.78258 -48.8645 -174.031
4 513.824 721.096 5 4.28173 -51.53 115.882
5 513.551 721.515 5 4.78105 -64.7791 -175.378
6 513.278 721.934 5 5.2805 -59.0917 104.793
7 513.004 722.353 5 5.78005 -60.3587 -78.3521
8 512.731 722.771 5 6.27966 -57.2235 151.093
9 512.458 723.19 5 6.77934 -61.8402 104.403
10 512.185 723.609 5 7.27906 -64.1539 121.56
11 515.063 720.113 5 2.87105 -52.6072 -156.77
12 514.789 720.532 5 3.35681 -50.9373 -106.425
13 514.516 720.951 5 3.84622 -47.268 -60.6546
14 514.243 721.37 5 4.33805 -45.187 -12.2094
15 513.97 721.788 5 4.83155 -48.0073 10.67
16 513.696 722.207 5 5.32627 -56.4242 23.1384
17 513.423 722.626 5 5.82189 -54.8337 -25.2397
18 513.15 723.045 5 6.3182 -57.7768 107.05
19 512.877 723.463 5 6.81505 -60.7429 -27.8926
20 512.603 723.882 5 7.31233 -58.9167 -57.2412
21 515.481 720.387 5 3.03783 -50.8669 155.246
22 515.208 720.805 5 3.50052 -51.1369 144.588
23 514.935 721.224 5 3.97226 -53.4627 -55.6194
24 514.662 721.643 5 4.45018 -56.9169 -72.1013
25 514.388 722.062 5 4.93248 -53.8255 24.6126
26 514.115 722.48 5 5.41799 -50.6125 98.5562
27 513.842 722.899 5 5.90592 -53.5306 121.368
28 513.568 723.318 5 6.39571 -49.7223 170.034
29 513.295 723.737 5 6.88697 -51.6059 -113.814
30 513.022 724.155 5 7.37941 -56.2647 -138.463
31 515.9 720.66 5 3.2732 -43.0951 -129.811
32 515.627 721.079 5 3.70663 -52.1236 5.99181
33 515.353 721.497 5 4.15504 -60.0194 -85.3038
34 515.08 721.916 5 4.61407 -58.529 -176.795
35 514.807 722.335 5 5.08083 -51.8092 10.9259
36 514.534 722.754 5 5.55339 -48.8861 36.6237
37 514.26 723.172 5 6.03037 -49.6491 14.5435
38 513.987 723.591 5 6.51081 -55.5847 6.2203
39 516.319 720.933 5 3.56361 -45.8226 -43.9935
40 516.045 721.352 5 3.96542 -48.7408 -8.16164
41 515.772 721.771 5 4.38746 -50.522 -96.3524
42 515.499 722.189 5 4.82443 -51.0991 59.4028
43 515.226 722.608 5 5.2726 -65.8737 -97.058
44 514.952 723.027 5 5.72936 -58.3429 -118.355
45 514.679 723.446 5 6.1928 -59.8283 -18.1816
46 514.406 723.864 5 6.66154 -56.6655 -98.8223
47 516.737 721.206 5 3.89677 -54.5616 117.387
48 516.464 721.625 5 4.26732 -55.6533 52.2454
49 516.191 722.044 5 4.66211 -59.5187 94.8983
50 515.918 722.463 5 5.07549 -51.9044 64.4684
51 515.644 722.881 5 5.50325 -50.7457 -81.8201
52 515.371 723.3 5 5.94231 -53.487 88.5205
53 515.098 723.719 5 6.39033 -58.4015 -159.532
54 514.825 724.138 5 6.84555 -61.7159 95.1662
55 517.156 721.48 5 4.26266 -55.978 146.159
56 516.883 721.898 5 4.60386 -62.5107 -152.817
57 516.61 722.317 5 4.972 -60.1507 -176.598
58 516.336 722.736 5 5.36153 -61.5469 -159.992
59 516.063 723.155 5 5.76813 -64.4969 -127.886
60 515.79 723.573 5 6.18842 -55.0726 99.85
61 515.517 723.992 5 6.6198 -60.292 -57.1598
62 515.243 724.411 5 7.06024 -55.4094 -122.159
63 517.575 721.753 5 4.65357 -69.0494 -106.969
64 517.302 722.172 5 4.968 -65.4975 -48.9263
65 517.028 722.59 5 5.31096 -59.3984 -1.0893
66 516.755 723.009 5 5.67728 -59.991 -58.294
67 516.482 723.428 5 6.06273 -50.8762 -7.33002
68 516.209 723.847 5 6.4639 -55.2127 -5.37563
69 515.935 724.265 5 6.87803 -56.9288 -95.1009
70 515.662 724.684 5 7.30291 -58.5051 141.982
71 517.994 722.026 5 5.06372 -61.1393 -6.18194
72 517.72 722.445 5 5.35411 -71.6377 -141.871
73 517.447 722.864 5 5.67378 -66.4569 128.449
74 517.174 723.282 5 6.01805 -59.4268 9.51757
75 516.901 723.701 5 6.38296 -63.5401 38.0938
76 516.627 724.12 5 6.76517 -53.6057 134.38
77 516.354 724.539 5 7.16189 -64.1327 141.502
78 516.081 724.957 5 7.57086 -56.3932 54.9156
