1 505.473 717.831 5 9.70641 -84.06 126.528
2 505.747 717.412 5 9.49662 -74.9545 34.2288
3 506.02 716.994 5 9.30897 -77.6461 -107.112
4 506.294 716.575 5 9.14485 -68.7137 74.6571
5 506.567 716.157 5 9.00553 -75.3313 92.1816
6 505.891 718.104 5 9.26024 -85.5251 21.9877
7 506.165 717.686 5 9.04009 -80.3382 -18.899
8 506.439 717.267 5 8.84277 -72.5691 -97.7491
9 506.712 716.849 5 8.66982 -70.3127 140.857
10 506.986 716.43 5 8.52274 -67.6784 -115.043
11 506.31 718.378 5 8.81984 -83.4811 -132.916
12 506.584 717.96 5 8.58841 -78.0355 -99.475
13 506.857 717.541 5 8.38046 -76.3305 -86.2845
14 507.131 717.123 5 8.19776 -70.9936 112.277
15 507.404 716.704 5 8.04205 -73.2866 -8.4169
16 506.728 718.652 5 8.38612 -82.236 -100.673
17 507.002 718.233 5 8.14238 -94.3095 19.948
18 507.276 717.815 5 7.92273 -80.4169 146.23
19 507.549 717.396 5 7.72922 -83.6406 132.746
20 507.823 716.978 5 7.56387 -74.754 31.0108
21 507.147 718.925 5 7.96019 -83.3993 138.027
22 507.421 718.507 5 7.70298 -78.5244 144.706
23 507.694 718.088 5 7.47042 -89.9271 -66.4946
24 507.968 717.67 5 7.26488 -78.7703 -2.63086
25 508.241 717.251 5 7.0887 -74.8995 5.34169
26 507.565 719.199 5 7.54335 -86.3076 163.033
27 507.839 718.78 5 7.27141 -85.7753 134.512
28 508.113 718.362 5 7.02458 -84.741 156.7
29 508.386 717.943 5 6.80558 -97.2905 100.712
30 508.66 717.525 5 6.61719 -75.7488 -123.344
31 507.984 719.472 5 7.1372 -78.5478 27.4588
32 508.258 719.054 5 6.84916 -83.4467 156.751
33 508.531 718.635 5 6.58652 -84.0589 121.815
34 508.805 718.217 5 6.35244 -88.8073 -9.57094
35 509.078 717.798 5 6.15019 -79.064 -169.011
36 508.402 719.746 5 6.74368 -79.6373 -36.6421
37 508.676 719.328 5 6.43805 -91.2265 162.617
38 508.95 718.909 5 6.1579 -97.8553 -34.417
39 509.223 718.491 5 5.90686 -102.423 116.898
40 509.497 718.072 5 5.68879 -94.9775 -78.4301
