1 514.644 719.84 5 1.79046 -53.8562 -7.64896
2 514.371 720.259 5 2.28714 -52.7064 99.5125
3 514.097 720.678 5 2.785 -47.7502 148.707
4 513.824 721.096 5 3.28352 -56.977 106.358
5 513.551 721.515 5 3.78243 -53.4087 -4.8214
6 513.278 721.934 5 4.28159 -61.5848 19.7204
7 513.004 722.353 5 4.78093 -67.5566 175.569
8 512.731 722.771 5 5.28039 -66.5836 -165.994
9 512.458 723.19 5 5.77994 -67.1456 142.533
10 512.185 723.609 5 6.27957 -79.0496 -127.204
11 515.063 720.113 5 1.92057 -48.9179 59.854
12 514.789 720.532 5 2.39037 -46.0647 174.62
13 514.516 720.951 5 2.87038 -52.02 -97.673
14 514.243 721.37 5 3.35624 -52.1942 -81.1786
15 513.97 721.788 5 3.84573 -51.9073 -76.6436
16 513.696 722.207 5 4.33761 -52.8746 -27.117
17 513.423 722.626 5 4.83116 -59.17 55.362
18 513.15 723.045 5 5.32591 -65.1019 29.3474
19 512.877 723.463 5 5.82156 -73.3901 8.67835
20 512.603 723.882 5 6.3179 -61.3889 49.0899
21 515.481 720.387 5 2.16136 -45.4016 132.394
22 515.208 720.805 5 2.5878 -57.4592 -101.43
23 514.935 721.224 5 3.03677 -52.179 84.2809
24 514.662 721.643 5 3.4996 -52.2791 -162.68
25 514.388 722.062 5 3.97146 -53.8577 -76.1712
26 514.115 722.48 5 4.44946 -58.9717 41.3386
27 513.842 722.899 5 4.93183 -67.3451 -110.44
28 513.568 723.318 5 5.4174 -54.4815 102.833
29 513.295 723.737 5 5.90538 -54.1301 170.395
30 513.022 724.155 5 6.39521 -54.9053 -163.829
31 515.9 720.66 5 2.48079 -45.5651 -75.8179
32 515.627 721.079 5 2.85999 -45.9402 -68.602
33 515.353 721.497 5 3.27182 -50.3667 139.512
34 515.08 721.916 5 3.70541 -63.8572 14.8269
35 514.807 722.335 5 4.15395 -53.5724 106.306
36 514.534 722.754 5 4.61309 -66.3952 -110.062
37 514.26 723.172 5 5.07994 -51.8104 4.58556
38 513.987 723.591 5 5.55257 -50.1838 59.2715
39 516.319 720.933 5 2.85257 -58.2999 -34.3622
40 516.045 721.352 5 3.18786 -47.3326 31.5131
41 515.772 721.771 5 3.56198 -48.3726 47.6282
42 515.499 722.189 5 3.96395 -48.3467 -38.3637
43 515.226 722.608 5 4.38614 -60.9197 163.028
44 514.952 723.027 5 4.82322 -67.5488 -101.203
45 514.679 723.446 5 5.2715 -52.9627 164.495
46 514.406 723.864 5 5.72835 -65.4429 -23.8495
47 516.737 721.206 5 3.25884 -55.584 71.1466
48 516.464 721.625 5 3.55602 -61.5625 108.304
49 516.191 722.044 5 3.89494 -53.2745 170.024
50 515.918 722.463 5 4.26565 -49.6552 -166.527
51 515.644 722.881 5 4.66058 -53.4384 136.005
52 515.371 723.3 5 5.07408 -54.8763 5.98849
53 515.098 723.719 5 5.50196 -57.8687 -148.663
54 514.825 724.138 5 5.94111 -65.7647 148.573
55 517.156 721.48 5 3.68821 -57.7024 -152.755
56 516.883 721.898 5 3.95325 -59.7231 -86.4664
57 516.61 722.317 5 4.26068 -59.7135 167.594
58 516.336 722.736 5 4.60203 -53.7064 -51.4561
59 516.063 723.155 5 4.9703 -57.2784 -54.0651
60 515.79 723.573 5 5.35996 -58.1966 -141.075
61 515.517 723.992 5 5.76666 -54.5581 143.418
62 515.243 724.411 5 6.18706 -62.1406 -113.587
63 517.575 721.753 5 4.13349 -63.9997 151.85
64 517.302 722.172 5 4.37161 -54.7695 76.3405
65 517.028 722.59 5 4.65148 -59.9572 37.6085
66 516.755 723.009 5 4.96604 -58.4687 -47.3235
67 516.482 723.428 5 5.30912 -53.0843 41.2829
68 516.209 723.847 5 5.67556 -54.126 58.7899
69 515.935 724.265 5 6.06113 -53.4919 35.0785
70 515.662 724.684 5 6.46239 -55.3099 -39.5779
71 517.994 722.026 5 4.59006 -72.9324 -86.467
72 517.72 722.445 5 4.80561 -57.7947 164.118
73 517.447 722.864 5 5.06153 -62.6221 75.9262
74 517.174 723.282 5 5.35204 -63.6232 -158.864
75 516.901 723.701 5 5.67183 -58.6822 47.941
76 516.627 724.12 5 6.01622 -56.8936 -176.414
77 516.354 724.539 5 6.38123 -51.6533 -166.218
78 516.081 724.957 5 6.76353 -49.9516 -179.911
