1 505.473 717.831 5 9.95391 -79.9459 55.7276
2 505.747 717.412 5 9.70664 -75.2702 178.655
3 506.02 716.994 5 9.47932 -72.8129 -139.546
4 506.294 716.575 5 9.2734 -89.4857 107.342
5 506.567 716.157 5 9.09035 -74.6602 69.5426
6 505.891 718.104 5 9.52833 -87.4826 153.658
7 506.165 717.686 5 9.26972 -90.6125 -178.33
8 506.439 717.267 5 9.0314 -68.6655 15.4676
9 506.712 716.849 5 8.81503 -74.2876 12.055
10 506.986 716.43 5 8.62225 -83.4911 48.6778
11 506.31 718.378 5 9.11032 -94.2716 128.514
12 506.584 717.96 5 8.83948 -88.9025 -39.372
13 506.857 717.541 5 8.58923 -93.0645 -138.606
14 507.131 717.123 5 8.36143 -68.6196 -171.583
15 507.404 716.704 5 8.15794 -86.3694 -47.6456
16 506.728 718.652 5 8.70095 -74.7311 172.836
17 507.002 718.233 5 8.41696 -83.3596 -137.597
18 507.276 717.815 5 8.15375 -87.1356 -149.965
19 507.549 717.396 5 7.91342 -71.3005 25.8139
20 507.823 716.978 5 7.6981 -72.983 -37.9432
21 507.147 718.925 5 8.30153 -85.8963 66.1404
22 507.421 718.507 5 8.00337 -84.0121 80.2225
23 507.694 718.088 5 7.72609 -91.8544 165.643
24 507.968 717.67 5 7.47201 -88.8063 74.3982
25 508.241 717.251 5 7.24358 -66.4986 179.28
26 507.565 719.199 5 7.91354 -89.5154 -28.285
27 507.839 718.78 5 7.60017 -115.015 -132.542
28 508.113 718.362 5 7.30761 -85.4887 -11.0053
29 508.386 717.943 5 7.03844 -99.6436 67.9893
30 508.66 717.525 5 6.79545 -73.9594 -78.3247
31 507.984 719.472 5 7.53875 -84.31 120.164
32 508.258 719.054 5 7.20911 -87.0616 -145.433
33 508.531 718.635 5 6.89999 -90.7126 -87.6447
34 508.805 718.217 5 6.61426 -90.093 60.0638
35 509.078 717.798 5 6.35507 -95.3145 3.91797
36 508.402 719.746 5 7.17924 -87.9262 53.9129
37 508.676 719.328 5 6.83228 -81.2735 -60.0301
38 508.95 718.909 5 6.50527 -106.3 -87.2898
39 509.223 718.491 5 6.20138 -103.468 -16.3496
40 509.497 718.072 5 5.92416 -105.352 -137.506
