1 505.473 717.831 5 10.6106 -90.0369 161.024
2 505.747 717.412 5 10.4193 -82.1087 22.6436
3 506.02 716.994 5 10.2489 -83.3089 66.626
4 506.294 716.575 5 10.1003 -93.9916 111.931
5 506.567 716.157 5 9.9747 -89.1785 -72.8725
6 505.891 718.104 5 10.1549 -80.6295 -31.3284
7 506.165 717.686 5 9.95485 -91.6975 73.0499
8 506.439 717.267 5 9.77634 -77.7518 -138.723
9 506.712 716.849 5 9.62053 -82.6861 -102.495
10 506.986 716.43 5 9.48853 -90.4661 -166.348
11 506.31 718.378 5 9.70355 -90.336 -58.0048
12 506.584 717.96 5 9.49403 -93.3645 74.3072
13 506.857 717.541 5 9.30668 -74.0462 -13.0968
14 507.131 717.123 5 9.14287 -81.7812 127.2
15 507.404 716.704 5 9.00388 -86.9336 111.591
16 506.728 718.652 5 9.25724 -83.8731 -8.22913
17 507.002 718.233 5 9.03738 -80.3254 20.027
18 507.276 717.815 5 8.84036 -86.1682 -67.5506
19 507.549 717.396 5 8.66774 -75.9495 171.42
20 507.823 716.978 5 8.521 -82.7312 -97.5735
21 507.147 718.925 5 8.81669 -90.7065 -95.9221
22 507.421 718.507 5 8.58556 -83.3572 -162.862
23 507.694 718.088 5 8.37792 -85.3283 -122.004
24 507.968 717.67 5 8.19556 -93.5503 -57.708
25 508.241 717.251 5 8.04021 -78.0724 96.415
26 507.565 719.199 5 8.38282 -93.8825 49.1042
27 507.839 718.78 5 8.13937 -89.9118 172.556
28 508.113 718.362 5 7.92004 -85.1567 159.782
29 508.386 717.943 5 7.72689 -87.2599 137.608
30 508.66 717.525 5 7.56191 -77.5136 144.614
31 507.984 719.472 5 7.95671 -84.565 7.36533
32 508.258 719.054 5 7.6998 -90.5896 126.844
33 508.531 718.635 5 7.46757 -100.848 -166.836
34 508.805 718.217 5 7.26239 -88.3717 33.4124
35 509.078 717.798 5 7.08661 -96.3153 -104.265
36 508.402 719.746 5 7.53968 -87.5705 -0.295825
37 508.676 719.328 5 7.26804 -91.8449 45.7718
38 508.95 718.909 5 7.02155 -106.844 -56.1252
39 509.223 718.491 5 6.80293 -105.839 -52.5503
40 509.497 718.072 5 6.61496 -117.169 130.85
