1 505.473 717.831 5 10.2182 -79.7076 -49.5782
2 505.747 717.412 5 9.95244 -75.9853 -124.656
3 506.02 716.994 5 9.70513 -83.0616 71.4439
4 506.294 716.575 5 9.47777 -96.3233 -62.0531
5 506.567 716.157 5 9.27182 -101.893 -159.413
6 505.891 718.104 5 9.80423 -83.1836 -48.1568
7 506.165 717.686 5 9.52688 -84.1271 149.183
8 506.439 717.267 5 9.26823 -92.606 124.853
9 506.712 716.849 5 9.02987 -99.2834 -147.638
10 506.986 716.43 5 8.81346 -89.0666 109.902
11 506.31 718.378 5 9.39858 -87.8048 -5.01848
12 506.584 717.96 5 9.10889 -94.2091 111.105
13 506.857 717.541 5 8.83801 -90.0002 -63.996
14 507.131 717.123 5 8.58772 -86.8488 116.469
15 507.404 716.704 5 8.35988 -91.2847 129.348
16 506.728 718.652 5 9.00244 -87.6316 21.4896
17 507.002 718.233 5 8.69956 -93.6549 47.246
18 507.276 717.815 5 8.41552 -92.2189 0.447923
19 507.549 717.396 5 8.15227 -93.5443 -21.0857
20 507.823 716.978 5 7.91189 -90.7644 67.6639
21 507.147 718.925 5 8.61709 -91.4036 -112.533
22 507.421 718.507 5 8.30017 -86.9107 6.66339
23 507.694 718.088 5 8.00196 -105.658 81.1349
24 507.968 717.67 5 7.72463 -93.5449 69.5056
25 508.241 717.251 5 7.4705 -88.0647 56.9366
26 507.565 719.199 5 8.24407 -91.7561 15.2839
27 507.839 718.78 5 7.91222 -85.8279 116.839
28 508.113 718.362 5 7.5988 -92.8075 173.855
29 508.386 717.943 5 7.30618 -102.18 88.3399
30 508.66 717.525 5 7.03696 -88.8775 -34.0202
31 507.984 719.472 5 7.88512 -92.3051 0.134116
32 508.258 719.054 5 7.53749 -112.48 35.746
33 508.531 718.635 5 7.20779 -92.5205 -27.8178
34 508.805 718.217 5 6.89861 -100.342 -90.0213
35 509.078 717.798 5 6.61281 -105.642 149.904
36 508.402 719.746 5 7.54226 -94.9767 -72.8826
37 508.676 719.328 5 7.17803 -96.943 -70.6086
38 508.95 718.909 5 6.83101 -118.955 119.196
39 509.223 718.491 5 6.50394 -113.431 -177.625
40 509.497 718.072 5 6.19998 -117.341 156.043
