1 514.644 719.84 5 0.944424 -45.4763 -42.0891
2 514.371 720.259 5 1.44371 -43.5098 83.3214
3 514.097 720.678 5 1.94336 -57.5484 30.3086
4 513.824 721.096 5 2.44316 -50.2442 13.3077
5 513.551 721.515 5 2.94302 -50.2636 -125.197
6 513.278 721.934 5 3.44293 -65.8284 42.2284
7 513.004 722.353 5 3.94286 -73.5891 -115.953
8 512.731 722.771 5 4.4428 -55.3712 -9.05376
9 512.458 723.19 5 4.94276 -63.0237 -101.525
10 512.185 723.609 5 5.44272 -69.9732 -114.079
11 515.063 720.113 5 1.0974 -43.8957 -92.7144
12 514.789 720.532 5 1.54811 -51.8307 110.613
13 514.516 720.951 5 2.02213 -60.7376 -71.6763
14 514.243 721.37 5 2.50627 -46.4146 131.196
15 513.97 721.788 5 2.99562 -51.2992 -131.382
16 513.696 722.207 5 3.488 -57.6519 -88.8339
17 513.423 722.626 5 3.98227 -57.6709 -38.2904
18 513.15 723.045 5 4.47782 -66.3257 101.772
19 512.877 723.463 5 4.97425 -52.1154 94.0294
20 512.603 723.882 5 5.47134 -58.5923 136.495
21 515.481 720.387 5 1.42009 -50.6253 89.1054
22 515.208 720.805 5 1.79137 -45.955 105.944
23 514.935 721.224 5 2.21391 -47.4253 -58.5517
24 514.662 721.643 5 2.66341 -45.2 97.4596
25 514.388 722.062 5 3.12828 -51.0758 -61.115
26 514.115 722.48 5 3.60256 -58.2326 149.48
27 513.842 722.899 5 4.08299 -49.7826 -47.5764
28 513.568 723.318 5 4.56762 -54.8107 -13.6104
29 513.295 723.737 5 5.05525 -58.0041 16.2791
30 513.022 724.155 5 5.54508 -54.184 83.1269
31 515.9 720.66 5 1.82456 -55.2146 65.2968
32 515.627 721.079 5 2.12635 -56.6332 148.252
33 515.353 721.497 5 2.49274 -49.6406 -115.576
34 515.08 721.916 5 2.89933 -47.7287 146.122
35 514.807 722.335 5 3.33144 -47.8202 -96.3058
36 514.534 722.754 5 3.78032 -44.6397 143.835
37 514.26 723.172 5 4.24066 -56.5782 -112.783
38 513.987 723.591 5 4.70909 -55.158 -143.373
39 516.319 720.933 5 2.26746 -58.0452 -154.487
40 516.045 721.352 5 2.51669 -52.7809 -170.984
41 515.772 721.771 5 2.83304 -61.628 40.107
42 515.499 722.189 5 3.19663 -59.6524 10.5518
43 515.226 722.608 5 3.59316 -52.8247 -67.4207
44 514.952 723.027 5 4.01288 -59.8234 119.971
45 514.679 723.446 5 4.44922 -46.2645 -35.8214
46 514.406 723.864 5 4.89775 -65.2005 117.812
47 516.737 721.206 5 2.73015 -54.9566 56.9511
48 516.464 721.625 5 2.94042 -57.292 -39.8019
49 516.191 722.044 5 3.21535 -68.7487 -98.3874
50 515.918 722.463 5 3.53989 -53.3324 143.182
51 515.644 722.881 5 3.90169 -51.5877 131.001
52 515.371 723.3 5 4.29133 -55.7323 64.0175
53 515.098 723.719 5 4.7019 -50.9828 -1.14343
54 514.825 724.138 5 5.12838 -72.6693 -89.9042
55 517.156 721.48 5 3.20407 -55.6743 -67.6479
56 516.883 721.898 5 3.38503 -69.7052 -24.4195
57 516.61 722.317 5 3.6264 -58.4172 134.796
58 516.336 722.736 5 3.91704 -53.6244 101.226
59 516.063 723.155 5 4.24683 -67.2222 -166.622
60 515.79 723.573 5 4.60737 -53.5099 -89.7705
61 515.517 723.992 5 4.99202 -54.5949 -135.229
62 515.243 724.411 5 5.39561 -66.4552 -10.1776
63 517.575 721.753 5 3.68489 -65.4417 71.5385
64 517.302 722.172 5 3.84328 -56.362 64.1595
65 517.028 722.59 5 4.05748 -59.6594 73.2862
66 516.755 723.009 5 4.3192 -59.2909 -37.127
67 516.482 723.428 5 4.62038 -57.1972 -128.414
68 516.209 723.847 5 4.95381 -59.9823 -43.083
69 515.935 724.265 5 5.31344 -55.6466 5.20857
70 515.662 724.684 5 5.69429 -71.9974 -58.2699
71 517.994 722.026 5 4.17023 -62.8815 -130.606
72 517.72 722.445 5 4.31082 -67.162 -83.821
73 517.447 722.864 5 4.50284 -64.1348 55.1021
74 517.174 723.282 5 4.74003 -58.6083 -162.001
75 516.901 723.701 5 5.016 -60.024 123.345
76 516.627 724.12 5 5.32472 -56.2459 -8.1624
77 516.354 724.539 5 5.66083 -63.5055 102.926
78 516.081 724.957 5 6.01975 -61.7082 173.309
