1 509.951 714.045 5 7.65445 -49.4682 -81.1097
2 510.37 714.318 5 7.16303 -45.1134 -160.001
3 510.79 714.59 5 6.67289 -44.862 114.82
4 511.209 714.862 5 6.18433 -45.6654 39.6278
5 511.628 715.135 5 5.69776 -63.6086 -55.4982
6 512.048 715.407 5 5.21373 -46.9848 -64.9479
7 512.467 715.679 5 4.73301 -61.5041 -113.736
8 512.886 715.952 5 4.25675 -50.6739 162.079
9 513.306 716.224 5 3.7866 -49.7821 15.5457
10 513.725 716.496 5 3.32518 -55.4791 -36.9143
11 514.144 716.769 5 2.87668 -49.4298 -69.7636
12 514.564 717.041 5 2.44822 -49.4036 -168.504
13 514.983 717.313 5 2.05238 -52.9628 147.764
14 509.679 714.465 5 7.58118 -47.6494 97.1148
15 510.098 714.737 5 7.08468 -48.9151 47.988
16 510.517 715.009 5 6.58872 -51.3074 78.1767
17 510.937 715.282 5 6.09341 -52.9773 9.46639
18 511.356 715.554 5 5.59894 -45.057 53.7457
19 511.775 715.826 5 5.10555 -50.7726 -30.2446
20 512.195 716.099 5 4.61358 -48.6054 -20.7877
21 512.614 716.371 5 4.12354 -46.9672 -62.3211
22 513.033 716.643 5 3.63622 -51.0506 -155.709
23 513.453 716.916 5 3.15287 -45.0921 106.212
24 513.872 717.188 5 2.67564 -42.1358 19.1183
25 514.291 717.46 5 2.20851 -51.863 68.7313
26 514.711 717.733 5 1.75954 -40.5503 -129.071
27 509.406 714.884 5 7.54042 -48.8288 160.751
28 509.826 715.156 5 7.04106 -61.7519 166.163
29 510.245 715.429 5 6.54178 -49.8311 136.371
30 510.664 715.701 5 6.04263 -53.5952 -116.495
31 511.084 715.973 5 5.54364 -49.4029 153.928
32 511.503 716.246 5 5.04484 -48.9072 -179.928
33 511.922 716.518 5 4.5463 -49.0812 -177.67
34 512.342 716.79 5 4.04813 -47.7633 162.195
35 512.761 717.063 5 3.55047 -46.2908 137.007
36 513.18 717.335 5 3.05357 -40.2301 158.471
37 513.6 717.607 5 2.55788 -42.0207 109.696
38 514.019 717.88 5 2.06428 -40.7421 90.9605
39 514.438 718.152 5 1.57471 -44.0742 12.8018
40 509.134 715.303 5 7.53271 -49.79 157.776
41 509.553 715.576 5 7.03279 -58.8201 23.3989
42 509.973 715.848 5 6.53289 -48.1063 149.094
43 510.392 716.12 5 6.033 -55.0263 156.783
44 510.811 716.393 5 5.53314 -51.2786 154.876
45 511.231 716.665 5 5.0333 -49.0456 142.061
46 511.65 716.937 5 4.53349 -47.6928 155.056
47 512.069 717.21 5 4.03374 -46.0959 -175.779
48 512.489 717.482 5 3.53405 -49.047 -166.42
49 512.908 717.754 5 3.03447 -45.5457 158.176
50 513.327 718.027 5 2.53505 -48.5662 154.648
51 513.747 718.299 5 2.03592 -43.5362 160.822
52 514.166 718.571 5 1.53735 -48.113 119.113
53 508.862 715.723 5 7.55814 -53.6252 173.889
54 509.281 715.995 5 7.06002 -66.4603 16.3211
55 509.7 716.267 5 6.56219 -56.4567 -26.7571
56 510.12 716.54 5 6.06472 -57.7872 43.6801
57 510.539 716.812 5 5.56771 -57.7547 30.4359
58 510.958 717.084 5 5.07127 -53.9494 -71.4985
59 511.378 717.357 5 4.57562 -48.8974 7.77351
60 511.797 717.629 5 4.08103 -51.7442 45.2076
61 512.216 717.901 5 3.58793 -57.3973 -41.3924
62 512.636 718.174 5 3.09705 -67.9142 -97.3366
63 513.055 718.446 5 2.60964 -63.2676 100.449
64 513.474 718.718 5 2.12807 -61.9959 2.62158
65 513.894 718.991 5 1.65746 -53.2723 -178.328
66 508.589 716.142 5 7.61637 -50.9613 142.35
67 509.009 716.414 5 7.12233 -58.1029 177.833
68 509.428 716.687 5 6.62919 -61.044 7.44865
69 509.847 716.959 5 6.13715 -62.5966 65.5302
70 510.267 717.231 5 5.64651 -55.8625 49.1383
71 510.686 717.504 5 5.15767 -50.245 154.701
72 511.105 717.776 5 4.67119 -54.6203 -121.269
73 511.525 718.048 5 4.1879 -59.9921 -176.062
74 511.944 718.321 5 3.70904 -58.2341 166.484
75 512.363 718.593 5 3.23658 -57.5289 35.781
76 512.783 718.865 5 2.77379 -62.271 -124.592
77 513.202 719.138 5 2.32646 -56.5867 -61.6008
78 513.621 719.41 5 1.90549 -69.2643 28.7825
79 510.414 717.923 5 5.29011 -51.4724 -39.313
80 510.833 718.195 5 4.81703 -61.0425 -87.8249
81 511.672 718.74 5 3.89111 -53.1921 -171.409
82 512.091 719.012 5 3.44372 -56.9651 -11.5308
83 512.51 719.285 5 3.01291 -66.6211 59.0184
84 512.93 719.557 5 2.60694 -64.3233 -72.1128
85 513.349 719.829 5 2.23933 -64.4168 45.0557
86 510.141 718.342 5 5.46525 -66.8598 67.679
87 510.561 718.615 5 5.00874 -62.3949 -165.63
88 511.399 719.159 5 4.12607 -56.7632 164.245
89 511.819 719.432 5 3.70714 -69.244 70.7483
90 512.238 719.704 5 3.3108 -59.8447 163.552
91 512.657 719.976 5 2.94616 -84.145 -36.0088
92 513.077 720.249 5 2.62647 -73.9487 -156.53
93 509.869 718.762 5 5.67915 -62.5115 -19.5629
94 510.288 719.034 5 5.2413 -63.4636 -19.0567
95 511.127 719.579 5 4.40547 -66.4957 110.142
96 511.546 719.851 5 4.0158 -68.1441 143.903
97 511.966 720.123 5 3.6531 -71.2691 53.0896
98 512.385 720.396 5 3.3262 -68.8803 113.911
99 512.804 720.668 5 3.04665 -86.3074 -80.724
100 509.597 719.181 5 5.9276 -64.5569 136.357
101 510.016 719.453 5 5.50953 -77.4422 117.99
102 509.324 719.6 5 6.20646 -71.8934 -109.361
103 509.744 719.873 5 5.8085 -77.5633 -47.719
104 509.052 720.02 5 6.51183 -72.6994 -98.7523
105 509.471 720.292 5 6.13371 -69.1353 36.6597
