1 509.951 714.045 5 6.87864 -76.6909 124.507
2 510.37 714.318 5 6.37991 -68.4791 16.4156
3 510.79 714.59 5 5.8814 -69.3144 -79.6722
4 511.209 714.862 5 5.38316 -70.6815 -134.349
5 511.628 715.135 5 4.88528 -69.6117 -17.6992
6 512.048 715.407 5 4.38788 -81.0039 -43.3005
7 512.467 715.679 5 3.89115 -69.8168 -68.9697
8 512.886 715.952 5 3.39538 -69.7875 61.3981
9 513.306 716.224 5 2.90106 -65.8142 -115.786
10 513.725 716.496 5 2.40909 -67.4595 -80.9187
11 514.144 716.769 5 1.92126 -72.3868 92.5494
12 514.564 717.041 5 1.4418 -73.1397 -23.1458
13 514.983 717.313 5 0.983025 -71.1329 82.1137
14 509.679 714.465 5 6.93091 -69.8785 46.2862
15 510.098 714.737 5 6.43623 -84.4153 -164.58
16 510.517 715.009 5 5.94244 -81.8734 85.1816
17 510.937 715.282 5 5.44978 -78.5151 94.5197
18 511.356 715.554 5 4.9586 -73.692 26.2359
19 511.775 715.826 5 4.46936 -71.7031 44.4921
20 512.195 716.099 5 3.98281 -69.0477 -10.2531
21 512.614 716.371 5 3.50004 -66.7672 -12.2676
22 513.033 716.643 5 3.02289 -78.5658 -157.434
23 513.453 716.916 5 2.55449 -66.9275 -143.884
24 513.872 717.188 5 2.1007 -67.3442 -145.297
25 514.291 717.46 5 1.67347 -65.005 138.568
26 514.711 717.733 5 1.29925 -62.1 43.5651
27 509.406 714.884 5 7.01849 -63.7715 -127.321
28 509.826 715.156 5 6.53045 -63.2766 -172.29
29 510.245 715.429 5 6.04436 -69.5951 -172.232
30 510.664 715.701 5 5.56074 -68.1699 163.543
31 511.084 715.973 5 5.08029 -74.0436 -129.69
32 511.503 716.246 5 4.60401 -71.887 -170.623
33 511.922 716.518 5 4.13334 -73.8632 -166.868
34 512.342 716.79 5 3.67043 -62.9319 -93.1615
35 512.761 717.063 5 3.21863 -57.1448 -102.068
36 513.18 717.335 5 2.78337 -58.7656 -173.325
37 513.6 717.607 5 2.37375 -58.706 -173.325
38 514.019 717.88 5 2.00555 -62.0579 169.214
39 514.438 718.152 5 1.70581 -56.9225 47.1305
40 509.134 715.303 5 7.14009 -65.6795 134.436
41 509.553 715.576 5 6.66097 -62.5085 119.652
42 509.973 715.848 5 6.18514 -63.4698 144.117
43 510.392 716.12 5 5.71345 -62.7587 100.757
44 510.811 716.393 5 5.24701 -60.3322 92.6401
45 511.231 716.665 5 4.78734 -70.9347 177.113
46 511.65 716.937 5 4.33661 -69.2252 36.1722
47 512.069 717.21 5 3.89792 -73.1766 100.874
48 512.489 717.482 5 3.47582 -65.1217 146.663
49 512.908 717.754 5 3.07715 -61.264 121.628
50 513.327 718.027 5 2.71227 -63.8153 2.97786
51 513.747 718.299 5 2.39665 -55.941 175.33
52 514.166 718.571 5 2.15209 -65.6554 -37.9804
53 508.862 715.723 5 7.29401 -68.9158 -33.1983
54 509.281 715.995 5 6.8257 -78.0415 21.2449
55 509.7 716.267 5 6.36221 -76.0962 68.5215
56 510.12 716.54 5 5.90468 -70.3472 44.8518
57 510.539 716.812 5 5.45461 -68.9003 -18.9955
58 510.958 717.084 5 5.01402 -67.3277 -25.4491
59 511.378 717.357 5 4.58562 -64.1782 -37.6529
60 511.797 717.629 5 4.17318 -69.5952 140.272
61 512.216 717.901 5 3.78193 -62.4293 24.9974
62 512.636 718.174 5 3.41915 -77.1772 53.5889
63 513.055 718.446 5 3.09485 -62.9226 -52.3983
64 513.474 718.718 5 2.82235 -60.0403 -166.02
65 513.894 718.991 5 2.61786 -61.1707 72.2215
66 508.589 716.142 5 7.47826 -76.374 -54.5083
67 509.009 716.414 5 7.02224 -64.8231 -162.378
68 509.428 716.687 5 6.57263 -73.3779 100.28
69 509.847 716.959 5 6.13082 -67.6596 63.7356
70 510.267 717.231 5 5.69864 -67.2841 -30.0566
71 510.686 717.504 5 5.27845 -63.8526 -162.596
72 511.105 717.776 5 4.87336 -60.3867 43.0038
73 511.525 718.048 5 4.48745 -73.2873 -103.299
74 511.944 718.321 5 4.1261 -65.0729 -122.584
75 512.363 718.593 5 3.79635 -63.5796 69.8849
76 512.783 718.865 5 3.50711 -69.3907 -39.4092
77 513.202 719.138 5 3.26916 -66.7373 -6.83211
78 513.621 719.41 5 3.09434 -70.987 21.7396
79 510.414 717.923 5 5.57528 -72.5849 -159.096
80 510.833 718.195 5 5.19339 -74.2855 -133.748
81 511.672 718.74 5 4.49961 -67.2727 175.384
82 512.091 719.012 5 4.19929 -62.7957 67.9709
83 512.51 719.285 5 3.93974 -80.6738 -173.549
84 512.93 719.557 5 3.72949 -61.3309 108.167
85 513.349 719.829 5 3.57724 -63.0825 60.7112
86 510.141 718.342 5 5.89962 -70.3309 107.486
87 510.561 718.615 5 5.54013 -72.8833 27.4715
88 511.399 719.159 5 4.89573 -62.0656 -124.846
89 511.819 719.432 5 4.62122 -75.5572 44.0302
90 512.238 719.704 5 4.38671 -66.017 4.60292
91 512.657 719.976 5 4.19891 -67.2353 -169.792
92 513.077 720.249 5 4.06428 -60.9726 65.1297
93 509.869 718.762 5 6.24718 -75.5054 136.29
94 510.288 719.034 5 5.90887 -80.5671 165.986
95 511.127 719.579 5 5.30941 -63.458 177.535
96 511.546 719.851 5 5.05741 -76.5639 -108.938
97 511.966 720.123 5 4.84407 -63.4609 110.038
98 512.385 720.396 5 4.67467 -64.3804 -131.99
99 512.804 720.668 5 4.55413 -75.4898 72.5495
100 509.597 719.181 5 6.6143 -86.823 -91.9644
101 510.016 719.453 5 6.29575 -92.3725 -36.6732
102 509.324 719.6 5 6.9979 -99.6599 87.8092
103 509.744 719.873 5 6.69763 -85.1097 110.896
104 509.052 720.02 5 7.39543 -85.5974 -73.7343
105 509.471 720.292 5 7.11196 -90.7673 -147.693
