1 505.473 717.831 5 10.4997 -98.4605 -3.06484
2 505.747 717.412 5 10.2168 -88.6096 -101.456
3 506.02 716.994 5 9.95096 -90.1729 -126.461
4 506.294 716.575 5 9.70362 -100.541 -173.233
5 506.567 716.157 5 9.47622 -96.05 -167.737
6 505.891 718.104 5 10.0974 -96.4684 9.67449
7 506.165 717.686 5 9.80282 -89.1999 -118.548
8 506.439 717.267 5 9.52543 -108.502 129.247
9 506.712 716.849 5 9.26673 -88.7072 38.2883
10 506.986 716.43 5 9.02834 -98.1769 123.143
11 506.31 718.378 5 9.70407 -103.84 24.2223
12 506.584 717.96 5 9.3972 -123.407 139.294
13 506.857 717.541 5 9.10747 -96.9872 74.31
14 507.131 717.123 5 8.83654 -99.417 -92.5955
15 507.404 716.704 5 8.58621 -100.535 41.4624
16 506.728 718.652 5 9.321 -100.905 133.233
17 507.002 718.233 5 9.00109 -100.574 64.1436
18 507.276 717.815 5 8.69817 -102.092 142.735
19 507.549 717.396 5 8.41408 -105.941 1.74608
20 507.823 716.978 5 8.15078 -93.2254 -33.8613
21 507.147 718.925 5 8.94948 -104.944 59.1604
22 507.421 718.507 5 8.61579 -109.121 16.8332
23 507.694 718.088 5 8.29881 -105.92 -10.3065
24 507.968 717.67 5 8.00055 -103.733 44.4528
25 508.241 717.251 5 7.72317 -90.5145 -161.243
26 507.565 719.199 5 8.59101 -112.017 -157.297
27 507.839 718.78 5 8.24281 -103.581 86.9458
28 508.113 718.362 5 7.91091 -104.626 -86.0186
29 508.386 717.943 5 7.59743 -109.308 -128.549
30 508.66 717.525 5 7.30476 -107.288 47.6344
31 507.984 719.472 5 8.24728 -106.598 -153.8
32 508.258 719.054 5 7.88391 -128.486 -162.958
33 508.531 718.635 5 7.53622 -113.537 70.4451
34 508.805 718.217 5 7.20647 -104.736 153.321
35 509.078 717.798 5 6.89723 -105.804 -109.635
36 508.402 719.746 5 7.92021 -101.723 126.681
37 508.676 719.328 5 7.54111 -108.958 -108.313
38 508.95 718.909 5 7.17682 -117.649 -122.646
39 509.223 718.491 5 6.82974 -122.633 -11.001
40 509.497 718.072 5 6.50261 -115.833 -145.376
