1 509.951 714.045 5 12.7252 -116.319 20.4534
2 510.37 714.318 5 12.2374 -117.528 70.1207
3 510.79 714.59 5 11.7506 -111.947 -20.5769
4 511.209 714.862 5 11.265 -115.541 -63.672
5 511.628 715.135 5 10.7807 -104.871 -37.9082
6 512.048 715.407 5 10.2979 -114.969 -16.4259
7 512.467 715.679 5 9.81679 -111.783 -62.6322
8 512.886 715.952 5 9.33769 -99.5598 22.0232
9 513.306 716.224 5 8.8609 -97.5106 -52.0056
10 513.725 716.496 5 8.38681 -117.58 -80.4084
11 514.144 716.769 5 7.91591 -100.746 -41.2995
12 514.564 717.041 5 7.4488 -250 0
13 514.983 717.313 5 6.98625 -250 0
14 509.679 714.465 5 12.627 -121.29 0.504692
15 510.098 714.737 5 12.1353 -130.705 41.4941
16 510.517 715.009 5 11.6442 -120.373 -11.0862
17 510.937 715.282 5 11.154 -139.605 127.169
18 511.356 715.554 5 10.6646 -131.45 2.36838
19 511.775 715.826 5 10.1763 -116.735 62.7101
20 512.195 716.099 5 9.68919 -119.027 85.621
21 512.614 716.371 5 9.20345 -111.764 171.971
22 513.033 716.643 5 8.71932 -128.838 42.6026
23 513.453 716.916 5 8.23709 -103.74 -7.52243
24 513.872 717.188 5 7.7571 -109.423 85.1627
25 514.291 717.46 5 7.27981 -100.398 147.926
26 514.711 717.733 5 6.80579 -91.2805 -6.27262
27 509.406 714.884 5 12.548 -101.929 2.21538
28 509.826 715.156 5 12.0531 -111.053 -9.20005
29 510.245 715.429 5 11.5585 -108.036 -18.6305
30 510.664 715.701 5 11.0645 -109.541 -37.3831
31 511.084 715.973 5 10.571 -107.759 -54.9871
32 511.503 716.246 5 10.0781 -105.248 -61.6553
33 511.922 716.518 5 9.586 -108.331 -82.4365
34 512.342 716.79 5 9.09475 -113.282 -57.4928
35 512.761 717.063 5 8.60451 -100.765 156.321
36 513.18 717.335 5 8.11545 -103.885 -128.699
37 513.6 717.607 5 7.62782 -111.5 123.687
38 514.019 717.88 5 7.1419 -114.248 -179.745
39 514.438 718.152 5 6.65806 -96.25 25.3432
40 509.134 715.303 5 12.4886 -116.833 -148.246
41 509.553 715.576 5 11.9911 -112.911 160.046
42 509.973 715.848 5 11.4939 -98.4178 137.975
43 510.392 716.12 5 10.997 -106.67 38.6374
44 510.811 716.393 5 10.5003 -109.713 114.522
45 511.231 716.665 5 10.004 -110.758 101.695
46 511.65 716.937 5 9.50802 -114.292 9.52706
47 512.069 717.21 5 9.01252 -110.176 -137.136
48 512.489 717.482 5 8.51754 -105.538 111.868
49 512.908 717.754 5 8.02319 -109.621 99.2353
50 513.327 718.027 5 7.52958 -108.072 60.0065
51 513.747 718.299 5 7.03688 -96.5959 -19.3918
52 514.166 718.571 5 6.54528 -95.446 46.0883
53 508.862 715.723 5 12.4489 -116.885 106.255
54 509.281 715.995 5 11.9498 -111.044 -76.2311
55 509.7 716.267 5 11.4508 -110.763 166.567
56 510.12 716.54 5 10.9519 -103.684 38.7447
57 510.539 716.812 5 10.4531 -96.8338 121.109
58 510.958 717.084 5 9.95441 -110.946 2.77471
59 511.378 717.357 5 9.45587 -112.1 15.5616
60 511.797 717.629 5 8.95748 -115.289 -64.2015
61 512.216 717.901 5 8.45929 -104.362 124.939
62 512.636 718.174 5 7.96132 -97.1519 6.44178
63 513.055 718.446 5 7.46362 -94.872 59.6708
64 513.474 718.718 5 6.96625 -110.293 167.054
65 513.894 718.991 5 6.46929 -104.274 -101.676
66 508.589 716.142 5 12.4292 -106.507 -92.849
67 509.009 716.414 5 11.9293 -115.331 -136.104
68 509.428 716.687 5 11.4294 -104.829 136.556
69 509.847 716.959 5 10.9296 -110.874 105.509
70 510.267 717.231 5 10.4297 -110.827 105.524
71 510.686 717.504 5 9.92982 -113.997 -1.34717
72 511.105 717.776 5 9.42997 -98.4427 154.783
73 511.525 718.048 5 8.93014 -100.549 30.0451
74 511.944 718.321 5 8.43033 -99.3447 116.861
75 512.363 718.593 5 7.93055 -95.0044 -47.1612
76 512.783 718.865 5 7.43079 -107.449 -28.5592
77 513.202 719.138 5 6.93107 -109.746 106.42
78 513.621 719.41 5 6.43139 -112.731 160.307
79 510.414 717.923 5 9.93038 -99.9723 32.3528
80 510.833 718.195 5 9.43056 -98.4866 135.614
81 511.672 718.74 5 8.43099 -108.418 -12.2778
82 512.091 719.012 5 7.93124 -114.41 64.3019
83 512.51 719.285 5 7.43153 -111.542 174.188
84 512.93 719.557 5 6.93186 -115.005 -40.5317
85 513.349 719.829 5 6.43224 -107.808 47.5738
86 510.141 718.342 5 9.95607 -116.5 36.8709
87 510.561 718.615 5 9.45761 -120.953 -149.971
88 511.399 719.159 5 8.46124 -121.105 159.311
89 511.819 719.432 5 7.96339 -107.666 -6.78137
90 512.238 719.704 5 7.46583 -104.339 80.5199
91 512.657 719.976 5 6.96862 -108.218 123.908
92 513.077 720.249 5 6.47184 -114.581 -100.326
93 509.869 718.762 5 10.0067 -127.667 167.638
94 510.288 719.034 5 9.51091 -120.851 -8.74629
95 511.127 719.579 5 8.52077 -116.508 -111.844
96 511.546 719.851 5 8.02662 -151.356 7.30773
97 511.966 720.123 5 7.53324 -132.316 158.057
98 512.385 720.396 5 7.04079 -125.679 29.1414
99 512.804 720.668 5 6.54948 -250 0
100 509.597 719.181 5 10.0819 -115.78 36.6547
101 510.016 719.453 5 9.59002 -130.886 152.98
102 509.324 719.6 5 10.1812 -141.164 11.3867
103 509.744 719.873 5 9.6943 -139.425 100.816
104 509.052 720.02 5 10.3038 -135.189 -3.82406
105 509.471 720.292 5 9.82295 -135.473 140.612
