1 509.951 714.045 5 13.1929 -116.977 -140.75
2 510.37 714.318 5 12.7408 -112.366 165.161
3 510.79 714.59 5 12.2924 -115.116 -116.998
4 511.209 714.862 5 11.8481 -124.433 -157.562
5 511.628 715.135 5 11.4084 -114.497 -135.395
6 512.048 715.407 5 10.9738 -116.543 85.1432
7 512.467 715.679 5 10.5451 -119.398 118.9
8 512.886 715.952 5 10.1229 -112.617 -77.5046
9 513.306 716.224 5 9.70816 -111.936 101.848
10 513.725 716.496 5 9.30175 -103.162 -143.976
11 514.144 716.769 5 8.90488 -109.839 24.6697
12 514.564 717.041 5 8.51888 -250 0
13 514.983 717.313 5 8.14529 -250 0
14 509.679 714.465 5 12.9911 -114.875 -170.699
15 510.098 714.737 5 12.5317 -123.829 171.768
16 510.517 715.009 5 12.0755 -115.885 -101.958
17 510.937 715.282 5 11.6229 -109.432 89.2077
18 511.356 715.554 5 11.1743 -110.939 119.043
19 511.775 715.826 5 10.7303 -120.746 74.8597
20 512.195 716.099 5 10.2915 -122.45 -77.291
21 512.614 716.371 5 9.85844 -111.679 153.327
22 513.033 716.643 5 9.43203 -115.61 89.7232
23 513.453 716.916 5 9.01319 -114.714 91.8514
24 513.872 717.188 5 8.60302 -121.891 -30.1695
25 514.291 717.46 5 8.20282 -105.198 -112.385
26 514.711 717.733 5 7.81413 -134.522 57.7387
27 509.406 714.884 5 12.8056 -102.109 121.614
28 509.826 715.156 5 12.3393 -112.998 93.1015
29 510.245 715.429 5 11.8757 -120.616 -170.744
30 510.664 715.701 5 11.4152 -111.04 123.823
31 511.084 715.973 5 10.9581 -111.908 -130.904
32 511.503 716.246 5 10.505 -111.643 -58.753
33 511.922 716.518 5 10.0563 -116.264 -128.638
34 512.342 716.79 5 9.61269 -116.86 -144.75
35 512.761 717.063 5 9.17486 -117.328 148.719
36 513.18 717.335 5 8.74371 -117.85 11.4367
37 513.6 717.607 5 8.32026 -112.242 -143.561
38 514.019 717.88 5 7.90577 -132.786 -21.7643
39 514.438 718.152 5 7.5017 -132.074 -141.58
40 509.134 715.303 5 12.6372 -105.154 157.236
41 509.553 715.576 5 12.1644 -108.456 -14.6729
42 509.973 715.848 5 11.6939 -114.801 -8.62289
43 510.392 716.12 5 11.2259 -112.004 51.857
44 510.811 716.393 5 10.7608 -116.314 -116.087
45 511.231 716.665 5 10.299 -106.365 -11.3817
46 511.65 716.937 5 9.84095 -104.276 104.029
47 512.069 717.21 5 9.38715 -108.682 65.5838
48 512.489 717.482 5 8.93829 -110.938 85.1559
49 512.908 717.754 5 8.49514 -110.919 155.384
50 513.327 718.027 5 8.05864 -121.131 67.2225
51 513.747 718.299 5 7.62994 -121.927 34.7977
52 514.166 718.571 5 7.21044 -134.997 -27.6056
53 508.862 715.723 5 12.4865 -106.142 63.662
54 509.281 715.995 5 12.0078 -121.279 69.9859
55 509.7 716.267 5 11.5309 -110.051 -126.193
56 510.12 716.54 5 11.056 -113.068 -137.38
57 510.539 716.812 5 10.5835 -105.326 169.074
58 510.958 717.084 5 10.1136 -110.284 127.482
59 511.378 717.357 5 9.64672 -106.898 23.786
60 511.797 717.629 5 9.18333 -101.107 108.948
61 512.216 717.901 5 8.72398 -118.48 -142.749
62 512.636 718.174 5 8.26936 -118.956 148.687
63 513.055 718.446 5 7.82027 -117.939 58.7393
64 513.474 718.718 5 7.37773 -128.059 96.5298
65 513.894 718.991 5 6.943 -129.457 127.998
66 508.589 716.142 5 12.3543 -114.843 -172.685
67 509.009 716.414 5 11.8702 -127.708 127.969
68 509.428 716.687 5 11.3876 -118.043 -118.619
69 509.847 716.959 5 10.9065 -106.825 73.3345
70 510.267 717.231 5 10.4271 -116.656 18.5328
71 510.686 717.504 5 9.94986 -102.565 -74.5794
72 511.105 717.776 5 9.47492 -107.93 67.8713
73 511.525 718.048 5 9.00269 -116.801 -159.595
74 511.944 718.321 5 8.53363 -110.694 -70.6301
75 512.363 718.593 5 8.06828 -92.867 -133.701
76 512.783 718.865 5 7.60733 -117.955 -43.652
77 513.202 719.138 5 7.15163 -153.32 -129.393
78 513.621 719.41 5 6.70225 -135.633 82.5193
79 510.414 717.923 5 9.80891 -106.614 -4.60955
80 510.833 718.195 5 9.32679 -115.264 71.0783
81 511.672 718.74 5 8.36885 -116.849 -4.04328
82 512.091 719.012 5 7.8938 -109.888 30.4394
83 512.51 719.285 5 7.42202 -128.747 85.8435
84 512.93 719.557 5 6.95419 -102.825 70.0275
85 513.349 719.829 5 6.49116 -130.367 48.0007
86 510.141 718.342 5 9.69173 -141.867 45.6291
87 510.561 718.615 5 9.20347 -116.566 129.563
88 511.399 719.159 5 8.2312 -126.769 -22.4962
89 511.819 719.432 5 7.74771 -109.379 84.1639
90 512.238 719.704 5 7.26645 -107.338 164.473
91 512.657 719.976 5 6.78791 -103.142 178.848
92 513.077 720.249 5 6.31269 -100.621 -138.848
93 509.869 718.762 5 9.59919 -113.568 102.287
94 510.288 719.034 5 9.10598 -114.292 18.9137
95 511.127 719.579 5 8.12204 -113.945 -28.2155
96 511.546 719.851 5 7.63164 -250 0
97 511.966 720.123 5 7.14257 -115.848 -43.017
98 512.385 720.396 5 6.65512 -111.077 -110.088
99 512.804 720.668 5 6.16968 -250 0
100 509.597 719.181 5 9.53202 -110.563 93.6931
101 510.016 719.453 5 9.03514 -114.181 40.0975
102 509.324 719.6 5 9.49075 -109.284 121.832
103 509.744 719.873 5 8.99159 -110.316 -166.986
104 509.052 720.02 5 9.47572 -98.0093 152.711
105 509.471 720.292 5 8.97572 -116.351 74.7108
