1 509.951 714.045 5 12.8269 -75.3637 65.0434
2 510.37 714.318 5 12.3272 -67.7266 121.039
3 510.79 714.59 5 11.8276 -65.7611 36.4782
4 511.209 714.862 5 11.328 -62.6628 -4.73941
5 511.628 715.135 5 10.8284 -67.7235 59.2224
6 512.048 715.407 5 10.3288 -63.7173 0.419635
7 512.467 715.679 5 9.82935 -68.1205 -88.865
8 512.886 715.952 5 9.32991 -72.8405 -176.358
9 513.306 716.224 5 8.83054 -69.8669 33.3085
10 513.725 716.496 5 8.33124 -74.672 117.274
11 514.144 716.769 5 7.83204 -79.5674 -63.9766
12 514.564 717.041 5 7.33294 -250 0
13 514.983 717.313 5 6.83397 -250 0
14 509.679 714.465 5 12.8543 -71.3213 17.258
15 510.098 714.737 5 12.3558 -66.649 9.54148
16 510.517 715.009 5 11.8573 -75.8148 -26.9397
17 510.937 715.282 5 11.359 -67.0927 -7.86781
18 511.356 715.554 5 10.8609 -71.1549 -82.3303
19 511.775 715.826 5 10.3629 -62.6778 -79.9582
20 512.195 716.099 5 9.86514 -73.5817 174.66
21 512.614 716.371 5 9.36761 -63.9182 -59.0991
22 513.033 716.643 5 8.87036 -68.8451 -123.894
23 513.453 716.916 5 8.37344 -65.7727 156.3
24 513.872 717.188 5 7.87691 -71.0167 -22.6998
25 514.291 717.46 5 7.38085 -75.1654 -117.806
26 514.711 717.733 5 6.88535 -74.5324 41.6368
27 509.406 714.884 5 12.9011 -83.9561 -92.8685
28 509.826 715.156 5 12.4044 -73.4069 64.132
29 510.245 715.429 5 11.908 -72.6336 126.59
30 510.664 715.701 5 11.4119 -80.462 107.798
31 511.084 715.973 5 10.9162 -73.1361 93.8897
32 511.503 716.246 5 10.4209 -68.8932 90.1901
33 511.922 716.518 5 9.92602 -67.2425 75.9665
34 512.342 716.79 5 9.43171 -68.3924 78.3452
35 512.761 717.063 5 8.93802 -66.1722 89.5022
36 513.18 717.335 5 8.44509 -59.9235 67.5174
37 513.6 717.607 5 7.95303 -60.9797 140.771
38 514.019 717.88 5 7.46203 -72.5778 104.807
39 514.438 718.152 5 6.97231 -65.3482 -75.4419
40 509.134 715.303 5 12.967 -68.4293 -55.137
41 509.553 715.576 5 12.473 -70.8623 -75.2558
42 509.973 715.848 5 11.9794 -77.0993 -63.8372
43 510.392 716.12 5 11.4864 -73.7221 -112.023
44 510.811 716.393 5 10.994 -72.0325 -109.686
45 511.231 716.665 5 10.5024 -66.6517 -152.971
46 511.65 716.937 5 10.0115 -69.6156 163.22
47 512.069 717.21 5 9.52166 -64.5257 115.217
48 512.489 717.482 5 9.0329 -61.9036 60.9956
49 512.908 717.754 5 8.54543 -67.9466 39.3407
50 513.327 718.027 5 8.0595 -65.7956 1.57827
51 513.747 718.299 5 7.57541 -63.0408 -57.0853
52 514.166 718.571 5 7.09352 -59.1183 -83.3874
53 508.862 715.723 5 13.0518 -69.86 110.467
54 509.281 715.995 5 12.561 -72.7688 -1.15425
55 509.7 716.267 5 12.0711 -89.2346 51.9622
56 510.12 716.54 5 11.582 -70.5839 22.0829
57 510.539 716.812 5 11.0938 -64.2047 -118.302
58 510.958 717.084 5 10.6068 -59.8251 -117.942
59 511.378 717.357 5 10.1211 -60.6699 -146.978
60 511.797 717.629 5 9.63675 -61.9909 128.792
61 512.216 717.901 5 9.15413 -60.037 73.9168
62 512.636 718.174 5 8.67349 -61.1215 83.6869
63 513.055 718.446 5 8.19515 -68.5862 102.134
64 513.474 718.718 5 7.71957 -67.4698 50.0458
65 513.894 718.991 5 7.24727 -72.7172 21.5414
66 508.589 716.142 5 13.155 -67.2151 10.8908
67 509.009 716.414 5 12.6683 -61.4302 5.36824
68 509.428 716.687 5 12.1826 -63.7482 37.7153
69 509.847 716.959 5 11.6982 -74.0552 10.4145
70 510.267 717.231 5 11.2151 -70.4772 -92.6794
71 510.686 717.504 5 10.7336 -63.7089 -103.927
72 511.105 717.776 5 10.2538 -60.4297 -126.303
73 511.525 718.048 5 9.77609 -66.8557 -133.565
74 511.944 718.321 5 9.3007 -70.9084 -128.033
75 512.363 718.593 5 8.82804 -68.4298 86.6091
76 512.783 718.865 5 8.35856 -75.0871 -168.707
77 513.202 719.138 5 7.89282 -75.6376 165.418
78 513.621 719.41 5 7.43154 -87.9639 139.672
79 510.414 717.923 5 10.8818 -78.2366 -6.46668
80 510.833 718.195 5 10.4089 -76.4081 -141.489
81 511.672 718.74 5 9.47143 -69.8327 -122.543
82 512.091 719.012 5 9.00773 -80.2454 -114.333
83 512.51 719.285 5 8.54812 -79.8399 -48.5354
84 512.93 719.557 5 8.09331 -98.3015 108.606
85 513.349 719.829 5 7.64413 -88.5682 110.753
86 510.141 718.342 5 11.0508 -87.59 151.324
87 510.561 718.615 5 10.5854 -86.495 -115.301
88 511.399 719.159 5 9.66504 -83.5313 -9.97473
89 511.819 719.432 5 9.21109 -77.7562 129.824
90 512.238 719.704 5 8.76215 -89.3366 -80.1349
91 512.657 719.976 5 8.31905 -93.9895 -97.4962
92 513.077 720.249 5 7.88275 -97.5668 170.526
93 509.869 718.762 5 11.2394 -84.9318 -35.704
94 510.288 719.034 5 10.7822 -90.661 25.061
95 511.127 719.579 5 9.88018 -86.0734 179.923
96 511.546 719.851 5 9.43658 -92.1954 -42.6133
97 511.966 720.123 5 8.99891 -92.0044 51.1023
98 512.385 720.396 5 8.56805 -82.2415 149.597
99 512.804 720.668 5 8.1451 -97.2229 34.9315
100 509.597 719.181 5 11.4468 -109.107 -14.3501
101 510.016 719.453 5 10.9982 -106.656 -33.8091
102 509.324 719.6 5 11.6719 -111.399 109.416
103 509.744 719.873 5 11.2323 -100.213 101.13
104 509.052 720.02 5 11.9138 -111.269 -106.515
105 509.471 720.292 5 11.4835 -104.277 -123.974
