1 505.473 717.831 5 14.339 -117.174 -54.255
2 505.747 717.412 5 14.192 -121.89 129.253
3 506.02 716.994 5 14.0612 -105.312 -40.9
4 506.294 716.575 5 13.9472 -108.171 123.017
5 506.567 716.157 5 13.8502 -131.09 8.38843
6 505.891 718.104 5 13.8645 -117.27 -152.416
7 506.165 717.686 5 13.7124 -131.788 -10.4077
8 506.439 717.267 5 13.577 -107.705 179.199
9 506.712 716.849 5 13.4589 -123.015 -83.4484
10 506.986 716.43 5 13.3584 -126.052 -132.411
11 506.31 718.378 5 13.3919 -125.325 -98.3002
12 506.584 717.96 5 13.2343 -116.595 -137.266
13 506.857 717.541 5 13.094 -125.541 112.677
14 507.131 717.123 5 12.9714 -125.01 -1.64937
15 507.404 716.704 5 12.8672 -122.163 95.7745
16 506.728 718.652 5 12.9213 -123.212 -0.124894
17 507.002 718.233 5 12.7579 -123.331 90.0763
18 507.276 717.815 5 12.6123 -123.115 -1.0777
19 507.549 717.396 5 12.485 -118.655 -159.881
20 507.823 716.978 5 12.3766 -115.707 45.3026
21 507.147 718.925 5 12.453 -131.047 44.1641
22 507.421 718.507 5 12.2834 -126.236 -52.1582
23 507.694 718.088 5 12.1321 -143.394 -98.1767
24 507.968 717.67 5 11.9997 -117.656 82.0794
25 508.241 717.251 5 11.8869 -118.134 -119.712
26 507.565 719.199 5 11.9872 -123.487 161.426
27 507.839 718.78 5 11.811 -136.729 -137.216
28 508.113 718.362 5 11.6535 -122.47 113.009
29 508.386 717.943 5 11.5156 -117.891 -34.3621
30 508.66 717.525 5 11.398 -111.315 -38.0006
31 507.984 719.472 5 11.5244 -125.92 104.386
32 508.258 719.054 5 11.3409 -120.407 7.99773
33 508.531 718.635 5 11.1768 -113.816 162.401
34 508.805 718.217 5 11.033 -105.173 153.624
35 509.078 717.798 5 10.9102 -114.678 36.2432
36 508.402 719.746 5 11.0647 -113.533 58.2932
37 508.676 719.328 5 10.8735 -119.587 65.621
38 508.95 718.909 5 10.7023 -250 0
39 509.223 718.491 5 10.552 -250 0
40 509.497 718.072 5 10.4235 -250 0
