1 505.473 717.831 5 13.7075 -250 0
2 505.747 717.412 5 13.6757 -250 0
3 506.02 716.994 5 13.6622 -250 0
4 506.294 716.575 5 13.6669 -250 0
5 506.567 716.157 5 13.69 -250 0
6 505.891 718.104 5 13.2092 -250 0
7 506.165 717.686 5 13.1763 -250 0
8 506.439 717.267 5 13.1622 -250 0
9 506.712 716.849 5 13.1671 -250 0
10 506.986 716.43 5 13.191 -250 0
11 506.31 718.378 5 12.7111 -250 0
12 506.584 717.96 5 12.6768 -250 0
13 506.857 717.541 5 12.6622 -250 0
14 507.131 717.123 5 12.6674 -250 0
15 507.404 716.704 5 12.6922 -250 0
16 506.728 718.652 5 12.2131 -250 0
17 507.002 718.233 5 12.1775 -250 0
18 507.276 717.815 5 12.1622 -250 0
19 507.549 717.396 5 12.1676 -250 0
20 507.823 716.978 5 12.1934 -250 0
21 507.147 718.925 5 11.7153 -250 0
22 507.421 718.507 5 11.6781 -250 0
23 507.694 718.088 5 11.6623 -250 0
24 507.968 717.67 5 11.6678 -250 0
25 508.241 717.251 5 11.6948 -250 0
26 507.565 719.199 5 11.2177 -250 0
27 507.839 718.78 5 11.1789 -250 0
28 508.113 718.362 5 11.1623 -250 0
29 508.386 717.943 5 11.1681 -250 0
30 508.66 717.525 5 11.1963 -250 0
31 507.984 719.472 5 10.7203 -250 0
32 508.258 719.054 5 10.6797 -250 0
33 508.531 718.635 5 10.6623 -250 0
34 508.805 718.217 5 10.6684 -250 0
35 509.078 717.798 5 10.6979 -250 0
36 508.402 719.746 5 10.2232 -250 0
37 508.676 719.328 5 10.1806 -250 0
38 508.95 718.909 5 10.1624 -250 0
39 509.223 718.491 5 10.1688 -250 0
40 509.497 718.072 5 10.1997 -250 0
