1 509.951 714.045 5 13.4665 -118.367 -54.3013
2 510.37 714.318 5 13.0191 -116.741 -141.058
3 510.79 714.59 5 12.5756 -110.511 -63.132
4 511.209 714.862 5 12.1365 -122.507 -139.572
5 511.628 715.135 5 11.7023 -114.874 -25.3249
6 512.048 715.407 5 11.2736 -113.888 -49.5918
7 512.467 715.679 5 10.8509 -108.013 105.714
8 512.886 715.952 5 10.4351 -114.604 -15.2683
9 513.306 716.224 5 10.027 -116.133 176.197
10 513.725 716.496 5 9.62752 -107.158 -78.2234
11 514.144 716.769 5 9.23787 -106.939 13.5673
12 514.564 717.041 5 8.85931 -250 0
13 514.983 717.313 5 8.49331 -250 0
14 509.679 714.465 5 13.2548 -113.187 58.6892
15 510.098 714.737 5 12.7999 -129.982 -21.3955
16 510.517 715.009 5 12.3486 -115.297 -23.6417
17 510.937 715.282 5 11.9011 -107.029 159.217
18 511.356 715.554 5 11.458 -118.877 -69.4222
19 511.775 715.826 5 11.0197 -116.252 -74.1143
20 512.195 716.099 5 10.5869 -120.441 -122.527
21 512.614 716.371 5 10.1603 -125.582 122.56
22 513.033 716.643 5 9.7407 -132.425 -131.148
23 513.453 716.916 5 9.329 -116.897 147.496
24 513.872 717.188 5 8.92633 -125.784 -28.6562
25 514.291 717.46 5 8.53396 -112.294 -59.8157
26 514.711 717.733 5 8.15337 -119.8 45.0467
27 509.406 714.884 5 13.0587 -108.615 -46.8401
28 509.826 715.156 5 12.5968 -114.205 -69.5853
29 510.245 715.429 5 12.1379 -116.236 -133.407
30 510.664 715.701 5 11.6823 -126.263 -89.0566
31 511.084 715.973 5 11.2306 -116.788 -16.6617
32 511.503 716.246 5 10.7831 -122.938 -77.9399
33 511.922 716.518 5 10.3404 -141.678 -89.0068
34 512.342 716.79 5 9.9032 -106.659 -85.8914
35 512.761 717.063 5 9.47219 -116.962 129.3
36 513.18 717.335 5 9.04828 -127.129 61.3913
37 513.6 717.607 5 8.63252 -121.99 -133.961
38 514.019 717.88 5 8.22615 -116.777 -97.1441
39 514.438 718.152 5 7.83062 -133.085 -42.2244
40 509.134 715.303 5 12.8791 -103.594 -73.7327
41 509.553 715.576 5 12.4105 -111.124 -146.356
42 509.973 715.848 5 11.9444 -115.433 106.164
43 510.392 716.12 5 11.4812 -128.815 107.591
44 510.811 716.393 5 11.0212 -134.553 87.4342
45 511.231 716.665 5 10.5649 -114.188 83.428
46 511.65 716.937 5 10.1126 -105.165 -75.0397
47 512.069 717.21 5 9.66511 -102.985 147.764
48 512.489 717.482 5 9.22299 -116.162 17.0999
49 512.908 717.754 5 8.78707 -128.052 -7.49559
50 513.327 718.027 5 8.35832 -116.818 40.3041
51 513.747 718.299 5 7.93793 -121.084 76.3025
52 514.166 718.571 5 7.52726 -126.139 31.905
53 508.862 715.723 5 12.7166 -128.977 145.81
54 509.281 715.995 5 12.2418 -113.97 118.206
55 509.7 716.267 5 11.769 -112.83 -53.4098
56 510.12 716.54 5 11.2986 -112.003 149.145
57 510.539 716.812 5 10.8309 -120.416 164.776
58 510.958 717.084 5 10.3662 -100.677 -165.747
59 511.378 717.357 5 9.90487 -109.289 114.88
60 511.797 717.629 5 9.44751 -115.35 -26.542
61 512.216 717.901 5 8.9947 -104.725 -131.201
62 512.636 718.174 5 8.54714 -111.774 -154.525
63 513.055 718.446 5 8.10572 -130.633 -138.377
64 513.474 718.718 5 7.67149 -126.581 68.8698
65 513.894 718.991 5 7.24575 -128.698 170.811
66 508.589 716.142 5 12.5719 -112.456 58.6262
67 509.009 716.414 5 12.0914 -125.524 -153.036
68 509.428 716.687 5 11.6126 -115.381 -6.43974
69 509.847 716.959 5 11.1355 -111.054 114.59
70 510.267 717.231 5 10.6606 -102.132 96.5159
71 510.686 717.504 5 10.1882 -104.533 10.8225
72 511.105 717.776 5 9.71841 -112.713 -89.1148
73 511.525 718.048 5 9.25185 -106.473 30.0088
74 511.944 718.321 5 8.78895 -119.36 20.6799
75 512.363 718.593 5 8.33035 -113.146 114.591
76 512.783 718.865 5 7.87679 -121.215 27.4659
77 513.202 719.138 5 7.42919 -125.648 41.9901
78 513.621 719.41 5 6.9887 -132.248 22.2799
79 510.414 717.923 5 10.0319 -128.201 112.425
80 510.833 718.195 5 9.55451 -116.56 174.831
81 511.672 718.74 5 8.60737 -119.192 68.6136
82 512.091 719.012 5 8.13854 -104.868 97.8747
83 512.51 719.285 5 7.67365 -116.749 -125.308
84 512.93 719.557 5 7.21346 -120.774 99.7575
85 513.349 719.829 5 6.75892 -129.71 -96.3932
86 510.141 718.342 5 9.89852 -119.757 -10.7556
87 510.561 718.615 5 9.41434 -113.4 -128.748
88 511.399 719.159 5 8.4515 -128.589 43.7576
89 511.819 719.432 5 7.97352 -126.819 176.221
90 512.238 719.704 5 7.4984 -104.166 -137.486
91 512.657 719.976 5 7.02674 -131.509 -137.649
92 513.077 720.249 5 6.55928 -160.721 -39.5071
93 509.869 718.762 5 9.78886 -114.487 -121.73
94 510.288 719.034 5 9.29897 -109.883 -130.884
95 511.127 719.579 5 8.3228 -129.942 -11.3487
96 511.546 719.851 5 7.83697 -128.67 113.195
97 511.966 720.123 5 7.35304 -138.043 109.239
98 512.385 720.396 5 6.87141 -123.154 169.68
99 512.804 720.668 5 6.3926 -250 0
100 509.597 719.181 5 9.70376 -115.953 154.42
101 510.016 719.453 5 9.20935 -147.803 154.344
102 509.324 719.6 5 9.64386 -117.767 -166.757
103 509.744 719.873 5 9.14621 -103.959 -69.2049
104 509.052 720.02 5 9.60964 -97.1076 -138.732
105 509.471 720.292 5 9.11012 -113.512 29.782
