1 514.644 719.84 5 5.91871 -91.6027 -62.5753
2 514.371 720.259 5 6.16401 -86.5172 -154.991
3 514.097 720.678 5 6.43885 -81.7296 -102.155
4 513.824 721.096 5 6.73963 -82.7696 -42.3983
5 513.551 721.515 5 7.06303 -105.746 51.7542
6 513.278 721.934 5 7.4061 -100.259 -50.8175
7 513.004 722.353 5 7.76622 -89.7832 -102.102
8 512.731 722.771 5 8.14113 -87.2363 -116.925
9 512.458 723.19 5 8.52888 -127.497 132.393
10 512.185 723.609 5 8.9278 -83.538 -53.9273
11 515.063 720.113 5 5.47917 -80.9292 -40.9513
12 514.789 720.532 5 5.74327 -90.7702 -151.726
13 514.516 720.951 5 6.03729 -84.3586 20.9805
14 514.243 721.37 5 6.3571 -101.067 47.6766
15 513.97 721.788 5 6.699 -91.7715 88.535
16 513.696 722.207 5 7.05977 -90.6187 96.695
17 513.423 722.626 5 7.43668 -100.603 -139.736
18 513.15 723.045 5 7.82739 -84.123 89.6834
19 512.877 723.463 5 8.22994 -82.385 -158.225
20 512.603 723.882 5 8.64267 -80.6964 -158.238
21 515.481 720.387 5 5.05088 -84.9378 -39.2696
22 515.208 720.805 5 5.33622 -81.9708 -26.0732
23 514.935 721.224 5 5.65146 -88.0692 -18.952
24 514.662 721.643 5 5.9919 -104.797 42.561
25 514.388 722.062 5 6.35348 -97.7787 28.9986
26 514.115 722.48 5 6.7328 -92.9269 88.5668
27 513.842 722.899 5 7.12702 -86.814 9.41528
28 513.568 723.318 5 7.5338 -82.7464 57.2364
29 513.295 723.737 5 7.95123 -83.2031 103.267
30 513.022 724.155 5 8.3777 -102.289 103.661
31 515.9 720.66 5 4.63697 -82.2844 18.0016
32 515.627 721.079 5 4.94625 -85.6213 60.5987
33 515.353 721.497 5 5.28481 -94.835 163.983
34 515.08 721.916 5 5.64739 -90.6926 -118.625
35 514.807 722.335 5 6.02966 -93.4781 -87.0482
36 514.534 722.754 5 6.42812 -87.7204 -169.798
37 514.26 723.172 5 6.83992 -79.2336 -19.3212
38 513.987 723.591 5 7.2628 -81.7438 -20.7575
39 516.319 720.933 5 4.24166 -74.5818 159.24
40 516.045 721.352 5 4.57772 -91.6197 141.582
41 515.772 721.771 5 4.94159 -81.9916 -82.5717
42 515.499 722.189 5 5.32758 -84.2651 115.505
43 515.226 722.608 5 5.73123 -81.8821 126.405
44 514.952 723.027 5 6.14905 -79.9141 -171.864
45 514.679 723.446 5 6.57834 -72.6378 -158.45
46 514.406 723.864 5 7.01701 -250 0
47 516.737 721.206 5 3.87063 -82.3519 55.8591
48 516.464 721.625 5 4.23622 -93.0937 -146.867
49 516.191 722.044 5 4.62703 -98.2816 -10.322
50 515.918 722.463 5 5.03719 -78.9113 -20.5204
51 515.644 722.881 5 5.46233 -80.2047 40.6355
52 515.371 723.3 5 5.89923 -75.7665 53.474
53 515.098 723.719 5 6.34545 -74.4743 -171.772
54 514.825 724.138 5 6.79916 -250 0
55 517.156 721.48 5 3.53156 -84.9162 99.2327
56 516.883 721.898 5 3.92883 -75.5426 -173.249
57 516.61 722.317 5 4.34736 -79.5526 -135.645
58 516.336 722.736 5 4.78157 -80.0479 -85.6747
59 516.063 723.155 5 5.22754 -77.855 149.964
60 515.79 723.573 5 5.68252 -73.2186 -13.1752
61 515.517 723.992 5 6.1445 -73.4205 143.997
62 515.243 724.411 5 6.61201 -250 0
63 517.575 721.753 5 3.23451 -102.496 -124.914
64 517.302 722.172 5 3.66413 -77.9621 149.604
65 517.028 722.59 5 4.10971 -68.7812 -177.64
66 516.755 723.009 5 4.56656 -71.7371 -27.8412
67 516.482 723.428 5 5.03163 -68.7266 112.186
68 516.209 723.847 5 5.50283 -71.8491 161.776
69 515.935 724.265 5 5.97871 -79.136 175.35
70 515.662 724.684 5 6.45824 -76.3232 -139.623
71 517.994 722.026 5 2.99201 -75.3607 9.10295
72 517.72 722.445 5 3.45195 -68.5337 1.465
73 517.447 722.864 5 3.92171 -70.81 71.813
74 517.174 723.282 5 4.39814 -77.6492 46.8874
75 516.901 723.701 5 4.87929 -87.0805 5.70638
76 516.627 724.12 5 5.36389 -95.9974 -63.4469
77 516.354 724.539 5 5.85108 -91.7921 -124.638
78 516.081 724.957 5 6.34026 -97.8569 153.194
