1 509.951 714.045 5 11.954 -79.3017 162.807
2 510.37 714.318 5 11.4541 -66.8535 123.644
3 510.79 714.59 5 10.9543 -64.8784 22.9078
4 511.209 714.862 5 10.4545 -60.7398 -27.1075
5 511.628 715.135 5 9.95468 -69.2299 176.861
6 512.048 715.407 5 9.4549 -62.7434 -12.0529
7 512.467 715.679 5 8.95515 -67.8883 -111.152
8 512.886 715.952 5 8.45543 -64.4959 174.843
9 513.306 716.224 5 7.95574 -64.0148 28.8158
10 513.725 716.496 5 7.45609 -70.9968 140.664
11 514.144 716.769 5 6.9565 -73.8611 -52.3543
12 514.564 717.041 5 6.45696 -250 0
13 514.983 717.313 5 5.95751 -250 0
14 509.679 714.465 5 11.9765 -68.9789 58.7303
15 510.098 714.737 5 11.4777 -64.4386 8.24444
16 510.517 715.009 5 10.9789 -74.418 -102.136
17 510.937 715.282 5 10.4803 -65.8401 -20.6409
18 511.356 715.554 5 9.98174 -68.3256 -92.4047
19 511.775 715.826 5 9.48339 -62.2661 -91.2896
20 512.195 716.099 5 8.98522 -70.5371 147.195
21 512.614 716.371 5 8.48727 -66.5977 -9.27011
22 513.033 716.643 5 7.98958 -64.2951 -135.541
23 513.453 716.916 5 7.49219 -63.6209 154.663
24 513.872 717.188 5 6.99517 -62.4882 6.04112
25 514.291 717.46 5 6.49861 -70.2318 171.443
26 514.711 717.733 5 6.00262 -88.2884 169.915
27 509.406 714.884 5 12.0198 -82.0955 -173.384
28 509.826 715.156 5 11.5229 -73.8996 69.0786
29 510.245 715.429 5 11.0261 -81.8791 -144.985
30 510.664 715.701 5 10.5297 -79.7609 14.5708
31 511.084 715.973 5 10.0337 -74.9509 54.2272
32 511.503 716.246 5 9.53804 -70.9882 65.2747
33 511.922 716.518 5 9.04289 -67.2633 62.0549
34 512.342 716.79 5 8.54829 -69.3012 71.1162
35 512.761 717.063 5 8.05437 -70.6342 59.4019
36 513.18 717.335 5 7.56124 -58.3944 41.2296
37 513.6 717.607 5 7.06908 -60.4404 26.7951
38 514.019 717.88 5 6.5781 -72.0558 -119.626
39 514.438 718.152 5 6.08859 -64.6335 -34.8616
40 509.134 715.303 5 12.0837 -66.2803 -97.6062
41 509.553 715.576 5 11.5895 -71.8462 -96.012
42 509.973 715.848 5 11.0957 -75.0359 -174.382
43 510.392 716.12 5 10.6026 -65.873 -152.081
44 510.811 716.393 5 10.1101 -68.381 -159.831
45 511.231 716.665 5 9.61841 -62.5847 -177.489
46 511.65 716.937 5 9.12761 -65.9861 143.295
47 512.069 717.21 5 8.63787 -62.7172 93.3061
48 512.489 717.482 5 8.14938 -62.4244 23.6586
49 512.908 717.754 5 7.66237 -66.1428 -21.8875
50 513.327 718.027 5 7.17715 -81.838 122.689
51 513.747 718.299 5 6.6941 -76.7288 -51.0508
52 514.166 718.571 5 6.21373 -57.6097 -60.0514
53 508.862 715.723 5 12.1678 -84.151 78.1298
54 509.281 715.995 5 11.6771 -66.8664 24.7249
55 509.7 716.267 5 11.1873 -65.3488 -6.71308
56 510.12 716.54 5 10.6983 -69.0367 -135.044
57 510.539 716.812 5 10.2105 -61.2608 -129.14
58 510.958 717.084 5 9.72385 -59.8448 -168.124
59 511.378 717.357 5 9.23866 -61.8714 161.8
60 511.797 717.629 5 8.75513 -77.749 114.118
61 512.216 717.901 5 8.27357 -67.8176 91.1553
62 512.636 718.174 5 7.79432 -62.1514 96.1785
63 513.055 718.446 5 7.31785 -58.2974 35.4515
64 513.474 718.718 5 6.84474 -64.9915 70.2715
65 513.894 718.991 5 6.37574 -81.0888 33.4131
66 508.589 716.142 5 12.2717 -65.5962 58.7608
67 509.009 716.414 5 11.7854 -61.5281 15.6603
68 509.428 716.687 5 11.3002 -65.2452 -24.0999
69 509.847 716.959 5 10.8164 -72.3017 34.5034
70 510.267 717.231 5 10.3341 -70.7624 149.399
71 510.686 717.504 5 9.85357 -64.8942 -77.9726
72 511.105 717.776 5 9.37509 -59.3365 -157.616
73 511.525 718.048 5 8.89898 -61.1647 155.364
74 511.944 718.321 5 8.42564 -69.7196 104.698
75 512.363 718.593 5 7.95556 -65.7687 108.075
76 512.783 718.865 5 7.48936 -70.3092 -153.656
77 513.202 719.138 5 7.0278 -77.0867 160.392
78 513.621 719.41 5 6.57187 -84.2484 89.3874
79 510.414 717.923 5 10.0066 -66.6486 -123.438
80 510.833 718.195 5 9.53582 -73.2778 111.033
81 511.672 718.74 5 8.60412 -69.0894 -121.183
82 512.091 719.012 5 8.14435 -77.5121 2.8741
83 512.51 719.285 5 7.6896 -81.7442 -129.074
84 512.93 719.557 5 7.24082 -84.6775 -130.775
85 513.349 719.829 5 6.7992 -88.5198 135.683
86 510.141 718.342 5 10.1819 -75.2727 -111.509
87 510.561 718.615 5 9.71964 -79.165 -139.094
88 511.399 719.159 5 8.80741 -92.904 154.658
89 511.819 719.432 5 8.35883 -78.7678 117.525
90 512.238 719.704 5 7.91641 -84.9959 -93.1408
91 512.657 719.976 5 7.48125 -93.8423 57.7383
92 513.077 720.249 5 7.05469 -84.7741 159.635
93 509.869 718.762 5 10.3784 -77.4546 -61.3004
94 510.288 719.034 5 9.92527 -81.5137 -19.617
95 511.127 719.579 5 9.03382 -81.5076 -132.883
96 511.546 719.851 5 8.59706 -89.0639 -18.222
97 511.966 720.123 5 8.16756 -88.4115 -101.483
98 512.385 720.396 5 7.74652 -79.4268 154.695
99 512.804 720.668 5 7.3354 -97.7823 30.4165
100 509.597 719.181 5 10.5949 -106.379 154.762
101 510.016 719.453 5 10.1514 -90.1852 -110.764
102 509.324 719.6 5 10.8301 -102.705 167.845
103 509.744 719.873 5 10.3966 -96.4924 25.8004
104 509.052 720.02 5 11.0829 -97.8854 -41.5822
105 509.471 720.292 5 10.6597 -98.7202 -64.2694
