1 514.644 719.84 5 5.50753 -72.99 -164.56
2 514.371 720.259 5 5.76083 -81.132 -31.3664
3 514.097 720.678 5 6.04494 -88.4787 -147.787
4 513.824 721.096 5 6.35575 -78.3465 54.4294
5 513.551 721.515 5 6.68953 -97.6941 162.22
6 513.278 721.934 5 7.04301 -87.4278 120.69
7 513.004 722.353 5 7.41338 -84.5046 -21.6364
8 512.731 722.771 5 7.79823 -87.0995 90.5104
9 512.458 723.19 5 8.19553 -117.014 -118.965
10 512.185 723.609 5 8.60354 -91.8302 102.533
11 515.063 720.113 5 5.07247 -78.4141 154.595
12 514.789 720.532 5 5.34642 -82.1906 -3.43706
13 514.516 720.951 5 5.65141 -78.6481 108.067
14 514.243 721.37 5 5.98269 -76.2773 -175.367
15 513.97 721.788 5 6.33615 -89.0942 -11.6698
16 513.696 722.207 5 6.70828 -90.5252 -95.8541
17 513.423 722.626 5 7.09615 -99.0252 13.9551
18 513.15 723.045 5 7.4973 -94.0537 165.116
19 512.877 723.463 5 7.90972 -80.5621 83.111
20 512.603 723.882 5 8.33174 -80.8676 61.9901
21 515.481 720.387 5 4.65049 -86.597 109.667
22 515.208 720.805 5 4.94785 -99.9878 -152.327
23 514.935 721.224 5 5.27593 -88.7801 131.524
24 514.662 721.643 5 5.62936 -91.2551 -145.543
25 514.388 722.062 5 6.00366 -90.9998 -78.7922
26 514.115 722.48 5 6.39517 -87.2382 -128.483
27 513.842 722.899 5 6.80091 -88.8547 52.7078
28 513.568 723.318 5 7.21849 -79.3729 -53.828
29 513.295 723.737 5 7.64597 -80.7131 -77.4094
30 513.022 724.155 5 8.08177 -102.123 174.48
31 515.9 720.66 5 4.24548 -79.3089 174.306
32 515.627 721.079 5 4.56928 -79.6633 13.7946
33 515.353 721.497 5 4.92266 -90.7162 30.5352
34 515.08 721.916 5 5.2997 -92.3157 -30.5878
35 514.807 722.335 5 5.6957 -91.6624 -129.918
36 514.534 722.754 5 6.10698 -95.7734 -34.7715
37 514.26 723.172 5 6.53065 -80.9499 167.912
38 513.987 723.591 5 6.96446 -80.9522 121.587
39 516.319 720.933 5 3.86279 -90.5487 -27.0063
40 516.045 721.352 5 4.21609 -87.3988 5.78664
41 515.772 721.771 5 4.5967 -91.1185 168.426
42 515.499 722.189 5 4.99838 -87.8072 58.6397
43 515.226 722.608 5 5.41646 -89.7315 93.2464
44 514.952 723.027 5 5.84742 -82.7746 52.7266
45 514.679 723.446 5 6.2886 -81.3648 -53.4245
46 514.406 723.864 5 6.738 -250 0
47 516.737 721.206 5 3.50974 -81.3585 145.339
48 516.464 721.625 5 3.89518 -80.1574 -132.543
49 516.191 722.044 5 4.30426 -85.3801 -97.4491
50 515.918 722.463 5 4.73085 -85.6969 14.2799
51 515.644 722.881 5 5.1706 -73.5893 -89.7958
52 515.371 723.3 5 5.62044 -81.0501 156.006
53 515.098 723.719 5 6.07812 -87.6127 -2.48779
54 514.825 724.138 5 6.542 -250 0
55 517.156 721.48 5 3.19614 -86.6398 -133.762
56 516.883 721.898 5 3.61518 -84.9865 23.5471
57 516.61 722.317 5 4.05262 -80.4778 -37.2977
58 516.336 722.736 5 4.50311 -77.927 124.848
59 516.063 723.155 5 4.96308 -76.605 -17.6494
60 515.79 723.573 5 5.43014 -75.5079 51.9328
61 515.517 723.992 5 5.90259 -77.1312 -157.77
62 515.243 724.411 5 6.37925 -250 0
63 517.575 721.753 5 2.93469 -82.1982 -70.8967
64 517.302 722.172 5 3.38624 -81.7896 156.836
65 517.028 722.59 5 3.84978 -74.779 -53.0596
66 516.755 723.009 5 4.32146 -74.5017 90.4238
67 516.482 723.428 5 4.79888 -76.4694 -174.071
68 516.209 723.847 5 5.28048 -78.3177 -106.623
69 515.935 724.265 5 5.76521 -85.0046 53.4842
70 515.662 724.684 5 6.25235 -88.0145 105.762
71 517.994 722.026 5 2.74034 -73.7585 -64.1046
72 517.72 722.445 5 3.21926 -81.1695 145.576
73 517.447 722.864 5 3.70377 -74.0393 142.731
74 517.174 723.282 5 4.19191 -79.9077 170.669
75 516.901 723.701 5 4.68255 -100.191 -74.8872
76 516.627 724.12 5 5.17499 -89.2566 -49.6984
77 516.354 724.539 5 5.66875 -91.1265 4.78469
78 516.081 724.957 5 6.16352 -90.2586 -68.5532
