1 514.644 719.84 5 6.57791 -67.857 111.389
2 514.371 720.259 5 6.31954 -60.8923 160.188
3 514.097 720.678 5 6.09133 -53.6676 66.3296
4 513.824 721.096 5 5.89677 -60.5251 -176.076
5 513.551 721.515 5 5.7393 -44.8691 -134.701
6 513.278 721.934 5 5.62203 -49.868 -21.8752
7 513.004 722.353 5 5.54752 -67.0359 177.399
8 512.731 722.771 5 5.51748 -60.4958 142.244
9 512.458 723.19 5 5.53266 -76.6591 47.993
10 512.185 723.609 5 5.59267 -67.0659 45.8604
11 515.063 720.113 5 6.16458 -54.3776 -157.704
12 514.789 720.532 5 5.8881 -54.1686 -44.3792
13 514.516 720.951 5 5.64247 -54.2447 -92.6778
14 514.243 721.37 5 5.43186 -56.9295 104.787
15 513.97 721.788 5 5.26049 -51.7632 -87.3469
16 513.696 722.207 5 5.13229 -46.4146 -51.9807
17 513.423 722.626 5 5.05055 -61.3961 158.334
18 513.15 723.045 5 5.01754 -55.5587 129.334
19 512.877 723.463 5 5.03422 -65.053 -160.824
20 512.603 723.882 5 5.1001 -68.2358 22.7591
21 515.481 720.387 5 5.765 -49.6732 -81.954
22 515.208 720.805 5 5.46835 -54.3562 107.744
23 514.935 721.224 5 5.20294 -54.4481 121.9
24 514.662 721.643 5 4.97375 -60.1555 94.4659
25 514.388 722.062 5 4.78601 -61.5412 121.999
26 514.115 722.48 5 4.64473 -44.0021 -68.2471
27 513.842 722.899 5 4.55425 -59.5215 -174.617
28 513.568 723.318 5 4.51762 -60.5171 107.501
29 513.295 723.737 5 4.53614 -66.3611 168.743
30 513.022 724.155 5 4.60914 -69.9792 88.7701
31 515.9 720.66 5 5.38223 -50.2128 -14.9616
32 515.627 721.079 5 5.0632 -51.9292 -175.091
33 515.353 721.497 5 4.77532 -55.0405 -71.6089
34 515.08 721.916 5 4.52453 -53.388 -100.147
35 514.807 722.335 5 4.31729 -50.4156 87.8475
36 514.534 722.754 5 4.16013 -46.938 -106.057
37 514.26 723.172 5 4.05886 -56.0088 177.996
38 513.987 723.591 5 4.01771 -67.6996 168.248
39 516.319 720.933 5 5.02011 -52.2316 -111.787
40 516.045 721.352 5 4.67645 -49.8283 -152.397
41 515.772 721.771 5 4.36312 -51.3082 36.8028
42 515.499 722.189 5 4.08711 -58.2013 95.2537
43 515.226 722.608 5 3.85644 -54.8713 80.7448
44 514.952 723.027 5 3.67965 -55.3781 149.287
45 514.679 723.446 5 3.56475 -48.8071 178.187
46 514.406 723.864 5 3.51783 -250 0
47 516.737 721.206 5 4.68344 -57.1223 70.5374
48 516.464 721.625 5 4.31304 -52.0416 139.107
49 516.191 722.044 5 3.97114 -48.9099 91.0085
50 515.918 722.463 5 3.66573 -48.0702 -116.882
51 515.644 722.881 5 3.40665 -53.8033 -118.517
52 515.371 723.3 5 3.20514 -51.2812 41.8423
53 515.098 723.719 5 3.07256 -43.4624 146.984
54 514.825 724.138 5 3.01799 -250 0
55 517.156 721.48 5 4.3781 -56.8687 -22.9592
56 516.883 721.898 5 3.97937 -52.07 -49.3122
57 516.61 722.317 5 3.60598 -47.7316 19.0252
58 516.336 722.736 5 3.26661 -44.8174 -69.4031
59 516.063 723.155 5 2.97295 -51.0211 113.053
60 515.79 723.573 5 2.73972 -52.3968 -13.9426
61 515.517 723.992 5 2.58336 -42.5981 93.283
62 515.243 724.411 5 2.51821 -250 0
63 517.575 721.753 5 4.11107 -50.5188 -27.2204
64 517.302 722.172 5 3.68355 -54.8198 171.939
65 517.028 722.59 5 3.27662 -50.2192 -160.246
66 516.755 723.009 5 2.89894 -44.316 -90.5688
67 516.482 723.428 5 2.5635 -45.6776 -177.143
68 516.209 723.847 5 2.28893 -55.8524 -117.758
69 515.935 724.265 5 2.09925 -45.5676 40.1442
70 515.662 724.684 5 2.01855 -44.8997 -68.1264
71 517.994 722.026 5 3.89025 -52.9296 122.487
72 517.72 722.445 5 3.43536 -52.2327 114.029
73 517.447 722.864 5 2.99489 -52.6454 -23.6004
74 517.174 723.282 5 2.57624 -69.2544 12.7457
75 516.901 723.701 5 2.19196 -42.9341 144.661
76 516.627 724.12 5 1.86342 -43.8938 51.2207
77 516.354 724.539 5 1.62481 -45.3683 -51.8681
78 516.081 724.957 5 1.5191 -43.9196 -27.0018
