1 505.473 717.831 5 14.2975 -103.298 -44.0142
2 505.747 717.412 5 14.3146 -111.806 -53.8353
3 506.02 716.994 5 14.3492 -101.635 -86.0674
4 506.294 716.575 5 14.4011 -123.687 110.019
5 506.567 716.157 5 14.4701 -119.249 -148.348
6 505.891 718.104 5 13.7975 -96.233 -150.64
7 506.165 717.686 5 13.8153 -97.496 -14.7818
8 506.439 717.267 5 13.8512 -111.943 110.97
9 506.712 716.849 5 13.9049 -124.363 12.8862
10 506.986 716.43 5 13.9763 -121.936 -40.0854
11 506.31 718.378 5 13.2976 -102.496 -149.546
12 506.584 717.96 5 13.3161 -98.3748 -88.1981
13 506.857 717.541 5 13.3532 -100.804 -87.6482
14 507.131 717.123 5 13.409 -104.533 -167.001
15 507.404 716.704 5 13.483 -122.114 45.383
16 506.728 718.652 5 12.7977 -104.629 2.37268
17 507.002 718.233 5 12.8169 -151.255 163.472
18 507.276 717.815 5 12.8555 -100.586 -109.834
19 507.549 717.396 5 12.9134 -106.934 119.898
20 507.823 716.978 5 12.9902 -104.629 148.123
21 507.147 718.925 5 12.2978 -101.633 -156.13
22 507.421 718.507 5 12.3177 -163.087 104.494
23 507.694 718.088 5 12.3579 -117.892 -38.5531
24 507.968 717.67 5 12.4181 -123.697 -41.1518
25 508.241 717.251 5 12.498 -100.436 147.513
26 507.565 719.199 5 11.7979 -125.524 -62.3989
27 507.839 718.78 5 11.8187 -117.562 91.2239
28 508.113 718.362 5 11.8606 -148.065 -73.084
29 508.386 717.943 5 11.9233 -110.04 -66.1906
30 508.66 717.525 5 12.0065 -108.537 -171.271
31 507.984 719.472 5 11.298 -117.073 -121.822
32 508.258 719.054 5 11.3197 -178.401 35.1663
33 508.531 718.635 5 11.3634 -109.876 79.8827
34 508.805 718.217 5 11.4289 -109.032 -22.4674
35 509.078 717.798 5 11.5157 -110.424 -138.218
36 508.402 719.746 5 10.7981 -164.167 150.279
37 508.676 719.328 5 10.8208 -162.144 83.2638
38 508.95 718.909 5 10.8666 -250 0
39 509.223 718.491 5 10.935 -250 0
40 509.497 718.072 5 11.0256 -250 0
