1 505.473 717.831 5 14.6796 -250 0
2 505.747 717.412 5 14.6091 -250 0
3 506.02 716.994 5 14.5555 -250 0
4 506.294 716.575 5 14.5189 -250 0
5 506.567 716.157 5 14.4994 -250 0
6 505.891 718.104 5 14.186 -250 0
7 506.165 717.686 5 14.1131 -250 0
8 506.439 717.267 5 14.0576 -250 0
9 506.712 716.849 5 14.0197 -250 0
10 506.986 716.43 5 13.9996 -250 0
11 506.31 718.378 5 13.693 -250 0
12 506.584 717.96 5 13.6174 -250 0
13 506.857 717.541 5 13.5599 -250 0
14 507.131 717.123 5 13.5206 -250 0
15 507.404 716.704 5 13.4997 -250 0
16 506.728 718.652 5 13.2004 -250 0
17 507.002 718.233 5 13.122 -250 0
18 507.276 717.815 5 13.0623 -250 0
19 507.549 717.396 5 13.0215 -250 0
20 507.823 716.978 5 12.9998 -250 0
21 507.147 718.925 5 12.7085 -250 0
22 507.421 718.507 5 12.627 -250 0
23 507.694 718.088 5 12.5649 -250 0
24 507.968 717.67 5 12.5225 -250 0
25 508.241 717.251 5 12.5 -250 0
26 507.565 719.199 5 12.2172 -250 0
27 507.839 718.78 5 12.1324 -173.998 127.062
28 508.113 718.362 5 12.0678 -250 0
29 508.386 717.943 5 12.0236 -250 0
30 508.66 717.525 5 12.0001 -250 0
31 507.984 719.472 5 11.7266 -250 0
32 508.258 719.054 5 11.6383 -169.78 -108.195
33 508.531 718.635 5 11.5709 -250 0
34 508.805 718.217 5 11.5248 -250 0
35 509.078 717.798 5 11.5003 -250 0
36 508.402 719.746 5 11.2369 -250 0
37 508.676 719.328 5 11.1447 -171.917 94.1877
38 508.95 718.909 5 11.0743 -250 0
39 509.223 718.491 5 11.0261 -250 0
40 509.497 718.072 5 11.0005 -250 0
