1 509.951 714.045 5 12.0135 -68.1526 88.5718
2 510.37 714.318 5 11.5161 -70.0242 119.15
3 510.79 714.59 5 11.019 -78.1561 109.554
4 511.209 714.862 5 10.5222 -71.3455 109.121
5 511.628 715.135 5 10.0257 -67.1282 101.965
6 512.048 715.407 5 9.52954 -72.0482 23.6358
7 512.467 715.679 5 9.03382 -67.8197 59.1435
8 512.886 715.952 5 8.53859 -77.5923 -97.4043
9 513.306 716.224 5 8.04395 -78.1576 -126.807
10 513.725 716.496 5 7.55002 -70.26 -142.153
11 514.144 716.769 5 7.05694 -80.7679 70.2968
12 514.564 717.041 5 6.56491 -250 0
13 514.983 717.313 5 6.07419 -250 0
14 509.679 714.465 5 11.9734 -78.2967 -108.981
15 510.098 714.737 5 11.4744 -73.6425 -101.602
16 510.517 715.009 5 10.9754 -86.1367 65.0307
17 510.937 715.282 5 10.4765 -70.6607 -118.709
18 511.356 715.554 5 9.97768 -69.8432 -144.655
19 511.775 715.826 5 9.47902 -75.6463 -155.628
20 512.195 716.099 5 8.9805 -76.4257 -101.261
21 512.614 716.371 5 8.48216 -77.0981 162.8
22 513.033 716.643 5 7.98403 -81.7088 -151.946
23 513.453 716.916 5 7.48614 -77.198 -177.392
24 513.872 717.188 5 6.98856 -88.6971 24.136
25 514.291 717.46 5 6.49135 -62.6068 -121.211
26 514.711 717.733 5 5.9946 -66.0341 168.045
27 509.406 714.884 5 11.9542 -88.7334 -13.2865
28 509.826 715.156 5 11.4543 -82.6582 173.363
29 510.245 715.429 5 10.9544 -76.7244 -131.802
30 510.664 715.701 5 10.4545 -74.8791 -140.409
31 511.084 715.973 5 9.95458 -75.5062 138.535
32 511.503 716.246 5 9.4547 -65.7188 -129.012
33 511.922 716.518 5 8.95483 -76.1783 -158.24
34 512.342 716.79 5 8.45497 -79.3117 -144.703
35 512.761 717.063 5 7.95514 -74.15 -109.178
36 513.18 717.335 5 7.45532 -77.2339 -76.6726
37 513.6 717.607 5 6.95554 -71.0186 -118.169
38 514.019 717.88 5 6.45578 -70.1926 83.9513
39 514.438 718.152 5 5.95607 -70.4974 -61.586
40 509.134 715.303 5 11.9559 -78.1985 141.921
41 509.553 715.576 5 11.456 -86.1733 61.1885
42 509.973 715.848 5 10.9562 -75.2342 123.912
43 510.392 716.12 5 10.4564 -79.5702 -128.62
44 510.811 716.393 5 9.95656 -77.2554 -29.7268
45 511.231 716.665 5 9.45679 -82.0378 123.08
46 511.65 716.937 5 8.95703 -81.8905 86.6311
47 512.069 717.21 5 8.45731 -72.2158 -12.684
48 512.489 717.482 5 7.95762 -77.9088 172.194
49 512.908 717.754 5 7.45797 -69.9714 171.513
50 513.327 718.027 5 6.95838 -70.7695 19.8281
51 513.747 718.299 5 6.45884 -100.232 118.06
52 514.166 718.571 5 5.95939 -70.95 102.68
53 508.862 715.723 5 11.9784 -86.8352 70.6771
54 509.281 715.995 5 11.4795 -70.5163 -170.518
55 509.7 716.267 5 10.9808 -92.0186 -39.5063
56 510.12 716.54 5 10.4821 -74.1904 48.567
57 510.539 716.812 5 9.98362 -74.7613 -165.858
58 510.958 717.084 5 9.48527 -74.7454 -61.7902
59 511.378 717.357 5 8.9871 -75.9134 -38.5759
60 511.797 717.629 5 8.48915 -71.859 164.679
61 512.216 717.901 5 7.99145 -71.2532 50.7157
62 512.636 718.174 5 7.49406 -78.5476 -67.3402
63 513.055 718.446 5 6.99704 -73.0483 127.512
64 513.474 718.718 5 6.50048 -74.0903 -80.0407
65 513.894 718.991 5 6.00449 -81.7339 57.5612
66 508.589 716.142 5 12.0217 -81.9283 -76.7021
67 509.009 716.414 5 11.5247 -73.4897 121.612
68 509.428 716.687 5 11.028 -80.782 61.6956
69 509.847 716.959 5 10.5316 -81.759 46.4117
70 510.267 717.231 5 10.0355 -72.5367 -48.4229
71 510.686 717.504 5 9.53991 -69.1638 -165.39
72 511.105 717.776 5 9.04475 -74.4099 88.9035
73 511.525 718.048 5 8.55015 -74.8583 -53.9368
74 511.944 718.321 5 8.05623 -74.9447 162.953
75 512.363 718.593 5 7.5631 -67.8687 -60.9911
76 512.783 718.865 5 7.07093 -81.7224 -86.1843
77 513.202 719.138 5 6.57995 -83.901 113.26
78 513.621 719.41 5 6.09043 -84.4868 -142.392
79 510.414 717.923 5 9.62026 -78.7728 -46.8662
80 510.833 718.195 5 9.12946 -76.5152 174.644
81 511.672 718.74 5 8.15122 -74.2529 146.634
82 512.091 719.012 5 7.6642 -78.298 57.89
83 512.51 719.285 5 7.17897 -87.5431 -110.867
84 512.93 719.557 5 6.69591 -90.8594 141.736
85 513.349 719.829 5 6.21554 -90.164 -115.991
86 510.141 718.342 5 9.72568 -81.6758 73.9489
87 510.561 718.615 5 9.24048 -88.3766 -153.708
88 511.399 719.159 5 8.27538 -86.5217 121.423
89 511.819 719.432 5 7.79612 -81.9697 27.9985
90 512.238 719.704 5 7.31964 -94.4167 35.8968
91 512.657 719.976 5 6.84652 -84.7032 -51.6051
92 513.077 720.249 5 6.37749 -93.5289 170.151
93 509.869 718.762 5 9.85538 -94.1587 11.4973
94 510.288 719.034 5 9.37689 -90.0727 112.196
95 511.127 719.579 5 8.42742 -95.3617 4.583
96 511.546 719.851 5 7.95732 -97.4294 -127.534
97 511.966 720.123 5 7.49111 -88.4113 130.915
98 512.385 720.396 5 7.02953 -88.0205 8.09544
99 512.804 720.668 5 6.57358 -99.4387 -88.3587
100 509.597 719.181 5 10.0084 -96.8193 68.3809
101 510.016 719.453 5 9.53759 -99.4163 -112.128
102 509.324 719.6 5 10.1837 -100.152 27.436
103 509.744 719.873 5 9.72137 -103.679 155.44
104 509.052 720.02 5 10.3801 -101.816 0.319658
105 509.471 720.292 5 9.92697 -99.9903 -118.447
