1 509.951 714.045 5 11.953 -73.8228 178.783
2 510.37 714.318 5 11.453 -75.7423 -50.9521
3 510.79 714.59 5 10.9531 -74.069 101.041
4 511.209 714.862 5 10.4532 -72.2636 55.6971
5 511.628 715.135 5 9.95332 -75.925 -76.743
6 512.048 715.407 5 9.45344 -74.6443 -4.97463
7 512.467 715.679 5 8.95357 -71.6508 -174.176
8 512.886 715.952 5 8.45372 -82.8265 52.6591
9 513.306 716.224 5 7.95388 -65.9977 96.8976
10 513.725 716.496 5 7.45407 -72.1668 -118.518
11 514.144 716.769 5 6.95428 -79.9596 22.8159
12 514.564 717.041 5 6.45453 -250 0
13 514.983 717.313 5 5.95482 -250 0
14 509.679 714.465 5 11.9546 -80.5716 44.8118
15 510.098 714.737 5 11.4548 -98.0292 -120.866
16 510.517 715.009 5 10.9549 -77.2898 -69.4223
17 510.937 715.282 5 10.4551 -70.7033 63.5232
18 511.356 715.554 5 9.95531 -78.1145 -89.5009
19 511.775 715.826 5 9.45553 -67.8357 126.736
20 512.195 716.099 5 8.95578 -84.0999 -59.9947
21 512.614 716.371 5 8.45606 -72.0716 -74.6182
22 513.033 716.643 5 7.95637 -82.6948 114.855
23 513.453 716.916 5 7.45672 -87.8533 131.756
24 513.872 717.188 5 6.95712 -65.883 66.3635
25 514.291 717.46 5 6.45759 -68.7401 -173.326
26 514.711 717.733 5 5.95814 -71.5479 -11.1
27 509.406 714.884 5 11.9771 -69.4075 -77.8893
28 509.826 715.156 5 11.4783 -73.8029 -85.2033
29 510.245 715.429 5 10.9795 -68.8121 -111.547
30 510.664 715.701 5 10.4809 -74.6314 -1.52774
31 511.084 715.973 5 9.98237 -76.2556 -112.029
32 511.503 716.246 5 9.48402 -72.5173 -114.708
33 511.922 716.518 5 8.98585 -73.4738 -111.648
34 512.342 716.79 5 8.4879 -79.8841 -131.108
35 512.761 717.063 5 7.9902 -72.6224 -127.384
36 513.18 717.335 5 7.49281 -65.9732 -162.883
37 513.6 717.607 5 6.99579 -63.9606 177.319
38 514.019 717.88 5 6.49923 -62.675 153.258
39 514.438 718.152 5 6.00324 -71.347 112.929
40 509.134 715.303 5 12.0205 -71.0906 130.422
41 509.553 715.576 5 11.5235 -63.1964 114.594
42 509.973 715.848 5 11.0268 -67.1429 129.41
43 510.392 716.12 5 10.5304 -65.9743 127.185
44 510.811 716.393 5 10.0343 -62.8573 97.9993
45 511.231 716.665 5 9.53866 -62.613 78.9648
46 511.65 716.937 5 9.04351 -69.577 32.9925
47 512.069 717.21 5 8.54891 -70.0033 25.0129
48 512.489 717.482 5 8.05499 -70.5686 145.957
49 512.908 717.754 5 7.56186 -63.8922 63.5928
50 513.327 718.027 5 7.0697 -60.6785 21.6027
51 513.747 718.299 5 6.57872 -62.7014 -33.7446
52 514.166 718.571 5 6.08921 -65.0463 -163.107
53 508.862 715.723 5 12.0843 -67.6261 -52.3796
54 509.281 715.995 5 11.5901 -65.8556 -71.7734
55 509.7 716.267 5 11.0963 -70.09 -81.9368
56 510.12 716.54 5 10.6032 -75.3932 -20.701
57 510.539 716.812 5 10.1107 -78.9831 -109.041
58 510.958 717.084 5 9.61903 -69.3428 -110.17
59 511.378 717.357 5 9.12823 -65.9882 -154.821
60 511.797 717.629 5 8.63849 -67.683 135.891
61 512.216 717.901 5 8.14999 -61.8945 59.1995
62 512.636 718.174 5 7.66298 -68.3583 6.70744
63 513.055 718.446 5 7.17775 -68.2178 174.188
64 513.474 718.718 5 6.6947 -63.155 35.8968
65 513.894 718.991 5 6.21433 -79.2551 110.212
66 508.589 716.142 5 12.1684 -80.721 26.8259
67 509.009 716.414 5 11.6777 -71.1797 74.4976
68 509.428 716.687 5 11.1879 -68.4815 45.6353
69 509.847 716.959 5 10.6989 -71.1817 10.8566
70 510.267 717.231 5 10.2111 -70.7456 -108.368
71 510.686 717.504 5 9.72446 -66.7557 -155.769
72 511.105 717.776 5 9.23927 -72.9446 -136.909
73 511.525 718.048 5 8.75574 -69.4251 -46.8221
74 511.944 718.321 5 8.27417 -68.6701 -155.241
75 512.363 718.593 5 7.79492 -71.9651 63.6693
76 512.783 718.865 5 7.31845 -70.8096 172.553
77 513.202 719.138 5 6.84533 -88.2339 36.2635
78 513.621 719.41 5 6.37632 -90.7762 156.515
79 510.414 717.923 5 9.85417 -73.0527 -5.91163
80 510.833 718.195 5 9.37569 -71.953 -95.2891
81 511.672 718.74 5 8.42623 -81.9792 83.4854
82 512.091 719.012 5 7.95615 -82.0219 -43.8124
83 512.51 719.285 5 7.48994 -76.7978 179.831
84 512.93 719.557 5 7.02838 -83.546 144.696
85 513.349 719.829 5 6.57244 -83.9847 -140.571
86 510.141 718.342 5 10.0072 -74.3982 119.017
87 510.561 718.615 5 9.53641 -93.65 43.9616
88 511.399 719.159 5 8.6047 -77.3592 61.1911
89 511.819 719.432 5 8.14493 -87.6116 -47.9055
90 512.238 719.704 5 7.69017 -97.7044 -18.037
91 512.657 719.976 5 7.24138 -90.0767 -45.0111
92 513.077 720.249 5 6.79974 -92.1466 27.3197
93 509.869 718.762 5 10.1825 -85.2597 12.9021
94 510.288 719.034 5 9.72022 -87.2942 -97.8284
95 511.127 719.579 5 8.80798 -79.0043 50.1019
96 511.546 719.851 5 8.35939 -96.694 -54.1787
97 511.966 720.123 5 7.91696 -87.9858 131.618
98 512.385 720.396 5 7.48179 -88.9623 0.340925
99 512.804 720.668 5 7.05521 -99.7779 15.8989
100 509.597 719.181 5 10.379 -90.9356 -170.249
101 510.016 719.453 5 9.92583 -97.553 -131.124
102 509.324 719.6 5 10.5954 -90.8056 47.3267
103 509.744 719.873 5 10.1519 -100.789 -6.1294
104 509.052 720.02 5 10.8306 -113.526 156.036
105 509.471 720.292 5 10.3972 -97.3903 149.306
