1 505.473 717.831 5 14.7684 -250 0
2 505.747 717.412 5 14.6817 -250 0
3 506.02 716.994 5 14.6115 -250 0
4 506.294 716.575 5 14.5583 -168.349 -124.588
5 506.567 716.157 5 14.522 -169.104 -108.905
6 505.891 718.104 5 14.2778 -250 0
7 506.165 717.686 5 14.1881 -250 0
8 506.439 717.267 5 14.1155 -166.173 -118.825
9 506.712 716.849 5 14.0603 -169.993 -107.045
10 506.986 716.43 5 14.0228 -174.799 -108.325
11 506.31 718.378 5 13.7879 -250 0
12 506.584 717.96 5 13.6949 -182.873 103.175
13 506.857 717.541 5 13.6197 -162.913 -17.161
14 507.131 717.123 5 13.5626 -166.461 -24.1751
15 507.404 716.704 5 13.5237 -209.098 -16.2864
16 506.728 718.652 5 13.2987 -250 0
17 507.002 718.233 5 13.2023 -160.701 49.7534
18 507.276 717.815 5 13.1243 -163.988 42.5222
19 507.549 717.396 5 13.065 -250 0
20 507.823 716.978 5 13.0246 -213.617 -117.548
21 507.147 718.925 5 12.8104 -160.362 70.5994
22 507.421 718.507 5 12.7103 -163.614 63.7012
23 507.694 718.088 5 12.6293 -250 0
24 507.968 717.67 5 12.5676 -250 0
25 508.241 717.251 5 12.5256 -250 0
26 507.565 719.199 5 12.323 -163.435 14.5474
27 507.839 718.78 5 12.2189 -172.231 94.8131
28 508.113 718.362 5 12.1346 -179.652 -55.034
29 508.386 717.943 5 12.0704 -250 0
30 508.66 717.525 5 12.0267 -250 0
31 507.984 719.472 5 11.8367 -163.405 175.997
32 508.258 719.054 5 11.7283 -250 0
33 508.531 718.635 5 11.6404 -179.12 49.0246
34 508.805 718.217 5 11.5734 -250 0
35 509.078 717.798 5 11.5278 -250 0
36 508.402 719.746 5 11.3515 -250 0
37 508.676 719.328 5 11.2384 -250 0
38 508.95 718.909 5 11.1467 -250 0
39 509.223 718.491 5 11.0768 -250 0
40 509.497 718.072 5 11.0291 -250 0
