1 514.644 719.84 5 5.36522 -47.8046 4.97228
2 514.371 720.259 5 5.17835 -56.9087 -161.88
3 514.097 720.678 5 5.03437 -52.8828 -139.839
4 513.824 721.096 5 4.93706 -53.9295 -161.428
5 513.551 721.515 5 4.88919 -60.8089 117.634
6 513.278 721.934 5 4.89222 -63.2426 109.684
7 513.004 722.353 5 4.94606 -61.3331 127.04
8 512.731 722.771 5 5.04908 -54.5667 166.8
9 512.458 723.19 5 5.19835 -62.176 -157.209
10 512.185 723.609 5 5.39003 -62.2462 -137.023
11 515.063 720.113 5 4.91441 -49.5829 -162.749
12 514.789 720.532 5 4.70968 -57.6202 93.2758
13 514.516 720.951 5 4.5509 -54.1947 169.512
14 514.243 721.37 5 4.44301 -51.874 129.948
15 513.97 721.788 5 4.38976 -54.5716 138.969
16 513.696 722.207 5 4.39314 -58.159 83.6385
17 513.423 722.626 5 4.45301 -57.152 131.214
18 513.15 723.045 5 4.56716 -52.142 167.91
19 512.877 723.463 5 4.73166 -73.5668 -118.867
20 512.603 723.882 5 4.94148 -60.5692 33.3265
21 515.481 720.387 5 4.47406 -57.7571 -78.9465
22 515.208 720.805 5 4.24815 -48.294 -35.3027
23 514.935 721.224 5 4.07142 -52.7684 -178.347
24 514.662 721.643 5 3.95046 -59.206 27.8615
25 514.388 722.062 5 3.89047 -61.116 157.351
26 514.115 722.48 5 3.89428 -53.9098 177.411
27 513.842 722.899 5 3.9617 -55.7689 112.439
28 513.568 723.318 5 4.08959 -53.101 109.615
29 513.295 723.737 5 4.27251 -58.8561 116.66
30 513.022 724.155 5 4.50378 -62.7831 -22.9353
31 515.9 720.66 5 4.04759 -48.4041 -143.18
32 515.627 721.079 5 3.79639 -51.3494 -142.611
33 515.353 721.497 5 3.59753 -55.4932 77.5084
34 515.08 721.916 5 3.46004 -57.3096 97.8538
35 514.807 722.335 5 3.39139 -53.7619 167.026
36 514.534 722.754 5 3.39576 -63.3129 -30.7951
37 514.26 723.172 5 3.47287 -53.6235 98.1015
38 513.987 723.591 5 3.61808 -59.9513 57.9026
39 516.319 720.933 5 3.63988 -53.7515 0.984414
40 516.045 721.352 5 3.35833 -46.4128 30.4535
41 515.772 721.771 5 3.13178 -45.8789 -11.3391
42 515.499 722.189 5 2.97282 -54.3097 47.9176
43 515.226 722.608 5 2.89263 -56.6256 -53.807
44 514.952 723.027 5 2.89775 -60.3173 -123.628
45 514.679 723.446 5 2.98774 -55.087 33.6888
46 514.406 723.864 5 3.15535 -250 0
47 516.737 721.206 5 3.25799 -52.1284 -34.0406
48 516.464 721.625 5 2.94009 -47.1185 147.935
49 516.191 722.044 5 2.67839 -47.2668 -178.24
50 515.918 722.463 5 2.49067 -50.3503 38.5411
51 515.644 722.881 5 2.39439 -53.1903 -167.755
52 515.371 723.3 5 2.40057 -53.9659 -173.359
53 515.098 723.719 5 2.50846 -51.9618 5.27011
54 514.825 724.138 5 2.70593 -250 0
55 517.156 721.48 5 2.91209 -51.844 -148.447
56 516.883 721.898 5 2.55145 -49.7371 -158.733
57 516.61 722.317 5 2.2449 -42.4557 -1.34639
58 516.336 722.736 5 2.01723 -51.1213 -24.682
59 516.063 723.155 5 1.89707 -53.4702 3.92172
60 515.79 723.573 5 1.90486 -58.4729 -50.7173
61 515.517 723.992 5 2.03916 -46.3843 -92.4654
62 515.243 724.411 5 2.27768 -250 0
63 517.575 721.753 5 2.61649 -52.4021 -67.4638
64 517.302 722.172 5 2.2081 -47.1215 123.744
65 517.028 722.59 5 1.84536 -47.6424 51.4135
66 516.755 723.009 5 1.56044 -43.0812 174.708
67 516.482 723.428 5 1.40165 -49.5312 -82.6483
68 516.209 723.847 5 1.41219 -55.9263 -105.165
69 515.935 724.265 5 1.58869 -40.6061 70.5876
70 515.662 724.684 5 1.88509 -47.8604 -68.1768
71 517.994 722.026 5 2.38994 -47.4569 -74.1018
72 517.72 722.445 5 1.93429 -45.3513 137.275
73 517.447 722.864 5 1.50702 -43.1116 -33.6951
74 517.174 723.282 5 1.14051 -42.0889 -49.8739
75 516.901 723.701 5 0.911268 -44.6279 -54.489
76 516.627 724.12 5 0.927393 -42.2079 -144.257
77 516.354 724.539 5 1.17886 -41.9126 -170.347
78 516.081 724.957 5 1.55543 -43.975 -174.142
