1 514.644 719.84 5 5.17521 -49.1385 156.47
2 514.371 720.259 5 5.03114 -49.7215 -164.737
3 514.097 720.678 5 4.93376 -61.5612 29.3549
4 513.824 721.096 5 4.88586 -61.7492 -131.991
5 513.551 721.515 5 4.8889 -49.3068 130.851
6 513.278 721.934 5 4.94277 -54.8974 137.668
7 513.004 722.353 5 5.04585 -51.7024 -171.486
8 512.731 722.771 5 5.19521 -50.546 136.836
9 512.458 723.19 5 5.38701 -56.1553 -37.7364
10 512.185 723.609 5 5.61689 -61.2145 -2.90337
11 515.063 720.113 5 4.70658 -52.1521 60.8972
12 514.789 720.532 5 4.54769 -45.063 -165.488
13 514.516 720.951 5 4.43972 -54.7772 69.1549
14 514.243 721.37 5 4.38643 -58.3146 -73.5765
15 513.97 721.788 5 4.38981 -55.9407 -71.6198
16 513.696 722.207 5 4.44972 -47.9363 96.7416
17 513.423 722.626 5 4.56395 -52.6506 157.211
18 513.15 723.045 5 4.72856 -49.2637 22.3943
19 512.877 723.463 5 4.93852 -53.3691 136.027
20 512.603 723.882 5 5.18831 -79.7945 7.52144
21 515.481 720.387 5 4.24511 -65.9899 155.576
22 515.208 720.805 5 4.06824 -45.2206 -178.007
23 514.935 721.224 5 3.94718 -53.2774 84.2349
24 514.662 721.643 5 3.88714 -54.0798 -51.2428
25 514.388 722.062 5 3.89095 -51.3351 -65.4301
26 514.115 722.48 5 3.95843 -49.6541 86.4596
27 513.842 722.899 5 4.08641 -56.2888 123.305
28 513.568 723.318 5 4.26948 -46.9827 -101.684
29 513.295 723.737 5 4.5009 -62.6268 -143.533
30 513.022 724.155 5 4.77365 -65.3732 -60.912
31 515.9 720.66 5 3.79343 -61.2469 -165.887
32 515.627 721.079 5 3.5944 -51.3769 117.808
33 515.353 721.497 5 3.45678 -49.4362 107.839
34 515.08 721.916 5 3.38807 -51.4885 -66.5009
35 514.807 722.335 5 3.39244 -48.2727 -66.7906
36 514.534 722.754 5 3.46962 -46.8063 86.7325
37 514.26 723.172 5 3.61495 -49.9764 16.1338
38 513.987 723.591 5 3.82067 -56.8314 -156.305
39 516.319 720.933 5 3.35547 -45.5616 50.7358
40 516.045 721.352 5 3.12871 -51.3104 -36.8213
41 515.772 721.771 5 2.96959 -48.4277 69.6781
42 515.499 722.189 5 2.88931 -50.6522 -39.301
43 515.226 722.608 5 2.89443 -51.6122 -64.6029
44 514.952 723.027 5 2.98452 -52.1604 52.4242
45 514.679 723.446 5 3.1523 -45.4884 -107.738
46 514.406 723.864 5 3.38624 -250 0
47 516.737 721.206 5 2.9374 -54.9222 124.692
48 516.464 721.625 5 2.67543 -48.9283 -127.474
49 516.191 722.044 5 2.48748 -46.1725 34.8688
50 515.918 722.463 5 2.39107 -46.9116 -64.4509
51 515.644 722.881 5 2.39726 -47.9346 -92.0813
52 515.371 723.3 5 2.50529 -55.3718 -4.17979
53 515.098 723.719 5 2.70298 -47.725 131.644
54 514.825 724.138 5 2.9725 -250 0
55 517.156 721.48 5 2.549 -48.9368 -135.934
56 516.883 721.898 5 2.24211 -47.8801 0.557314
57 516.61 722.317 5 2.01412 -48.4698 -44.2912
58 516.336 722.736 5 1.89376 -45.1498 -71.7531
59 516.063 723.155 5 1.90156 -45.6921 -96.3695
60 515.79 723.573 5 2.03607 -44.391 -141.956
61 515.517 723.992 5 2.27491 -49.0565 -66.4594
62 515.243 724.411 5 2.58937 -250 0
63 517.575 721.753 5 2.20602 -52.5116 117.593
64 517.302 722.172 5 1.84286 -48.5288 73.1815
65 517.028 722.59 5 1.55749 -45.8999 157.173
66 516.755 723.009 5 1.39836 -43.9235 -75.5256
67 516.482 723.428 5 1.40892 -43.4622 -111.294
68 516.209 723.847 5 1.58578 -44.3992 106.259
69 515.935 724.265 5 1.88264 -46.2666 -42.1345
70 515.662 724.684 5 2.25255 -54.7979 -11.104
71 517.994 722.026 5 1.93277 -68.7335 -16.8441
72 517.72 722.445 5 1.50508 -44.0387 -37.6926
73 517.447 722.864 5 1.13793 -43.7048 -53.7868
74 517.174 723.282 5 0.908036 -41.0948 -109.537
75 516.901 723.701 5 0.924211 -38.5826 -143.051
76 516.627 724.12 5 1.17635 -53.2032 -164.007
77 516.354 724.539 5 1.55352 -49.2296 -157.262
78 516.081 724.957 5 1.98572 -50.9487 7.13942
