1 505.473 717.831 5 15.7304 -117.028 96.049
2 505.747 717.412 5 15.543 -127.403 165.533
3 506.02 716.994 5 15.3695 -131.118 136.653
4 506.294 716.575 5 15.2105 -151.064 148.357
5 506.567 716.157 5 15.0664 -128.544 144.449
6 505.891 718.104 5 15.271 -121.945 115.141
7 506.165 717.686 5 15.0778 -133.828 1.57759
8 506.439 717.267 5 14.8989 -139.309 -90.0253
9 506.712 716.849 5 14.7348 -138.991 -126.491
10 506.986 716.43 5 14.586 -129.077 63.4045
11 506.31 718.378 5 14.8141 -126.044 168.829
12 506.584 717.96 5 14.6149 -128.298 -65.3726
13 506.857 717.541 5 14.4303 -134.407 -151.807
14 507.131 717.123 5 14.2608 -142.105 -51.8806
15 507.404 716.704 5 14.107 -118.625 -89.2124
16 506.728 718.652 5 14.3602 -127.271 78.2827
17 507.002 718.233 5 14.1546 -127.274 -31.9612
18 507.276 717.815 5 13.9638 -123.896 -45.4141
19 507.549 717.396 5 13.7886 -125.076 -171.91
20 507.823 716.978 5 13.6295 -107.408 -166.34
21 507.147 718.925 5 13.9094 -112.308 -174.62
22 507.421 718.507 5 13.697 -135.02 -16.8012
23 507.694 718.088 5 13.4998 -115.537 24.2601
24 507.968 717.67 5 13.3185 -114.124 -137.125
25 508.241 717.251 5 13.1537 -107.014 -93.5779
26 507.565 719.199 5 13.462 -123.267 116.866
27 507.839 718.78 5 13.2425 -122.286 -61.3783
28 508.113 718.362 5 13.0384 -112.335 76.2388
29 508.386 717.943 5 12.8506 -119.296 -20.5316
30 508.66 717.525 5 12.6797 -106.652 -79.3905
31 507.984 719.472 5 13.0185 -121.865 71.6692
32 508.258 719.054 5 12.7914 -112.726 -161.466
33 508.531 718.635 5 12.58 -111.512 129.547
34 508.805 718.217 5 12.3852 -116.567 31.5399
35 509.078 717.798 5 12.2078 -115.655 -90.1767
36 508.402 719.746 5 12.5792 -135.4 -22.8834
37 508.676 719.328 5 12.344 -110.76 -20.7042
38 508.95 718.909 5 12.1249 -250 0
39 509.223 718.491 5 11.9226 -250 0
40 509.497 718.072 5 11.7383 -250 0
