1 509.951 714.045 5 12.3641 -68.8945 -168.588
2 510.37 714.318 5 11.8643 -65.144 -32.5297
3 510.79 714.59 5 11.3646 -61.8889 -150.372
4 511.209 714.862 5 10.865 -62.8436 163.52
5 511.628 715.135 5 10.3653 -71.6535 42.6978
6 512.048 715.407 5 9.86569 -67.4164 -144.501
7 512.467 715.679 5 9.36612 -64.0101 100.379
8 512.886 715.952 5 8.8666 -69.7322 -60.09
9 513.306 716.224 5 8.36713 -64.2164 -150.735
10 513.725 716.496 5 7.86773 -72.3703 -150.271
11 514.144 716.769 5 7.36842 -77.3884 -84.192
12 514.564 717.041 5 6.8692 -250 0
13 514.983 717.313 5 6.37011 -250 0
14 509.679 714.465 5 12.3903 -67.552 -118.349
15 510.098 714.737 5 11.8916 -73.1687 -157.901
16 510.517 715.009 5 11.3931 -68.6178 159.995
17 510.937 715.282 5 10.8947 -69.9568 130.667
18 511.356 715.554 5 10.3965 -66.1135 101.424
19 511.775 715.826 5 9.89849 -64.4623 103.866
20 512.195 716.099 5 9.40066 -65.8939 43.2285
21 512.614 716.371 5 8.90308 -69.78 -176.255
22 513.033 716.643 5 8.40578 -65.351 84.4151
23 513.453 716.916 5 7.90882 -70.4106 -44.3439
24 513.872 717.188 5 7.41228 -65.1818 171.516
25 514.291 717.46 5 6.91623 -66.3898 171.722
26 514.711 717.733 5 6.42079 -78.0742 152.735
27 509.406 714.884 5 12.4365 -78.3083 72.6132
28 509.826 715.156 5 11.9398 -78.6781 57.7831
29 510.245 715.429 5 11.4434 -80.0518 -177.537
30 510.664 715.701 5 10.9473 -74.1992 -34.7902
31 511.084 715.973 5 10.4516 -77.6365 -8.30939
32 511.503 716.246 5 9.95632 -68.3084 -42.1907
33 511.922 716.518 5 9.46154 -64.7596 -66.4304
34 512.342 716.79 5 8.96733 -63.2294 -81.577
35 512.761 717.063 5 8.47381 -62.4312 -84.8952
36 513.18 717.335 5 7.98109 -59.5596 -111.636
37 513.6 717.607 5 7.48933 -55.6588 -89.5033
38 514.019 717.88 5 6.99875 -61.1494 -123.021
39 514.438 718.152 5 6.50959 -57.5125 143.63
40 509.134 715.303 5 12.5026 -69.8183 -146.892
41 509.553 715.576 5 12.0086 -68.9592 163.04
42 509.973 715.848 5 11.5152 -66.9501 113.529
43 510.392 716.12 5 11.0223 -73.1409 72.7846
44 510.811 716.393 5 10.5302 -66.643 119.901
45 511.231 716.665 5 10.0388 -62.6512 77.9206
46 511.65 716.937 5 9.54824 -60.818 73.3242
47 512.069 717.21 5 9.05877 -61.7203 19.8593
48 512.489 717.482 5 8.57051 -59.9176 -72.1407
49 512.908 717.754 5 8.08369 -58.114 -100.395
50 513.327 718.027 5 7.59857 -61.9852 -136.73
51 513.747 718.299 5 7.11552 -57.208 122.964
52 514.166 718.571 5 6.63499 -56.7358 94.6253
53 508.862 715.723 5 12.5882 -69.1053 -61.0966
54 509.281 715.995 5 12.0977 -64.51 -59.1507
55 509.7 716.267 5 11.6081 -71.5347 -105.769
56 510.12 716.54 5 11.1194 -63.2548 -80.4638
57 510.539 716.812 5 10.6317 -70.0052 108.086
58 510.958 717.084 5 10.1452 -56.0758 94.7721
59 511.378 717.357 5 9.66008 -57.2127 54.0902
60 511.797 717.629 5 9.17657 -57.5301 -44.38
61 512.216 717.901 5 8.69493 -56.2898 -97.2177
62 512.636 718.174 5 8.21549 -60.5463 -130.457
63 513.055 718.446 5 7.73864 -71.9954 -121.187
64 513.474 718.718 5 7.26491 -64.0588 -135.583
65 513.894 718.991 5 6.79494 -77.6766 -93.2404
66 508.589 716.142 5 12.693 -67.0507 56.515
67 509.009 716.414 5 12.2067 -63.1212 -113.51
68 509.428 716.687 5 11.7216 -62.1554 -128.56
69 509.847 716.959 5 11.2378 -68.6884 -168.904
70 510.267 717.231 5 10.7555 -59.4667 97.619
71 510.686 717.504 5 10.2749 -59.8282 67.2981
72 511.105 717.776 5 9.79619 -60.6621 16.5241
73 511.525 718.048 5 9.31975 -74.9696 -23.3316
74 511.944 718.321 5 8.84591 -60.0732 38.6582
75 512.363 718.593 5 8.37511 -68.1902 -111.599
76 512.783 718.865 5 7.9079 -78.0385 16.6835
77 513.202 719.138 5 7.44494 -86.063 1.81174
78 513.621 719.41 5 6.9871 -82.7364 27.9973
79 510.414 717.923 5 10.427 -68.2277 -178.876
80 510.833 718.195 5 9.95558 -61.1025 62.8217
81 511.672 718.74 5 9.0221 -72.8646 76.0671
82 512.091 719.012 5 8.561 -76.2149 144.457
83 512.51 719.285 5 8.10451 -83.1527 81.1533
84 512.93 719.557 5 7.65346 -101.55 56.1738
85 513.349 719.829 5 7.20887 -95.3802 -91.1433
86 510.141 718.342 5 10.6005 -74.2467 -46.4848
87 510.561 718.615 5 10.1372 -72.2404 84.6227
88 511.399 719.159 5 9.22207 -87.2174 -153.798
89 511.819 719.432 5 8.77148 -75.6558 -60.5984
90 512.238 719.704 5 8.32654 -86.8357 120.752
91 512.657 719.976 5 7.8882 -91.0731 101.134
92 513.077 720.249 5 7.45761 -87.5037 11.6557
93 509.869 718.762 5 10.7943 -73.5209 179.158
94 510.288 719.034 5 10.3397 -79.6306 77.7456
95 511.127 719.579 5 9.4443 -90.3862 -153.713
96 511.546 719.851 5 9.00484 -93.7955 134.102
97 511.966 720.123 5 8.57202 -95.4269 -43.0159
98 512.385 720.396 5 8.14689 -82.2526 -5.22026
99 512.804 720.668 5 7.73073 -94.4717 -139.723
100 509.597 719.181 5 11.0075 -87.4247 0.53103
101 510.016 719.453 5 10.5621 -87.1799 115.474
102 509.324 719.6 5 11.239 -97.9563 -124.767
103 509.744 719.873 5 10.8031 -97.0608 -117.209
104 509.052 720.02 5 11.4875 -100.022 -174.46
105 509.471 720.292 5 11.0614 -95.6878 56.1446
