1 505.473 717.831 5 14.6758 -112.295 102.626
2 505.747 717.412 5 14.4978 -126.37 35.0776
3 506.02 716.994 5 14.335 -107.285 30.7066
4 506.294 716.575 5 14.1879 -104.983 -147.687
5 506.567 716.157 5 14.0571 -108.56 -44.1287
6 505.891 718.104 5 14.2127 -125.67 -173.48
7 506.165 717.686 5 14.0288 -104.943 -18.9437
8 506.439 717.267 5 13.8605 -110.176 -93.6742
9 506.712 716.849 5 13.7083 -109.456 87.2388
10 506.986 716.43 5 13.5729 -140.359 -166.619
11 506.31 718.378 5 13.7522 -128.011 -28.1617
12 506.584 717.96 5 13.562 -109.982 -36.9116
13 506.857 717.541 5 13.3878 -114.583 34.1928
14 507.131 717.123 5 13.2303 -114.92 -81.0149
15 507.404 716.704 5 13.0899 -118.08 -22.8949
16 506.728 718.652 5 13.2945 -125.707 -169.349
17 507.002 718.233 5 13.0977 -113.982 77.0436
18 507.276 717.815 5 12.9173 -102.801 48.1941
19 507.549 717.396 5 12.7539 -126.496 9.98354
20 507.823 716.978 5 12.6082 -121.156 -32.5259
21 507.147 718.925 5 12.84 -104.183 147.015
22 507.421 718.507 5 12.6361 -114.066 96.7422
23 507.694 718.088 5 12.449 -113.795 1.78056
24 507.968 717.67 5 12.2794 -119.943 23.8772
25 508.241 717.251 5 12.128 -114.049 106.863
26 507.565 719.199 5 12.389 -106.817 -136.891
27 507.839 718.78 5 12.1776 -111.504 -35.6828
28 508.113 718.362 5 11.9833 -115.829 53.1938
29 508.386 717.943 5 11.8069 -112.814 -15.4704
30 508.66 717.525 5 11.6494 -122.517 -71.1974
31 507.984 719.472 5 11.9419 -109.943 43.7257
32 508.258 719.054 5 11.7224 -111.563 33.1526
33 508.531 718.635 5 11.5204 -112.346 105.662
34 508.805 718.217 5 11.3369 -108.283 -164.881
35 509.078 717.798 5 11.1728 -135.834 178.783
36 508.402 719.746 5 11.4992 -113.607 -157.856
37 508.676 719.328 5 11.271 -109.101 76.8095
38 508.95 718.909 5 11.0608 -250 0
39 509.223 718.491 5 10.8695 -250 0
40 509.497 718.072 5 10.6982 -250 0
