1 514.644 719.84 5 5.59361 -53.5951 84.392
2 514.371 720.259 5 5.36825 -49.8281 2.35221
3 514.097 720.678 5 5.18149 -48.9773 160.653
4 513.824 721.096 5 5.03761 -57.7318 -132.098
5 513.551 721.515 5 4.94036 -49.0609 1.63026
6 513.278 721.934 5 4.89252 -51.7814 -154.007
7 513.004 722.353 5 4.89555 -56.8006 -127.672
8 512.731 722.771 5 4.94935 -51.5805 95.3287
9 512.458 723.19 5 5.0523 -60.717 27.5462
10 512.185 723.609 5 5.20148 -64.3293 -60.5346
11 515.063 720.113 5 5.16245 -51.0805 -72.1558
12 514.789 720.532 5 4.91738 -51.0753 -174.035
13 514.516 720.951 5 4.71278 -49.2553 90.436
14 514.243 721.37 5 4.55411 -55.6739 177.03
15 513.97 721.788 5 4.4463 -52.8772 122.438
16 513.696 722.207 5 4.39309 -53.2894 -129.224
17 513.423 722.626 5 4.39646 -50.9859 -146.46
18 513.15 723.045 5 4.45629 -47.9748 74.2404
19 512.877 723.463 5 4.57036 -61.7615 17.7466
20 512.603 723.882 5 4.73475 -63.7462 -149.13
21 515.481 720.387 5 4.74483 -48.9462 50.786
22 515.208 720.805 5 4.47695 -58.4225 128.18
23 514.935 721.224 5 4.2512 -53.9022 -40.107
24 514.662 721.643 5 4.0746 -52.2995 121.309
25 514.388 722.062 5 3.95373 -57.3375 113.379
26 514.115 722.48 5 3.8938 -51.3472 -136.334
27 513.842 722.899 5 3.89761 -59.8559 -175.547
28 513.568 723.318 5 3.96497 -46.0513 71.6136
29 513.295 723.737 5 4.09276 -60.9624 -17.6947
30 513.022 724.155 5 4.27555 -61.5496 114.363
31 515.9 720.66 5 4.34463 -58.9441 110.458
32 515.627 721.079 5 4.05037 -52.1389 -127.406
33 515.353 721.497 5 3.79936 -50.5955 -166.99
34 515.08 721.916 5 3.60067 -47.2118 51.0329
35 514.807 722.335 5 3.4633 -49.7306 70.4651
36 514.534 722.754 5 3.39472 -52.0664 -108.117
37 514.26 723.172 5 3.39908 -56.3087 -111.048
38 513.987 723.591 5 3.47612 -49.8447 84.8163
39 516.319 720.933 5 3.96715 -64.1727 90.8234
40 516.045 721.352 5 3.64252 -53.3335 -49.0536
41 515.772 721.771 5 3.36119 -54.4599 21.6354
42 515.499 722.189 5 3.13484 -45.9751 -48.9938
43 515.226 722.608 5 2.97605 -51.879 5.3432
44 514.952 723.027 5 2.89595 -50.8887 -82.8526
45 514.679 723.446 5 2.90107 -52.2362 -101.1
46 514.406 723.864 5 2.99097 -250 0
47 516.737 721.206 5 3.61949 -54.7653 -3.97084
48 516.464 721.625 5 3.26042 -59.5646 -39.2597
49 516.191 722.044 5 2.94279 -53.892 171.962
50 515.918 722.463 5 2.68136 -49.7607 163.681
51 515.644 722.881 5 2.49386 -53.6166 48.3559
52 515.371 723.3 5 2.39771 -47.3097 -119.77
53 515.098 723.719 5 2.40388 -44.0011 -97.1889
54 514.825 724.138 5 2.51164 -250 0
55 517.156 721.48 5 3.31106 -62.9894 -31.523
56 516.883 721.898 5 2.91424 -51.1283 159.787
57 516.61 722.317 5 2.55391 -50.761 157.809
58 516.336 722.736 5 2.24769 -49.4228 2.56747
59 516.063 723.155 5 2.02034 -44.2686 -75.7579
60 515.79 723.573 5 1.90038 -46.1462 -101.357
61 515.517 723.992 5 1.90816 -45.7687 -123.881
62 515.243 724.411 5 2.04224 -250 0
63 517.575 721.753 5 3.05378 -46.5352 130.386
64 517.302 722.172 5 2.61825 -53.5024 64.9986
65 517.028 722.59 5 2.21018 -62.7239 76.2449
66 516.755 723.009 5 1.84785 -55.1239 45.0044
67 516.482 723.428 5 1.5634 -40.3201 154.974
68 516.209 723.847 5 1.40495 -40.9725 -118.34
69 515.935 724.265 5 1.41546 -40.7968 -122.668
70 515.662 724.684 5 1.5916 -53.7776 61.0663
71 517.994 722.026 5 2.86147 -49.1482 13.7149
72 517.72 722.445 5 2.39117 -45.1112 -48.483
73 517.447 722.864 5 1.9358 -51.6697 172.276
74 517.174 723.282 5 1.50897 -45.6882 -45.296
75 516.901 723.701 5 1.14309 -44.1206 -71.6157
76 516.627 724.12 5 0.914502 -38.3255 -142.654
77 516.354 724.539 5 0.930576 -38.3572 -176.647
78 516.081 724.957 5 1.18137 -39.3786 -163.961
