1 514.644 719.84 5 4.86267 -62.4854 -113.579
2 514.371 720.259 5 4.89896 -59.1493 -167.311
3 514.097 720.678 5 4.98538 -62.1026 107.219
4 513.824 721.096 5 5.1194 -52.557 -128.866
5 513.551 721.515 5 5.29741 -53.8424 30.7913
6 513.278 721.934 5 5.51514 -59.4333 138.476
7 513.004 722.353 5 5.7681 -62.1509 -119.362
8 512.731 722.771 5 6.05188 -55.6842 0.982194
9 512.458 723.19 5 6.36235 -78.8916 103.574
10 512.185 723.609 5 6.6958 -65.3912 -86.4616
11 515.063 720.113 5 4.3628 -60.0367 162.954
12 514.789 720.532 5 4.40321 -55.418 170.661
13 514.516 720.951 5 4.49917 -55.1387 -94.2378
14 514.243 721.37 5 4.64723 -66.6252 -52.0236
15 513.97 721.788 5 4.84262 -52.695 -57.6542
16 513.696 722.207 5 5.07988 -69.9105 88.3031
17 513.423 722.626 5 5.35345 -54.9768 -145.878
18 513.15 723.045 5 5.65806 -61.5481 15.7331
19 512.877 723.463 5 5.98898 -61.3886 165.651
20 512.603 723.882 5 6.34209 -65.4461 -121.196
21 515.481 720.387 5 3.86296 -60.9656 149.526
22 515.208 720.805 5 3.90854 -58.4351 85.4113
23 514.935 721.224 5 4.01633 -50.996 -145.536
24 514.662 721.643 5 4.18153 -53.7619 129.505
25 514.388 722.062 5 4.39766 -66.053 26.633
26 514.115 722.48 5 4.65764 -56.2346 100.697
27 513.842 722.899 5 4.95458 -59.5274 -90.2032
28 513.568 723.318 5 5.28224 -57.4636 36.7189
29 513.295 723.737 5 5.63528 -61.3122 96.313
30 513.022 724.155 5 6.00921 -73.9244 -88.3772
31 515.9 720.66 5 3.36317 -58.9322 85.189
32 515.627 721.079 5 3.41543 -57.6185 -69.8449
33 515.353 721.497 5 3.53827 -66.249 -97.6672
34 515.08 721.916 5 3.72473 -51.5916 -65.37
35 514.807 722.335 5 3.96584 -57.4345 -10.6919
36 514.534 722.754 5 4.2523 -64.8577 137.207
37 514.26 723.172 5 4.57562 -62.1701 -104.194
38 513.987 723.591 5 4.92854 -60.1153 -59.8985
39 516.319 720.933 5 2.86345 -55.8073 18.063
40 516.045 721.352 5 2.92465 -50.9229 145.572
41 515.772 721.771 5 3.06722 -49.6115 65.0548
42 515.499 722.189 5 3.28056 -56.3135 166.393
43 515.226 722.608 5 3.55194 -61.9328 31.4634
44 514.952 723.027 5 3.86918 -67.2077 170.478
45 514.679 723.446 5 4.22194 -58.8649 174.821
46 514.406 723.864 5 4.60206 -250 0
47 516.737 721.206 5 2.36385 -51.2674 -52.3269
48 516.464 721.625 5 2.43763 -58.9999 32.8508
49 516.191 722.044 5 2.60697 -53.0782 -24.1529
50 515.918 722.463 5 2.85491 -62.6856 -124.441
51 515.644 722.881 5 3.16303 -56.9847 44.7859
52 515.371 723.3 5 3.51553 -59.0657 79.0694
53 515.098 723.719 5 3.90041 -68.5333 -21.2727
54 514.825 724.138 5 4.30899 -250 0
55 517.156 721.48 5 1.86447 -61.4067 96.8028
56 516.883 721.898 5 1.95716 -50.0938 28.5639
57 516.61 722.317 5 2.16442 -53.0188 100.937
58 516.336 722.736 5 2.45743 -62.3743 -104.319
59 516.063 723.155 5 2.80948 -62.0536 -75.6314
60 515.79 723.573 5 3.20116 -75.3695 -129.844
61 515.517 723.992 5 3.61962 -76.4523 -179.062
62 515.243 724.411 5 4.05659 -250 0
63 517.575 721.753 5 1.36554 -52.0948 -63.6517
64 517.302 722.172 5 1.48961 -50.3635 -80.2832
65 517.028 722.59 5 1.75304 -53.8752 142.323
66 516.755 723.009 5 2.10414 -53.2845 152.053
67 516.482 723.428 5 2.50632 -67.5833 -179.983
68 516.209 723.847 5 2.93868 -72.7414 -33.1043
69 515.935 724.265 5 3.3897 -71.3443 -171.564
70 515.662 724.684 5 3.85283 -85.4753 -32.8222
71 517.994 722.026 5 0.867838 -47.9175 -17.2024
72 517.72 722.445 5 1.05232 -47.8516 58.4594
73 517.447 722.864 5 1.40057 -54.471 9.4472
74 517.174 723.282 5 1.82094 -69.3529 156.47
75 516.901 723.701 5 2.27378 -68.6134 -154.626
76 516.627 724.12 5 2.74305 -68.6755 98.5281
77 516.354 724.539 5 3.22157 -75.6914 -129.475
78 516.081 724.957 5 3.70578 -74.705 -60.4362
