1 509.951 714.045 5 12.7611 -149.96 59.0264
2 510.37 714.318 5 12.2795 -166.287 87.7675
3 510.79 714.59 5 11.7995 -168.896 -1.40504
4 511.209 714.862 5 11.3211 -183.567 -85.4642
5 511.628 715.135 5 10.8447 -182.398 -47.1054
6 512.048 715.407 5 10.3706 -192.741 -115.903
7 512.467 715.679 5 9.89895 -129.957 69.3542
8 512.886 715.952 5 9.43025 -122.722 81.655
9 513.306 716.224 5 8.96493 -126.851 -155.196
10 513.725 716.496 5 8.50355 -162.86 -112.496
11 514.144 716.769 5 8.04679 -194.197 135.464
12 514.564 717.041 5 7.59547 -250 0
13 514.983 717.313 5 7.15063 -250 0
14 509.679 714.465 5 12.6385 -149.267 -43.1204
15 510.098 714.737 5 12.1521 -162.752 -146.957
16 510.517 715.009 5 11.6667 -170.825 -120.906
17 510.937 715.282 5 11.1827 -184.363 30.8614
18 511.356 715.554 5 10.7002 -121.523 138.604
19 511.775 715.826 5 10.2193 -124.984 69.8105
20 512.195 716.099 5 9.74036 -123.533 95.3353
21 512.614 716.371 5 9.26364 -175.322 154.692
22 513.033 716.643 5 8.7895 -148.478 152.802
23 513.453 716.916 5 8.3184 -250 0
24 513.872 717.188 5 7.85087 -144.47 98.4545
25 514.291 717.46 5 7.38759 -184.299 -88.7835
26 514.711 717.733 5 6.92943 -135.313 -150.991
27 509.406 714.884 5 12.5347 -180.464 -16.1329
28 509.826 715.156 5 12.044 -179.283 -58.0936
29 510.245 715.429 5 11.5541 -164.358 173.164
30 510.664 715.701 5 11.0652 -163.995 -3.16267
31 511.084 715.973 5 10.5773 -126.022 59.3379
32 511.503 716.246 5 10.0906 -124.359 83.9141
33 511.922 716.518 5 9.6052 -155.045 -171.774
34 512.342 716.79 5 9.12142 -162.938 36.8474
35 512.761 717.063 5 8.63949 -177.472 -5.83506
36 513.18 717.335 5 8.15973 -206.581 -53.3573
37 513.6 717.607 5 7.68255 -175.848 -126.093
38 514.019 717.88 5 7.20846 -121.107 -75.8067
39 514.438 718.152 5 6.73813 -174.253 -74.2395
40 509.134 715.303 5 12.45 -185.048 100.925
41 509.553 715.576 5 11.9559 -172.92 -113.098
42 509.973 715.848 5 11.4623 -163.601 -43.3841
43 510.392 716.12 5 10.9692 -162.297 117.466
44 510.811 716.393 5 10.4769 -177.535 -138.54
45 511.231 716.665 5 9.98524 -143.908 -20.2383
46 511.65 716.937 5 9.49449 -145.704 -171.828
47 512.069 717.21 5 9.00476 -144.38 54.8532
48 512.489 717.482 5 8.51623 -130.482 59.9994
49 512.908 717.754 5 8.02911 -122.637 145.97
50 513.327 718.027 5 7.54367 -135.827 -128.414
51 513.747 718.299 5 7.06027 -142.228 -126.181
52 514.166 718.571 5 6.57934 -176.594 39.0408
53 508.862 715.723 5 12.385 -178.246 -51.4502
54 509.281 715.995 5 11.8882 -161.236 159.936
55 509.7 716.267 5 11.3916 -158.591 92.9963
56 510.12 716.54 5 10.8954 -159.53 144.57
57 510.539 716.812 5 10.3995 -151.392 -91.6964
58 510.958 717.084 5 9.90406 -141.076 44.7065
59 511.378 717.357 5 9.40908 -141.485 -8.8305
60 511.797 717.629 5 8.91466 -129.864 13.5597
61 512.216 717.901 5 8.4209 -124.93 166.8
62 512.636 718.174 5 7.92792 -139.631 -177.159
63 513.055 718.446 5 7.43588 -137.733 102.645
64 513.474 718.718 5 6.94498 -170.978 154.619
65 513.894 718.991 5 6.45548 -167.558 -164.585
66 508.589 716.142 5 12.3399 -205.691 -122.589
67 509.009 716.414 5 11.8412 -156.646 -3.58862
68 509.428 716.687 5 11.3426 -155.085 168.747
69 509.847 716.959 5 10.8441 -135.286 -86.3926
70 510.267 717.231 5 10.3458 -129.101 -102.443
71 510.686 717.504 5 9.84763 -137.329 -138.153
72 511.105 717.776 5 9.34966 -140.596 131.228
73 511.525 718.048 5 8.85192 -131.913 111.05
74 511.944 718.321 5 8.35446 -132.391 76.0707
75 512.363 718.593 5 7.85731 -120.748 163.196
76 512.783 718.865 5 7.36055 -149.3 55.2584
77 513.202 719.138 5 6.86427 -160.317 85.6778
78 513.621 719.41 5 6.36856 -158.985 88.2642
79 510.414 717.923 5 9.81637 -134.259 138.101
80 510.833 718.195 5 9.31674 -142.461 -156.445
81 511.672 718.74 5 8.31759 -139.039 -85.6609
82 512.091 719.012 5 7.81811 -179.53 -112.022
83 512.51 719.285 5 7.31869 -176.331 33.3575
84 512.93 719.557 5 6.81935 -180.677 -25.1309
85 513.349 719.829 5 6.32012 -188.724 -104.715
86 510.141 718.342 5 9.81053 -139.906 -31.2298
87 510.561 718.615 5 9.31058 -250 0
88 511.399 719.159 5 8.3107 -153.298 -137.087
89 511.819 719.432 5 7.81077 -162.717 2.67805
90 512.238 719.704 5 7.31085 -175.913 171.896
91 512.657 719.976 5 6.81095 -208.397 -8.86718
92 513.077 720.249 5 6.31105 -196.234 24.6234
93 509.869 718.762 5 9.83016 -139.805 -4.52804
94 510.288 719.034 5 9.33126 -152.25 -6.74922
95 511.127 719.579 5 8.33386 -146.459 -166.342
96 511.546 719.851 5 7.83541 -250 0
97 511.966 720.123 5 7.33716 -162.016 -4.32323
98 512.385 720.396 5 6.83918 -177.779 33.8209
99 512.804 720.668 5 6.34151 -250 0
100 509.597 719.181 5 9.87509 -134.809 55.5631
101 510.016 719.453 5 9.37858 -149.098 123.358
102 509.324 719.6 5 9.94499 -250 0
103 509.744 719.873 5 9.45215 -250 0
104 509.052 720.02 5 10.0393 -250 0
105 509.471 720.292 5 9.55137 -250 0
