1 509.951 714.045 5 12.2577 -111.329 -146.886
2 510.37 714.318 5 11.7706 -113.681 -146.828
3 510.79 714.59 5 11.2846 -112.997 179.498
4 511.209 714.862 5 10.7999 -110.628 163.832
5 511.628 715.135 5 10.3167 -107.959 117.749
6 512.048 715.407 5 9.8351 -111.248 -17.0089
7 512.467 715.679 5 9.35548 -105.705 -119.289
8 512.886 715.952 5 8.87811 -103.774 174.689
9 513.306 716.224 5 8.40336 -103.563 -179.005
10 513.725 716.496 5 7.93173 -113.566 84.2216
11 514.144 716.769 5 7.46378 -107.42 -115.863
12 514.564 717.041 5 7.00027 -250 0
13 514.983 717.313 5 6.54214 -250 0
14 509.679 714.465 5 12.1569 -122.47 -11.1902
15 510.098 714.737 5 11.6656 -117.185 -18.8429
16 510.517 715.009 5 11.175 -118.794 -46.0175
17 510.937 715.282 5 10.6854 -115.908 -35.8743
18 511.356 715.554 5 10.1967 -118.309 -44.3579
19 511.775 715.826 5 9.70921 -113.308 -39.8285
20 512.195 716.099 5 9.22304 -109.046 -63.1123
21 512.614 716.371 5 8.73844 -104.649 -34.7246
22 513.033 716.643 5 8.25567 -102.317 -163.805
23 513.453 716.916 5 7.77508 -116.942 41.8342
24 513.872 717.188 5 7.29709 -109.367 -84.196
25 514.291 717.46 5 6.82227 -102.442 4.24025
26 514.711 717.733 5 6.35131 -93.9402 77.5342
27 509.406 714.884 5 12.076 -98.1886 46.061
28 509.826 715.156 5 11.5812 -125.975 63.0436
29 510.245 715.429 5 11.087 -119.868 -129.485
30 510.664 715.701 5 10.5932 -121.471 -123.96
31 511.084 715.973 5 10.1001 -115.837 -81.6236
32 511.503 716.246 5 9.60772 -115.341 -80.1456
33 511.922 716.518 5 9.11614 -115.179 165.001
34 512.342 716.79 5 8.62553 -112.384 168.146
35 512.761 717.063 5 8.13607 -100.161 -68.0317
36 513.18 717.335 5 7.64796 -115.78 -35.1804
37 513.6 717.607 5 7.1615 -112.955 -96.1913
38 514.019 717.88 5 6.67704 -102.669 29.7698
39 514.438 718.152 5 6.19505 -102.548 -19.6205
40 509.134 715.303 5 12.0154 -124.877 169.874
41 509.553 715.576 5 11.518 -118.119 -56.3851
42 509.973 715.848 5 11.0209 -94.8657 -76.4969
43 510.392 716.12 5 10.5241 -108.319 147.37
44 510.811 716.393 5 10.0276 -133.239 -137.956
45 511.231 716.665 5 9.53141 -123.395 130.148
46 511.65 716.937 5 9.03568 -122.085 138.808
47 512.069 717.21 5 8.54045 -109.583 -130.206
48 512.489 717.482 5 8.04581 -120.07 -43.359
49 512.908 717.754 5 7.55188 -108.837 32.8129
50 513.327 718.027 5 7.0588 -107.048 154.517
51 513.747 718.299 5 6.56676 -100.294 -140.3
52 514.166 718.571 5 6.07603 -87.0763 -108.843
53 508.862 715.723 5 11.9753 -108.338 48.0328
54 509.281 715.995 5 11.4762 -113.504 24.9665
55 509.7 716.267 5 10.9773 -113.631 -43.3459
56 510.12 716.54 5 10.4783 -107.88 -41.1973
57 510.539 716.812 5 9.97956 -95.1426 -104.733
58 510.958 717.084 5 9.48089 -103.194 -143.424
59 511.378 717.357 5 8.98238 -106.857 -141.953
60 511.797 717.629 5 8.48404 -109.708 46.5746
61 512.216 717.901 5 7.9859 -99.748 95.2246
62 512.636 718.174 5 7.48802 -98.6732 -93.5754
63 513.055 718.446 5 6.99043 -87.8201 -66.3951
64 513.474 718.718 5 6.49322 -113.648 121.808
65 513.894 718.991 5 5.99647 -105.751 174.089
66 508.589 716.142 5 11.9561 -112.426 111.45
67 509.009 716.414 5 11.4562 -110.643 54.779
68 509.428 716.687 5 10.9563 -107.49 16.8223
69 509.847 716.959 5 10.4564 -110.83 -62.2584
70 510.267 717.231 5 9.95646 -109.636 -125.96
71 510.686 717.504 5 9.45658 -108.63 -121.116
72 511.105 717.776 5 8.95671 -106.72 77.3699
73 511.525 718.048 5 8.45685 -112.128 -147.499
74 511.944 718.321 5 7.95702 -92.3839 -56.4492
75 512.363 718.593 5 7.45721 -91.5427 89.0709
76 512.783 718.865 5 6.95742 -104.224 -159.954
77 513.202 719.138 5 6.45767 -110.657 -64.9993
78 513.621 719.41 5 5.95795 -102.841 29.3728
79 510.414 717.923 5 9.45867 -108.132 -36.5161
80 510.833 718.195 5 8.95891 -95.4843 -46.3741
81 511.672 718.74 5 7.9595 -111.241 -100.478
82 512.091 719.012 5 7.45986 -110.487 -121.967
83 512.51 719.285 5 6.96026 -105.763 36.3256
84 512.93 719.557 5 6.46073 -107.417 168.986
85 513.349 719.829 5 5.96127 -109.289 -78.8453
86 510.141 718.342 5 9.48714 -102.956 -170.815
87 510.561 718.615 5 8.98898 -116.687 -167.169
88 511.399 719.159 5 7.99332 -118.473 101.993
89 511.819 719.432 5 7.49593 -105.214 128.287
90 512.238 719.704 5 6.99891 -97.3324 -84.1913
91 512.657 719.976 5 6.50235 -109.567 9.82084
92 513.077 720.249 5 6.00635 -108.129 101.937
93 509.869 718.762 5 9.54177 -128.339 -90.6891
94 510.288 719.034 5 9.04661 -127.647 -95.2504
95 511.127 719.579 5 8.05808 -127.777 -179.892
96 511.546 719.851 5 7.56495 -207.832 -61.6113
97 511.966 720.123 5 7.07278 -130.403 29.5569
98 512.385 720.396 5 6.58179 -126.423 33.3086
99 512.804 720.668 5 6.09227 -250 0
100 509.597 719.181 5 9.62211 -116.456 167.099
101 510.016 719.453 5 9.1313 -130.553 -46.2258
102 509.324 719.6 5 9.72751 -132.749 74.0267
103 509.744 719.873 5 9.24231 -127.726 -117.233
104 509.052 720.02 5 9.85718 -145.805 -170.424
105 509.471 720.292 5 9.37869 -132.486 -13.7519
