1 514.644 719.84 5 4.89725 -67.4255 -145.387
2 514.371 720.259 5 4.9837 -63.7623 -104.302
3 514.097 720.678 5 5.11776 -61.5273 -118.49
4 513.824 721.096 5 5.29582 -56.9848 90.6871
5 513.551 721.515 5 5.51362 -63.9799 111.394
6 513.278 721.934 5 5.76665 -64.5731 163.978
7 513.004 722.353 5 6.05049 -59.3447 6.10075
8 512.731 722.771 5 6.36103 -59.9828 -173.424
9 512.458 723.19 5 6.69454 -76.7147 -99.7349
10 512.185 723.609 5 7.04777 -64.1007 -37.9532
11 515.063 720.113 5 4.4015 -78.871 62.1863
12 514.789 720.532 5 4.49749 -63.5989 -119.488
13 514.516 720.951 5 4.64561 -62.3035 -160.242
14 514.243 721.37 5 4.84107 -61.6005 -49.0917
15 513.97 721.788 5 5.0784 -63.194 -19.8109
16 513.696 722.207 5 5.35204 -63.3163 -110.85
17 513.423 722.626 5 5.65673 -64.239 68.1235
18 513.15 723.045 5 5.98772 -62.1693 157.398
19 512.877 723.463 5 6.3409 -62.8272 -120.454
20 512.603 723.882 5 6.71277 -70.0947 -155.553
21 515.481 720.387 5 3.90684 -77.4984 136.511
22 515.208 720.805 5 4.01468 -61.8747 -157.315
23 514.935 721.224 5 4.17993 -58.229 48.8476
24 514.662 721.643 5 4.39614 -61.2643 -140.793
25 514.388 722.062 5 4.65621 -62.0264 135.448
26 514.115 722.48 5 4.95324 -62.7754 -51.615
27 513.842 722.899 5 5.28098 -62.4351 35.1705
28 513.568 723.318 5 5.63409 -59.6583 87.1229
29 513.295 723.737 5 6.0081 -68.4234 57.3797
30 513.022 724.155 5 6.39933 -77.3787 166.479
31 515.9 720.66 5 3.41373 -68.8883 -160.59
32 515.627 721.079 5 3.53664 -64.9732 135.648
33 515.353 721.497 5 3.72317 -57.5951 -29.8689
34 515.08 721.916 5 3.96437 -58.7522 -10.7961
35 514.807 722.335 5 4.25094 -59.7375 -152.211
36 514.534 722.754 5 4.57435 -62.8927 -56.144
37 514.26 723.172 5 4.92737 -60.5554 -29.384
38 513.987 723.591 5 5.30407 -62.1797 -101.592
39 516.319 720.933 5 2.92297 -66.5125 75.649
40 516.045 721.352 5 3.06561 -64.6256 40.2297
41 515.772 721.771 5 3.27905 -54.7626 148.29
42 515.499 722.189 5 3.55055 -55.831 48.7091
43 515.226 722.608 5 3.8679 -64.8856 -173.587
44 514.952 723.027 5 4.22077 -58.8345 -171.717
45 514.679 723.446 5 4.60099 -61.9096 131.444
46 514.406 723.864 5 5.00233 -250 0
47 516.737 721.206 5 2.43596 -76.9142 81.8367
48 516.464 721.625 5 2.6054 -57.034 -69.3165
49 516.191 722.044 5 2.85348 -58.8696 -104.797
50 515.918 722.463 5 3.16174 -57.2539 67.7549
51 515.644 722.881 5 3.51437 -57.1277 78.9899
52 515.371 723.3 5 3.89936 -63.2539 -24.7209
53 515.098 723.719 5 4.30805 -65.7296 -146.748
54 514.825 724.138 5 4.73429 -250 0
55 517.156 721.48 5 1.95552 -59.9391 63.8515
56 516.883 721.898 5 2.16294 -53.7062 140.343
57 516.61 722.317 5 2.45612 -54.5974 -74.4247
58 516.336 722.736 5 2.80834 -59.0389 -77.1627
59 516.063 723.155 5 3.20015 -58.9316 -176.661
60 515.79 723.573 5 3.61873 -63.514 25.4456
61 515.517 723.992 5 4.05579 -65.0959 147.829
62 515.243 724.411 5 4.50596 -250 0
63 517.575 721.753 5 1.48803 -52.8156 -60.3619
64 517.302 722.172 5 1.7517 -52.7766 164.932
65 517.028 722.59 5 2.10302 -54.8467 167.019
66 516.755 723.009 5 2.50538 -60.9082 -21.6887
67 516.482 723.428 5 2.93788 -66.0436 167.448
68 516.209 723.847 5 3.38901 -63.8565 173.328
69 515.935 724.265 5 3.85222 -70.4706 -53.7966
70 515.662 724.684 5 4.32364 -92.1282 -104.392
71 517.994 722.026 5 1.05091 -46.0214 67.2375
72 517.72 722.445 5 1.39951 -54.3382 -7.28789
73 517.447 722.864 5 1.82013 -63.0407 123.341
74 517.174 723.282 5 2.27312 -72.7988 -31.7701
75 516.901 723.701 5 2.7425 -74.5093 -41.2715
76 516.627 724.12 5 3.22111 -79.1503 -105.684
77 516.354 724.539 5 3.70537 -74.8582 -95.9632
78 516.081 724.957 5 4.19333 -84.1292 -114.238
