1 514.644 719.84 5 6.89788 -74.0645 125.997
2 514.371 720.259 5 6.62789 -73.2119 -173.016
3 514.097 720.678 5 6.38568 -77.9645 161.48
4 513.824 721.096 5 6.17455 -77.6569 23.9511
5 513.551 721.515 5 5.99776 -74.4289 -53.3346
6 513.278 721.934 5 5.85843 -65.101 151.943
7 513.004 722.353 5 5.75927 -67.5346 -178.019
8 512.731 722.771 5 5.70239 -105.215 11.5787
9 512.458 723.19 5 5.68906 -82.1444 105.269
10 512.185 723.609 5 5.71957 -73.6078 54.2255
11 515.063 720.113 5 6.49173 -73.3784 -157.803
12 514.789 720.532 5 6.20408 -68.4213 11.1746
13 514.516 720.951 5 5.94464 -67.1757 -16.6838
14 514.243 721.37 5 5.71724 -72.2138 -126.579
15 513.97 721.788 5 5.52584 -70.7731 40.2008
16 513.696 722.207 5 5.37429 -80.1728 -151.896
17 513.423 722.626 5 5.26602 -62.8152 21.7893
18 513.15 723.045 5 5.20376 -62.4699 52.7198
19 512.877 723.463 5 5.18914 -84.8519 -143.511
20 512.603 723.882 5 5.22257 -90.3039 81.5124
21 515.481 720.387 5 6.09954 -67.0955 -51.0916
22 515.208 720.805 5 5.79245 -71.8767 114.3
23 514.935 721.224 5 5.51367 -74.5456 92.7268
24 514.662 721.643 5 5.26769 -73.4777 159.29
25 514.388 722.062 5 5.05931 -77.9177 -94.7669
26 514.115 722.48 5 4.89334 -76.6944 -15.9073
27 513.842 722.899 5 4.77418 -78.0803 -48.5426
28 513.568 723.318 5 4.70541 -61.9366 -146.415
29 513.295 723.737 5 4.68924 -63.7883 -72.402
30 513.022 724.155 5 4.72621 -84.0887 128.126
31 515.9 720.66 5 5.72417 -67.4662 -9.27099
32 515.627 721.079 5 5.39576 -67.8825 171.046
33 515.353 721.497 5 5.09532 -72.3626 -54.5815
34 515.08 721.916 5 4.82808 -70.474 -68.2661
35 514.807 722.335 5 4.59983 -70.4038 -105.586
36 514.534 722.754 5 4.41662 -68.2557 -28.1798
37 514.26 723.172 5 4.28423 -73.7355 -163.472
38 513.987 723.591 5 4.20745 -76.3636 47.7287
39 516.319 720.933 5 5.36917 -66.6324 -77.7839
40 516.045 721.352 5 5.01757 -68.8896 178.382
41 515.772 721.771 5 4.69298 -71.0974 54.5021
42 515.499 722.189 5 4.40138 -74.9447 141.05
43 515.226 722.608 5 4.14973 -70.3837 142.651
44 514.952 723.027 5 3.94567 -65.505 -59.6338
45 514.679 723.446 5 3.79689 -70.0068 36.1415
46 514.406 723.864 5 3.71005 -250 0
47 516.737 721.206 5 5.03882 -66.5735 119.859
48 516.464 721.625 5 4.66238 -72.4706 176.622
49 516.191 722.044 5 4.31113 -68.8802 149.879
50 515.918 722.463 5 3.99174 -65.5779 -64.3872
51 515.644 722.881 5 3.71241 -69.1185 -33.2992
52 515.371 723.3 5 3.48283 -69.8978 -111.114
53 515.098 723.719 5 3.31333 -72.723 -112.047
54 514.825 724.138 5 3.21345 -250 0
55 517.156 721.48 5 4.7383 -66.6903 -7.03857
56 516.883 721.898 5 4.33585 -60.0412 -80.0834
57 516.61 722.317 5 3.95571 -67.786 33.7826
58 516.336 722.736 5 3.60496 -64.4292 -50.3969
59 516.063 723.155 5 3.29299 -63.8194 131.757
60 515.79 723.573 5 3.03181 -68.7706 122.534
61 515.517 723.992 5 2.83548 -66.7036 -131.627
62 515.243 724.411 5 2.71809 -250 0
63 517.575 721.753 5 4.47362 -58.7425 54.7992
64 517.302 722.172 5 4.04492 -66.6901 174.065
65 517.028 722.59 5 3.63448 -75.8973 85.0435
66 516.755 723.009 5 3.24923 -61.4194 -79.7962
67 516.482 723.428 5 2.89924 -59.3352 -176.577
68 516.209 723.847 5 2.59878 -86.7301 146.855
69 515.935 724.265 5 2.3668 -58.7921 132.915
70 515.662 724.684 5 2.22482 -69.3789 156.862
71 517.994 722.026 5 4.25148 -67.8652 -112.743
72 517.72 722.445 5 3.79779 -56.8 -168.518
73 517.447 722.864 5 3.35727 -64.8256 -2.78078
74 517.174 723.282 5 2.93587 -60.1354 144.903
75 516.901 723.701 5 2.54311 -59.8259 143.022
76 516.627 724.12 5 2.19442 -71.2365 106.198
77 516.354 724.539 5 1.91404 -72.1813 1.68586
78 516.081 724.957 5 1.7354 -78.7703 48.7653
