1 514.644 719.84 5 5.32446 -66.6856 -140.932
2 514.371 720.259 5 5.24888 -59.3527 -38.8252
3 514.097 720.678 5 5.22031 -59.6118 33.7971
4 513.824 721.096 5 5.23952 -51.5232 -21.3295
5 513.551 721.515 5 5.30598 -42.4158 55.931
6 513.278 721.934 5 5.41796 -47.5161 -178.933
7 513.004 722.353 5 5.57272 -52.3629 113.842
8 512.731 722.771 5 5.76681 -55.4997 -49.5478
9 512.458 723.19 5 5.99641 -72.026 -21.9723
10 512.185 723.609 5 6.25763 -61.5747 33.1408
11 515.063 720.113 5 4.83526 -62.5274 15.1107
12 514.789 720.532 5 4.75191 -58.1703 -53.5832
13 514.516 720.951 5 4.72033 -56.6206 26.0095
14 514.243 721.37 5 4.74157 -49.9046 -27.2623
15 513.97 721.788 5 4.81491 -51.8342 150.936
16 513.696 722.207 5 4.93804 -49.2656 147.567
17 513.423 722.626 5 5.10736 -72.4806 -88.9422
18 513.15 723.045 5 5.31846 -55.1994 141.185
19 512.877 723.463 5 5.56659 -50.6915 -174.735
20 512.603 723.882 5 5.84703 -70.311 50.8341
21 515.481 720.387 5 4.34853 -62.8994 37.9155
22 515.208 720.805 5 4.25565 -53.6202 -75.5463
23 514.935 721.224 5 4.22036 -56.5407 13.5828
24 514.662 721.643 5 4.2441 -50.4705 -1.14624
25 514.388 722.062 5 4.32588 -48.7015 88.8641
26 514.115 722.48 5 4.46253 -56.9743 23.9609
27 513.842 722.899 5 4.6492 -52.6994 -105.868
28 513.568 723.318 5 4.88016 -64.7314 -74.2322
29 513.295 723.737 5 5.14945 -59.872 -63.4635
30 513.022 724.155 5 5.4514 -88.9594 -83.5947
31 515.9 720.66 5 3.86518 -58.6033 115.957
32 515.627 721.079 5 3.76039 -51.9138 -79.0178
33 515.353 721.497 5 3.7204 -57.5563 22.6177
34 515.08 721.916 5 3.7473 -50.528 -7.22797
35 514.807 722.335 5 3.83969 -45.8267 41.5224
36 514.534 722.754 5 3.993 -52.5809 -45.7952
37 514.26 723.172 5 4.20059 -60.5564 151.509
38 513.987 723.591 5 4.45487 -51.5925 171.543
39 516.319 720.933 5 3.38667 -58.8233 120.231
40 516.045 721.352 5 3.26656 -63.1488 -97.8
41 515.772 721.771 5 3.22045 -52.5371 71.105
42 515.499 722.189 5 3.25149 -46.3458 -4.19358
43 515.226 722.608 5 3.35754 -48.9857 0.63449
44 514.952 723.027 5 3.53185 -53.9498 -132.919
45 514.679 723.446 5 3.76496 -49.1593 -19.7033
46 514.406 723.864 5 4.0467 -250 0
47 516.737 721.206 5 2.91538 -56.6686 77.1104
48 516.464 721.625 5 2.77495 -64.4608 -67.0855
49 516.191 722.044 5 2.72052 -49.8535 65.4017
50 515.918 722.463 5 2.7572 -41.8803 -33.1758
51 515.644 722.881 5 2.8815 -55.9819 -43.3179
52 515.371 723.3 5 3.08284 -52.1678 163.858
53 515.098 723.719 5 3.34736 -48.2386 62.4419
54 514.825 724.138 5 3.66138 -250 0
55 517.156 721.48 5 2.45548 -63.8288 59.8086
56 516.883 721.898 5 2.28698 -67.8517 -168.101
57 516.61 722.317 5 2.22062 -45.8167 66.3554
58 516.336 722.736 5 2.2654 -42.3919 -81.5899
59 516.063 723.155 5 2.41515 -48.7018 -146.573
60 515.79 723.573 5 2.65214 -46.1515 -87.2039
61 515.517 723.992 5 2.95546 -42.8331 100.006
62 515.243 724.411 5 3.30691 -250 0
63 517.575 721.753 5 2.01477 -55.8835 -93.1315
64 517.302 722.172 5 1.8056 -63.9607 -125.88
65 517.028 722.59 5 1.72078 -45.2583 68.2805
66 516.755 723.009 5 1.77819 -43.2867 -124.306
67 516.482 723.428 5 1.96542 -48.5326 96.4224
68 516.209 723.847 5 2.25028 -43.1663 -31.6259
69 515.935 724.265 5 2.60089 -47.9512 42.9319
70 515.662 724.684 5 2.99425 -51.4939 -102.399
71 517.994 722.026 5 1.6091 -71.1639 111.969
72 517.72 722.445 5 1.33795 -57.7881 -167.951
73 517.447 722.864 5 1.22107 -43.5377 150.667
74 517.174 723.282 5 1.30073 -45.8623 -179.751
75 516.901 723.701 5 1.54686 -42.7496 -156.876
76 516.627 724.12 5 1.8957 -45.1889 -104.085
77 516.354 724.539 5 2.30099 -55.086 148.257
78 516.081 724.957 5 2.73779 -54.8235 9.6976
