1 514.644 719.84 5 4.87936 -61.0137 168.614
2 514.371 720.259 5 4.8644 -57.5047 33.4481
3 514.097 720.678 5 4.90067 -54.9301 -119.543
4 513.824 721.096 5 4.98707 -55.5981 -129.049
5 513.551 721.515 5 5.12104 -57.1899 -131.65
6 513.278 721.934 5 5.29899 -60.4782 -148.331
7 513.004 722.353 5 5.51666 -67.002 -24.5735
8 512.731 722.771 5 5.76956 -59.7798 47.6539
9 512.458 723.19 5 6.05326 -87.0933 74.319
10 512.185 723.609 5 6.36367 -82.4664 -13.1909
11 515.063 720.113 5 4.38119 -56.7661 114.966
12 514.789 720.532 5 4.36453 -66.6626 -23.8735
13 514.516 720.951 5 4.40492 -55.4523 49.5458
14 514.243 721.37 5 4.50084 -48.634 -91.5568
15 513.97 721.788 5 4.64885 -58.3765 79.2041
16 513.696 722.207 5 4.84417 -64.3017 -179.587
17 513.423 722.626 5 5.08136 -66.966 -106.295
18 513.15 723.045 5 5.35486 -85.4427 -131.677
19 512.877 723.463 5 5.65939 -82.3688 -119.003
20 512.603 723.882 5 5.99024 -73.6089 -3.61993
21 515.481 720.387 5 3.8835 -55.4149 -56.6832
22 515.208 720.805 5 3.86469 -54.3678 -148.188
23 514.935 721.224 5 3.91025 -50.8709 131.45
24 514.662 721.643 5 4.01799 -52.4891 -83.1601
25 514.388 722.062 5 4.18312 -62.004 70.9508
26 514.115 722.48 5 4.39918 -68.315 136.346
27 513.842 722.899 5 4.65907 -69.3863 129.626
28 513.568 723.318 5 4.95593 -74.7818 -86.7722
29 513.295 723.737 5 5.28351 -70.0203 -128.464
30 513.022 724.155 5 5.63646 -86.4228 -58.6417
31 515.9 720.66 5 3.38649 -54.5782 -102.224
32 515.627 721.079 5 3.36489 -53.0749 -18.9534
33 515.353 721.497 5 3.41713 -50.8207 -178.237
34 515.08 721.916 5 3.53991 -67.3452 -146.992
35 514.807 722.335 5 3.72629 -70.1425 21.582
36 514.534 722.754 5 3.9673 -67.8129 -38.8811
37 514.26 723.172 5 4.25367 -72.8276 -138.477
38 513.987 723.591 5 4.57689 -72.2015 -37.5474
39 516.319 720.933 5 2.8905 -51.3012 -152.729
40 516.045 721.352 5 2.86518 -52.5048 27.3503
41 515.772 721.771 5 2.92634 -54.4079 160.305
42 515.499 722.189 5 3.06883 -60.2355 -106.077
43 515.226 722.608 5 3.28206 -71.5679 127.949
44 514.952 723.027 5 3.55333 -85.7349 -93.7774
45 514.679 723.446 5 3.87045 -74.1039 123.22
46 514.406 723.864 5 4.22311 -250 0
47 516.737 721.206 5 2.39619 -50.0315 -96.5769
48 516.464 721.625 5 2.36558 -56.2176 22.7739
49 516.191 722.044 5 2.4393 -51.3068 99.7005
50 515.918 722.463 5 2.60853 -61.7446 -91.7069
51 515.644 722.881 5 2.85634 -64.3673 106.653
52 515.371 723.3 5 3.16432 -65.6929 -68.9896
53 515.098 723.719 5 3.51669 -77.19 15.6682
54 514.825 724.138 5 3.90146 -250 0
55 517.156 721.48 5 1.90485 -59.9185 -130.984
56 516.883 721.898 5 1.86619 -51.3499 -20.6388
57 516.61 722.317 5 1.9588 -53.3447 66.2223
58 516.336 722.736 5 2.16591 -60.9797 -37.6816
59 516.063 723.155 5 2.45874 -66.7393 134.385
60 515.79 723.573 5 2.81063 -74.4379 89.0054
61 515.517 723.992 5 3.20216 -89.5834 -42.4781
62 515.243 724.411 5 3.62051 -250 0
63 517.575 721.753 5 1.41956 -58.745 -117.549
64 517.302 722.172 5 1.36726 -51.791 -29.602
65 517.028 722.59 5 1.49119 -64.1231 100.5
66 516.755 723.009 5 1.75439 -63.6252 48.7929
67 516.482 723.428 5 2.10526 -65.3632 -161.19
68 516.209 723.847 5 2.50726 -72.7308 126.401
69 515.935 724.265 5 2.93949 -69.5928 -49.1913
70 515.662 724.684 5 3.3904 -85.478 -170.683
71 517.994 722.026 5 0.949675 -41.8141 15.0311
72 517.72 722.445 5 0.86955 -46.421 -36.4058
73 517.447 722.864 5 1.05373 -67.8063 110.281
74 517.174 723.282 5 1.40164 -71.6486 142.825
75 516.901 723.701 5 1.82176 -68.1807 28.8833
76 516.627 724.12 5 2.27444 -74.7755 -92.8365
77 516.354 724.539 5 2.74359 -71.3298 87.4884
78 516.081 724.957 5 3.22204 -74.6211 -68.1804
