1 505.473 717.831 5 13.6697 -99.4097 164.04
2 505.747 717.412 5 13.6744 -112.265 154.722
3 506.02 716.994 5 13.6974 -111.843 -88.9991
4 506.294 716.575 5 13.7386 -135.528 27.7339
5 506.567 716.157 5 13.7978 -144.792 41.0974
6 505.891 718.104 5 13.1697 -96.1951 58.252
7 506.165 717.686 5 13.1746 -96.1524 170.3
8 506.439 717.267 5 13.1985 -111.916 -18.9184
9 506.712 716.849 5 13.2412 -110.505 87.3167
10 506.986 716.43 5 13.3026 -148.538 -31.9667
11 506.31 718.378 5 12.6697 -126.344 89.0368
12 506.584 717.96 5 12.6748 -98.2533 119.42
13 506.857 717.541 5 12.6997 -100.486 127.32
14 507.131 717.123 5 12.7441 -104.323 55.827
15 507.404 716.704 5 12.8079 -109.807 -102.164
16 506.728 718.652 5 12.1697 -123.221 -151.769
17 507.002 718.233 5 12.1751 -151.337 13.1969
18 507.276 717.815 5 12.2009 -100.616 93.3772
19 507.549 717.396 5 12.2471 -107.37 -37.2938
20 507.823 716.978 5 12.3135 -104.291 -3.89349
21 507.147 718.925 5 11.6698 -123.685 -152.795
22 507.421 718.507 5 11.6753 -159.292 -32.1819
23 507.694 718.088 5 11.7023 -137.032 179.705
24 507.968 717.67 5 11.7504 -179.404 -144.321
25 508.241 717.251 5 11.8196 -100.311 -5.94795
26 507.565 719.199 5 11.1698 -125.191 129.142
27 507.839 718.78 5 11.1756 -176.728 -152.475
28 508.113 718.362 5 11.2038 -148.153 147.562
29 508.386 717.943 5 11.2541 -110.736 135.739
30 508.66 717.525 5 11.3262 -110.176 40.1969
31 507.984 719.472 5 10.6698 -178.785 -64.6489
32 508.258 719.054 5 10.6759 -178.031 -107.465
33 508.531 718.635 5 10.7054 -110.143 -75.8698
34 508.805 718.217 5 10.758 -109.518 -168.159
35 509.078 717.798 5 10.8335 -109.168 80.9583
36 508.402 719.746 5 10.1699 -112.9 54.278
37 508.676 719.328 5 10.1762 -250 0
38 508.95 718.909 5 10.2071 -250 0
39 509.223 718.491 5 10.2623 -250 0
40 509.497 718.072 5 10.3414 -250 0
