1 509.951 714.045 5 11.9728 -72.2707 -114.307
2 510.37 714.318 5 11.4737 -80.3803 -143.417
3 510.79 714.59 5 10.9747 -80.4198 146.537
4 511.209 714.862 5 10.4758 -80.608 -176.981
5 511.628 715.135 5 9.97705 -72.0788 168.139
6 512.048 715.407 5 9.47839 -76.0193 -159.75
7 512.467 715.679 5 8.97987 -68.7203 79.5437
8 512.886 715.952 5 8.48153 -77.313 -116.905
9 513.306 716.224 5 7.9834 -70.2647 23.9736
10 513.725 716.496 5 7.48552 -62.3248 125.625
11 514.144 716.769 5 6.98794 -73.2593 -23.6149
12 514.564 717.041 5 6.49073 -250 0
13 514.983 717.313 5 5.99398 -250 0
14 509.679 714.465 5 11.9536 -66.1681 -30.1942
15 510.098 714.737 5 11.4537 -64.6065 -21.6145
16 510.517 715.009 5 10.9537 -71.9965 -42.3217
17 510.937 715.282 5 10.4538 -65.5299 -40.7553
18 511.356 715.554 5 9.95395 -66.3781 -26.3668
19 511.775 715.826 5 9.45407 -66.8786 -29.4932
20 512.195 716.099 5 8.9542 -63.0304 -26.321
21 512.614 716.371 5 8.45435 -66.8368 -54.9358
22 513.033 716.643 5 7.95451 -65.8801 -35.6897
23 513.453 716.916 5 7.4547 -64.6929 -29.6736
24 513.872 717.188 5 6.95491 -63.3253 -56.7719
25 514.291 717.46 5 6.45516 -65.3841 -168.548
26 514.711 717.733 5 5.95545 -62.9498 -88.5664
27 509.406 714.884 5 11.9552 -72.4312 -30.8463
28 509.826 715.156 5 11.4554 -67.843 -5.57587
29 510.245 715.429 5 10.9556 -82.9141 -50.7999
30 510.664 715.701 5 10.4557 -65.7285 4.35458
31 511.084 715.973 5 9.95594 -65.3996 -10.4133
32 511.503 716.246 5 9.45616 -67.8953 -32.9787
33 511.922 716.518 5 8.95641 -66.7572 -41.5695
34 512.342 716.79 5 8.45668 -69.6505 -33.793
35 512.761 717.063 5 7.95699 -69.6824 -15.8255
36 513.18 717.335 5 7.45735 -70.0138 -133.691
37 513.6 717.607 5 6.95775 -75.8049 -23.5738
38 514.019 717.88 5 6.45822 -66.9542 -0.975649
39 514.438 718.152 5 5.95876 -62.8287 -53.2477
40 509.134 715.303 5 11.9778 -69.4738 -140.333
41 509.553 715.576 5 11.4789 -69.9266 -139.902
42 509.973 715.848 5 10.9801 -72.0796 -42.4782
43 510.392 716.12 5 10.4815 -64.2285 -115.72
44 510.811 716.393 5 9.98299 -75.3763 -101.226
45 511.231 716.665 5 9.48464 -69.2488 9.29012
46 511.65 716.937 5 8.98647 -71.4385 -72.5223
47 512.069 717.21 5 8.48852 -80.1833 -90.9024
48 512.489 717.482 5 7.99082 -70.9438 -137.578
49 512.908 717.754 5 7.49343 -67.2719 -177.611
50 513.327 718.027 5 6.99642 -74.8435 167.738
51 513.747 718.299 5 6.49985 -80.4305 35.2066
52 514.166 718.571 5 6.00386 -77.877 146.775
53 508.862 715.723 5 12.0211 -78.7316 -120.003
54 509.281 715.995 5 11.5241 -69.3796 -174.129
55 509.7 716.267 5 11.0274 -76.0564 117.095
56 510.12 716.54 5 10.531 -66.3312 117.751
57 510.539 716.812 5 10.0349 -71.1267 89.0458
58 510.958 717.084 5 9.53929 -69.9958 10.2405
59 511.378 717.357 5 9.04413 -71.1057 -28.6299
60 511.797 717.629 5 8.54953 -77.3888 -117.96
61 512.216 717.901 5 8.05561 -76.5191 -145.115
62 512.636 718.174 5 7.56248 -84.5219 70.1509
63 513.055 718.446 5 7.07031 -84.2526 161.581
64 513.474 718.718 5 6.57933 -72.7481 19.5159
65 513.894 718.991 5 6.08982 -89.6383 83.9399
66 508.589 716.142 5 12.085 -81.3474 -89.176
67 509.009 716.414 5 11.5907 -69.5312 -145.152
68 509.428 716.687 5 11.097 -70.6394 -176.822
69 509.847 716.959 5 10.6038 -85.8025 98.2998
70 510.267 717.231 5 10.1113 -71.9572 8.85974
71 510.686 717.504 5 9.61964 -80.6977 -89.9849
72 511.105 717.776 5 9.12884 -77.0084 126.231
73 511.525 718.048 5 8.6391 -79.3427 78.1314
74 511.944 718.321 5 8.1506 -79.1454 -122.129
75 512.363 718.593 5 7.66359 -74.3144 52.157
76 512.783 718.865 5 7.17836 -70.8055 14.0362
77 513.202 719.138 5 6.69531 -85.2747 -98.9096
78 513.621 719.41 5 6.21494 -93.3733 171.225
79 510.414 717.923 5 9.72507 -86.3689 82.0452
80 510.833 718.195 5 9.23988 -83.0397 -81.3951
81 511.672 718.74 5 8.27477 -87.2636 -134.635
82 512.091 719.012 5 7.79552 -78.3892 176.767
83 512.51 719.285 5 7.31904 -98.9546 152.934
84 512.93 719.557 5 6.84592 -89.86 141.526
85 513.349 719.829 5 6.37691 -86.0515 -78.5109
86 510.141 718.342 5 9.85477 -83.085 148.045
87 510.561 718.615 5 9.37629 -95.7055 51.3779
88 511.399 719.159 5 8.42682 -82.6394 149.694
89 511.819 719.432 5 7.95674 -82.5418 148.471
90 512.238 719.704 5 7.49052 -90.9649 -19.8623
91 512.657 719.976 5 7.02895 -92.2319 -144.986
92 513.077 720.249 5 6.57301 -98.8727 144.565
93 509.869 718.762 5 10.0078 -100.027 136.211
94 510.288 719.034 5 9.537 -91.0811 19.2815
95 511.127 719.579 5 8.60528 -93.7642 39.0635
96 511.546 719.851 5 8.1455 -99.4602 125.651
97 511.966 720.123 5 7.69074 -91.7021 138.916
98 512.385 720.396 5 7.24194 -84.1291 174.147
99 512.804 720.668 5 6.80029 -109.928 -130.075
100 509.597 719.181 5 10.1831 -94.0932 -144.93
101 510.016 719.453 5 9.7208 -102.396 -39.6091
102 509.324 719.6 5 10.3796 -110.915 -117.358
103 509.744 719.873 5 9.9264 -109.774 -91.4774
104 509.052 720.02 5 10.596 -101.265 77.2249
105 509.471 720.292 5 10.1525 -110.975 53.3924
