1 509.951 714.045 5 12.989 -162.38 -19.2375
2 510.37 714.318 5 12.5296 -173.244 165.548
3 510.79 714.59 5 12.0734 -115.591 106.215
4 511.209 714.862 5 11.6209 -115.089 107.613
5 511.628 715.135 5 11.1723 -104.407 168.253
6 512.048 715.407 5 10.7284 -113.401 -134.505
7 512.467 715.679 5 10.2895 -140.791 -172.516
8 512.886 715.952 5 9.85652 -120.861 120.97
9 513.306 716.224 5 9.43014 -113.349 14.9082
10 513.725 716.496 5 9.01133 -102.642 -174.348
11 514.144 716.769 5 8.6012 -102.454 -15.9084
12 514.564 717.041 5 8.20106 -250 0
13 514.983 717.313 5 7.81242 -250 0
14 509.679 714.465 5 12.8035 -164.611 -110.956
15 510.098 714.737 5 12.3372 -105.336 -152.873
16 510.517 715.009 5 11.8736 -116.514 -147.599
17 510.937 715.282 5 11.4131 -119.39 136.591
18 511.356 715.554 5 10.9561 -103.238 -105.977
19 511.775 715.826 5 10.503 -93.3133 -128.476
20 512.195 716.099 5 10.0543 -103.775 -60.6399
21 512.614 716.371 5 9.61072 -104.278 -82.1758
22 513.033 716.643 5 9.17292 -102.073 -106.805
23 513.453 716.916 5 8.7418 -111.216 138.612
24 513.872 717.188 5 8.31839 -113.707 139.885
25 514.291 717.46 5 7.90394 -105.63 133.661
26 514.711 717.733 5 7.49992 -134.521 63.0779
27 509.406 714.884 5 12.6351 -119.066 -87.3118
28 509.826 715.156 5 12.1623 -116.1 -117.236
29 510.245 715.429 5 11.6918 -132.692 -44.6265
30 510.664 715.701 5 11.2238 -132.718 55.9424
31 511.084 715.973 5 10.7588 -146.96 155.11
32 511.503 716.246 5 10.297 -103.013 44.7821
33 511.922 716.518 5 9.83891 -111.359 -164.176
34 512.342 716.79 5 9.38514 -104.942 91.6211
35 512.761 717.063 5 8.93629 -102.134 74.4681
36 513.18 717.335 5 8.49317 -100.253 61.5695
37 513.6 717.607 5 8.05671 -104.814 87.0316
38 514.019 717.88 5 7.62805 -125.769 -105.076
39 514.438 718.152 5 7.20858 -148.583 141.632
40 509.134 715.303 5 12.4844 -120.976 42.8774
41 509.553 715.576 5 12.0057 -161.382 -57.8895
42 509.973 715.848 5 11.5288 -140.303 34.8184
43 510.392 716.12 5 11.0539 -136.621 -60.7403
44 510.811 716.393 5 10.5814 -134.753 -88.6337
45 511.231 716.665 5 10.1115 -139.742 -151.966
46 511.65 716.937 5 9.64464 -128.444 41.7773
47 512.069 717.21 5 9.18127 -104.093 -114.682
48 512.489 717.482 5 8.72194 -107.456 -134.724
49 512.908 717.754 5 8.26734 -105.661 -104.984
50 513.327 718.027 5 7.81828 -100.596 -145.175
51 513.747 718.299 5 7.37577 -103.118 178.507
52 514.166 718.571 5 6.94108 -135.582 121.093
53 508.862 715.723 5 12.3521 -105.163 3.52108
54 509.281 715.995 5 11.8681 -137.738 136.545
55 509.7 716.267 5 11.3854 -139.551 176.156
56 510.12 716.54 5 10.9043 -135.794 121.701
57 510.539 716.812 5 10.425 -119.584 76.0363
58 510.958 717.084 5 9.94773 -140.166 -11.6137
59 511.378 717.357 5 9.4728 -121.027 176.542
60 511.797 717.629 5 9.00059 -124.931 -4.61234
61 512.216 717.901 5 8.53154 -109.743 44.159
62 512.636 718.174 5 8.06621 -102.239 28.0527
63 513.055 718.446 5 7.60528 -106.271 21.7446
64 513.474 718.718 5 7.14961 -101.932 2.86556
65 513.894 718.991 5 6.70026 -101.863 -24.3494
66 508.589 716.142 5 12.2388 -109.755 54.2547
67 509.009 716.414 5 11.7501 -124.804 130.886
68 509.428 716.687 5 11.2624 -140.527 105.706
69 509.847 716.959 5 10.7759 -109.82 18.2403
70 510.267 717.231 5 10.2906 -133.385 119.331
71 510.686 717.504 5 9.80675 -148.933 76.4645
72 511.105 717.776 5 9.32464 -131.732 -36.0672
73 511.525 718.048 5 8.84452 -118.385 103.671
74 511.944 718.321 5 8.36672 -122.315 -123.901
75 512.363 718.593 5 7.89168 -107.698 161.227
76 512.783 718.865 5 7.41992 -107.42 177.614
77 513.202 719.138 5 6.95211 -107.167 172.982
78 513.621 719.41 5 6.4891 -101.882 153.395
79 510.414 717.923 5 9.68954 -134.089 -137.747
80 510.833 718.195 5 9.20129 -135.404 154.428
81 511.672 718.74 5 8.22903 -147.427 119.993
82 512.091 719.012 5 7.74555 -125.842 142.179
83 512.51 719.285 5 7.26431 -108.323 -61.6696
84 512.93 719.557 5 6.78577 -108.407 -50.3801
85 513.349 719.829 5 6.31057 -112.577 -46.2261
86 510.141 718.342 5 9.59698 -150.199 87.0863
87 510.561 718.615 5 9.10377 -142.476 -110.322
88 511.399 719.159 5 8.11984 -118.997 -55.7316
89 511.819 719.432 5 7.62945 -148.023 -142.037
90 512.238 719.704 5 7.14038 -177.128 -103.721
91 512.657 719.976 5 6.65294 -111.973 107.912
92 513.077 720.249 5 6.16751 -114.879 -17.4435
93 509.869 718.762 5 9.5298 -142.291 56.1577
94 510.288 719.034 5 9.03292 -126.282 67.9393
95 511.127 719.579 5 8.04032 -132.85 -85.7059
96 511.546 719.851 5 7.54476 -191.817 -104.637
97 511.966 720.123 5 7.04982 -143.775 66.0364
98 512.385 720.396 5 6.55565 -130.51 36.4414
99 512.804 720.668 5 6.06243 -250 0
100 509.597 719.181 5 9.48852 -147.501 -160.387
101 510.016 719.453 5 8.98936 -141.892 70.5812
102 509.324 719.6 5 9.47348 -162.766 -136.975
103 509.744 719.873 5 8.97348 -170.027 -76.394
104 509.052 720.02 5 9.48482 -163.284 -126.644
105 509.471 720.292 5 8.98545 -170.568 -67.954
