1 514.644 719.84 5 5.29107 -80.3821 -174.836
2 514.371 720.259 5 5.50905 -79.1356 -55.2564
3 514.097 720.678 5 5.76228 -77.5296 -119.946
4 513.824 721.096 5 6.04633 -84.1923 47.037
5 513.551 721.515 5 6.35707 -89.151 149.694
6 513.278 721.934 5 6.69078 -87.7296 135.256
7 513.004 722.353 5 7.0442 -86.6413 -13.4409
8 512.731 722.771 5 7.41451 -87.3629 143.242
9 512.458 723.19 5 7.79931 -114.351 137.31
10 512.185 723.609 5 8.19655 -82.1569 -174.414
11 515.063 720.113 5 4.8364 -77.0432 172.324
12 514.789 720.532 5 5.07395 -82.8876 2.10282
13 514.516 720.951 5 5.34783 -84.3306 91.1038
14 514.243 721.37 5 5.65274 -86.1789 160.375
15 513.97 721.788 5 5.98395 -84.9658 3.09515
16 513.696 722.207 5 6.33734 -103.96 -97.928
17 513.423 722.626 5 6.70941 -89.4361 50.7348
18 513.15 723.045 5 7.09721 -87.7798 30.5665
19 512.877 723.463 5 7.4983 -82.1895 66.0569
20 512.603 723.882 5 7.91068 -102.084 -172.814
21 515.481 720.387 5 4.3916 -76.9761 171.273
22 515.208 720.805 5 4.65192 -83.1444 -152.747
23 514.935 721.224 5 4.9492 -93.0216 -123.705
24 514.662 721.643 5 5.2772 -85.0376 177.723
25 514.388 722.062 5 5.63054 -139.638 -33.8147
26 514.115 722.48 5 6.00477 -92.3806 156.862
27 513.842 722.899 5 6.39621 -89.3006 -50.8264
28 513.568 723.318 5 6.80189 -94.0241 168.732
29 513.295 723.737 5 7.21941 -84.385 165.279
30 513.022 724.155 5 7.64684 -88.9806 -22.0479
31 515.9 720.66 5 3.95998 -88.1818 -90.1303
32 515.627 721.079 5 4.24685 -76.3917 -32.8452
33 515.353 721.497 5 4.57055 -83.8451 9.35607
34 515.08 721.916 5 4.92383 -101.518 -38.3732
35 514.807 722.335 5 5.30079 -107.679 105.34
36 514.534 722.754 5 5.69672 -91.017 96.5831
37 514.26 723.172 5 6.10793 -95.4142 -119.265
38 513.987 723.591 5 6.53154 -84.8731 55.4941
39 516.319 720.933 5 3.54638 -84.1919 64.7612
40 516.045 721.352 5 3.86407 -81.2774 95.5692
41 515.772 721.771 5 4.21726 -79.1946 134.9
42 515.499 722.189 5 4.59777 -84.4621 30.4062
43 515.226 722.608 5 4.99937 -91.207 43.9575
44 514.952 723.027 5 5.41737 -94.2014 68.2339
45 514.679 723.446 5 5.84826 -76.5963 -168.617
46 514.406 723.864 5 6.28938 -250 0
47 516.737 721.206 5 3.15787 -87.3042 -16.9158
48 516.464 721.625 5 3.51089 -78.7813 -33.0557
49 516.191 722.044 5 3.89623 -76.1342 -115.918
50 515.918 722.463 5 4.30521 -81.2135 -117.927
51 515.644 722.881 5 4.73171 -78.4206 -177.205
52 515.371 723.3 5 5.17139 -85.9607 -37.3051
53 515.098 723.719 5 5.62116 -77.0545 135.87
54 514.825 724.138 5 6.07879 -250 0
55 517.156 721.48 5 2.80491 -93.0593 6.26141
56 516.883 721.898 5 3.19714 -86.5178 89.6944
57 516.61 722.317 5 3.61607 -92.2583 76.1745
58 516.336 722.736 5 4.05341 -74.0782 -36.9587
59 516.063 723.155 5 4.50382 -75.977 34.883
60 515.79 723.573 5 4.96373 -73.8995 -55.1462
61 515.517 723.992 5 5.43073 -75.4302 48.5026
62 515.243 724.411 5 5.90314 -250 0
63 517.575 721.753 5 2.50257 -81.509 -64.282
64 517.302 722.172 5 2.93548 -77.0448 91.3509
65 517.028 722.59 5 3.38693 -76.9946 98.5642
66 516.755 723.009 5 3.85039 -71.6606 -115.054
67 516.482 723.428 5 4.322 -75.4726 26.3485
68 516.209 723.847 5 4.79937 -76.9481 102.159
69 515.935 724.265 5 5.28092 -77.8623 69.8819
70 515.662 724.684 5 5.76562 -79.4438 46.1363
71 517.994 722.026 5 2.27116 -76.7131 -96.1807
72 517.72 722.445 5 2.74088 -71.6739 -163.57
73 517.447 722.864 5 3.21972 -77.6169 5.33885
74 517.174 723.282 5 3.70417 -84.8244 -179.006
75 516.901 723.701 5 4.19226 -100.322 -166.734
76 516.627 724.12 5 4.68287 -85.3718 -59.98
77 516.354 724.539 5 5.17528 -83.8085 -89.8259
78 516.081 724.957 5 5.66901 -84.5568 -140.943
