1 505.473 717.831 5 13.7979 -94.9561 -20.924
2 505.747 717.412 5 13.8161 -112.724 -130.153
3 506.02 716.994 5 13.8524 -110.032 4.42644
4 506.294 716.575 5 13.9065 -104.179 -122.446
5 506.567 716.157 5 13.9784 -109.555 -120.255
6 505.891 718.104 5 13.298 -96.8821 136.33
7 506.165 717.686 5 13.3169 -137.987 -32.1648
8 506.439 717.267 5 13.3545 -102.275 46.806
9 506.712 716.849 5 13.4107 -110.194 142.541
10 506.986 716.43 5 13.4852 -109.825 59.852
11 506.31 718.378 5 12.7981 -102.02 126.921
12 506.584 717.96 5 12.8177 -95.9879 -170.158
13 506.857 717.541 5 12.8568 -114.357 -173.46
14 507.131 717.123 5 12.9151 -105.772 -140.968
15 507.404 716.704 5 12.9924 -107.304 -20.4189
16 506.728 718.652 5 12.2982 -106.721 -73.046
17 507.002 718.233 5 12.3186 -110.527 -104.375
18 507.276 717.815 5 12.3593 -99.4288 -159.279
19 507.549 717.396 5 12.4199 -102.796 71.7063
20 507.823 716.978 5 12.5003 -109.037 39.299
21 507.147 718.925 5 11.7983 -109.857 -14.2236
22 507.421 718.507 5 11.8196 -113.493 -26.1928
23 507.694 718.088 5 11.862 -120.158 -127.561
24 507.968 717.67 5 11.9252 -105.538 68.9793
25 508.241 717.251 5 12.0089 -104.195 71.1606
26 507.565 719.199 5 11.2984 -113.557 -7.42076
27 507.839 718.78 5 11.3207 -118.588 15.5196
28 508.113 718.362 5 11.3649 -173.42 -29.6322
29 508.386 717.943 5 11.4308 -111.817 -153.577
30 508.66 717.525 5 11.5181 -174.269 153.465
31 507.984 719.472 5 10.7985 -142.609 -176.486
32 508.258 719.054 5 10.8218 -163.592 -71.2555
33 508.531 718.635 5 10.8681 -111.203 -5.29184
34 508.805 718.217 5 10.937 -250 0
35 509.078 717.798 5 11.0282 -250 0
36 508.402 719.746 5 10.2987 -123.004 144.112
37 508.676 719.328 5 10.3231 -117.26 123.536
38 508.95 718.909 5 10.3716 -250 0
39 509.223 718.491 5 10.4438 -250 0
40 509.497 718.072 5 10.5393 -250 0
