1 514.644 719.84 5 5.85588 -55.1573 -16.8221
2 514.371 720.259 5 5.59652 -53.1331 125.949
3 514.097 720.678 5 5.37129 -49.123 -23.4818
4 513.824 721.096 5 5.18463 -61.2628 -131.955
5 513.551 721.515 5 5.04084 -47.655 64.7603
6 513.278 721.934 5 4.94366 -52.9954 98.3483
7 513.004 722.353 5 4.89586 -54.5666 -84.4152
8 512.731 722.771 5 4.89888 -65.0432 170.8
9 512.458 723.19 5 4.95265 -72.8862 61.0338
10 512.185 723.609 5 5.05553 -70.7188 -5.5883
11 515.063 720.113 5 5.44523 -54.8652 88.9987
12 514.789 720.532 5 5.16528 -52.8094 -141.467
13 514.516 720.951 5 4.92035 -52.8198 171.861
14 514.243 721.37 5 4.71588 -50.9857 103.117
15 513.97 721.788 5 4.55732 -55.4679 141.658
16 513.696 722.207 5 4.44959 -47.0131 87.8986
17 513.423 722.626 5 4.39642 -55.0016 -111.136
18 513.15 723.045 5 4.39979 -59.1747 -122.331
19 512.877 723.463 5 4.45958 -67.1188 127.387
20 512.603 723.882 5 4.57357 -73.3875 124.948
21 515.481 720.387 5 5.0507 -52.6644 166.494
22 515.208 720.805 5 4.74755 -55.5094 16.7078
23 514.935 721.224 5 4.47984 -52.1042 33.6849
24 514.662 721.643 5 4.25424 -49.1543 -47.0331
25 514.388 722.062 5 4.07778 -50.8995 153.531
26 514.115 722.48 5 3.95701 -46.8807 81.9377
27 513.842 722.899 5 3.89713 -56.041 -91.3685
28 513.568 723.318 5 3.90093 -66.627 14.6414
29 513.295 723.737 5 3.96824 -76.4891 69.5197
30 513.022 724.155 5 4.09593 -69.7846 -52.3558
31 515.9 720.66 5 4.6764 -65.3414 -174.958
32 515.627 721.079 5 4.34722 -63.2734 67.8987
33 515.353 721.497 5 4.05315 -48.5128 169.575
34 515.08 721.916 5 3.80233 -54.3268 -167.076
35 514.807 722.335 5 3.6038 -49.5919 82.1607
36 514.534 722.754 5 3.46656 -45.2965 80.1571
37 514.26 723.172 5 3.39805 -50.4342 -97.0251
38 513.987 723.591 5 3.40241 -63.9534 -6.17027
39 516.319 720.933 5 4.32756 -54.2737 95.3438
40 516.045 721.352 5 3.96957 -55.7915 59.6728
41 515.772 721.771 5 3.64515 -54.0371 -46.9995
42 515.499 722.189 5 3.36405 -56.4212 56.4084
43 515.226 722.608 5 3.13791 -48.2959 -81.1126
44 514.952 723.027 5 2.97929 -55.902 11.4579
45 514.679 723.446 5 2.89928 -46.458 -72.4752
46 514.406 723.864 5 2.90439 -250 0
47 516.737 721.206 5 4.01085 -51.3891 -54.868
48 516.464 721.625 5 3.62168 -50.8642 5.57431
49 516.191 722.044 5 3.26286 -52.4464 -72.1755
50 515.918 722.463 5 2.94549 -47.2037 132.153
51 515.644 722.881 5 2.68432 -48.7453 166.005
52 515.371 723.3 5 2.49705 -45.6364 23.5988
53 515.098 723.719 5 2.40103 -43.3293 -73.4283
54 514.825 724.138 5 2.4072 -250 0
55 517.156 721.48 5 3.73444 -49.0271 -12.7829
56 516.883 721.898 5 3.31296 -49.1932 114.132
57 516.61 722.317 5 2.91639 -46.9231 -139.299
58 516.336 722.736 5 2.55637 -49.4682 -171.931
59 516.063 723.155 5 2.25049 -43.4724 -38.9329
60 515.79 723.573 5 2.02345 -48.0106 -78.1011
61 515.517 723.992 5 1.90369 -40.9223 -110.516
62 515.243 724.411 5 1.91146 -250 0
63 517.575 721.753 5 3.50786 -60.0446 142.304
64 517.302 722.172 5 3.05529 -48.8784 -171.516
65 517.028 722.59 5 2.62001 -50.3301 -78.6327
66 516.755 723.009 5 2.21227 -44.4597 101.584
67 516.482 723.428 5 1.85035 -45.8535 20.0765
68 516.209 723.847 5 1.56635 -41.6993 142.038
69 515.935 724.265 5 1.40824 -41.4332 -116.911
70 515.662 724.684 5 1.41873 -54.1936 -97.8096
71 517.994 722.026 5 3.34129 -52.349 47.727
72 517.72 722.445 5 2.8625 -52.5587 15.2459
73 517.447 722.864 5 2.3924 -50.8636 -87.4362
74 517.174 723.282 5 1.93732 -45.3192 138.099
75 516.901 723.701 5 1.51093 -43.3531 -60.8694
76 516.627 724.12 5 1.14567 -44.5302 -78.7414
77 516.354 724.539 5 0.917736 -39.0239 -131.385
78 516.081 724.957 5 0.933761 -36.7764 179.885
