1 509.951 714.045 5 12.1563 -106.167 -150.249
2 510.37 714.318 5 11.665 -107.801 -148.549
3 510.79 714.59 5 11.1744 -105.301 171.013
4 511.209 714.862 5 10.6848 -105.686 163.266
5 511.628 715.135 5 10.1961 -118.955 119.312
6 512.048 715.407 5 9.7086 -114.481 -55.3638
7 512.467 715.679 5 9.22243 -110.96 -173.736
8 512.886 715.952 5 8.73783 -95.1302 -162.729
9 513.306 716.224 5 8.25506 -93.964 -177.978
10 513.725 716.496 5 7.77447 -110.794 154.74
11 514.144 716.769 5 7.2965 -94.8586 173.911
12 514.564 717.041 5 6.82167 -250 0
13 514.983 717.313 5 6.35072 -250 0
14 509.679 714.465 5 12.0754 -116.713 -32.2469
15 510.098 714.737 5 11.5806 -111.185 -31.9972
16 510.517 715.009 5 11.0864 -112.122 -36.0422
17 510.937 715.282 5 10.5926 -110.861 -35.8731
18 511.356 715.554 5 10.0995 -110.702 -49.2506
19 511.775 715.826 5 9.6071 -108.584 -51.5849
20 512.195 716.099 5 9.11553 -103.905 -49.6072
21 512.614 716.371 5 8.62492 -102.074 -29.2151
22 513.033 716.643 5 8.13545 -111.91 3.88588
23 513.453 716.916 5 7.64735 -108.314 -70.4177
24 513.872 717.188 5 7.16089 -104.667 -102.96
25 514.291 717.46 5 6.67643 -92.8262 24.5499
26 514.711 717.733 5 6.19445 -84.6665 53.9211
27 509.406 714.884 5 12.0147 -100.48 42.287
28 509.826 715.156 5 11.5174 -125.376 -5.8626
29 510.245 715.429 5 11.0203 -119.093 46.0749
30 510.664 715.701 5 10.5235 -121.049 -0.857055
31 511.084 715.973 5 10.0269 -122.804 13.2666
32 511.503 716.246 5 9.53079 -126.523 -68.7963
33 511.922 716.518 5 9.03506 -102.858 -169.902
34 512.342 716.79 5 8.53983 -113.432 -137.338
35 512.761 717.063 5 8.04519 -99.3568 -24.8627
36 513.18 717.335 5 7.55126 -112.916 6.37552
37 513.6 717.607 5 7.05818 -127.209 -88.4413
38 514.019 717.88 5 6.56615 -108.691 26.1672
39 514.438 718.152 5 6.07542 -112.064 166.138
40 509.134 715.303 5 11.9747 -123.362 -117.362
41 509.553 715.576 5 11.4756 -117.029 -68.76
42 509.973 715.848 5 10.9766 -90.9084 -71.468
43 510.392 716.12 5 10.4777 -100.858 -159.856
44 510.811 716.393 5 9.97893 -114.437 -161.218
45 511.231 716.665 5 9.48027 -118.606 -176.6
46 511.65 716.937 5 8.98175 -111.21 -128.746
47 512.069 717.21 5 8.48341 -116.028 84.4814
48 512.489 717.482 5 7.98528 -118.285 65.8944
49 512.908 717.754 5 7.48739 -107.297 -5.14694
50 513.327 718.027 5 6.98981 -97.8577 -110.696
51 513.747 718.299 5 6.4926 -89.2563 112.461
52 514.166 718.571 5 5.99585 -83.5965 -89.4365
53 508.862 715.723 5 11.9555 -103.041 22.4734
54 509.281 715.995 5 11.4555 -112.263 57.3271
55 509.7 716.267 5 10.9556 -118.739 9.40351
56 510.12 716.54 5 10.4557 -127.695 -86.3488
57 510.539 716.812 5 9.95583 -93.9719 -44.7961
58 510.958 717.084 5 9.45595 -116.579 151.314
59 511.378 717.357 5 8.95608 -112.508 144.546
60 511.797 717.629 5 8.45623 -111.317 71.7499
61 512.216 717.901 5 7.95639 -93.8015 3.35469
62 512.636 718.174 5 7.45658 -93.7642 114.302
63 513.055 718.446 5 6.95679 -82.7329 -47.5521
64 513.474 718.718 5 6.45704 -110.096 -0.76595
65 513.894 718.991 5 5.95733 -127.804 122.26
66 508.589 716.142 5 11.9571 -113.646 -44.994
67 509.009 716.414 5 11.4573 -109.551 31.5007
68 509.428 716.687 5 10.9574 -98.9371 -10.5087
69 509.847 716.959 5 10.4576 -118.107 -84.3881
70 510.267 717.231 5 9.95782 -108.775 -142.987
71 510.686 717.504 5 9.45804 -112.075 160.132
72 511.105 717.776 5 8.95829 -96.8465 9.6075
73 511.525 718.048 5 8.45856 -94.2015 157.969
74 511.944 718.321 5 7.95887 -84.7677 -52.3445
75 512.363 718.593 5 7.45923 -87.208 112.26
76 512.783 718.865 5 6.95963 -126.174 137.367
77 513.202 719.138 5 6.4601 -122.924 10.7418
78 513.621 719.41 5 5.96064 -126.522 24.1852
79 510.414 717.923 5 9.48652 -96.6668 154.052
80 510.833 718.195 5 8.98835 -87.3843 -18.8288
81 511.672 718.74 5 7.9927 -123.74 -70.1326
82 512.091 719.012 5 7.49531 -120.561 -155.322
83 512.51 719.285 5 6.99829 -127.968 31.5935
84 512.93 719.557 5 6.50172 -128.08 144.2
85 513.349 719.829 5 6.00573 -121.727 -128.958
86 510.141 718.342 5 9.54115 -97.809 -136.71
87 510.561 718.615 5 9.04599 -98.8278 34.4102
88 511.399 719.159 5 8.05747 -152.736 25.1267
89 511.819 719.432 5 7.56433 -100.799 -164.835
90 512.238 719.704 5 7.07217 -135.98 21.9194
91 512.657 719.976 5 6.58118 -122.968 -57.178
92 513.077 720.249 5 6.09166 -118.343 74.9568
93 509.869 718.762 5 9.62149 -151.666 -80.7681
94 510.288 719.034 5 9.13069 -184.944 -58.5545
95 511.127 719.579 5 8.15244 -125.597 16.9932
96 511.546 719.851 5 7.66542 -168.487 -110.188
97 511.966 720.123 5 7.18019 -137.276 -54.5377
98 512.385 720.396 5 6.69712 -180.559 -73.6348
99 512.804 720.668 5 6.21674 -250 0
100 509.597 719.181 5 9.7269 -109.824 -125.597
101 510.016 719.453 5 9.2417 -167.001 -142.507
102 509.324 719.6 5 9.85658 -165.3 5.75779
103 509.744 719.873 5 9.37809 -171.698 -177.298
104 509.052 720.02 5 10.0096 -250 0
105 509.471 720.292 5 9.53877 -250 0
