1 509.951 714.045 5 13.2384 -118.89 99.2703
2 510.37 714.318 5 12.7552 -145.876 -28.3734
3 510.79 714.59 5 12.2734 -148.901 -44.7449
4 511.209 714.862 5 11.7931 -122.733 4.72746
5 511.628 715.135 5 11.3145 -116.746 2.30138
6 512.048 715.407 5 10.8378 -137.253 -144.944
7 512.467 715.679 5 10.3634 -115.166 64.3846
8 512.886 715.952 5 9.89143 -128.37 73.5524
9 513.306 716.224 5 9.42238 -142.903 39.8257
10 513.725 716.496 5 8.95668 -131.301 96.097
11 514.144 716.769 5 8.49487 -127.069 135.956
12 514.564 717.041 5 8.03764 -250 0
13 514.983 717.313 5 7.58581 -250 0
14 509.679 714.465 5 13.121 -138.554 -156.033
15 510.098 714.737 5 12.6334 -141.93 -77.7201
16 510.517 715.009 5 12.1467 -172.648 42.7679
17 510.937 715.282 5 11.6612 -135.165 -145.812
18 511.356 715.554 5 11.177 -147.144 -86.2527
19 511.775 715.826 5 10.6942 -146.222 133.827
20 512.195 716.099 5 10.213 -130.18 107.489
21 512.614 716.371 5 9.73379 -118.83 -127.421
22 513.033 716.643 5 9.25676 -119.049 30.7769
23 513.453 716.916 5 8.78228 -119.375 -47.15
24 513.872 717.188 5 8.31079 -146.333 -104.461
25 514.291 717.46 5 7.84284 -154.97 -85.7055
26 514.711 717.733 5 7.37909 -114.906 -150.615
27 509.406 714.884 5 13.0218 -151.237 123.08
28 509.826 715.156 5 12.5303 -138.356 -70.519
29 510.245 715.429 5 12.0395 -137.332 -73.579
30 510.664 715.701 5 11.5494 -134.472 -54.3804
31 511.084 715.973 5 11.0603 -138.429 -10.7173
32 511.503 716.246 5 10.5722 -118.245 150.96
33 511.922 716.518 5 10.0852 -133.36 -113.404
34 512.342 716.79 5 9.59964 -122.135 -74.6989
35 512.761 717.063 5 9.11559 -122.861 -86.1485
36 513.18 717.335 5 8.63335 -121.744 -104.794
37 513.6 717.607 5 8.15326 -118.898 41.3571
38 514.019 717.88 5 7.67571 -115.344 -3.62848
39 514.438 718.152 5 7.2012 -118.021 161.705
40 509.134 715.303 5 12.9412 -131.808 94.6677
41 509.553 715.576 5 12.4465 -122.518 -179.863
42 509.973 715.848 5 11.9522 -118.384 141.433
43 510.392 716.12 5 11.4585 -121.423 124.337
44 510.811 716.393 5 10.9653 -121.358 97.4942
45 511.231 716.665 5 10.4727 -122.125 63.2691
46 511.65 716.937 5 9.98091 -121.69 29.4648
47 512.069 717.21 5 9.48997 -116.683 7.62221
48 512.489 717.482 5 9.00002 -120.806 -51.522
49 512.908 717.754 5 8.51124 -122.061 -57.4867
50 513.327 718.027 5 8.02384 -119.616 -116.247
51 513.747 718.299 5 7.53809 -117.895 -153.786
52 514.166 718.571 5 7.05434 -123.327 163.288
53 508.862 715.723 5 12.8794 -121.401 -57.7676
54 509.281 715.995 5 12.3823 -121.347 -92.854
55 509.7 716.267 5 11.8854 -116.097 -147.223
56 510.12 716.54 5 11.3887 -118.684 -173.683
57 510.539 716.812 5 10.8924 -112.771 129.743
58 510.958 717.084 5 10.3964 -116.257 107.894
59 511.378 717.357 5 9.90076 -119.51 56.4926
60 511.797 717.629 5 9.40563 -119.162 -13.9397
61 512.216 717.901 5 8.91104 -117.186 -60.8772
62 512.636 718.174 5 8.4171 -120.933 -98.7925
63 513.055 718.446 5 7.92391 -117.267 -121.345
64 513.474 718.718 5 7.43163 -118.24 74.364
65 513.894 718.991 5 6.94046 -115.947 -145.514
66 508.589 716.142 5 12.8369 -119.81 -112.585
67 509.009 716.414 5 12.338 -112.864 -72.1695
68 509.428 716.687 5 11.8393 -115.236 -111.737
69 509.847 716.959 5 11.3406 -118.819 170.877
70 510.267 717.231 5 10.842 -115.235 130.605
71 510.686 717.504 5 10.3436 -115.429 84.8084
72 511.105 717.776 5 9.84537 -115.706 -1.84095
73 511.525 718.048 5 9.34731 -118.86 -5.53258
74 511.944 718.321 5 8.84946 -130.726 17.4714
75 512.363 718.593 5 8.35188 -130.165 -8.81793
76 512.783 718.865 5 7.8546 -122.815 -138.441
77 513.202 719.138 5 7.35769 -146.028 48.8433
78 513.621 719.41 5 6.86122 -140.804 -38.6422
79 510.414 717.923 5 10.3149 -125.383 -161.531
80 510.833 718.195 5 9.81518 -127.75 7.14956
81 511.672 718.74 5 8.81586 -131.355 103.892
82 512.091 719.012 5 8.31626 -122.561 -19.4905
83 512.51 719.285 5 7.81672 -132.721 -161.104
84 512.93 719.557 5 7.31723 -116.28 -138.333
85 513.349 719.829 5 6.81783 -124.207 -82.2611
86 510.141 718.342 5 10.3103 -134.292 168.379
87 510.561 718.615 5 9.81041 -154.991 121.464
88 511.399 719.159 5 8.81055 -125.948 125.715
89 511.819 719.432 5 8.31063 -121.568 -49.7204
90 512.238 719.704 5 7.81072 -132.465 -96.4295
91 512.657 719.976 5 7.31083 -138.908 -32.0955
92 513.077 720.249 5 6.81095 -157.411 27.6995
93 509.869 718.762 5 10.33 -130.23 -132.224
94 510.288 719.034 5 9.83109 -167.748 158.768
95 511.127 719.579 5 8.83358 -121.128 52.3011
96 511.546 719.851 5 8.33504 -174.397 -149.368
97 511.966 720.123 5 7.83669 -117.981 -129.087
98 512.385 720.396 5 7.33857 -171.103 173.955
99 512.804 720.668 5 6.84072 -250 0
100 509.597 719.181 5 10.3738 -250 0
101 510.016 719.453 5 9.87708 -166.449 -15.844
102 509.324 719.6 5 10.4414 -250 0
103 509.744 719.873 5 9.94802 -250 0
104 509.052 720.02 5 10.5323 -250 0
105 509.471 720.292 5 10.0434 -250 0
