1 509.951 714.045 5 12.4779 -102.644 -141.4
2 510.37 714.318 5 11.9993 -102.608 166.308
3 510.79 714.59 5 11.5224 -106.27 165.414
4 511.209 714.862 5 11.0476 -110.201 -33.6207
5 511.628 715.135 5 10.5751 -115.2 -157.027
6 512.048 715.407 5 10.1052 -98.1193 -70.5501
7 512.467 715.679 5 9.6384 -95.5527 -18.0247
8 512.886 715.952 5 9.17508 -119.902 93.1504
9 513.306 716.224 5 8.71581 -111.537 -127.105
10 513.725 716.496 5 8.26127 -98.3698 98.1368
11 514.144 716.769 5 7.8123 -102.669 25.1961
12 514.564 717.041 5 7.36989 -250 0
13 514.983 717.313 5 6.93531 -250 0
14 509.679 714.465 5 12.3456 -118.036 -90.6257
15 510.098 714.737 5 11.8616 -105.627 -172.043
16 510.517 715.009 5 11.3789 -117.649 -110.275
17 510.937 715.282 5 10.8979 -108.912 -132.518
18 511.356 715.554 5 10.4186 -107.82 -14.2639
19 511.775 715.826 5 9.94135 -101.023 -12.4158
20 512.195 716.099 5 9.46645 -115.484 26.7424
21 512.614 716.371 5 8.99427 -100.821 178.115
22 513.033 716.643 5 8.52527 -107.897 -107.589
23 513.453 716.916 5 8.06 -110.973 -138.241
24 513.872 717.188 5 7.59913 -103.189 -104.147
25 514.291 717.46 5 7.14354 -97.3513 144.388
26 514.711 717.733 5 6.69428 -98.0153 105.142
27 509.406 714.884 5 12.2323 -128.519 -76.365
28 509.826 715.156 5 11.7436 -116.376 161.377
29 510.245 715.429 5 11.2559 -112.933 -94.2059
30 510.664 715.701 5 10.7693 -114.488 -50.3481
31 511.084 715.973 5 10.2841 -113.675 -90.3514
32 511.503 716.246 5 9.80027 -114.672 93.5506
33 511.922 716.518 5 9.31818 -115.91 -142.069
34 512.342 716.79 5 8.83809 -115.778 -83.0444
35 512.761 717.063 5 8.36033 -109.589 92.3508
36 513.18 717.335 5 7.88533 -99.5065 151.763
37 513.6 717.607 5 7.41362 -99.2427 38.0849
38 514.019 717.88 5 6.94586 -107.828 93.9348
39 514.438 718.152 5 6.48293 -105.202 80.5138
40 509.134 715.303 5 12.1385 -124.648 -28.9302
41 509.553 715.576 5 11.6459 -119.029 -161.395
42 509.973 715.848 5 11.1539 -117.079 -5.81698
43 510.392 716.12 5 10.6627 -115.763 31.3727
44 510.811 716.393 5 10.1724 -115.41 -18.4321
45 511.231 716.665 5 9.68298 -114.711 -141.178
46 511.65 716.937 5 9.19475 -125.099 77.9536
47 512.069 717.21 5 8.70785 -144.325 -46.3144
48 512.489 717.482 5 8.22253 -129.984 83.8691
49 512.908 717.754 5 7.73908 -102.99 114.698
50 513.327 718.027 5 7.25787 -110.279 173.596
51 513.747 718.299 5 6.77937 -103.966 16.8858
52 514.166 718.571 5 6.30422 -103.968 20.3422
53 508.862 715.723 5 12.0648 -118.239 33.2304
54 509.281 715.995 5 11.569 -120.135 -110.658
55 509.7 716.267 5 11.0736 -116.56 6.48879
56 510.12 716.54 5 10.5787 -121.626 38.8296
57 510.539 716.812 5 10.0842 -125.083 -170.006
58 510.958 717.084 5 9.59036 -128.149 -77.1844
59 511.378 717.357 5 9.09716 -136.371 -75.2574
60 511.797 717.629 5 8.60474 -121.472 -95.133
61 512.216 717.901 5 8.11326 -106.239 -94.2537
62 512.636 718.174 5 7.62287 -96.2009 -27.101
63 513.055 718.446 5 7.13383 -108.438 111.037
64 513.474 718.718 5 6.64641 -102.62 -136.867
65 513.894 718.991 5 6.16101 -99.8844 -41.0734
66 508.589 716.142 5 12.0114 -138.584 -115.056
67 509.009 716.414 5 11.5133 -138.207 -101.399
68 509.428 716.687 5 11.0154 -111.331 7.07891
69 509.847 716.959 5 10.5178 -129.742 103.356
70 510.267 717.231 5 10.0203 -102.173 -148.292
71 510.686 717.504 5 9.52312 -101.873 132.626
72 511.105 717.776 5 9.02625 -104.141 147.319
73 511.525 718.048 5 8.52974 -104.418 -2.37467
74 511.944 718.321 5 8.03367 -105.027 121.701
75 512.363 718.593 5 7.53811 -84.4478 119.546
76 512.783 718.865 5 7.04318 -104.459 3.92322
77 513.202 719.138 5 6.54902 -100.837 32.4866
78 513.621 719.41 5 6.05582 -103.737 65.8839
79 510.414 717.923 5 9.48181 -102.621 20.9308
80 510.833 718.195 5 8.98266 -100.156 -153.196
81 511.672 718.74 5 7.98465 -107.193 -18.1392
82 512.091 719.012 5 7.48585 -101.953 81.5183
83 512.51 719.285 5 6.98722 -93.7532 -116.134
84 512.93 719.557 5 6.4888 -94.9127 -24.3718
85 513.349 719.829 5 5.99065 -94.3586 71.318
86 510.141 718.342 5 9.46677 -104.679 36.5207
87 510.561 718.615 5 8.96677 -104.054 -120.256
88 511.399 719.159 5 7.96678 -135.066 178.742
89 511.819 719.432 5 7.46678 -109.986 95.5472
90 512.238 719.704 5 6.96679 -84.8406 118.934
91 512.657 719.976 5 6.4668 -91.7801 -139.813
92 513.077 720.249 5 5.96681 -91.9724 -10.3544
93 509.869 718.762 5 9.47811 -106.598 -137.207
94 510.288 719.034 5 8.97875 -104.965 39.0044
95 511.127 719.579 5 7.98025 -158.762 85.9733
96 511.546 719.851 5 7.48116 -250 0
97 511.966 720.123 5 6.9822 -128.096 -134.426
98 512.385 720.396 5 6.48339 -107.582 16.7456
99 512.804 720.668 5 5.98478 -250 0
100 509.597 719.181 5 9.51575 -113.826 -158.193
101 510.016 719.453 5 9.01847 -111.904 75.2346
102 509.324 719.6 5 9.57937 -128.434 -30.1403
103 509.744 719.873 5 9.08557 -250 0
104 509.052 720.02 5 9.66847 -250 0
105 509.471 720.292 5 9.17946 -250 0
