1 505.473 717.831 5 14.0654 -168.398 -154.198
2 505.747 717.412 5 13.9514 -250 0
3 506.02 716.994 5 13.8545 -250 0
4 506.294 716.575 5 13.775 -250 0
5 506.567 716.157 5 13.7134 -250 0
6 505.891 718.104 5 13.5812 -183.409 -60.4796
7 506.165 717.686 5 13.463 -195.867 154.977
8 506.439 717.267 5 13.3626 -250 0
9 506.712 716.849 5 13.2802 -250 0
10 506.986 716.43 5 13.2163 -250 0
11 506.31 718.378 5 13.0981 -170.927 102.238
12 506.584 717.96 5 12.9756 -208.6 -148.414
13 506.857 717.541 5 12.8714 -187.103 115.622
14 507.131 717.123 5 12.7858 -250 0
15 507.404 716.704 5 12.7194 -250 0
16 506.728 718.652 5 12.6164 -149.684 -89.2699
17 507.002 718.233 5 12.4892 -250 0
18 507.276 717.815 5 12.3808 -250 0
19 507.549 717.396 5 12.2919 -250 0
20 507.823 716.978 5 12.2227 -250 0
21 507.147 718.925 5 12.1362 -250 0
22 507.421 718.507 5 12.0038 -175.249 -167.988
23 507.694 718.088 5 11.8911 -250 0
24 507.968 717.67 5 11.7984 -250 0
25 508.241 717.251 5 11.7264 -250 0
26 507.565 719.199 5 11.6576 -149.522 -139.611
27 507.839 718.78 5 11.5198 -175.902 -56.7525
28 508.113 718.362 5 11.4022 -250 0
29 508.386 717.943 5 11.3056 -250 0
30 508.66 717.525 5 11.2304 -250 0
31 507.984 719.472 5 11.1809 -170.565 -37.6777
32 508.258 719.054 5 11.0371 -170.946 64.7908
33 508.531 718.635 5 10.9144 -250 0
34 508.805 718.217 5 10.8134 -250 0
35 509.078 717.798 5 10.7347 -250 0
36 508.402 719.746 5 10.7063 -160.861 93.6098
37 508.676 719.328 5 10.5561 -171.07 170.729
38 508.95 718.909 5 10.4277 -250 0
39 509.223 718.491 5 10.3219 -250 0
40 509.497 718.072 5 10.2395 -250 0
