1 505.473 717.831 5 14.8666 -120.937 -88.0809
2 505.747 717.412 5 14.6739 -130.008 96.1228
3 506.02 716.994 5 14.4958 -115.26 52.1161
4 506.294 716.575 5 14.3329 -117.387 -9.0245
5 506.567 716.157 5 14.1858 -117.851 61.4463
6 505.891 718.104 5 14.4097 -115.691 147.772
7 506.165 717.686 5 14.2108 -105.362 -169.62
8 506.439 717.267 5 14.0268 -114.384 88.144
9 506.712 716.849 5 13.8584 -133.285 162.338
10 506.986 716.43 5 13.7063 -121.513 -95.5469
11 506.31 718.378 5 13.9558 -111.166 -177.929
12 506.584 717.96 5 13.7503 -102.827 92.3623
13 506.857 717.541 5 13.56 -100.661 122.71
14 507.131 717.123 5 13.3858 -112.131 52.1828
15 507.404 716.704 5 13.2282 -122.404 11.5905
16 506.728 718.652 5 13.5051 -128.349 175.158
17 507.002 718.233 5 13.2926 -108.356 -57.6931
18 507.276 717.815 5 13.0957 -111.635 -132.535
19 507.549 717.396 5 12.9153 -113.984 -152.344
20 507.823 716.978 5 12.7518 -116.673 -145.187
21 507.147 718.925 5 13.058 -100.331 -7.07545
22 507.421 718.507 5 12.8381 -113.01 -157.408
23 507.694 718.088 5 12.6342 -117.139 179.217
24 507.968 717.67 5 12.447 -118.968 132.501
25 508.241 717.251 5 12.2773 -117.822 116.436
26 507.565 719.199 5 12.6149 -104.191 58.8412
27 507.839 718.78 5 12.3871 -109.287 123.112
28 508.113 718.362 5 12.1756 -113.914 0.0800518
29 508.386 717.943 5 11.9813 -116.562 50.3892
30 508.66 717.525 5 11.8049 -124.616 49.3414
31 507.984 719.472 5 12.1761 -107.407 114.942
32 508.258 719.054 5 11.94 -105.535 126.083
33 508.531 718.635 5 11.7205 -114.942 104.819
34 508.805 718.217 5 11.5184 -116.683 -98.5654
35 509.078 717.798 5 11.3349 -124.999 83.848
36 508.402 719.746 5 11.7423 -102.266 -110.47
37 508.676 719.328 5 11.4973 -114 -169.336
38 508.95 718.909 5 11.2691 -250 0
39 509.223 718.491 5 11.0589 -250 0
40 509.497 718.072 5 10.8676 -250 0
