1 509.951 714.045 5 12.0747 -96.8504 -111.659
2 510.37 714.318 5 11.58 -89.0347 150.871
3 510.79 714.59 5 11.0857 -101.784 -132.626
4 511.209 714.862 5 10.592 -96.3386 120.873
5 511.628 715.135 5 10.0989 -94.3615 36.7503
6 512.048 715.407 5 9.60648 -81.9593 -91.2896
7 512.467 715.679 5 9.11491 -93.5741 -8.58668
8 512.886 715.952 5 8.6243 -78.604 -12.219
9 513.306 716.224 5 8.13484 -73.2645 -39.1327
10 513.725 716.496 5 7.64674 -83.1702 90.3072
11 514.144 716.769 5 7.16028 -82.1196 -48.0045
12 514.564 717.041 5 6.67583 -250 0
13 514.983 717.313 5 6.19384 -250 0
14 509.679 714.465 5 12.0141 -101.923 -91.5494
15 510.098 714.737 5 11.5168 -109.172 37.3915
16 510.517 715.009 5 11.0197 -106.337 6.65431
17 510.937 715.282 5 10.5228 -101.235 20.595
18 511.356 715.554 5 10.0263 -91.361 19.5157
19 511.775 715.826 5 9.53017 -98.3131 100.237
20 512.195 716.099 5 9.03444 -87.1427 -13.0083
21 512.614 716.371 5 8.53921 -98.4197 -156.214
22 513.033 716.643 5 8.04457 -97.4164 -78.7889
23 513.453 716.916 5 7.55064 -96.6702 117.477
24 513.872 717.188 5 7.05756 -80.8576 -106.114
25 514.291 717.46 5 6.56553 -81.1729 -142.27
26 514.711 717.733 5 6.0748 -76.1961 -135.255
27 509.406 714.884 5 11.9741 -71.5372 -173.485
28 509.826 715.156 5 11.475 -94.6892 -120.069
29 510.245 715.429 5 10.976 -92.7338 51.6909
30 510.664 715.701 5 10.4771 -89.1437 -150.617
31 511.084 715.973 5 9.97831 -98.4526 30.3515
32 511.503 716.246 5 9.47964 -90.2901 140.128
33 511.922 716.518 5 8.98113 -93.4672 -64.0502
34 512.342 716.79 5 8.48279 -96.8074 -101.345
35 512.761 717.063 5 7.98465 -75.2332 118.3
36 513.18 717.335 5 7.48677 -91.4923 -1.42662
37 513.6 717.607 5 6.98918 -81.7086 -109.538
38 514.019 717.88 5 6.49197 -86.442 -126.272
39 514.438 718.152 5 5.99523 -103.958 -96.0635
40 509.134 715.303 5 11.9548 -93.3883 -150.77
41 509.553 715.576 5 11.4549 -95.4673 168.116
42 509.973 715.848 5 10.955 -73.4533 -172.409
43 510.392 716.12 5 10.4551 -79.9625 -45.8131
44 510.811 716.393 5 9.95521 -86.1492 -95.9329
45 511.231 716.665 5 9.45532 -95.1419 141.235
46 511.65 716.937 5 8.95545 -94.8208 98.6297
47 512.069 717.21 5 8.4556 -90.5046 86.0293
48 512.489 717.482 5 7.95576 -94.9278 -16.8847
49 512.908 717.754 5 7.45595 -90.5132 146.262
50 513.327 718.027 5 6.95616 -88.4301 151.82
51 513.747 718.299 5 6.45641 -72.0438 18.7411
52 514.166 718.571 5 5.9567 -65.1538 82.6729
53 508.862 715.723 5 11.9565 -84.8925 118.702
54 509.281 715.995 5 11.4566 -87.9533 -57.8214
55 509.7 716.267 5 10.9568 -85.4322 -56.4368
56 510.12 716.54 5 10.457 -84.5137 42.9786
57 510.539 716.812 5 9.95719 -92.8075 -121.566
58 510.958 717.084 5 9.45741 -92.109 -156.702
59 511.378 717.357 5 8.95766 -98.8598 119.277
60 511.797 717.629 5 8.45794 -85.5965 -102.156
61 512.216 717.901 5 7.95825 -90.9872 -109.361
62 512.636 718.174 5 7.4586 -87.9778 89.9914
63 513.055 718.446 5 6.95901 -70.9444 110.732
64 513.474 718.718 5 6.45947 -80.0151 -126.488
65 513.894 718.991 5 5.96002 -94.2195 164.889
66 508.589 716.142 5 11.979 -94.8158 58.367
67 509.009 716.414 5 11.4802 -88.9287 150.331
68 509.428 716.687 5 10.9814 -78.0037 134.126
69 509.847 716.959 5 10.4828 -97.7944 -163.724
70 510.267 717.231 5 9.98425 -92.1912 3.55439
71 510.686 717.504 5 9.48589 -113.308 108.141
72 511.105 717.776 5 8.98772 -77.3414 175.737
73 511.525 718.048 5 8.48977 -96.1864 113.146
74 511.944 718.321 5 7.99207 -66.3185 122.021
75 512.363 718.593 5 7.49468 -88.4088 -177.308
76 512.783 718.865 5 6.99766 -89.2866 -174.092
77 513.202 719.138 5 6.5011 -99.3532 -79.9755
78 513.621 719.41 5 6.00511 -109.676 -60.3488
79 510.414 717.923 5 9.54053 -92.6244 153.391
80 510.833 718.195 5 9.04537 -67.2582 157.911
81 511.672 718.74 5 8.05685 -93.9321 46.837
82 512.091 719.012 5 7.56371 -88.2859 -35.4237
83 512.51 719.285 5 7.07155 -104.901 -44.8394
84 512.93 719.557 5 6.58056 -100.322 -123.279
85 513.349 719.829 5 6.09105 -108.154 -16.0738
86 510.141 718.342 5 9.62087 -77.5951 55.5863
87 510.561 718.615 5 9.13007 -98.7913 139.51
88 511.399 719.159 5 8.15183 -111.462 -60.8587
89 511.819 719.432 5 7.66481 -108.964 -155.93
90 512.238 719.704 5 7.17958 -103.794 -39.3644
91 512.657 719.976 5 6.69652 -100.144 -100.073
92 513.077 720.249 5 6.21614 -105.575 -121.829
93 509.869 718.762 5 9.72629 -107.957 127.586
94 510.288 719.034 5 9.24109 -85.958 -152.871
95 511.127 719.579 5 8.27598 -112.058 59.1559
96 511.546 719.851 5 7.79672 -134.101 -76.2713
97 511.966 720.123 5 7.32024 -111.945 -121.688
98 512.385 720.396 5 6.84711 -110 -97.2274
99 512.804 720.668 5 6.37808 -116.834 -33.0813
100 509.597 719.181 5 9.85598 -85.2263 66.225
101 510.016 719.453 5 9.37749 -99.9718 144.073
102 509.324 719.6 5 10.009 -109.874 -135.906
103 509.744 719.873 5 9.53818 -97.1328 -67.6406
104 509.052 720.02 5 10.1843 -108.048 -71.7205
105 509.471 720.292 5 9.72195 -107.033 96.6822
