1 505.473 717.831 5 13.6795 -93.871 -12.9592
2 505.747 717.412 5 13.6659 -96.1658 60.8003
3 506.02 716.994 5 13.6707 -124.218 124.093
4 506.294 716.575 5 13.6937 -124.665 73.1039
5 506.567 716.157 5 13.7349 -111.606 70.3626
6 505.891 718.104 5 13.18 -112.082 -83.6023
7 506.165 717.686 5 13.1659 -95.0761 59.0972
8 506.439 717.267 5 13.1709 -99.066 48.1564
9 506.712 716.849 5 13.1948 -100.271 -92.7441
10 506.986 716.43 5 13.2375 -115.015 -78.2791
11 506.31 718.378 5 12.6806 -114.042 -21.5873
12 506.584 717.96 5 12.666 -107.912 77.1422
13 506.857 717.541 5 12.6711 -101.337 26.8607
14 507.131 717.123 5 12.6959 -101.997 -95.2431
15 507.404 716.704 5 12.7403 -106.808 -70.4166
16 506.728 718.652 5 12.1812 -116.52 -100.496
17 507.002 718.233 5 12.166 -123.327 82.8091
18 507.276 717.815 5 12.1713 -107.764 -75.4393
19 507.549 717.396 5 12.1972 -108.469 99.8132
20 507.823 716.978 5 12.2434 -107.726 -75.8767
21 507.147 718.925 5 11.6819 -131.97 -146.769
22 507.421 718.507 5 11.666 -125.91 -92.3815
23 507.694 718.088 5 11.6716 -124.957 -176.221
24 507.968 717.67 5 11.6985 -98.757 170.312
25 508.241 717.251 5 11.7467 -106.987 -97.6755
26 507.565 719.199 5 11.1826 -157.094 149.859
27 507.839 718.78 5 11.166 -124.335 -36.3527
28 508.113 718.362 5 11.1719 -123.304 73.5327
29 508.386 717.943 5 11.2 -106.854 107.847
30 508.66 717.525 5 11.2503 -97.9411 -25.3382
31 507.984 719.472 5 10.6834 -145.113 52.5788
32 508.258 719.054 5 10.6661 -128.02 106.249
33 508.531 718.635 5 10.6722 -131.541 -157.58
34 508.805 718.217 5 10.7016 -182.502 -162.509
35 509.078 717.798 5 10.7543 -101.852 -57.7936
36 508.402 719.746 5 10.1843 -142.515 -25.9077
37 508.676 719.328 5 10.1661 -135.438 167.654
38 508.95 718.909 5 10.1725 -250 0
39 509.223 718.491 5 10.2034 -250 0
40 509.497 718.072 5 10.2586 -250 0
