1 505.473 717.831 5 14.1941 -95.8673 -117.645
2 505.747 717.412 5 14.0633 -117.827 -86.2086
3 506.02 716.994 5 13.9493 -124.746 -1.84485
4 506.294 716.575 5 13.8523 -104.974 -154.121
5 506.567 716.157 5 13.7729 -121.583 158.416
6 505.891 718.104 5 13.7145 -97.0945 -33.2457
7 506.165 717.686 5 13.5791 -115.422 157.66
8 506.439 717.267 5 13.461 -114.393 78.0906
9 506.712 716.849 5 13.3605 -118.607 -119.253
10 506.986 716.43 5 13.2781 -118.917 -94.9564
11 506.31 718.378 5 13.2364 -108.934 -47.9628
12 506.584 717.96 5 13.0961 -97.5886 13.7038
13 506.857 717.541 5 12.9735 -115.488 93.7134
14 507.131 717.123 5 12.8693 -117.464 -170.14
15 507.404 716.704 5 12.7837 -111.749 62.8802
16 506.728 718.652 5 12.76 -128.006 -99.7341
17 507.002 718.233 5 12.6144 -100.513 39.4228
18 507.276 717.815 5 12.4871 -117.25 -30.8095
19 507.549 717.396 5 12.3787 -110.586 137.383
20 507.823 716.978 5 12.2898 -110.176 -31.5305
21 507.147 718.925 5 12.2854 -119.402 -12.9666
22 507.421 718.507 5 12.1341 -111.841 59.7372
23 507.694 718.088 5 12.0018 -95.7337 24.5585
24 507.968 717.67 5 11.889 -111.913 29.075
25 508.241 717.251 5 11.7963 -108.706 163.601
26 507.565 719.199 5 11.813 -121.906 114.539
27 507.839 718.78 5 11.6556 -122.352 69.9303
28 508.113 718.362 5 11.5177 -101.304 -17.008
29 508.386 717.943 5 11.4001 -104.177 -102.731
30 508.66 717.525 5 11.3035 -111.952 -76.8191
31 507.984 719.472 5 11.3429 -132.351 53.3018
32 508.258 719.054 5 11.1789 -113.799 -23.4917
33 508.531 718.635 5 11.0351 -109.57 -177.988
34 508.805 718.217 5 10.9123 -106.787 112.821
35 509.078 717.798 5 10.8113 -124.709 -47.1995
36 508.402 719.746 5 10.8755 -129.121 -25.0689
37 508.676 719.328 5 10.7043 -112.577 1.38724
38 508.95 718.909 5 10.554 -250 0
39 509.223 718.491 5 10.4256 -250 0
40 509.497 718.072 5 10.3198 -250 0
