1 505.473 717.831 5 14.4998 -122.906 121.475
2 505.747 717.412 5 14.337 -123.518 69.5847
3 506.02 716.994 5 14.19 -132.047 10.1724
4 506.294 716.575 5 14.0592 -128.344 -68.3438
5 506.567 716.157 5 13.9451 -155.837 18.2955
6 505.891 718.104 5 14.0308 -137.656 -178.257
7 506.165 717.686 5 13.8625 -128.326 -40.4712
8 506.439 717.267 5 13.7104 -121.912 -150.75
9 506.712 716.849 5 13.575 -131.351 -41.8788
10 506.986 716.43 5 13.4568 -127.521 49.936
11 506.31 718.378 5 13.564 -129.846 34.986
12 506.584 717.96 5 13.3899 -125.475 -67.1495
13 506.857 717.541 5 13.2323 -130.042 -171.45
14 507.131 717.123 5 13.0919 -125.99 -27.3737
15 507.404 716.704 5 12.9694 -124.063 -169.943
16 506.728 718.652 5 13.0997 -132.477 12.646
17 507.002 718.233 5 12.9193 -107.671 159.247
18 507.276 717.815 5 12.7559 -129.091 59.9932
19 507.549 717.396 5 12.6102 -119.744 -123.972
20 507.823 716.978 5 12.4829 -119.575 44.8526
21 507.147 718.925 5 12.6381 -143.285 90.3561
22 507.421 718.507 5 12.451 -126.552 7.2226
23 507.694 718.088 5 12.2814 -111.204 130.204
24 507.968 717.67 5 12.13 -121.453 119.116
25 508.241 717.251 5 11.9976 -117.219 -94.4994
26 507.565 719.199 5 12.1795 -142.473 83.4303
27 507.839 718.78 5 11.9853 -131.509 -109.673
28 508.113 718.362 5 11.809 -116.019 64.4652
29 508.386 717.943 5 11.6515 -120.176 4.85377
30 508.66 717.525 5 11.5136 -130.874 -36.7089
31 507.984 719.472 5 11.7243 -131.547 -130.234
32 508.258 719.054 5 11.5224 -112.948 128.934
33 508.531 718.635 5 11.3389 -112.832 -103.603
34 508.805 718.217 5 11.1748 -107.548 161.041
35 509.078 717.798 5 11.0309 -113.996 -22.3173
36 508.402 719.746 5 11.273 -118.257 81.8583
37 508.676 719.328 5 11.0628 -107.233 160.448
38 508.95 718.909 5 10.8715 -250 0
39 509.223 718.491 5 10.7003 -250 0
40 509.497 718.072 5 10.5499 -250 0
