1 514.644 719.84 5 5.11449 -78.8102 95.3891
2 514.371 720.259 5 5.29266 -80.3479 134.809
3 514.097 720.678 5 5.51057 -78.8489 -72.5208
4 513.824 721.096 5 5.76374 -81.3919 123.782
5 513.551 721.515 5 6.04772 -94.7344 150.67
6 513.278 721.934 5 6.35839 -87.0691 -98.0448
7 513.004 722.353 5 6.69203 -76.9682 54.1135
8 512.731 722.771 5 7.04539 -87.7496 178.69
9 512.458 723.19 5 7.41564 -92.9619 70.7646
10 512.185 723.609 5 7.80038 -72.5639 85.2826
11 515.063 720.113 5 4.64237 -87.5571 -67.4585
12 514.789 720.532 5 4.83796 -84.768 92.1276
13 514.516 720.951 5 5.07544 -82.2378 171.343
14 514.243 721.37 5 5.34923 -79.3071 -5.75587
15 513.97 721.788 5 5.65407 -88.3348 19.685
16 513.696 722.207 5 5.98521 -84.1779 -127.46
17 513.423 722.626 5 6.33853 -95.5121 65.0521
18 513.15 723.045 5 6.71053 -72.5675 -78.7549
19 512.877 723.463 5 7.09827 -68.4548 -15.347
20 512.603 723.882 5 7.49931 -73.6961 -28.7346
21 515.481 720.387 5 4.17675 -81.6996 164.82
22 515.208 720.805 5 4.39311 -101.313 133.279
23 514.935 721.224 5 4.65335 -86.9049 146.458
24 514.662 721.643 5 4.95054 -84.621 159.643
25 514.388 722.062 5 5.27846 -88.563 -80.6448
26 514.115 722.48 5 5.63173 -84.1419 -52.4055
27 513.842 722.899 5 6.00588 -72.2885 160.268
28 513.568 723.318 5 6.39725 -69.7856 -163.58
29 513.295 723.737 5 6.80287 -73.1294 -168.978
30 513.022 724.155 5 7.22033 -96.6035 84.624
31 515.9 720.66 5 3.72006 -101.202 -32.167
32 515.627 721.079 5 3.96145 -85.1391 -38.2033
33 515.353 721.497 5 4.24821 -84.408 -31.5331
34 515.08 721.916 5 4.57182 -87.719 36.108
35 514.807 722.335 5 4.92501 -89.4686 -174.409
36 514.534 722.754 5 5.30188 -72.4618 24.8978
37 514.26 723.172 5 5.69773 -67.7717 61.3979
38 513.987 723.591 5 6.10888 -73.0559 36.849
39 516.319 720.933 5 3.27604 -88.7046 -50.153
40 516.045 721.352 5 3.54777 -93.2681 39.154
41 515.772 721.771 5 3.86535 -82.265 84.7891
42 515.499 722.189 5 4.21843 -93.0566 82.7973
43 515.226 722.608 5 4.59884 -74.7164 -89.9595
44 514.952 723.027 5 5.00036 -70.2271 -52.2368
45 514.679 723.446 5 5.41828 -74.9869 -127.327
46 514.406 723.864 5 5.8491 -250 0
47 516.737 721.206 5 2.85063 -87.9 31.6523
48 516.464 721.625 5 3.15916 -77.8255 -36.0832
49 516.191 722.044 5 3.51205 -81.5288 -84.0272
50 515.918 722.463 5 3.89727 -69.3756 165.909
51 515.644 722.881 5 4.30615 -67.6524 -164.15
52 515.371 723.3 5 4.73257 -78.8079 104.153
53 515.098 723.719 5 5.17218 -74.7921 -19.6944
54 514.825 724.138 5 5.62189 -250 0
55 517.156 721.48 5 2.45351 -87.1142 76.98
56 516.883 721.898 5 2.80605 -87.3244 117.218
57 516.61 722.317 5 3.19815 -68.5608 35.353
58 516.336 722.736 5 3.61695 -66.1723 34.991
59 516.063 723.155 5 4.05421 -73.0222 -80.2621
60 515.79 723.573 5 4.50453 -82.5298 -99.6319
61 515.517 723.992 5 4.96438 -79.8544 40.115
62 515.243 724.411 5 5.43132 -250 0
63 517.575 721.753 5 2.10079 -80.1907 -66.2564
64 517.302 722.172 5 2.5035 -68.85 -72.9247
65 517.028 722.59 5 2.93628 -66.4254 -99.9428
66 516.755 723.009 5 3.38762 -70.7288 113.733
67 516.482 723.428 5 3.851 -82.0075 -59.2
68 516.209 723.847 5 4.32255 -81.5357 -23.7993
69 515.935 724.265 5 4.79986 -77.6916 32.6117
70 515.662 724.684 5 5.28137 -79.2906 62.2053
71 517.994 722.026 5 1.8185 -63.2011 173.983
72 517.72 722.445 5 2.27182 -64.0325 117.82
73 517.447 722.864 5 2.74142 -76.8228 155.12
74 517.174 723.282 5 3.22019 -76.5624 -117.709
75 516.901 723.701 5 3.70457 -81.8387 -147.807
76 516.627 724.12 5 4.19262 -86.1857 151.833
77 516.354 724.539 5 4.68319 -92.1087 76.0759
78 516.081 724.957 5 5.17557 -82.5127 163.611
