1 509.951 714.045 5 14.2049 -120.815 91.9138
2 510.37 714.318 5 13.7571 -145.78 -8.59322
3 510.79 714.59 5 13.313 -152.102 -46.0062
4 511.209 714.862 5 12.873 -126.238 0.376672
5 511.628 715.135 5 12.4376 -114.763 15.4756
6 512.048 715.407 5 12.0072 -140.587 -152.125
7 512.467 715.679 5 11.5823 -119.948 78.405
8 512.886 715.952 5 11.1637 -148.147 79.0212
9 513.306 716.224 5 10.7521 -147.844 25.2959
10 513.725 716.496 5 10.3482 -142.478 29.9545
11 514.144 716.769 5 9.95313 -147.868 -85.2464
12 514.564 717.041 5 9.56783 -250 0
13 514.983 717.313 5 9.19357 -250 0
14 509.679 714.465 5 13.9932 -142.354 -161.034
15 510.098 714.737 5 13.5384 -145.092 -83.0738
16 510.517 715.009 5 13.0869 -142.543 -15.4098
17 510.937 715.282 5 12.6391 -138.137 -150.491
18 511.356 715.554 5 12.1953 -135.89 -81.2607
19 511.775 715.826 5 11.756 -144.793 172
20 512.195 716.099 5 11.3218 -150.671 120.468
21 512.614 716.371 5 10.8932 -112.216 -112.923
22 513.033 716.643 5 10.4709 -119.323 67.3464
23 513.453 716.916 5 10.0557 -116.205 -31.4908
24 513.872 717.188 5 9.64864 -146.848 -43.3579
25 514.291 717.46 5 9.25067 -153.291 -116.317
26 514.711 717.733 5 8.86303 -122.079 -122.344
27 509.406 714.884 5 13.7965 -157.007 -129.796
28 509.826 715.156 5 13.335 -141.579 -75.7624
29 510.245 715.429 5 12.8763 -141.261 -80.5144
30 510.664 715.701 5 12.4209 -139.735 -48.5188
31 511.084 715.973 5 11.969 -142.44 4.52663
32 511.503 716.246 5 11.5211 -142.477 -56.2594
33 511.922 716.518 5 11.0776 -133.948 -118.606
34 512.342 716.79 5 10.6392 -122.266 -53.0597
35 512.761 717.063 5 10.2064 -122.948 -47.5593
36 513.18 717.335 5 9.78005 -119.776 -109.673
37 513.6 717.607 5 9.36098 -117.661 134.986
38 514.019 717.88 5 8.95022 -115.16 -114.512
39 514.438 718.152 5 8.54897 -120.514 141.15
40 509.134 715.303 5 13.6152 -135.544 90.5471
41 509.553 715.576 5 13.1473 -128.157 -158.855
42 509.973 715.848 5 12.6819 -129.15 158.232
43 510.392 716.12 5 12.2192 -128.158 134.259
44 510.811 716.393 5 11.7596 -126.889 110.485
45 511.231 716.665 5 11.3034 -125.495 81.8541
46 511.65 716.937 5 10.8511 -121.597 60.5545
47 512.069 717.21 5 10.4031 -120.847 25.5918
48 512.489 717.482 5 9.96004 -124.082 15.1623
49 512.908 717.754 5 9.52265 -118.565 -72.5659
50 513.327 718.027 5 9.09172 -117.527 -123.841
51 513.747 718.299 5 8.66822 -118.84 -173.651
52 514.166 718.571 5 8.25327 -116.654 113.041
53 508.862 715.723 5 13.4501 -127.357 -36.468
54 509.281 715.995 5 12.9763 -126.623 -75.9245
55 509.7 716.267 5 12.5045 -125.878 -137.919
56 510.12 716.54 5 12.035 -124.371 -169.437
57 510.539 716.812 5 11.5681 -123.422 114.81
58 510.958 717.084 5 11.104 -120.834 91.9193
59 511.378 717.357 5 10.6432 -119.136 75.9514
60 511.797 717.629 5 10.186 -118.481 24.9907
61 512.216 717.901 5 9.73314 -117.228 -41.7264
62 512.636 718.174 5 9.28507 -115.561 -91.4748
63 513.055 718.446 5 8.84257 -119.417 -130.881
64 513.474 718.718 5 8.40652 -151.691 126.823
65 513.894 718.991 5 7.97797 -138.821 -158.047
66 508.589 716.142 5 13.3018 -128.51 -92.8773
67 509.009 716.414 5 12.8225 -121.865 -49.1383
68 509.428 716.687 5 12.3448 -122.845 -88.6127
69 509.847 716.959 5 11.869 -121.854 -151.137
70 510.267 717.231 5 11.3952 -119.565 134.941
71 510.686 717.504 5 10.9238 -119.017 86.4993
72 511.105 717.776 5 10.4551 -117.287 34.5428
73 511.525 718.048 5 9.98934 -118.034 -2.42536
74 511.944 718.321 5 9.52709 -154.826 -17.5049
75 512.363 718.593 5 9.06885 -159.597 -66.3973
76 512.783 718.865 5 8.61525 -153.374 41.1152
77 513.202 719.138 5 8.16707 -144.218 -113.932
78 513.621 719.41 5 7.72526 -145.642 -34.5991
79 510.414 717.923 5 10.7639 -250 0
80 510.833 718.195 5 10.2879 -151.761 -135.571
81 511.672 718.74 5 9.34329 -157.4 17.4032
82 512.091 719.012 5 8.87556 -156.511 38.0555
83 512.51 719.285 5 8.41155 -158.428 173.363
84 512.93 719.557 5 7.9519 -164.987 23.6935
85 513.349 719.829 5 7.49741 -163.692 136.31
86 510.141 718.342 5 10.6251 -250 0
87 510.561 718.615 5 10.1426 -156.095 108.5
88 511.399 719.159 5 9.18306 -163.786 104.714
89 511.819 719.432 5 8.70673 -159.008 41.1632
90 512.238 719.704 5 8.23321 -154.743 22.223
91 512.657 719.976 5 7.763 -152.651 12.054
92 513.077 720.249 5 7.29676 -156.151 10.8487
93 509.869 718.762 5 10.5083 -161.742 -115.121
94 510.288 719.034 5 10.0201 -250 0
95 511.127 719.579 5 9.04766 -250 0
96 511.546 719.851 5 8.5638 -250 0
97 511.966 720.123 5 8.08191 -250 0
98 512.385 720.396 5 7.60235 -250 0
99 512.804 720.668 5 7.12561 -250 0
100 509.597 719.181 5 10.4142 -250 0
101 510.016 719.453 5 9.92143 -250 0
102 509.324 719.6 5 10.3435 -250 0
103 509.744 719.873 5 9.84714 -250 0
104 509.052 720.02 5 10.2966 -250 0
105 509.471 720.292 5 9.79785 -250 0
