1 514.644 719.84 5 6.17139 -63.6766 -131.853
2 514.371 720.259 5 5.89425 -58.4564 -72.0324
3 514.097 720.678 5 5.64786 -56.5999 -76.966
4 513.824 721.096 5 5.4364 -60.8002 88.6899
5 513.551 721.515 5 5.26409 -48.0421 168.567
6 513.278 721.934 5 5.13486 -56.4039 -79.5307
7 513.004 722.353 5 5.05202 -60.056 149.132
8 512.731 722.771 5 5.01788 -55.2073 146.214
9 512.458 723.19 5 5.03341 -71.8732 -23.8788
10 512.185 723.609 5 5.09818 -61.4718 -31.0582
11 515.063 720.113 5 5.77226 -53.802 -74.309
12 514.789 720.532 5 5.47496 -65.4903 104.837
13 514.516 720.951 5 5.20877 -53.5405 104.404
14 514.243 721.37 5 4.9787 -54.215 -14.2332
15 513.97 721.788 5 4.78995 -50.8205 -152.016
16 513.696 722.207 5 4.64756 -46.4586 -78.3716
17 513.423 722.626 5 4.55587 -57.1336 144.634
18 513.15 723.045 5 4.51797 -58.7177 147.485
19 512.877 723.463 5 4.53522 -62.747 113.783
20 512.603 723.882 5 4.607 -61.4348 -113.712
21 515.481 720.387 5 5.38999 -58.0302 -41.0341
22 515.208 720.805 5 5.07032 -76.7439 37.541
23 514.935 721.224 5 4.78167 -62.5406 -126.503
24 514.662 721.643 5 4.52995 -55.4995 -104.732
25 514.388 722.062 5 4.32165 -47.116 79.1714
26 514.115 722.48 5 4.16327 -45.3581 -106.755
27 513.842 722.899 5 4.06066 -57.0242 132.912
28 513.568 723.318 5 4.0181 -57.5665 -130.801
29 513.295 723.737 5 4.03748 -62.3586 -21.6526
30 513.022 724.155 5 4.11794 -67.388 57.4657
31 515.9 720.66 5 5.02842 -51.808 -107.859
32 515.627 721.079 5 4.68414 -48.9392 -163.82
33 515.353 721.497 5 4.37005 -53.8287 42.6389
34 515.08 721.916 5 4.0931 -61.3178 60.4159
35 514.807 722.335 5 3.8613 -48.8611 14.6011
36 514.534 722.754 5 3.68318 -47.0299 -173.197
37 514.26 723.172 5 3.56678 -53.5705 -168.594
38 513.987 723.591 5 3.51825 -66.5559 87.1378
39 516.319 720.933 5 4.69234 -50.585 113.515
40 516.045 721.352 5 4.32136 -48.6617 155.902
41 515.772 721.771 5 3.97873 -47.2922 57.8983
42 515.499 722.189 5 3.67239 -54.2699 -149.81
43 515.226 722.608 5 3.41213 -51.7451 -171.891
44 514.952 723.027 5 3.20917 -48.9716 58.8037
45 514.679 723.446 5 3.07489 -53.3695 154.878
46 514.406 723.864 5 3.01846 -250 0
47 516.737 721.206 5 4.3876 -50.1674 -69.8014
48 516.464 721.625 5 3.98838 -51.1479 9.824
49 516.191 722.044 5 3.61432 -49.8133 28.0983
50 515.918 722.463 5 3.27406 -48.9662 -58.3696
51 515.644 722.881 5 2.9792 -58.5809 74.6522
52 515.371 723.3 5 2.74441 -46.3345 -34.4815
53 515.098 723.719 5 2.58611 -47.7894 117.889
54 514.825 724.138 5 2.51875 -250 0
55 517.156 721.48 5 4.12117 -48.6363 -70.228
56 516.883 721.898 5 3.69326 -49.1542 119.225
57 516.61 722.317 5 3.28578 -46.0398 -134.904
58 516.336 722.736 5 2.90732 -44.775 -114.961
59 516.063 723.155 5 2.57073 -47.4835 173.429
60 515.79 723.573 5 2.29451 -52.2071 169.222
61 515.517 723.992 5 2.1026 -40.7947 38.0441
62 515.243 724.411 5 2.01918 -250 0
63 517.575 721.753 5 3.9009 -56.4721 151.842
64 517.302 722.172 5 3.44575 -48.3246 108.518
65 517.028 722.59 5 3.00488 -47.572 -81.0431
66 516.755 723.009 5 2.58563 -46.921 83.7755
67 516.482 723.428 5 2.20037 -43.1638 132.883
68 516.209 723.847 5 1.87024 -46.1725 23.3912
69 515.935 724.265 5 1.62909 -42.431 -55.4472
70 515.662 724.684 5 1.5199 -40.3304 -55.2479
71 517.994 722.026 5 3.73497 -56.0399 -1.71319
72 517.72 722.445 5 3.25671 -53.5426 -39.9158
73 517.447 722.864 5 2.7861 -54.0206 -102.964
74 517.174 723.282 5 2.32776 -47.9995 61.3934
75 516.901 723.701 5 1.89067 -42.3097 -97.2656
76 516.627 724.12 5 1.49358 -39.8291 9.18217
77 516.354 724.539 5 1.17769 -44.852 -143.297
78 516.081 724.957 5 1.02132 -38.4593 -47.0531
