1 505.473 717.831 5 13.9535 -162.763 12.5573
2 505.747 717.412 5 13.8566 -250 0
3 506.02 716.994 5 13.7771 -250 0
4 506.294 716.575 5 13.7155 -250 0
5 506.567 716.157 5 13.6719 -250 0
6 505.891 718.104 5 13.4651 -169.325 87.7192
7 506.165 717.686 5 13.3647 -183.38 6.83349
8 506.439 717.267 5 13.2823 -191.569 27.5581
9 506.712 716.849 5 13.2184 -250 0
10 506.986 716.43 5 13.1731 -250 0
11 506.31 718.378 5 12.9777 -168.358 -106.364
12 506.584 717.96 5 12.8735 -189.822 -146.153
13 506.857 717.541 5 12.7879 -163.817 -32.1078
14 507.131 717.123 5 12.7215 -250 0
15 507.404 716.704 5 12.6745 -250 0
16 506.728 718.652 5 12.4912 -170.998 60.5656
17 507.002 718.233 5 12.3829 -250 0
18 507.276 717.815 5 12.294 -250 0
19 507.549 717.396 5 12.2249 -250 0
20 507.823 716.978 5 12.1759 -250 0
21 507.147 718.925 5 12.0059 -186.006 -16.4498
22 507.421 718.507 5 11.8932 -166.143 139.482
23 507.694 718.088 5 11.8005 -182.097 1.92231
24 507.968 717.67 5 11.7285 -250 0
25 508.241 717.251 5 11.6775 -250 0
26 507.565 719.199 5 11.5218 -182.391 61.3523
27 507.839 718.78 5 11.4043 -165.083 -122.23
28 508.113 718.362 5 11.3077 -176.004 98.9579
29 508.386 717.943 5 11.2325 -250 0
30 508.66 717.525 5 11.1792 -250 0
31 507.984 719.472 5 11.0392 -181.794 -173.423
32 508.258 719.054 5 10.9165 -170.349 100.586
33 508.531 718.635 5 10.8155 -175.775 -157.547
34 508.805 718.217 5 10.7368 -250 0
35 509.078 717.798 5 10.6811 -250 0
36 508.402 719.746 5 10.5581 -185.549 -41.4196
37 508.676 719.328 5 10.4298 -176.561 100.577
38 508.95 718.909 5 10.324 -250 0
39 509.223 718.491 5 10.2416 -250 0
40 509.497 718.072 5 10.1831 -250 0
