1 514.644 719.84 5 5.74887 -59.2559 -82.7625
2 514.371 720.259 5 5.72384 -55.317 -176.941
3 514.097 720.678 5 5.74239 -57.2569 -13.9164
4 513.824 721.096 5 5.80413 -65.1046 51.7391
5 513.551 721.515 5 5.90768 -58.4795 -138.851
6 513.278 721.934 5 6.0509 -61.6693 -110.178
7 513.004 722.353 5 6.23107 -65.4253 43.5085
8 512.731 722.771 5 6.44508 -64.1203 137.049
9 512.458 723.19 5 6.68968 -87.5511 15.6863
10 512.185 723.609 5 6.96165 -75.7638 -171.306
11 515.063 720.113 5 5.25127 -57.1297 -147.222
12 514.789 720.532 5 5.22385 -59.881 61.0163
13 514.516 720.951 5 5.24418 -57.4024 157.949
14 514.243 721.37 5 5.3117 -63.634 -123.861
15 513.97 721.788 5 5.42466 -58.9406 104.278
16 513.696 722.207 5 5.5803 -61.7836 -51.5538
17 513.423 722.626 5 5.77516 -70.7631 13.5088
18 513.15 723.045 5 6.00544 -76.6002 113.511
19 512.877 723.463 5 6.26722 -83.0502 -28.4226
20 512.603 723.882 5 6.55674 -78.7957 77.7415
21 515.481 720.387 5 4.75417 -62.6301 122.065
22 515.208 720.805 5 4.72386 -55.9105 -50.4103
23 514.935 721.224 5 4.74633 -64.0243 -12.736
24 514.662 721.643 5 4.82083 -58.8175 -36.1521
25 514.388 722.062 5 4.94502 -60.6089 150.745
26 514.115 722.48 5 5.11527 -65.1936 -72.2988
27 513.842 722.899 5 5.32718 -74.4324 -25.7539
28 513.568 723.318 5 5.57598 -81.1518 54.8189
29 513.295 723.737 5 5.85699 -79.3093 -68.9539
30 513.022 724.155 5 6.16581 -82.5833 -56.3536
31 515.9 720.66 5 4.25774 -54.886 26.0511
32 515.627 721.079 5 4.22388 -61.0947 -176.111
33 515.353 721.497 5 4.24899 -62.3916 -168.668
34 515.08 721.916 5 4.33206 -61.8974 35.2806
35 514.807 722.335 5 4.46985 -74.0457 -151.692
36 514.534 722.754 5 4.6575 -68.324 -159.275
37 514.26 723.172 5 4.88928 -79.949 -46.5018
38 513.987 723.591 5 5.15925 -74.8829 -35.8827
39 516.319 720.933 5 3.76227 -52.4169 -53.7548
40 516.045 721.352 5 3.7239 -53.3582 17.069
41 515.772 721.771 5 3.75236 -56.0138 -100.832
42 515.499 722.189 5 3.84617 -67.6302 -30.2556
43 515.226 722.608 5 4.00072 -64.8148 92.3505
44 514.952 723.027 5 4.20935 -69.3108 116.503
45 514.679 723.446 5 4.46446 -71.259 129.611
46 514.406 723.864 5 4.75859 -250 0
47 516.737 721.206 5 3.26817 -58.7959 -168.101
48 516.464 721.625 5 3.22393 -58.3709 114.387
49 516.191 722.044 5 3.25676 -60.0112 -68.4108
50 515.918 722.463 5 3.36442 -63.0394 -12.6009
51 515.644 722.881 5 3.54007 -67.3485 154.146
52 515.371 723.3 5 3.77424 -67.46 7.1501
53 515.098 723.719 5 4.0568 -66.7897 -111.585
54 514.825 724.138 5 4.37841 -250 0
55 517.156 721.48 5 2.77619 -58.2366 -59.1229
56 516.883 721.898 5 2.72397 -57.0559 162.124
57 516.61 722.317 5 2.76275 -72.4195 -100.209
58 516.336 722.736 5 2.88887 -62.2254 71.4776
59 516.063 723.155 5 3.09166 -72.892 -45.8965
60 515.79 723.573 5 3.35725 -62.6779 132.448
61 515.517 723.992 5 3.67205 -72.2696 -69.9621
62 515.243 724.411 5 4.02452 -250 0
63 517.575 721.753 5 2.28769 -62.0532 -13.3838
64 517.302 722.172 5 2.22403 -68.21 100.168
65 517.028 722.59 5 2.27136 -67.9272 32.3805
66 516.755 723.009 5 2.42319 -64.9463 84.4244
67 516.482 723.428 5 2.6617 -68.8437 -70.5333
68 516.209 723.847 5 2.96605 -62.8314 -125.798
69 515.935 724.265 5 3.31817 -65.6901 3.30096
70 515.662 724.684 5 3.70446 -70.7306 11.4359
71 517.994 722.026 5 1.80549 -52.5908 146.059
72 517.72 722.445 5 1.72412 -64.9241 103.482
73 517.447 722.864 5 1.78476 -62.5618 73.256
74 517.174 723.282 5 1.97437 -68.9341 148.719
75 516.901 723.701 5 2.26074 -61.1658 82.6481
76 516.627 724.12 5 2.61223 -71.6533 -70.5549
77 516.354 724.539 5 3.00608 -61.9813 -137.696
78 516.081 724.957 5 3.42772 -61.3861 123.483
