1 514.644 719.84 5 4.98202 -68.7904 -176.116
2 514.371 720.259 5 5.11613 -74.4776 -128.761
3 514.097 720.678 5 5.29424 -73.4041 -7.95676
4 513.824 721.096 5 5.5121 -80.7069 -87.211
5 513.551 721.515 5 5.76519 -75.9752 -131.709
6 513.278 721.934 5 6.0491 -86.3328 131.428
7 513.004 722.353 5 6.35971 -82.3837 -49.4518
8 512.731 722.771 5 6.69329 -74.2408 94.1809
9 512.458 723.19 5 7.04658 -85.6919 -134.333
10 512.185 723.609 5 7.41678 -71.8556 -80.1624
11 515.063 720.113 5 4.49582 -85.5471 50.6226
12 514.789 720.532 5 4.64399 -82.7814 -18.7328
13 514.516 720.951 5 4.83951 -83.3001 20.5115
14 514.243 721.37 5 5.07692 -67.292 132.889
15 513.97 721.788 5 5.35064 -80.8287 -92.3183
16 513.696 722.207 5 5.6554 -81.7579 -18.7372
17 513.423 722.626 5 5.98647 -77.1327 -11.3954
18 513.15 723.045 5 6.33972 -75.6373 91.3897
19 512.877 723.463 5 6.71165 -72.2345 -154.824
20 512.603 723.882 5 7.09933 -70.6779 -151.07
21 515.481 720.387 5 4.01302 -72.0161 147.732
22 515.208 720.805 5 4.17834 -82.689 98.7623
23 514.935 721.224 5 4.39463 -78.8931 -144.115
24 514.662 721.643 5 4.65478 -75.23 -50.4794
25 514.388 722.062 5 4.95189 -81.9246 -130.205
26 514.115 722.48 5 5.27972 -80.9776 -166.901
27 513.842 722.899 5 5.63291 -71.9399 -2.99069
28 513.568 723.318 5 6.00699 -68.2611 53.0508
29 513.295 723.737 5 6.39829 -69.0772 78.5419
30 513.022 724.155 5 6.80385 -85.0097 179.472
31 515.9 720.66 5 3.535 -83.3352 -66.286
32 515.627 721.079 5 3.72162 -75.1322 -51.3381
33 515.353 721.497 5 3.96291 -68.0258 98.1869
34 515.08 721.916 5 4.24957 -76.8131 -77.7902
35 514.807 722.335 5 4.57308 -81.1427 16.2334
36 514.534 722.754 5 4.92619 -72.336 -117.988
37 514.26 723.172 5 5.30298 -68.6842 -91.1972
38 513.987 723.591 5 5.69875 -65.2624 -155.258
39 516.319 720.933 5 3.064 -95.2778 -138.472
40 516.045 721.352 5 3.27755 -81.2391 158.289
41 515.772 721.771 5 3.54916 -84.6907 0.798296
42 515.499 722.189 5 3.86662 -84.1502 -150.956
43 515.226 722.608 5 4.2196 -70.0857 93.9001
44 514.952 723.027 5 4.59992 -70.4122 145.785
45 514.679 723.446 5 5.00134 -70.647 81.0533
46 514.406 723.864 5 5.4192 -250 0
47 516.737 721.206 5 2.60384 -96.4099 -131.897
48 516.464 721.625 5 2.85205 -65.3818 69.8977
49 516.191 722.044 5 3.16045 -86.8383 -48.5943
50 515.918 722.463 5 3.51321 -71.9312 -24.9455
51 515.644 722.881 5 3.89832 -72.0152 69.4699
52 515.371 723.3 5 4.3071 -72.581 -125.097
53 515.098 723.719 5 4.73343 -68.1931 23.4804
54 514.825 724.138 5 5.17297 -250 0
55 517.156 721.48 5 2.16145 -81.3109 156.547
56 516.883 721.898 5 2.45481 -87.4589 -26.2405
57 516.61 722.317 5 2.80719 -67.721 -156.238
58 516.336 722.736 5 3.19915 -60.35 -149.498
59 516.063 723.155 5 3.61784 -67.2422 -17.5802
60 515.79 723.573 5 4.055 -73.2937 174.079
61 515.517 723.992 5 4.50525 -68.6225 -127.702
62 515.243 724.411 5 4.96502 -250 0
63 517.575 721.753 5 1.75036 -64.3614 67.9244
64 517.302 722.172 5 2.1019 -76.6003 109.276
65 517.028 722.59 5 2.50444 -66.994 26.1725
66 516.755 723.009 5 2.93708 -61.2798 109.874
67 516.482 723.428 5 3.38831 -69.8788 -138.092
68 516.209 723.847 5 3.85161 -73.2796 -93.031
69 515.935 724.265 5 4.32309 -79.9493 -25.4882
70 515.662 724.684 5 4.80035 -79.2152 -0.407055
71 517.994 722.026 5 1.39845 -77.096 0.35994
72 517.72 722.445 5 1.81931 -58.0468 83.2833
73 517.447 722.864 5 2.27247 -62.2864 131.558
74 517.174 723.282 5 2.74196 -70.8249 175.845
75 516.901 723.701 5 3.22065 -83.1691 -38.1501
76 516.627 724.12 5 3.70497 -83.5183 36.8133
77 516.354 724.539 5 4.19297 -92.4238 -168.879
78 516.081 724.957 5 4.68351 -88.4741 -66.3598
