1 514.644 719.84 5 5.35281 -54.7539 -41.9535
2 514.371 720.259 5 5.3366 -57.2331 -170.703
3 514.097 720.678 5 5.36713 -61.1292 -1.79013
4 513.824 721.096 5 5.44361 -68.6736 120.068
5 513.551 721.515 5 5.56413 -61.0231 -107.64
6 513.278 721.934 5 5.72594 -57.0107 -120.405
7 513.004 722.353 5 5.92563 -59.1778 45.441
8 512.731 722.771 5 6.15953 -56.8114 129.711
9 512.458 723.19 5 6.42391 -85.0748 111.956
10 512.185 723.609 5 6.71516 -74.8427 161.97
11 515.063 720.113 5 4.85454 -58.7655 -167.569
12 514.789 720.532 5 4.83666 -64.6433 60.713
13 514.516 720.951 5 4.87032 -59.1997 -110.702
14 514.243 721.37 5 4.95447 -65.427 -106.479
15 513.97 721.788 5 5.0866 -58.4468 106.065
16 513.696 722.207 5 5.26311 -57.1076 -89.3727
17 513.423 722.626 5 5.47969 -62.6063 -21.5441
18 513.15 723.045 5 5.73182 -72.7732 56.8532
19 512.877 723.463 5 6.01503 -76.3238 -100.342
20 512.603 723.882 5 6.32513 -79.2366 146.805
21 515.481 720.387 5 4.35666 -56.996 107.206
22 515.208 720.805 5 4.33673 -53.7903 17.7484
23 514.935 721.224 5 4.37424 -62.7178 -82.973
24 514.662 721.643 5 4.46774 -59.7247 -28.7241
25 514.388 722.062 5 4.61384 -56.7112 146.53
26 514.115 722.48 5 4.80773 -63.9505 -103.884
27 513.842 722.899 5 5.04391 -65.8282 -78.8532
28 513.568 723.318 5 5.31674 -75.1294 -42.2492
29 513.295 723.737 5 5.6209 -76.505 -24.3452
30 513.022 724.155 5 5.95157 -75.5315 18.4474
31 515.9 720.66 5 3.85933 -54.3764 40.6774
32 515.627 721.079 5 3.83682 -64.2126 -99.7335
33 515.353 721.497 5 3.87917 -63.2108 -136.22
34 515.08 721.916 5 3.9843 -59.1611 31.8265
35 514.807 722.335 5 4.14746 -58.4039 111.89
36 514.534 722.754 5 4.36213 -65.6397 101.233
37 514.26 723.172 5 4.62114 -75.2418 100.418
38 513.987 723.591 5 4.91749 -87.8333 121.231
39 516.319 720.933 5 3.36279 -51.4967 -4.94803
40 516.045 721.352 5 3.33693 -54.6764 59.4234
41 515.772 721.771 5 3.38554 -56.8673 -110.587
42 515.499 722.189 5 3.50551 -55.7164 -3.57259
43 515.226 722.608 5 3.6899 -78.7994 93.5903
44 514.952 723.027 5 3.92965 -75.5719 157.544
45 514.679 723.446 5 4.21531 -78.6635 -171.607
46 514.406 723.864 5 4.53824 -250 0
47 516.737 721.206 5 2.86746 -51.3752 -84.8945
48 516.464 721.625 5 2.83709 -52.7158 75.8604
49 516.191 722.044 5 2.8941 -59.3694 -140.645
50 515.918 722.463 5 3.03358 -66.0034 -1.08005
51 515.644 722.881 5 3.24489 -69.8055 -146.918
52 515.371 723.3 5 3.51512 -76.7064 81.376
53 515.098 723.719 5 3.83182 -76.095 -62.724
54 514.825 724.138 5 4.18444 -250 0
55 517.156 721.48 5 2.37409 -52.1693 -51.9792
56 516.883 721.898 5 2.33731 -51.6851 98.5858
57 516.61 722.317 5 2.4062 -62.6369 104.568
58 516.336 722.736 5 2.57226 -63.5661 95.867
59 516.063 723.155 5 2.81838 -71.8498 -50.9382
60 515.79 723.573 5 3.1257 -70.6711 178.448
61 515.517 723.992 5 3.47804 -79.2904 -127.232
62 515.243 724.411 5 3.8631 -250 0
63 517.575 721.753 5 1.88421 -52.2641 -85.2515
64 517.302 722.172 5 1.83766 -56.7022 26.1803
65 517.028 722.59 5 1.92451 -69.8534 164.953
66 516.755 723.009 5 2.12849 -66.2115 130.686
67 516.482 723.428 5 2.42017 -69.5556 32.8013
68 516.209 723.847 5 2.772 -68.4709 -110.911
69 515.935 724.265 5 3.16397 -78.5588 60.2015
70 515.662 724.684 5 3.58294 -80.4698 -85.9345
71 517.994 722.026 5 1.40149 -54.8808 174.189
72 517.72 722.445 5 1.33825 -61.7245 111.628
73 517.447 722.864 5 1.45522 -64.9931 -159.591
74 517.174 723.282 5 1.71593 -68.8848 159.96
75 516.901 723.701 5 2.06668 -67.2753 145.019
76 516.627 724.12 5 2.4694 -72.3726 -19.4697
77 516.354 724.539 5 2.90253 -82.9608 -163.842
78 516.081 724.957 5 3.35431 -92.3722 -145.335
