1 505.473 717.831 5 14.4104 -250 0
2 505.747 717.412 5 14.3176 -250 0
3 506.02 716.994 5 14.2417 -250 0
4 506.294 716.575 5 14.183 -250 0
5 506.567 716.157 5 14.1418 -250 0
6 505.891 718.104 5 13.9212 -173.981 168.909
7 506.165 717.686 5 13.825 -188.16 106.347
8 506.439 717.267 5 13.7464 -198.263 110.674
9 506.712 716.849 5 13.6856 -250 0
10 506.986 716.43 5 13.6429 -250 0
11 506.31 718.378 5 13.4327 -173.206 -20.6916
12 506.584 717.96 5 13.333 -197.923 22.2947
13 506.857 717.541 5 13.2515 -168.739 -106.772
14 507.131 717.123 5 13.1884 -250 0
15 507.404 716.704 5 13.1441 -250 0
16 506.728 718.652 5 12.9451 -250 0
17 507.002 718.233 5 12.8416 -250 0
18 507.276 717.815 5 12.7569 -250 0
19 507.549 717.396 5 12.6914 -250 0
20 507.823 716.978 5 12.6453 -250 0
21 507.147 718.925 5 12.4584 -171.259 80.5139
22 507.421 718.507 5 12.3509 -250 0
23 507.694 718.088 5 12.2628 -181.07 126.928
24 507.968 717.67 5 12.1947 -250 0
25 508.241 717.251 5 12.1467 -250 0
26 507.565 719.199 5 11.9729 -183.184 119.41
27 507.839 718.78 5 11.861 -212.278 -66.6865
28 508.113 718.362 5 11.7693 -180.696 -123.417
29 508.386 717.943 5 11.6982 -250 0
30 508.66 717.525 5 11.6482 -250 0
31 507.984 719.472 5 11.4886 -183.278 -95.4735
32 508.258 719.054 5 11.3719 -173.377 28.2235
33 508.531 718.635 5 11.2762 -185.179 118.326
34 508.805 718.217 5 11.2021 -250 0
35 509.078 717.798 5 11.1498 -250 0
36 508.402 719.746 5 11.0058 -184.211 18.2056
37 508.676 719.328 5 10.8839 -193.974 159.664
38 508.95 718.909 5 10.7839 -250 0
39 509.223 718.491 5 10.7063 -250 0
40 509.497 718.072 5 10.6516 -250 0
