1 509.951 714.045 5 13.1283 -111.562 124.498
2 510.37 714.318 5 12.6407 -121.217 -45.6062
3 510.79 714.59 5 12.1541 -115.618 115.203
4 511.209 714.862 5 11.6687 -113.651 106.55
5 511.628 715.135 5 11.1846 -113.552 -142.982
6 512.048 715.407 5 10.7019 -109.645 82.905
7 512.467 715.679 5 10.2209 -110.095 118.698
8 512.886 715.952 5 9.74174 -103.352 -167.044
9 513.306 716.224 5 9.26483 -101.44 -175.657
10 513.725 716.496 5 8.79049 -118.045 -49.4334
11 514.144 716.769 5 8.31916 -94.5055 129.176
12 514.564 717.041 5 7.85137 -250 0
13 514.983 717.313 5 7.38781 -250 0
14 509.679 714.465 5 13.0287 -118.436 -110.72
15 510.098 714.737 5 12.5373 -115.701 -110.19
16 510.517 715.009 5 12.0466 -116.369 -96.4936
17 510.937 715.282 5 11.5566 -121.315 -91.4209
18 511.356 715.554 5 11.0676 -111.083 -84.728
19 511.775 715.826 5 10.5795 -112.082 -106.481
20 512.195 716.099 5 10.0927 -109.232 -99.3229
21 512.614 716.371 5 9.60717 -109.37 -143.143
22 513.033 716.643 5 9.12323 -121.88 64.7416
23 513.453 716.916 5 8.64112 -110.127 -84.8237
24 513.872 717.188 5 8.16116 -105.712 -135.656
25 514.291 717.46 5 7.68377 -97.9777 -28.4367
26 514.711 717.733 5 7.20943 -86.5486 -34.406
27 509.406 714.884 5 12.9478 -97.3171 -113.175
28 509.826 715.156 5 12.4531 -114.33 -96.5082
29 510.245 715.429 5 11.9589 -111.451 -70.5422
30 510.664 715.701 5 11.4652 -115.53 -150.349
31 511.084 715.973 5 10.9721 -114.885 -129.341
32 511.503 716.246 5 10.4796 -117.7 -123.379
33 511.922 716.518 5 9.9879 -115.3 -139.275
34 512.342 716.79 5 9.49705 -106.287 -141.74
35 512.761 717.063 5 9.00719 -100.215 3.7348
36 513.18 717.335 5 8.51852 -112.002 -160.951
37 513.6 717.607 5 8.03124 -108.527 -85.2913
38 514.019 717.88 5 7.54562 -110.938 -99.1274
39 514.438 718.152 5 7.06202 -99.5014 166.679
40 509.134 715.303 5 12.8857 -126.828 150.668
41 509.553 715.576 5 12.3886 -113.202 133.963
42 509.973 715.848 5 11.8917 -91.0201 -11.1856
43 510.392 716.12 5 11.3951 -99.7055 167.507
44 510.811 716.393 5 10.8988 -113.761 94.4798
45 511.231 716.665 5 10.4028 -115.354 -85.9054
46 511.65 716.937 5 9.90729 -116.808 -97.5667
47 512.069 717.21 5 9.41223 -116.117 88.4376
48 512.489 717.482 5 8.91772 -107.276 12.6188
49 512.908 717.754 5 8.42386 -103.026 15.6656
50 513.327 718.027 5 7.93076 -99.2425 -114.939
51 513.747 718.299 5 7.43859 -93.1691 158.038
52 514.166 718.571 5 6.94754 -87.9636 -166.37
53 508.862 715.723 5 12.8428 -103.552 -63.1886
54 509.281 715.995 5 12.3439 -128.863 -176.271
55 509.7 716.267 5 11.8452 -109.226 -161.247
56 510.12 716.54 5 11.3465 -108.234 -75.1833
57 510.539 716.812 5 10.848 -88.4008 -45.7359
58 510.958 717.084 5 10.3496 -119.86 66.9909
59 511.378 717.357 5 9.85143 -118.075 23.0844
60 511.797 717.629 5 9.35341 -115.543 -2.74531
61 512.216 717.901 5 8.85561 -95.2467 -82.5662
62 512.636 718.174 5 8.35808 -97.7865 177.287
63 513.055 718.446 5 7.86086 -89.6765 -150.989
64 513.474 718.718 5 7.36402 -111.705 56.856
65 513.894 718.991 5 6.86764 -112.257 -114.623
66 508.589 716.142 5 12.8192 -110.455 166.159
67 509.009 716.414 5 12.3194 -109.428 -76.0719
68 509.428 716.687 5 11.8197 -93.8073 -119.787
69 509.847 716.959 5 11.3199 -112.03 118.616
70 510.267 717.231 5 10.8201 -114.344 55.5712
71 510.686 717.504 5 10.3204 -117.606 1.39759
72 511.105 717.776 5 9.82073 -93.9817 -51.5841
73 511.525 718.048 5 9.32108 -105.11 -161.179
74 511.944 718.321 5 8.82146 -97.9051 -78.2481
75 512.363 718.593 5 8.32188 -89.6793 143.819
76 512.783 718.865 5 7.82236 -130.893 -163.616
77 513.202 719.138 5 7.32291 -118.719 55.6843
78 513.621 719.41 5 6.82354 -107.754 151.246
79 510.414 717.923 5 10.3154 -101.317 -146.091
80 510.833 718.195 5 9.81545 -90.2908 -62.6208
81 511.672 718.74 5 8.81557 -108.532 -66.2059
82 512.091 719.012 5 8.31564 -115.408 -131.22
83 512.51 719.285 5 7.81573 -115.279 179.843
84 512.93 719.557 5 7.31582 -115.959 -68.3546
85 513.349 719.829 5 6.81593 -119.105 10.4334
86 510.141 718.342 5 10.3346 -95.7096 -176.35
87 510.561 718.615 5 9.83561 -129.459 60.7082
88 511.399 719.159 5 8.83801 -116.902 113.542
89 511.819 719.432 5 8.33943 -98.0087 -178.286
90 512.238 719.704 5 7.84103 -126.892 -131.612
91 512.657 719.976 5 7.34285 -124.061 54.5395
92 513.077 720.249 5 6.84493 -122.482 146.255
93 509.869 718.762 5 10.3778 -134.431 66.2333
94 510.288 719.034 5 9.88106 -128.944 -2.86831
95 511.127 719.579 5 8.88857 -107.047 -66.5989
96 511.546 719.851 5 8.39299 -152.604 42.4882
97 511.966 720.123 5 7.89797 -127.091 -52.4765
98 512.385 720.396 5 7.40362 -111.344 -126.775
99 512.804 720.668 5 6.91008 -250 0
100 509.597 719.181 5 10.4449 -107.187 -132.121
101 510.016 719.453 5 9.95146 -135.998 68.5633
102 509.324 719.6 5 10.5353 -157.336 -155.846
103 509.744 719.873 5 10.0463 -145.046 126.466
104 509.052 720.02 5 10.6484 -147.872 -35.2907
105 509.471 720.292 5 10.1648 -142.568 146.085
