1 505.473 717.831 5 15.2836 -110.093 39.0605
2 505.747 717.412 5 15.0925 -97.6696 50.8532
3 506.02 716.994 5 14.9158 -116.013 141.102
4 506.294 716.575 5 14.7538 -102.684 -88.4305
5 506.567 716.157 5 14.6072 -112.826 -177.589
6 505.891 718.104 5 14.8259 -109.428 -12.2448
7 506.165 717.686 5 14.6288 -99.5151 -141.396
8 506.439 717.267 5 14.4464 -117.291 18.3493
9 506.712 716.849 5 14.2791 -113.41 -165.418
10 506.986 716.43 5 14.1276 -116.025 19.5232
11 506.31 718.378 5 14.3709 -111.719 -79.2029
12 506.584 717.96 5 14.1675 -108.334 95.0852
13 506.857 717.541 5 13.979 -105.705 -161.093
14 507.131 717.123 5 13.8061 -146.597 140.596
15 507.404 716.704 5 13.6493 -115.331 60.3866
16 506.728 718.652 5 13.919 -131.683 74.3527
17 507.002 718.233 5 13.7089 -111.914 -104.525
18 507.276 717.815 5 13.5141 -100.158 -120.105
19 507.549 717.396 5 13.3351 -118.865 5.58694
20 507.823 716.978 5 13.1728 -105.361 18.4995
21 507.147 718.925 5 13.4706 -103.309 -65.1966
22 507.421 718.507 5 13.2534 -118.216 -38.723
23 507.694 718.088 5 13.0517 -109.529 154.084
24 507.968 717.67 5 12.8663 -116.341 21.8004
25 508.241 717.251 5 12.698 -115.566 3.36466
26 507.565 719.199 5 13.0259 -112.092 56.4502
27 507.839 718.78 5 12.8011 -117.897 -33.4581
28 508.113 718.362 5 12.5922 -106.566 -109.206
29 508.386 717.943 5 12.4 -122.162 99.0158
30 508.66 717.525 5 12.2252 -119.743 60.6342
31 507.984 719.472 5 12.5853 -103.161 -117.695
32 508.258 719.054 5 12.3525 -97.4477 -43.8459
33 508.531 718.635 5 12.1359 -110.013 -39.2397
34 508.805 718.217 5 11.9363 -122.557 -163.213
35 509.078 717.798 5 11.7546 -119.62 167.065
36 508.402 719.746 5 12.1494 -112.816 91.317
37 508.676 719.328 5 11.9081 -108.292 -2.65751
38 508.95 718.909 5 11.6832 -250 0
39 509.223 718.491 5 11.4758 -250 0
40 509.497 718.072 5 11.2867 -250 0
