1 509.951 714.045 5 12.8014 -155.464 110.65
2 510.37 714.318 5 12.3351 -112.276 -79.2365
3 510.79 714.59 5 11.8716 -152.23 52.7553
4 511.209 714.862 5 11.4111 -150.714 60.4842
5 511.628 715.135 5 10.9541 -101.805 -78.8259
6 512.048 715.407 5 10.501 -100.596 -132.86
7 512.467 715.679 5 10.0523 -100.867 150.062
8 512.886 715.952 5 9.60875 -104.787 -108.877
9 513.306 716.224 5 9.17098 -98.5905 -156.178
10 513.725 716.496 5 8.73989 -98.0999 122.788
11 514.144 716.769 5 8.31652 -101.288 -47.2932
12 514.564 717.041 5 7.90211 -250 0
13 514.983 717.313 5 7.49814 -250 0
14 509.679 714.465 5 12.6329 -142.775 -119.387
15 510.098 714.737 5 12.1602 -119.639 -149.684
16 510.517 715.009 5 11.6897 -118.444 105.18
17 510.937 715.282 5 11.2217 -127.527 -13.4798
18 511.356 715.554 5 10.7567 -123.707 123.88
19 511.775 715.826 5 10.2949 -122.091 171.845
20 512.195 716.099 5 9.83687 -111.047 134.765
21 512.614 716.371 5 9.38312 -133.998 126.161
22 513.033 716.643 5 8.9343 -98.2978 82.2186
23 513.453 716.916 5 8.4912 -109.974 -15.0871
24 513.872 717.188 5 8.05477 -101.356 -57.1819
25 514.291 717.46 5 7.62615 -105.251 -18.6458
26 514.711 717.733 5 7.20673 -120.991 37.9463
27 509.406 714.884 5 12.4822 -119.398 147.443
28 509.826 715.156 5 12.0035 -134.422 -128.412
29 510.245 715.429 5 11.5267 -112.809 -134.486
30 510.664 715.701 5 11.0518 -121.149 93.4857
31 511.084 715.973 5 10.5793 -106.963 10.3493
32 511.503 716.246 5 10.1094 -122.428 6.64927
33 511.922 716.518 5 9.64256 -111.867 -31.1854
34 512.342 716.79 5 9.1792 -107.574 161.84
35 512.761 717.063 5 8.7199 -106.483 -15.4077
36 513.18 717.335 5 8.26532 -117.014 -57.1465
37 513.6 717.607 5 7.81628 -100.906 179.464
38 514.019 717.88 5 7.37381 -104.161 142.453
39 514.438 718.152 5 6.93916 -145.437 50.2672
40 509.134 715.303 5 12.3499 -125.149 -54.3601
41 509.553 715.576 5 11.8659 -124.569 -36.2186
42 509.973 715.848 5 11.3833 -136.68 0.295038
43 510.392 716.12 5 10.9022 -107.203 -71.7683
44 510.811 716.393 5 10.4229 -107.166 -26.9074
45 511.231 716.665 5 9.9456 -109.086 -119.166
46 511.65 716.937 5 9.47068 -108.7 141.896
47 512.069 717.21 5 8.99848 -106.482 9.66449
48 512.489 717.482 5 8.52945 -115.546 -18.2485
49 512.908 717.754 5 8.06414 -126.79 -177.393
50 513.327 718.027 5 7.60323 -120.167 21.7401
51 513.747 718.299 5 7.14759 -101.918 -15.6894
52 514.166 718.571 5 6.69827 -102.334 -72.2475
53 508.862 715.723 5 12.2367 -133.439 100.679
54 509.281 715.995 5 11.748 -99.4374 160.965
55 509.7 716.267 5 11.2603 -106.177 -156.347
56 510.12 716.54 5 10.7737 -106.756 -128.303
57 510.539 716.812 5 10.2884 -110.251 143.232
58 510.958 717.084 5 9.80459 -114.302 103.016
59 511.378 717.357 5 9.32249 -120.638 -119.227
60 511.797 717.629 5 8.84237 -119.086 133.57
61 512.216 717.901 5 8.36459 -116.083 -16.7428
62 512.636 718.174 5 7.88956 -114.164 -55.4553
63 513.055 718.446 5 7.41782 -134.181 99.8606
64 513.474 718.718 5 6.95003 -113.054 95.429
65 513.894 718.991 5 6.48704 -100.074 152.317
66 508.589 716.142 5 12.1429 -102.875 56.4222
67 509.009 716.414 5 11.6503 -109.988 51.6523
68 509.428 716.687 5 11.1583 -110.657 128.782
69 509.847 716.959 5 10.6671 -128.699 -35.0067
70 510.267 717.231 5 10.1767 -135.717 17.253
71 510.686 717.504 5 9.68735 -134.383 -107.096
72 511.105 717.776 5 9.19911 -134.677 148.379
73 511.525 718.048 5 8.7122 -128.381 -75.4021
74 511.944 718.321 5 8.22687 -122.031 -156.787
75 512.363 718.593 5 7.74339 -124.64 -124.074
76 512.783 718.865 5 7.26216 -114.345 -111.524
77 513.202 719.138 5 6.78364 -114.322 -0.661133
78 513.621 719.41 5 6.30845 -113.597 101.34
79 510.414 717.923 5 9.59478 -123.058 -111.005
80 510.833 718.195 5 9.10157 -145.069 -47.5034
81 511.672 718.74 5 8.11765 -141.369 -102.304
82 512.091 719.012 5 7.62726 -112.196 -11.7414
83 512.51 719.285 5 7.1382 -112.912 109.583
84 512.93 719.557 5 6.65076 -112.627 -128.061
85 513.349 719.829 5 6.16535 -112.904 -20.6237
86 510.141 718.342 5 9.52757 -140.088 85.6639
87 510.561 718.615 5 9.0307 -209.628 -46.0687
88 511.399 719.159 5 8.0381 -133.139 39.1174
89 511.819 719.432 5 7.54254 -191.326 80.926
90 512.238 719.704 5 7.04761 -140.485 -93.7807
91 512.657 719.976 5 6.55344 -111.826 54.721
92 513.077 720.249 5 6.06023 -111.803 178.918
93 509.869 718.762 5 9.48628 -158.422 65.3625
94 510.288 719.034 5 8.98712 -142.218 -11.6519
95 511.127 719.579 5 7.98912 -136.654 69.1839
96 511.546 719.851 5 7.49032 -194.075 40.5611
97 511.966 720.123 5 6.99168 -156.625 -174.936
98 512.385 720.396 5 6.49326 -146.927 20.4164
99 512.804 720.668 5 5.99511 -250 0
100 509.597 719.181 5 9.47124 -142.491 -140.225
101 510.016 719.453 5 8.97125 -144.091 -7.11732
102 509.324 719.6 5 9.48258 -250 0
103 509.744 719.873 5 8.98322 -146.083 -54.9776
104 509.052 720.02 5 9.5202 -181.242 163.05
105 509.471 720.292 5 9.02292 -188.584 -138.195
