1 514.644 719.84 5 6.3569 -76.5898 -167.059
2 514.371 720.259 5 6.59028 -89.7489 164.457
3 514.097 720.678 5 6.85225 -81.5309 12.8303
4 513.824 721.096 5 7.13967 -88.3664 15.8182
5 513.551 721.515 5 7.44959 -101.84 -9.69636
6 513.278 721.934 5 7.77933 -94.4555 87.7046
7 513.004 722.353 5 8.12647 -99.1318 157.036
8 512.731 722.771 5 8.48887 -86.954 131.97
9 512.458 723.19 5 8.86468 -91.6379 144.715
10 512.185 723.609 5 9.25225 -74.1385 -131.77
11 515.063 720.113 5 5.91095 -87.3068 -171.045
12 514.789 720.532 5 6.16124 -89.1649 43.6495
13 514.516 720.951 5 6.44068 -103.212 109.074
14 514.243 721.37 5 6.74566 -85.2028 -169.398
15 513.97 721.788 5 7.07287 -93.8038 153.156
16 513.696 722.207 5 7.41937 -98.5928 118.234
17 513.423 722.626 5 7.78258 -96.3366 52.5296
18 513.15 723.045 5 8.16027 -101.534 -156.286
19 512.877 723.463 5 8.55053 -71.5308 119.431
20 512.603 723.882 5 8.95171 -73.3009 74.0143
21 515.481 720.387 5 5.47434 -85.1103 -64.8567
22 515.208 720.805 5 5.74369 -94.2438 -37.4825
23 514.935 721.224 5 6.04247 -98.5689 98.6188
24 514.662 721.643 5 6.36655 -98.7351 -93.0439
25 514.388 722.062 5 6.71227 -85.9367 -49.9897
26 514.115 722.48 5 7.07645 -85.6932 -123.638
27 513.842 722.899 5 7.45638 -87.1485 22.0445
28 513.568 723.318 5 7.84979 -70.4217 -22.6014
29 513.295 723.737 5 8.25474 -76.6516 -67.4508
30 513.022 724.155 5 8.66962 -98.6597 115.071
31 515.9 720.66 5 5.04951 -91.7093 -135.269
32 515.627 721.079 5 5.34032 -81.911 123.699
33 515.353 721.497 5 5.66044 -86.9541 144.407
34 515.08 721.916 5 6.00517 -91.8275 -37.6186
35 514.807 722.335 5 6.37053 -86.8956 90.3508
36 514.534 722.754 5 6.75316 -86.8478 -131.199
37 514.26 723.172 5 7.15029 -70.8327 -160.272
38 513.987 723.591 5 7.55965 -75.5541 149.985
39 516.319 720.933 5 4.63968 -81.3727 -31.1089
40 516.045 721.352 5 4.95461 -96.2476 -64.7674
41 515.772 721.771 5 5.29808 -80.7716 -43.9243
42 515.499 722.189 5 5.66491 -91.5551 -149.84
43 515.226 722.608 5 6.05085 -83.3033 114.352
44 514.952 723.027 5 6.45246 -72.5465 63.4508
45 514.679 723.446 5 6.86701 -79.1625 -20.174
46 514.406 723.864 5 7.29228 -250 0
47 516.737 721.206 5 4.2492 -85.5004 159.43
48 516.464 721.625 5 4.59099 -81.5029 147.573
49 516.191 722.044 5 4.95971 -83.8095 28.865
50 515.918 722.463 5 5.34979 -77.9898 21.8717
51 515.644 722.881 5 5.75689 -72.775 -61.9779
52 515.371 723.3 5 6.17765 -78.0559 -164.489
53 515.098 723.719 5 6.60945 -72.4785 7.51717
54 514.825 724.138 5 7.05028 -250 0
55 517.156 721.48 5 3.88391 -83.5183 -99.4015
56 516.883 721.898 5 4.25515 -82.6705 -6.00047
57 516.61 722.317 5 4.65057 -89.5027 -123.553
58 516.336 722.736 5 5.06452 -69.6957 166.11
59 516.063 723.155 5 5.49281 -65.8887 -0.723079
60 515.79 723.573 5 5.93232 -68.302 125.174
61 515.517 723.992 5 6.38075 -74.881 -112.999
62 515.243 724.411 5 6.83634 -250 0
63 517.575 721.753 5 3.5516 -84.9167 -166.432
64 517.302 722.172 5 3.95416 -94.7066 119.051
65 517.028 722.59 5 4.37686 -70.4524 30.0464
66 516.755 723.009 5 4.8144 -67.4449 140.054
67 516.482 723.428 5 5.26308 -71.0733 -116.196
68 516.209 723.847 5 5.72027 -75.1019 -36.196
69 515.935 724.265 5 6.1841 -86.7668 -141.756
70 515.662 724.684 5 6.65317 -89.9541 -105.282
71 517.994 722.026 5 3.26235 -64.6769 -34.8225
72 517.72 722.445 5 3.69655 -76.1223 141.392
73 517.447 722.864 5 4.1456 -70.6949 -143.599
74 517.174 723.282 5 4.60517 -72.3352 -54.8008
75 516.901 723.701 5 5.07239 -92.1045 -18.744
76 516.627 724.12 5 5.54532 -94.8526 6.53296
77 516.354 724.539 5 6.02264 -90.4937 73.0087
78 516.081 724.957 5 6.50336 -83.7827 6.89918
