1 514.644 719.84 5 5.02791 -49.8117 -168.281
2 514.371 720.259 5 4.93047 -50.4097 165.519
3 514.097 720.678 5 4.88253 -56.2251 -43.4714
4 513.824 721.096 5 4.88557 -53.5109 -100.866
5 513.551 721.515 5 4.93947 -48.4765 -1.01385
6 513.278 721.934 5 5.04262 -51.6537 178.435
7 513.004 722.353 5 5.19207 -53.1631 132.492
8 512.731 722.771 5 5.38398 -51.4366 -5.54563
9 512.458 723.19 5 5.61399 -61.1237 -36.4446
10 512.185 723.609 5 5.87763 -67.4759 -36.4568
11 515.063 720.113 5 4.54448 -59.7531 -144.33
12 514.789 720.532 5 4.43643 -52.2444 138.054
13 514.516 720.951 5 4.3831 -55.3361 -76.5769
14 514.243 721.37 5 4.38648 -51.8172 -115.753
15 513.97 721.788 5 4.44644 -52.2542 125.513
16 513.696 722.207 5 4.56075 -50.4684 167.326
17 513.423 722.626 5 4.72547 -67.1463 31.5683
18 513.15 723.045 5 4.93555 -45.9112 140.285
19 512.877 723.463 5 5.18549 -52.2665 129.936
20 512.603 723.882 5 5.46982 -63.636 -178.754
21 515.481 720.387 5 4.06507 -45.6197 156.574
22 515.208 720.805 5 3.9439 -48.0342 128.698
23 514.935 721.224 5 3.88381 -52.5381 -53.2671
24 514.662 721.643 5 3.88763 -51.3451 -104.264
25 514.388 722.062 5 3.95516 -51.9122 106.384
26 514.115 722.48 5 4.08324 -51.8255 108.566
27 513.842 722.899 5 4.26644 -51.7522 -81.65
28 513.568 723.318 5 4.49801 -48.9637 -80.5336
29 513.295 723.737 5 4.77093 -57.9837 8.24834
30 513.022 724.155 5 5.07852 -64.1527 -37.0479
31 515.9 720.66 5 3.59127 -48.4487 95.1022
32 515.627 721.079 5 3.45352 -46.5333 115.075
33 515.353 721.497 5 3.38474 -52.9948 -77.0735
34 515.08 721.916 5 3.38911 -48.0162 -81.0246
35 514.807 722.335 5 3.46637 -52.7712 75.3785
36 514.534 722.754 5 3.61183 -52.9468 27.3269
37 514.26 723.172 5 3.81772 -48.7847 149.616
38 513.987 723.591 5 4.07487 -59.0652 -81.8524
39 516.319 720.933 5 3.12564 -50.8589 -38.2135
40 516.045 721.352 5 2.96636 -48.9527 99.8779
41 515.772 721.771 5 2.88598 -52.7077 -51.1671
42 515.499 722.189 5 2.89111 -51.3704 -65.4246
43 515.226 722.608 5 2.9813 -48.9549 42.5753
44 514.952 723.027 5 3.14925 -46.3933 -69.3999
45 514.679 723.446 5 3.3834 -50.7148 -53.358
46 514.406 723.864 5 3.67111 -250 0
47 516.737 721.206 5 2.67247 -48.9007 -166.412
48 516.464 721.625 5 2.48429 -45.1179 47.659
49 516.191 722.044 5 2.38775 -45.3691 -63.2666
50 515.918 722.463 5 2.39394 -46.9867 -100.903
51 515.644 722.881 5 2.50212 -46.7856 -19.4453
52 515.371 723.3 5 2.70004 -48.5775 85.196
53 515.098 723.719 5 2.96982 -45.5879 72.4306
54 514.825 724.138 5 3.29385 -250 0
55 517.156 721.48 5 2.23931 -57.7032 -85.974
56 516.883 721.898 5 2.01101 -48.6304 -60.3238
57 516.61 722.317 5 1.89045 -47.2971 -64.1997
58 516.336 722.736 5 1.89826 -44.1149 -87.1881
59 516.063 723.155 5 2.03299 -41.23 -117.768
60 515.79 723.573 5 2.27215 -49.1583 -65.5738
61 515.517 723.992 5 2.58695 -47.8792 70.8483
62 515.243 724.411 5 2.95329 -250 0
63 517.575 721.753 5 1.84037 -54.4606 -66.0764
64 517.302 722.172 5 1.55454 -44.0696 -166.111
65 517.028 722.59 5 1.39507 -42.4515 -78.2888
66 516.755 723.009 5 1.40565 -48.0751 -152.793
67 516.482 723.428 5 1.58287 -49.0844 118.113
68 516.209 723.847 5 1.88019 -43.1542 -39.4493
69 515.935 724.265 5 2.2505 -50.8192 -50.4056
70 515.662 724.684 5 2.66352 -61.6434 -131.274
71 517.994 722.026 5 1.50314 -61.6594 137.386
72 517.72 722.445 5 1.13536 -61.4596 143.9
73 517.447 722.864 5 0.904804 -39.4378 -109.814
74 517.174 723.282 5 0.92103 -38.657 -169.793
75 516.901 723.701 5 1.17385 -40.4105 -169.816
76 516.627 724.12 5 1.55163 -40.1126 -160.32
77 516.354 724.539 5 1.98423 -44.3391 -4.87115
78 516.081 724.957 5 2.4427 -51.8115 123.822
