1 509.951 714.045 5 13.913 -119.584 129.072
2 510.37 714.318 5 13.4619 -106.953 -6.18955
3 510.79 714.59 5 13.0143 -111.589 -1.39784
4 511.209 714.862 5 12.5706 -110.417 32.1889
5 511.628 715.135 5 12.1313 -100.608 62.2576
6 512.048 715.407 5 11.697 -117.738 -30.6146
7 512.467 715.679 5 11.268 -123.888 -98.552
8 512.886 715.952 5 10.8451 -115.708 83.8401
9 513.306 716.224 5 10.4291 -119.409 172.422
10 513.725 716.496 5 10.0207 -112.191 24.7053
11 514.144 716.769 5 9.62105 -112.847 42.4396
12 514.564 717.041 5 9.23113 -250 0
13 514.983 717.313 5 8.85228 -250 0
14 509.679 714.465 5 13.7086 -110.01 107.658
15 510.098 714.737 5 13.2504 -118.042 102.383
16 510.517 715.009 5 12.7954 -109.376 51.6701
17 510.937 715.282 5 12.3439 -108.756 172.844
18 511.356 715.554 5 11.8963 -114.41 -85.9344
19 511.775 715.826 5 11.453 -117.298 -6.59321
20 512.195 716.099 5 11.0145 -121.257 -119.043
21 512.614 716.371 5 10.5815 -117.515 104.558
22 513.033 716.643 5 10.1547 -110.632 49.9631
23 513.453 716.916 5 9.73483 -109.871 -139.765
24 513.872 717.188 5 9.32288 -118.295 -2.26349
25 514.291 717.46 5 8.91994 -121.938 135.904
26 514.711 717.733 5 8.52728 -128.515 -14.0881
27 509.406 714.884 5 13.5195 -104.105 10.4866
28 509.826 715.156 5 13.0547 -107.146 -10.1151
29 510.245 715.429 5 12.5926 -115.075 -36.0271
30 510.664 715.701 5 12.1336 -109.125 -31.3999
31 511.084 715.973 5 11.6779 -109.404 24.1346
32 511.503 716.246 5 11.2259 -109.127 73.3453
33 511.922 716.518 5 10.7783 -124.267 -104.516
34 512.342 716.79 5 10.3354 -119.894 -176.06
35 512.761 717.063 5 9.89794 -125.248 14.6751
36 513.18 717.335 5 9.4667 -132.349 146.39
37 513.6 717.607 5 9.04254 -129.653 34.869
38 514.019 717.88 5 8.62652 -127.229 -143.385
39 514.438 718.152 5 8.21985 -129.647 30.7317
40 509.134 715.303 5 13.3464 -102.454 -6.81767
41 509.553 715.576 5 12.8754 -107.866 172.15
42 509.973 715.848 5 12.4067 -108.168 168.025
43 510.392 716.12 5 11.9405 -114.894 120.448
44 510.811 716.393 5 11.4771 -127.594 -125.654
45 511.231 716.665 5 11.017 -106.561 144.864
46 511.65 716.937 5 10.5604 -110.994 -106.582
47 512.069 717.21 5 10.108 -106.509 -109.857
48 512.489 717.482 5 9.66027 -112.17 -76.5534
49 512.908 717.754 5 9.21792 -116.747 14.7695
50 513.327 718.027 5 8.78175 -121.392 73.8541
51 513.747 718.299 5 8.35274 -121.182 175.417
52 514.166 718.571 5 7.93205 -122.786 101.043
53 508.862 715.723 5 13.1901 -99.449 -91.7691
54 509.281 715.995 5 12.7133 -102.943 -124.998
55 509.7 716.267 5 12.2384 -110.875 -74.5365
56 510.12 716.54 5 11.7655 -141.766 -110.803
57 510.539 716.812 5 11.2949 -105.475 -21.3298
58 510.958 717.084 5 10.827 -108.941 -65.9034
59 511.378 717.357 5 10.3621 -105.783 -72.464
60 511.797 717.629 5 9.90067 -109.078 19.7833
61 512.216 717.901 5 9.44311 -110.612 60.0331
62 512.636 718.174 5 8.99008 -106.662 -63.1513
63 513.055 718.446 5 8.54229 -128.442 -10.9399
64 513.474 718.718 5 8.10061 -122.457 159.606
65 513.894 718.991 5 7.6661 -123.646 164.158
66 508.589 716.142 5 13.0511 -124.673 -96.1834
67 509.009 716.414 5 12.569 -114.222 -65.1846
68 509.428 716.687 5 12.0884 -112.979 86.4833
69 509.847 716.959 5 11.6094 -108.187 -109.066
70 510.267 717.231 5 11.1323 -119.538 -121.62
71 510.686 717.504 5 10.6572 -112.278 138.737
72 511.105 717.776 5 10.1846 -113.702 -141.216
73 511.525 718.048 5 9.71466 -107.748 135.868
74 511.944 718.321 5 9.24791 -101.247 -176.829
75 512.363 718.593 5 8.78482 -105.286 -151.595
76 512.783 718.865 5 8.326 -116.297 141.296
77 513.202 719.138 5 7.87219 -116.728 96.3904
78 513.621 719.41 5 7.42432 -129.671 112.726
79 510.414 717.923 5 10.5085 -128.648 130.509
80 510.833 718.195 5 10.0288 -157.289 46.6662
81 511.672 718.74 5 9.07609 -121.406 -98.0363
82 512.091 719.012 5 8.60375 -120.841 -144.479
83 512.51 719.285 5 8.13472 -108.846 -127.042
84 512.93 719.557 5 7.66961 -102.1 -145.078
85 513.349 719.829 5 7.20917 -102.326 -131.8
86 510.141 718.342 5 10.3817 -150.993 -145.286
87 510.561 718.615 5 9.89589 -116.873 -73.8325
88 511.399 719.159 5 8.92899 -126.776 123.878
89 511.819 719.432 5 8.44844 -118.955 -63.6482
90 512.238 719.704 5 7.97027 -109.387 -5.60981
91 512.657 719.976 5 7.49496 -102.776 1.39024
92 513.077 720.249 5 7.02308 -102.555 -0.100334
93 509.869 718.762 5 10.2777 -113.093 76.921
94 510.288 719.034 5 9.78673 -117.492 -48.9545
95 511.127 719.579 5 8.80786 -151.392 118.049
96 511.546 719.851 5 8.32031 -250 0
97 511.966 720.123 5 7.83433 -139.569 -165.447
98 512.385 720.396 5 7.35024 -106.404 91.1155
99 512.804 720.668 5 6.86842 -250 0
100 509.597 719.181 5 10.1972 -114.498 -123.761
101 510.016 719.453 5 9.70215 -122.784 -64.2081
102 509.324 719.6 5 10.1407 -120.411 -20.3056
103 509.744 719.873 5 9.64278 -100.032 -25.3991
104 509.052 720.02 5 10.1087 -102.524 -15.1606
105 509.471 720.292 5 9.6091 -111.856 -119.063
