1 509.951 714.045 5 12.6308 -111.773 23.8305
2 510.37 714.318 5 12.1581 -108.52 129.182
3 510.79 714.59 5 11.6876 -103.212 49.6381
4 511.209 714.862 5 11.2197 -105.175 155.748
5 511.628 715.135 5 10.7546 -105.56 32.607
6 512.048 715.407 5 10.2929 -94.767 176.859
7 512.467 715.679 5 9.83483 -100.389 174.282
8 512.886 715.952 5 9.3811 -91.5444 -173.194
9 513.306 716.224 5 8.93231 -90.7608 -119.439
10 513.725 716.496 5 8.48924 -96.9435 74.4535
11 514.144 716.769 5 8.05284 -89.4344 -110.337
12 514.564 717.041 5 7.62426 -250 0
13 514.983 717.313 5 7.20488 -250 0
14 509.679 714.465 5 12.4801 -112.818 45.0038
15 510.098 714.737 5 12.0014 -112.241 159.802
16 510.517 715.009 5 11.5245 -105.26 127.618
17 510.937 715.282 5 11.0497 -118.515 -92.1673
18 511.356 715.554 5 10.5772 -102.938 88.605
19 511.775 715.826 5 10.1073 -103.352 83.2917
20 512.195 716.099 5 9.64048 -95.0354 -160.693
21 512.614 716.371 5 9.17714 -91.2033 38.7482
22 513.033 716.643 5 8.71785 -99.6474 -167.855
23 513.453 716.916 5 8.26329 -87.8178 -23.4093
24 513.872 717.188 5 7.81429 -97.9247 113.219
25 514.291 717.46 5 7.37185 -110.258 172.836
26 514.711 717.733 5 6.93723 -97.2953 -100.34
27 509.406 714.884 5 12.3478 -113.86 44.577
28 509.826 715.156 5 11.8637 -107.787 -141.622
29 510.245 715.429 5 11.3811 -112.953 -97.8758
30 510.664 715.701 5 10.9 -117.554 -20.4297
31 511.084 715.973 5 10.4207 -109.062 -25.1665
32 511.503 716.246 5 9.94348 -99.6931 -3.19769
33 511.922 716.518 5 9.46857 -94.7954 138.287
34 512.342 716.79 5 8.99638 -92.0325 -98.7779
35 512.761 717.063 5 8.52736 -97.3906 42.1999
36 513.18 717.335 5 8.06207 -97.5106 52.8489
37 513.6 717.607 5 7.60118 -92.7099 131.653
38 514.019 717.88 5 7.14556 -93.8405 -160.545
39 514.438 718.152 5 6.69628 -95.1816 -75.7313
40 509.134 715.303 5 12.2345 -116.741 77.6665
41 509.553 715.576 5 11.7458 -105.019 176.194
42 509.973 715.848 5 11.2581 -103.073 -80.4836
43 510.392 716.12 5 10.7715 -112.932 -83.844
44 510.811 716.393 5 10.2862 -100.049 40.7892
45 511.231 716.665 5 9.80243 -101.541 -162.973
46 511.65 716.937 5 9.32034 -103.633 -59.7211
47 512.069 717.21 5 8.84023 -94.292 -75.3292
48 512.489 717.482 5 8.36246 -94.4859 29.5259
49 512.908 717.754 5 7.88745 -92.5451 109.554
50 513.327 718.027 5 7.41572 -93.3461 -157.528
51 513.747 718.299 5 6.94795 -92.5961 -124.494
52 514.166 718.571 5 6.48498 -95.4074 -78.0393
53 508.862 715.723 5 12.1407 -105.648 -43.2911
54 509.281 715.995 5 11.6481 -113.026 128.835
55 509.7 716.267 5 11.1561 -111.777 8.28837
56 510.12 716.54 5 10.6649 -106.959 -25.0385
57 510.539 716.812 5 10.1745 -111.797 -136.108
58 510.958 717.084 5 9.68517 -113.433 -67.3264
59 511.378 717.357 5 9.19693 -94.2988 -105.068
60 511.797 717.629 5 8.71003 -96.8353 -38.0709
61 512.216 717.901 5 8.2247 -102.637 6.80442
62 512.636 718.174 5 7.74124 -106.059 21.8211
63 513.055 718.446 5 7.26001 -97.869 -90.0119
64 513.474 718.718 5 6.78151 -99.768 -51.7024
65 513.894 718.991 5 6.30634 -101.369 25.0186
66 508.589 716.142 5 12.067 -102.939 -81.2935
67 509.009 716.414 5 11.5712 -116.338 17.4489
68 509.428 716.687 5 11.0758 -120.488 99.8139
69 509.847 716.959 5 10.5809 -112.809 21.2467
70 510.267 717.231 5 10.0864 -108.868 -80.8011
71 510.686 717.504 5 9.59257 -108.469 106.785
72 511.105 717.776 5 9.09936 -96.2816 -15.2787
73 511.525 718.048 5 8.60694 -95.0542 27.2798
74 511.944 718.321 5 8.11545 -94.3793 70.9128
75 512.363 718.593 5 7.62506 -95.7526 103.798
76 512.783 718.865 5 7.13601 -96.2868 95.7041
77 513.202 719.138 5 6.64859 -95.7667 131.686
78 513.621 719.41 5 6.16318 -102.73 -174.702
79 510.414 717.923 5 9.52535 -110.702 -110.747
80 510.833 718.195 5 9.02847 -94.945 -9.90233
81 511.672 718.74 5 8.03588 -121.924 132.491
82 512.091 719.012 5 7.54033 -98.9092 54.2531
83 512.51 719.285 5 7.04539 -119.805 -38.782
84 512.93 719.557 5 6.55123 -110.971 63.6782
85 513.349 719.829 5 6.05803 -101.358 133.13
86 510.141 718.342 5 9.48405 -147.87 -146.18
87 510.561 718.615 5 8.98489 -111.708 170.625
88 511.399 719.159 5 7.98689 -136.958 -44.7829
89 511.819 719.432 5 7.48808 -143.39 -57.993
90 512.238 719.704 5 6.98945 -95.8018 108.228
91 512.657 719.976 5 6.49103 -108.327 161.261
92 513.077 720.249 5 5.99288 -108.809 -73.8577
93 509.869 718.762 5 9.469 -135.358 124.062
94 510.288 719.034 5 8.96901 -115.419 -50.3835
95 511.127 719.579 5 7.96902 -154.515 -68.023
96 511.546 719.851 5 7.46902 -250 0
97 511.966 720.123 5 6.96903 -152.322 -32.8619
98 512.385 720.396 5 6.46903 -148.687 3.22437
99 512.804 720.668 5 5.96904 -250 0
100 509.597 719.181 5 9.48035 -141.741 169.643
101 510.016 719.453 5 8.98098 -171.963 -32.8349
102 509.324 719.6 5 9.51797 -250 0
103 509.744 719.873 5 9.02069 -250 0
104 509.052 720.02 5 9.58158 -250 0
105 509.471 720.292 5 9.08778 -250 0
