1 514.644 719.84 5 5.81107 -70.6389 -54.1246
2 514.371 720.259 5 5.74382 -56.6307 -159.38
3 514.097 720.678 5 5.71966 -58.7809 -1.97468
4 513.824 721.096 5 5.73911 -49.4756 25.7093
5 513.551 721.515 5 5.80175 -44.2853 73.2563
6 513.278 721.934 5 5.90621 -47.3591 -129.305
7 513.004 722.353 5 6.05031 -47.0986 156.171
8 512.731 722.771 5 6.23131 -52.9951 30.1981
9 512.458 723.19 5 6.4461 -60.499 144.499
10 512.185 723.609 5 6.69142 -64.5178 150.354
11 515.063 720.113 5 5.31968 -75.9513 -156.512
12 514.789 720.532 5 5.24613 -60.0552 -145.114
13 514.516 720.951 5 5.21966 -58.1988 13.7316
14 514.243 721.37 5 5.24098 -49.1697 26.4004
15 513.97 721.788 5 5.3095 -51.1802 171.784
16 513.696 722.207 5 5.42344 -46.5234 -158.22
17 513.423 722.626 5 5.58002 -57.0659 146.641
18 513.15 723.045 5 5.77578 -50.1296 -168.872
19 512.877 723.463 5 6.00688 -59.2196 -67.9833
20 512.603 723.882 5 6.26941 -70.1717 -119.902
21 515.481 720.387 5 4.83005 -61.2422 -83.673
22 515.208 720.805 5 4.74893 -58.1616 -134.849
23 514.935 721.224 5 4.71967 -56.3528 54.0757
24 514.662 721.643 5 4.74323 -47.1074 12.2621
25 514.388 722.062 5 4.81884 -49.2466 137.433
26 514.115 722.48 5 4.9441 -54.8137 127.441
27 513.842 722.899 5 5.11538 -50.1219 -53.0663
28 513.568 723.318 5 5.32823 -62.1334 49.8035
29 513.295 723.737 5 5.5779 -56.6348 26.7795
30 513.022 724.155 5 5.85969 -72.5693 53.928
31 515.9 720.66 5 4.34279 -74.8526 21.518
32 515.627 721.079 5 4.25238 -61.6781 -128.901
33 515.353 721.497 5 4.21968 -54.2085 61.1547
34 515.08 721.916 5 4.24601 -48.2594 5.08715
35 514.807 722.335 5 4.33031 -44.9487 89.3089
36 514.534 722.754 5 4.46929 -50.8598 15.0628
37 514.26 723.172 5 4.65806 -55.843 -65.6718
38 513.987 723.591 5 4.89085 -52.089 -54.0241
39 516.319 720.933 5 3.85878 -58.1769 -36.151
40 516.045 721.352 5 3.75675 -62.5398 -89.3397
41 515.772 721.771 5 3.71969 -54.7867 49.0413
42 515.499 722.189 5 3.74954 -50.3408 -13.3547
43 515.226 722.608 5 3.84474 -46.2365 50.7599
44 514.952 723.027 5 4.00062 -49.855 -57.3452
45 514.679 723.446 5 4.21045 -46.8668 42.4801
46 514.406 723.864 5 4.46664 -250 0
47 516.737 721.206 5 3.37944 -61.7148 57.8417
48 516.464 721.625 5 3.26245 -66.4276 -126.809
49 516.191 722.044 5 3.21971 -54.2647 70.1089
50 515.918 722.463 5 3.25414 -45.8008 -22.2843
51 515.644 722.881 5 3.36339 -45.866 -13.5357
52 515.371 723.3 5 3.54053 -51.1513 -127.92
53 515.098 723.719 5 3.77602 -61.6045 -76.0894
54 514.825 724.138 5 4.05971 -250 0
55 517.156 721.48 5 2.90706 -57.2443 22.9614
56 516.883 721.898 5 2.77019 -56.7923 -136.12
57 516.61 722.317 5 2.71973 -54.9439 45.8888
58 516.336 722.736 5 2.76041 -42.9355 -48.3693
59 516.063 723.155 5 2.88839 -49.0877 -73.5539
60 515.79 723.573 5 3.09286 -54.2054 68.3495
61 515.517 723.992 5 3.35987 -49.3614 92.4356
62 515.243 724.411 5 3.67582 -250 0
63 517.575 721.753 5 2.4457 -61.2878 5.27925
64 517.302 722.172 5 2.28131 -63.1517 -69.5018
65 517.028 722.59 5 2.21976 -56.009 -110.841
66 516.755 723.009 5 2.26942 -41.2482 -88.2446
67 516.482 723.428 5 2.42347 -49.8403 -161.112
68 516.209 723.847 5 2.66386 -47.1501 -119.2
69 515.935 724.265 5 2.9697 -54.4027 27.5301
70 515.662 724.684 5 3.32296 -50.596 143.186
71 517.994 722.026 5 2.00296 -67.1713 128.697
72 517.72 722.445 5 1.79855 -72.3818 20.9394
73 517.447 722.864 5 1.7198 -55.3206 142.968
74 517.174 723.282 5 1.78344 -41.3308 -125.899
75 516.901 723.701 5 1.97576 -51.5084 26.6823
76 516.627 724.12 5 2.26419 -54.3641 -85.3167
77 516.354 724.539 5 2.61716 -47.4858 -1.6086
78 516.081 724.957 5 3.01205 -46.4522 -100.582
