1 514.644 719.84 5 4.96063 -60.8748 5.95747
2 514.371 720.259 5 4.48957 -55.9916 5.00769
3 514.097 720.678 5 4.02549 -47.6544 168.452
4 513.824 721.096 5 3.57112 -72.5617 83.7855
5 513.551 721.515 5 3.13069 -42.2264 78.6775
6 513.278 721.934 5 2.71101 -51.1658 -37.0381
7 513.004 722.353 5 2.32334 -49.4252 -0.563129
8 512.731 722.771 5 1.98651 -43.7831 -73.0462
9 512.458 723.19 5 1.73048 -46.5054 -93.9343
10 512.185 723.609 5 1.59465 -48.929 -95.4185
11 515.063 720.113 5 4.82453 -49.1145 -153.123
12 514.789 720.532 5 4.33871 -46.246 -21.5549
13 514.516 720.951 5 3.85652 -54.8341 43.1567
14 514.243 721.37 5 3.3795 -50.2725 146.871
15 513.97 721.788 5 2.91022 -56.1605 164.196
16 513.696 722.207 5 2.4531 -44.9003 -11.6193
17 513.423 722.626 5 2.01645 -42.3781 -173.251
18 513.15 723.045 5 1.61691 -42.3242 -120.691
19 512.877 723.463 5 1.28946 -38.9064 137.961
20 512.603 723.882 5 1.10048 -40.5632 -7.5529
21 515.481 720.387 5 4.73753 -52.4507 178.285
22 515.208 720.805 5 4.24176 -56.4695 -158.917
23 514.935 721.224 5 3.74712 -53.3824 -158.873
24 514.662 721.643 5 3.25411 -54.7138 41.0858
25 514.388 722.062 5 2.76361 -62.5303 171.477
26 514.115 722.48 5 2.27725 -61.0389 109.519
27 513.842 722.899 5 1.79839 -45.9214 71.2912
28 513.568 723.318 5 1.33512 -41.6844 -28.6263
29 513.295 723.737 5 0.911524 -36.7414 115.422
30 513.022 724.155 5 0.6158 -37.204 -40.2065
31 515.9 720.66 5 4.70238 -52.3589 -4.77013
32 515.627 721.079 5 4.20246 -51.4053 -28.2191
33 515.353 721.497 5 3.70257 -60.9554 151.819
34 515.08 721.916 5 3.20271 -59.4672 55.565
35 514.807 722.335 5 2.70291 -52.3767 -15.2716
36 514.534 722.754 5 2.20319 -50.2906 -4.42123
37 514.26 723.172 5 1.70363 -48.3376 8.91114
38 513.987 723.591 5 1.20445 -41.7646 8.09274
39 516.319 720.933 5 4.72022 -55.6395 16.9506
40 516.045 721.352 5 4.22242 -47.6374 -41.8513
41 515.772 721.771 5 3.72521 -52.9319 -24.5582
42 515.499 722.189 5 3.22886 -51.5467 -38.9277
43 515.226 722.608 5 2.73384 -49.5556 -70.2782
44 514.952 723.027 5 2.24102 -50.9229 -73.6938
45 514.679 723.446 5 1.75229 -47.9969 -101.851
46 514.406 723.864 5 1.27234 -61.6113 -168.786
47 516.737 721.206 5 4.79048 -49.826 151.124
48 516.464 721.625 5 4.30082 -53.8009 70.0077
49 516.191 722.044 5 3.81384 -66.7842 66.8443
50 515.918 722.463 5 3.33072 -53.051 -61.3626
51 515.644 722.881 5 2.85342 -56.1874 -139.883
52 515.371 723.3 5 2.38544 -57.8087 143.11
53 515.098 723.719 5 1.93357 -72.6501 115.472
54 514.825 724.138 5 1.51229 -69.0035 -119.927
55 517.156 721.48 5 4.91089 -65.4863 120.707
56 516.883 721.898 5 4.43454 -53.1874 -39.9116
57 516.61 722.317 5 3.96403 -56.8379 -92.9923
58 516.336 722.736 5 3.50169 -55.2868 -4.39197
59 516.063 723.155 5 3.05126 -55.7916 69.1519
60 515.79 723.573 5 2.61887 -74.3895 131.161
61 515.517 723.992 5 2.21514 -60.8767 21.1981
62 515.243 724.411 5 1.85881 -58.7057 -103.858
63 517.575 721.753 5 5.07789 -79.2986 -39.3701
64 517.302 722.172 5 4.6188 -66.0737 66.2093
65 517.028 722.59 5 4.16913 -71.2556 106.593
66 516.755 723.009 5 3.73229 -59.9414 -13.2819
67 516.482 723.428 5 3.31336 -60.5114 75.7086
68 516.209 723.847 5 2.92004 -56.2932 44.5925
69 515.935 724.265 5 2.56418 -51.0449 103.806
70 515.662 724.684 5 2.26348 -53.033 52.8166
71 517.994 722.026 5 5.28707 -61.3388 -70.2583
72 517.72 722.445 5 4.84783 -58.1249 118.631
73 517.447 722.864 5 4.42152 -56.5697 146.015
74 517.174 723.282 5 4.01225 -60.5653 -168.843
75 516.901 723.701 5 3.62581 -58.5107 109.575
76 516.627 724.12 5 3.27029 -51.0643 54.1219
77 516.354 724.539 5 2.95688 -48.8878 -88.6382
78 516.081 724.957 5 2.70028 -56.4819 -117.929
