1 509.951 714.045 5 11.1437 -80.2284 -162.503
2 510.37 714.318 5 10.7596 -83.4201 13.3214
3 510.79 714.59 5 10.3853 -85.3883 157.028
4 511.209 714.862 5 10.0221 -81.3118 12.5696
5 511.628 715.135 5 9.67103 -86.5967 98.9916
6 512.048 715.407 5 9.33356 -92.3768 51.4956
7 512.467 715.679 5 9.01122 -79.4216 -100.398
8 512.886 715.952 5 8.70567 -69.489 -168.121
9 513.306 716.224 5 8.41875 -77.9521 162.672
10 513.725 716.496 5 8.15242 -86.6502 60.6024
11 514.144 716.769 5 7.90877 -84.3797 -30.3045
12 514.564 717.041 5 7.68994 -250 0
13 514.983 717.313 5 7.49813 -250 0
14 509.679 714.465 5 10.8362 -90.7829 138.722
15 510.098 714.737 5 10.4408 -86.1747 -63.4376
16 510.517 715.009 5 10.0547 -80.0869 -158.518
17 510.937 715.282 5 9.679 -86.2671 44.7165
18 511.356 715.554 5 9.31502 -80.3249 -167.108
19 511.775 715.826 5 8.96416 -87.155 32.8239
20 512.195 716.099 5 8.62803 -87.0538 -24.4696
21 512.614 716.371 5 8.3084 -78.7943 69.5258
22 513.033 716.643 5 8.00726 -67.9777 68.5106
23 513.453 716.916 5 7.72676 -78.7664 19.6683
24 513.872 717.188 5 7.46923 -89.1634 113.846
25 514.291 717.46 5 7.23713 -83.7608 -146.381
26 514.711 717.733 5 7.03297 -98.4289 20.8869
27 509.406 714.884 5 10.5434 -88.6029 -151.877
28 509.826 715.156 5 10.1366 -82.1535 -31.1904
29 510.245 715.429 5 9.73844 -95.1528 -55.5646
30 510.664 715.701 5 9.35007 -81.829 -69.1989
31 511.084 715.973 5 8.97276 -83.2554 -177.179
32 511.503 716.246 5 8.60797 -85.1278 5.55894
33 511.922 716.518 5 8.25734 -82.2487 128.652
34 512.342 716.79 5 7.92277 -79.6914 -110.689
35 512.761 717.063 5 7.60638 -88.7954 -11.141
36 513.18 717.335 5 7.31051 -76.0287 -110.329
37 513.6 717.607 5 7.03777 -75.3253 -155.73
38 514.019 717.88 5 6.79094 -92.7177 102.084
39 514.438 718.152 5 6.57294 -96.6337 45.1992
40 509.134 715.303 5 10.2667 -92.4867 -134.086
41 509.553 715.576 5 9.84842 -95.9639 116.927
42 509.973 715.848 5 9.43811 -85.3615 27.7441
43 510.392 716.12 5 9.03685 -81.0453 -37.5736
44 510.811 716.393 5 8.64588 -91.2082 132.903
45 511.231 716.665 5 8.26667 -85.3715 -58.5074
46 511.65 716.937 5 7.90092 -82.6438 157.36
47 512.069 717.21 5 7.55057 -91.6346 67.504
48 512.489 717.482 5 7.21788 -85.7597 -176.499
49 512.908 717.754 5 6.90539 -90.2741 -90.3085
50 513.327 718.027 5 6.61597 -72.2041 121.611
51 513.747 718.299 5 6.35277 -74.421 62.3075
52 514.166 718.571 5 6.11918 -81.391 -40.6447
53 508.862 715.723 5 10.0073 -91.5 -124.218
54 509.281 715.995 5 9.57769 -82.8011 161.231
55 509.7 716.267 5 9.15526 -83.8292 76.9005
56 510.12 716.54 5 8.74102 -92.0319 65.4455
57 510.539 716.812 5 8.33619 -89.3797 88.8493
58 510.958 717.084 5 7.94221 -88.5946 54.0784
59 511.378 717.357 5 7.56078 -84.8978 52.6373
60 511.797 717.629 5 7.19389 -90.9406 22.637
61 512.216 717.901 5 6.84388 -81.1877 70.5576
62 512.636 718.174 5 6.51347 -74.7553 -44.3207
63 513.055 718.446 5 6.2058 -80.112 50.4763
64 513.474 718.718 5 5.92441 -73.955 75.3347
65 513.894 718.991 5 5.6732 -85.6355 -175.845
66 508.589 716.142 5 9.76659 -83.4882 -38.2041
67 509.009 716.414 5 9.32593 -82.7507 -157.919
68 509.428 716.687 5 8.89155 -100.759 17.6078
69 509.847 716.959 5 8.46441 -94.742 134.324
70 510.267 717.231 5 8.04568 -96.9134 154.212
71 510.686 717.504 5 7.63672 -93.9754 -21.1035
72 511.105 717.776 5 7.23921 -92.8845 66.9857
73 511.525 718.048 5 6.85513 -88.3753 32.2698
74 511.944 718.321 5 6.48687 -82.494 -33.4526
75 512.363 718.593 5 6.13727 -82.6456 -68.9317
76 512.783 718.865 5 5.80971 -79.3573 134.395
77 513.202 719.138 5 5.50812 -74.7432 -5.8215
78 513.621 719.41 5 5.23699 -69.0799 -63.4268
79 510.414 717.923 5 7.35258 -94.4539 80.4548
80 510.833 718.195 5 6.93881 -101.359 101.863
81 511.672 718.74 5 6.14982 -88.4594 10.4288
82 512.091 719.012 5 5.77988 -85.9008 89.9956
83 512.51 719.285 5 5.4308 -82.7638 159.271
84 512.93 719.557 5 5.10688 -81.4491 -52.5323
85 513.349 719.829 5 4.8132 -70.6757 -69.8833
86 510.141 718.342 5 7.09234 -111.925 -114.495
87 510.561 718.615 5 6.66242 -101.485 148.183
88 511.399 719.159 5 5.83619 -78.5437 -120.189
89 511.819 719.432 5 5.44498 -72.3346 154.882
90 512.238 719.704 5 5.07291 -85.6743 24.925
91 512.657 719.976 5 4.72452 -99.8718 -110.084
92 513.077 720.249 5 4.40542 -91.9363 -68.036
93 509.869 718.762 5 6.85872 -117.773 75.6311
94 510.288 719.034 5 6.41317 -102.686 -145.966
95 511.127 719.579 5 5.54995 -88.7335 21.3743
96 511.546 719.851 5 5.13699 -105.034 -98.6008
97 511.966 720.123 5 4.74081 -83.3305 -162.379
98 512.385 720.396 5 4.366 -77.5212 163.138
99 512.804 720.668 5 4.01853 -124.839 -166.764
100 509.597 719.181 5 6.65454 -112.255 117.196
101 510.016 719.453 5 6.19432 -111.422 168.97
102 509.324 719.6 5 6.48257 -101.471 -13.7008
103 509.744 719.873 5 6.00919 -114.409 -61.2577
104 509.052 720.02 5 6.34544 -100.698 36.9786
105 509.471 720.292 5 5.86099 -123.062 179.664
