1 509.951 714.045 5 12.1436 -97.6899 70.428
2 510.37 714.318 5 11.718 -88.2232 9.88594
3 510.79 714.59 5 11.2986 -101.649 -97.6865
4 511.209 714.862 5 10.8859 -95.1257 -179.208
5 511.628 715.135 5 10.4809 -97.2811 92.3584
6 512.048 715.407 5 10.0844 -93.536 -146.547
7 512.467 715.679 5 9.69749 -95.517 -106.904
8 512.886 715.952 5 9.32133 -93.9473 -162.092
9 513.306 716.224 5 8.95729 -101.303 148.255
10 513.725 716.496 5 8.60691 -106.924 -141.44
11 514.144 716.769 5 8.27193 -106.481 -6.95102
12 514.564 717.041 5 7.95428 -250 0
13 514.983 717.313 5 7.65614 -250 0
14 509.679 714.465 5 11.8934 -90.3598 -121.398
15 510.098 714.737 5 11.4586 -96.5639 -122.018
16 510.517 715.009 5 11.0293 -92.714 160.658
17 510.937 715.282 5 10.6062 -96.7251 106.234
18 511.356 715.554 5 10.19 -99.1958 103.75
19 511.775 715.826 5 9.78176 -94.3613 82.0283
20 512.195 716.099 5 9.38236 -91.9798 22.2698
21 512.614 716.371 5 8.99303 -98.514 58.9603
22 513.033 716.643 5 8.61513 -98.4586 10.0909
23 513.453 716.916 5 8.25023 -102.317 -16.5188
24 513.872 717.188 5 7.90014 -112.503 83.3214
25 514.291 717.46 5 7.5669 -91.0288 -144.916
26 514.711 717.733 5 7.25285 -90.8648 139.932
27 509.406 714.884 5 11.6594 -94.121 32.5437
28 509.826 715.156 5 11.2155 -97.3872 40.6063
29 510.245 715.429 5 10.7765 -110.477 6.25218
30 510.664 715.701 5 10.343 -94.1392 -68.6354
31 511.084 715.973 5 9.91586 -98.8816 -129.702
32 511.503 716.246 5 9.4958 -93.8282 -54.8553
33 511.922 716.518 5 9.08384 -90.5233 168.256
34 512.342 716.79 5 8.68113 -95.065 -102.314
35 512.761 717.063 5 8.28902 -94.6736 -103.041
36 513.18 717.335 5 7.90909 -94.7743 -115.829
37 513.6 717.607 5 7.54318 -100.748 107.173
38 514.019 717.88 5 7.19343 -102.34 159.802
39 514.438 718.152 5 6.86231 -114.368 3.89757
40 509.134 715.303 5 11.4424 -100.617 118.773
41 509.553 715.576 5 10.9897 -103.531 113.052
42 509.973 715.848 5 10.5413 -102.46 76.9615
43 510.392 716.12 5 10.0978 -101.74 -20.9228
44 510.811 716.393 5 9.6598 -98.0993 -85.4971
45 511.231 716.665 5 9.22809 -105.388 -4.84575
46 511.65 716.937 5 8.80361 -108.616 169.918
47 512.069 717.21 5 8.38745 -106.089 -46.541
48 512.489 717.482 5 7.98093 -102.396 62.4899
49 512.908 717.754 5 7.58559 -105.3 93.2291
50 513.327 718.027 5 7.20326 -104.363 73.0317
51 513.747 718.299 5 6.83614 -108.112 -21.0402
52 514.166 718.571 5 6.48681 -126.828 53.4623
53 508.862 715.723 5 11.2435 -107.609 170.297
54 509.281 715.995 5 10.7825 -108.548 18.0667
55 509.7 716.267 5 10.3251 -119.339 -164.87
56 510.12 716.54 5 9.87184 -102.179 45.1552
57 510.539 716.812 5 9.42333 -103.493 -47.1983
58 510.958 717.084 5 8.98026 -99.6994 -135.801
59 511.378 717.357 5 8.54347 -100.386 173.025
60 511.797 717.629 5 8.11399 -96.7887 -171.752
61 512.216 717.901 5 7.69303 -103.34 145.92
62 512.636 718.174 5 7.28207 -122.537 -139.563
63 513.055 718.446 5 6.8829 -105.43 13.558
64 513.474 718.718 5 6.49771 -99.3639 109.175
65 513.894 718.991 5 6.12912 -99.0682 -90.0647
66 508.589 716.142 5 11.0636 -112.559 -179.248
67 509.009 716.414 5 10.5948 -110.437 56.0469
68 509.428 716.687 5 10.1289 -101.319 99.6858
69 509.847 716.959 5 9.66647 -105.599 117.308
70 510.267 717.231 5 9.20796 -112.735 90.6261
71 510.686 717.504 5 8.754 -110.75 -35.7848
72 511.105 717.776 5 8.30532 -101.123 -133.638
73 511.525 718.048 5 7.86284 -116.127 145.89
74 511.944 718.321 5 7.42765 -106.697 135.428
75 512.363 718.593 5 7.00114 -111.502 -170.34
76 512.783 718.865 5 6.58497 -103.283 119.67
77 513.202 719.138 5 6.18123 -97.5328 -127.466
78 513.621 719.41 5 5.79254 -99.6569 -132.206
79 510.414 717.923 5 8.55102 -106.81 165.264
80 510.833 718.195 5 8.09109 -111.686 35.6842
81 511.672 718.74 5 7.18731 -104.552 -42.5813
82 512.091 719.012 5 6.74561 -101.92 70.1307
83 512.51 719.285 5 6.31262 -101.668 30.9642
84 512.93 719.557 5 5.89025 -109.527 -67.0486
85 513.349 719.829 5 5.48096 -93.1556 125.053
86 510.141 718.342 5 8.37301 -112.839 -24.2715
87 510.561 718.615 5 7.90273 -116.548 -169.221
88 511.399 719.159 5 6.97459 -125.153 135.945
89 511.819 719.432 5 6.51849 -105.488 -100.955
90 512.238 719.704 5 6.06932 -103.1 -177.941
91 512.657 719.976 5 5.62872 -118.045 8.10518
92 513.077 720.249 5 5.19888 -110.014 -71.8094
93 509.869 718.762 5 8.2216 -104.997 -141.99
94 510.288 719.034 5 7.74213 -121.243 -2.71301
95 511.127 719.579 5 6.79207 -105.842 -68.4712
96 511.546 719.851 5 6.32283 -114.08 -32.4754
97 511.966 720.123 5 5.85867 -110.525 -99.0227
98 512.385 720.396 5 5.40091 -121.538 -40.0572
99 512.804 720.668 5 4.95134 -112.773 109.388
100 509.597 719.181 5 8.09828 -111.255 -35.6065
101 510.016 719.453 5 7.61104 -108.12 115.675
102 509.324 719.6 5 8.00434 -112.557 99.9025
103 509.744 719.873 5 7.51102 -103.364 -105.602
104 509.052 720.02 5 7.94084 -114.639 -83.1372
105 509.471 720.292 5 7.4433 -106.837 46.7082
