1 505.473 717.831 5 11.1163 -153.886 116.941
2 505.747 717.412 5 11.1546 -155.499 109.472
3 506.02 716.994 5 11.2151 -137.472 54.9495
4 506.294 716.575 5 11.2974 -120.457 -47.2289
5 506.567 716.157 5 11.4011 -119.106 87.8226
6 505.891 718.104 5 10.617 -153.562 109.998
7 506.165 717.686 5 10.6572 -145.659 -109.378
8 506.439 717.267 5 10.7205 -127.659 157.693
9 506.712 716.849 5 10.8066 -118.641 126.533
10 506.986 716.43 5 10.9149 -118.097 -123.436
11 506.31 718.378 5 10.1179 -150.58 88.3683
12 506.584 717.96 5 10.16 -145.259 -128.857
13 506.857 717.541 5 10.2264 -151.233 -11.7519
14 507.131 717.123 5 10.3166 -117.891 -124.187
15 507.404 716.704 5 10.43 -117.499 -35.2353
16 506.728 718.652 5 9.61882 -146.731 110.754
17 507.002 718.233 5 9.66309 -142.486 -124.214
18 507.276 717.815 5 9.73288 -148.359 -32.2824
19 507.549 717.396 5 9.82764 -117.71 -81.2077
20 507.823 716.978 5 9.94666 -117.139 -10.9044
21 507.147 718.925 5 9.11986 -147.484 114.349
22 507.421 718.507 5 9.16654 -148.461 48.2505
23 507.694 718.088 5 9.24008 -141.654 -65.3201
24 507.968 717.67 5 9.33984 -122.035 -107.581
25 508.241 717.251 5 9.465 -117.021 -52.7521
26 507.565 719.199 5 8.62102 -148.951 76.9842
27 507.839 718.78 5 8.67039 -137.401 -136.241
28 508.113 718.362 5 8.7481 -133.142 -49.4969
29 508.386 717.943 5 8.8534 -138.432 12.5929
30 508.66 717.525 5 8.98534 -117.308 -163.636
31 507.984 719.472 5 8.12233 -145.535 164.521
32 508.258 719.054 5 8.1747 -137.458 -6.49789
33 508.531 718.635 5 8.25708 -130.285 91.2223
34 508.805 718.217 5 8.36856 -250 0
35 509.078 717.798 5 8.50802 -250 0
36 508.402 719.746 5 7.6238 -130.963 53.8963
37 508.676 719.328 5 7.67958 -136.686 173.923
38 508.95 718.909 5 7.7672 -250 0
39 509.223 718.491 5 7.88562 -250 0
40 509.497 718.072 5 8.03347 -250 0
