1 514.644 719.84 5 4.49094 -51.8352 139.916
2 514.371 720.259 5 4.02701 -68.0584 -117.199
3 514.097 720.678 5 3.57283 -51.6458 47.2189
4 513.824 721.096 5 3.13264 -51.8675 5.6655
5 513.551 721.515 5 2.71326 -57.7971 55.9239
6 513.278 721.934 5 2.32596 -56.1223 4.17094
7 513.004 722.353 5 1.98958 -48.0985 -120.871
8 512.731 722.771 5 1.73399 -44.6992 -50.3154
9 512.458 723.19 5 1.59845 -39.1461 -67.3312
10 512.185 723.609 5 1.6135 -41.9564 -127.018
11 515.063 720.113 5 4.33968 -53.4291 -4.91242
12 514.789 720.532 5 3.85761 -56.9447 -43.9906
13 514.516 720.951 5 3.38075 -51.8933 71.3782
14 514.243 721.37 5 2.91166 -50.9072 -21.3384
15 513.97 721.788 5 2.45481 -53.6589 -71.1899
16 513.696 722.207 5 2.01852 -52.0521 -64.5905
17 513.423 722.626 5 1.61949 -41.3299 -123.679
18 513.15 723.045 5 1.29269 -41.7656 119.651
19 512.877 723.463 5 1.10425 -40.215 -70.8828
20 512.603 723.882 5 1.12592 -38.9393 -110.064
21 515.481 720.387 5 4.2423 -53.9553 -172.571
22 515.208 720.805 5 3.74773 -48.6069 -145.572
23 514.935 721.224 5 3.25481 -56.931 161.514
24 514.662 721.643 5 2.76444 -53.5671 -165.956
25 514.388 722.062 5 2.27825 -48.3517 141.308
26 514.115 722.48 5 1.79965 -51.5788 -172.705
27 513.842 722.899 5 1.33681 -55.7789 153.888
28 513.568 723.318 5 0.91399 -43.6054 157.062
29 513.295 723.737 5 0.619432 -34.5462 -105.043
30 513.022 724.155 5 0.657279 -37.7991 147.156
31 515.9 720.66 5 4.20255 -47.4725 17.9847
32 515.627 721.079 5 3.70267 -54.6207 -15.2775
33 515.353 721.497 5 3.20283 -56.0658 36.9136
34 515.08 721.916 5 2.70304 -48.0333 -3.75807
35 514.807 722.335 5 2.20335 -45.1047 5.24185
36 514.534 722.754 5 1.70384 -46.222 -14.0228
37 514.26 723.172 5 1.20473 -42.0875 2.86963
38 513.987 723.591 5 0.706893 -40.2826 -13.0798
39 516.319 720.933 5 4.22206 -50.4388 -44.0983
40 516.045 721.352 5 3.7248 -46.6223 -72.3649
41 515.772 721.771 5 3.22838 -50.5807 -83.0822
42 515.499 722.189 5 2.73327 -44.5383 -109.821
43 515.226 722.608 5 2.24033 -44.2656 -140.52
44 514.952 723.027 5 1.75139 -42.6844 -130.357
45 514.679 723.446 5 1.2711 -40.7884 161.008
46 514.406 723.864 5 0.814873 -61.1197 84.221
47 516.737 721.206 5 4.30001 -47.7729 94.7272
48 516.464 721.625 5 3.81293 -49.7871 73.6258
49 516.191 722.044 5 3.32968 -49.0576 35.0235
50 515.918 722.463 5 2.8522 -54.017 -72.0693
51 515.644 722.881 5 2.38398 -47.2044 -175.319
52 515.371 723.3 5 1.93176 -60.4321 -156.609
53 515.098 723.719 5 1.50997 -56.2861 -114.045
54 514.825 724.138 5 1.15254 -60.1509 98.0242
55 517.156 721.48 5 4.43333 -57.5218 38.4269
56 516.883 721.898 5 3.96267 -48.4982 -69.5751
57 516.61 722.317 5 3.50015 -50.7712 -133.296
58 516.336 722.736 5 3.04949 -52.0524 -82.8106
59 516.063 723.155 5 2.61681 -51.0753 50.9689
60 515.79 723.573 5 2.2127 -56.2314 9.24795
61 515.517 723.992 5 1.85589 -53.0128 -8.09139
62 515.243 724.411 5 1.57882 -58.7531 120.616
63 517.575 721.753 5 4.61722 -55.4582 166.69
64 517.302 722.172 5 4.16738 -59.1135 82.0876
65 517.028 722.59 5 3.73033 -56.238 120.612
66 516.755 723.009 5 3.31115 -50.0739 -31.6356
67 516.482 723.428 5 2.91754 -62.8567 69.0028
68 516.209 723.847 5 2.56132 -58.3322 -16.0856
69 515.935 724.265 5 2.26023 -56.0137 95.0609
70 515.662 724.684 5 2.03887 -56.3317 104.409
71 517.994 722.026 5 4.84593 -56.9593 -145.423
72 517.72 722.445 5 4.41943 -52.8457 -13.5032
73 517.447 722.864 5 4.00995 -51.9283 153.227
74 517.174 723.282 5 3.62326 -62.529 -159.981
75 516.901 723.701 5 3.26747 -68.9993 -58.7646
76 516.627 724.12 5 2.95375 -51.543 64.7146
77 516.354 724.539 5 2.69685 -50.6851 37.5005
78 516.081 724.957 5 2.51422 -49.0057 -131.358
