1 514.644 719.84 5 5.16154 -72.2675 -127.299
2 514.371 720.259 5 4.78959 -59.9452 17.4187
3 514.097 720.678 5 4.44285 -69.417 45.1383
4 513.824 721.096 5 4.12767 -76.0934 15.7617
5 513.551 721.515 5 3.8518 -68.5708 -8.19193
6 513.278 721.934 5 3.62424 -65.435 75.4015
7 513.004 722.353 5 3.45453 -66.9005 -173.161
8 512.731 722.771 5 3.3515 -55.1185 -87.105
9 512.458 723.19 5 3.32133 -54.7252 149.52
10 512.185 723.609 5 3.366 -43.0334 -97.5762
11 515.063 720.113 5 4.85495 -72.1205 -170.235
12 514.789 720.532 5 4.45749 -64.7306 112.593
13 514.516 720.951 5 4.08264 -63.1654 130.794
14 514.243 721.37 5 3.7372 -66.7113 -14.4641
15 513.97 721.788 5 3.43007 -63.364 -65.0998
16 513.696 722.207 5 3.1724 -66.0421 115.136
17 513.423 722.626 5 2.97705 -68.478 -18.5372
18 513.15 723.045 5 2.85684 -72.0258 -129.087
19 512.877 723.463 5 2.8214 -53.4619 120.141
20 512.603 723.882 5 2.87385 -39.5324 -55.6526
21 515.481 720.387 5 4.58252 -62.1843 149.545
22 515.208 720.805 5 4.15912 -59.3513 145.664
23 514.935 721.224 5 3.75459 -65.4587 85.5069
24 514.662 721.643 5 3.37575 -66.9688 22.2409
25 514.388 722.062 5 3.03223 -62.9033 -75.8644
26 514.115 722.48 5 2.73736 -64.2546 -4.98325
27 513.842 722.899 5 2.50836 -65.0321 -111.534
28 513.568 723.318 5 2.36444 -67.5067 114.611
29 513.295 723.737 5 2.32149 -64.4972 -155.694
30 513.022 724.155 5 2.38496 -44.7138 -104.499
31 515.9 720.66 5 4.3507 -74.5121 80.3701
32 515.627 721.079 5 3.90221 -65.2752 -59.4505
33 515.353 721.497 5 3.46785 -71.4563 -14.1729
34 515.08 721.916 5 3.05364 -66.6701 -35.1355
35 514.807 722.335 5 2.66898 -62.1402 -12.6839
36 514.534 722.754 5 2.32855 -62.8912 -62.857
37 514.26 723.172 5 2.05448 -65.0764 -113.975
38 513.987 723.591 5 1.87606 -56.4221 -120.989
39 516.319 720.933 5 4.16624 -70.0337 31.626
40 516.045 721.352 5 3.69544 -65.0141 -72.8388
41 515.772 721.771 5 3.23342 -66.1095 24.8344
42 515.499 722.189 5 2.78455 -61.2992 -59.5279
43 515.226 722.608 5 2.35637 -65.2082 -31.5438
44 514.952 723.027 5 1.96244 -67.8179 99.9192
45 514.679 723.446 5 1.62785 -62.1382 -12.0362
46 514.406 723.864 5 1.39593 -73.6472 -102.972
47 516.737 721.206 5 4.03567 -63.2514 152.86
48 516.464 721.625 5 3.54758 -63.6511 -174.483
49 516.191 722.044 5 3.06334 -65.2646 -145.176
50 515.918 722.463 5 2.5851 -59.8105 -170.324
51 515.644 722.881 5 2.11695 -65.6884 -124.769
52 515.371 723.3 5 1.6674 -66.7234 -152.419
53 515.098 723.719 5 1.25656 -71.1638 -179.48
54 514.825 724.138 5 0.936831 -80.2473 153.828
55 517.156 721.48 5 3.96429 -54.0867 -39.5679
56 516.883 721.898 5 3.46617 -53.0473 -26.329
57 516.61 722.317 5 2.96868 -54.7432 -46.7044
58 516.336 722.736 5 2.4722 -54.2226 -13.4169
59 516.063 723.155 5 1.9775 -62.957 -49.7794
60 515.79 723.573 5 1.48635 -55.7293 -118.202
61 515.517 723.992 5 1.00397 -70.855 46.9806
62 515.243 724.411 5 0.553784 -86.3526 -109.66
63 517.575 721.753 5 3.95533 -56.8447 -52.5192
64 517.302 722.172 5 3.45592 -52.9764 -17.61
65 517.028 722.59 5 2.9567 -54.9287 -21.1054
66 516.755 723.009 5 2.45781 -51.385 11.468
67 516.482 723.428 5 1.95947 -47.843 -14.0573
68 516.209 723.847 5 1.46228 -44.9531 -30.4073
69 515.935 724.265 5 0.967977 -38.6255 -49.9248
70 515.662 724.684 5 0.48549 -34.7313 -100.272
71 517.994 722.026 5 4.0092 -47.4808 -175.451
72 517.72 722.445 5 3.51744 -50.1442 173.16
73 517.447 722.864 5 3.02838 -48.3474 137.193
74 517.174 723.282 5 2.54359 -47.0676 104.425
75 516.901 723.701 5 2.06605 -49.4896 38.9461
76 516.627 724.12 5 1.60227 -44.8633 -98.5752
77 516.354 724.539 5 1.16876 -43.4437 110.314
78 516.081 724.957 5 0.815307 -54.8135 142.275
