1 505.473 717.831 5 10.4007 -127.043 -153.159
2 505.747 717.412 5 10.4541 -130.031 32.5667
3 506.02 716.994 5 10.531 -127.964 169.691
4 506.294 716.575 5 10.6309 -148.767 152.019
5 506.567 716.157 5 10.7531 -140.649 174.723
6 505.891 718.104 5 9.9025 -141.61 -179.926
7 506.165 717.686 5 9.95859 -174.035 -132.557
8 506.439 717.267 5 10.0393 -120.572 -23.7355
9 506.712 716.849 5 10.144 -143.322 -113.37
10 506.986 716.43 5 10.2721 -138.7 -33.3722
11 506.31 718.378 5 9.40451 -141.984 -144.297
12 506.584 717.96 5 9.46355 -148.721 105.362
13 506.857 717.541 5 9.54844 -124.399 142.972
14 507.131 717.123 5 9.65851 -123.638 -118.35
15 507.404 716.704 5 9.79289 -126.68 -160.639
16 506.728 718.652 5 8.90675 -127.913 172.225
17 507.002 718.233 5 8.96906 -141.561 -176.898
18 507.276 717.815 5 9.05859 -123.972 -157.554
19 507.549 717.396 5 9.17453 -123.665 -113.184
20 507.823 716.978 5 9.3159 -127.169 -106.313
21 507.147 718.925 5 8.40924 -127.78 117.884
22 507.421 718.507 5 8.47522 -144.502 162.432
23 507.694 718.088 5 8.56991 -123.86 -170.443
24 507.968 717.67 5 8.69237 -124.154 -112.206
25 508.241 717.251 5 8.84145 -148.661 60.8852
26 507.565 719.199 5 7.91206 -137.059 94.4904
27 507.839 718.78 5 7.98214 -138.948 60.2953
28 508.113 718.362 5 8.08261 -129.4 144.172
29 508.386 717.943 5 8.21234 -121.638 148.154
30 508.66 717.525 5 8.36997 -147.211 -35.5028
31 507.984 719.472 5 7.41525 -136.726 38.6643
32 508.258 719.054 5 7.48998 -148.291 160.324
33 508.531 718.635 5 7.59696 -130.917 155.565
34 508.805 718.217 5 7.73484 -153.081 107.618
35 509.078 717.798 5 7.90201 -148.474 28.1596
36 508.402 719.746 5 6.9189 -145.208 179.941
37 508.676 719.328 5 6.99894 -126.05 -27.8087
38 508.95 718.909 5 7.1133 -250 0
39 509.223 718.491 5 7.26037 -250 0
40 509.497 718.072 5 7.43821 -250 0
