1 505.473 717.831 5 11.6158 -144.219 -28.6277
2 505.747 717.412 5 11.6526 -150.362 144.257
3 506.02 716.994 5 11.7108 -136.988 53.4421
4 506.294 716.575 5 11.7898 -166.068 -23.5852
5 506.567 716.157 5 11.8894 -178.47 126.048
6 505.891 718.104 5 11.1165 -143.97 -35.4055
7 506.165 717.686 5 11.155 -151.658 -121.643
8 506.439 717.267 5 11.2157 -151.697 -78.0136
9 506.712 716.849 5 11.2982 -156.837 72.6338
10 506.986 716.43 5 11.4021 -164.9 -79.6432
11 506.31 718.378 5 10.6173 -146.386 -39.3724
12 506.584 717.96 5 10.6576 -158.555 -78.7392
13 506.857 717.541 5 10.7211 -176.051 11.7613
14 507.131 717.123 5 10.8074 -140.963 41.1214
15 507.404 716.704 5 10.9159 -165.68 -50.6167
16 506.728 718.652 5 10.1181 -143.674 -99.2652
17 507.002 718.233 5 10.1604 -156.258 -5.28319
18 507.276 717.815 5 10.227 -164.681 -143.719
19 507.549 717.396 5 10.3175 -138.376 -175.849
20 507.823 716.978 5 10.4311 -167.904 -167.956
21 507.147 718.925 5 9.61908 -145.74 -92.2567
22 507.421 718.507 5 9.66356 -157.42 -90.529
23 507.694 718.088 5 9.73357 -152.744 145.787
24 507.968 717.67 5 9.82854 -250 0
25 508.241 717.251 5 9.94776 -174.769 83.7423
26 507.565 719.199 5 9.12013 -145.23 -67.8261
27 507.839 718.78 5 9.16704 -151.657 52.8015
28 508.113 718.362 5 9.2408 -126.948 18.522
29 508.386 717.943 5 9.34079 -122.667 -145.013
30 508.66 717.525 5 9.46616 -128.82 -172.276
31 507.984 719.472 5 8.62131 -157.545 172.254
32 508.258 719.054 5 8.67091 -250 0
33 508.531 718.635 5 8.74886 -141.251 -122.905
34 508.805 718.217 5 8.8544 -250 0
35 509.078 717.798 5 8.98656 -132.204 138.541
36 508.402 719.746 5 8.12263 -131.537 -55.0186
37 508.676 719.328 5 8.17526 -250 0
38 508.95 718.909 5 8.25789 -250 0
39 509.223 718.491 5 8.36962 -250 0
40 509.497 718.072 5 8.50932 -250 0
