1 514.644 719.84 5 5.49994 -57.7361 -108.762
2 514.371 720.259 5 5.15203 -63.0574 68.8105
3 514.097 720.678 5 4.83088 -62.8395 113.84
4 513.824 721.096 5 4.54219 -61.7627 -52.5532
5 513.551 721.515 5 4.29249 -61.2041 58.6541
6 513.278 721.934 5 4.08895 -65.1036 -76.7989
7 513.004 722.353 5 3.93873 -67.0094 -159.917
8 512.731 722.771 5 3.84806 -54.1438 -30.346
9 512.458 723.19 5 3.82121 -57.2019 129.936
10 512.185 723.609 5 3.85949 -40.734 -24.9437
11 515.063 720.113 5 5.16512 -54.4612 110.637
12 514.789 720.532 5 4.79296 -59.872 55.5556
13 514.516 720.951 5 4.44595 -59.3126 -94.9455
14 514.243 721.37 5 4.13044 -60.6942 116.478
15 513.97 721.788 5 3.85416 -58.9482 143.015
16 513.696 722.207 5 3.6261 -59.2456 -168.8
17 513.423 722.626 5 3.45581 -60.7208 -81.6392
18 513.15 723.045 5 3.35211 -63.5001 -33.7372
19 512.877 723.463 5 3.32125 -51.7262 108.588
20 512.603 723.882 5 3.36522 -43.0928 -70.3068
21 515.481 720.387 5 4.85875 -62.4194 -178.354
22 515.208 720.805 5 4.46111 -59.3541 -13.1415
23 514.935 721.224 5 4.08602 -63.9032 48.9722
24 514.662 721.643 5 3.74026 -73.5173 -21.3585
25 514.388 722.062 5 3.43272 -50.6906 -93.3741
26 514.115 722.48 5 3.17453 -65.3588 72.1233
27 513.842 722.899 5 2.97853 -57.1629 41.2157
28 513.568 723.318 5 2.85757 -61.4142 17.4313
29 513.295 723.737 5 2.8213 -49.9468 159.289
30 513.022 724.155 5 2.87293 -53.0819 -106.673
31 515.9 720.66 5 4.58656 -54.1668 -7.4699
32 515.627 721.079 5 4.163 -51.0941 111.237
33 515.353 721.497 5 3.75827 -53.0539 -170.059
34 515.08 721.916 5 3.37914 -56.9259 -92.4665
35 514.807 722.335 5 3.03523 -54.7204 16.9868
36 514.534 722.754 5 2.73983 -56.3825 15.1177
37 514.26 723.172 5 2.51012 -53.7737 178.906
38 513.987 723.591 5 2.36532 -51.8906 134.989
39 516.319 720.933 5 4.35495 -57.8802 -150.536
40 516.045 721.352 5 3.90635 -49.7387 162.318
41 515.772 721.771 5 3.47183 -49.0217 -67.611
42 515.499 722.189 5 3.05739 -53.5734 37.8705
43 515.226 722.608 5 2.67239 -54.8066 84.9125
44 514.952 723.027 5 2.33146 -80.199 24.3824
45 514.679 723.446 5 2.05664 -53.8173 113.71
46 514.406 723.864 5 1.87717 -77.7897 4.3898
47 516.737 721.206 5 4.17068 -60.3537 112.364
48 516.464 721.625 5 3.69982 -50.0924 -10.6611
49 516.191 722.044 5 3.2377 -47.8755 -94.7764
50 515.918 722.463 5 2.78867 -51.4326 101.516
51 515.644 722.881 5 2.36024 -49.0747 -84.0182
52 515.371 723.3 5 1.9659 -51.2794 -14.783
53 515.098 723.719 5 1.63058 -55.1956 53.5872
54 514.825 724.138 5 1.39744 -85.4457 -18.5213
55 517.156 721.48 5 4.04025 -47.3355 140.561
56 516.883 721.898 5 3.55214 -48.249 103.611
57 516.61 722.317 5 3.06785 -61.6347 66.5983
58 516.336 722.736 5 2.58955 -53.2148 -72.3268
59 516.063 723.155 5 2.12127 -45.8164 -138.914
60 515.79 723.573 5 1.67147 -44.2994 109.261
61 515.517 723.992 5 1.2601 -46.0795 -151.086
62 515.243 724.411 5 0.939081 -75.8851 15.7754
63 517.575 721.753 5 3.96897 -48.2641 -75.0625
64 517.302 722.172 5 3.47084 -45.8818 -63.7558
65 517.028 722.59 5 2.97334 -47.8039 -84.8528
66 516.755 723.009 5 2.47685 -47.6051 -68.6373
67 516.482 723.428 5 1.98213 -45.7077 -102.092
68 516.209 723.847 5 1.49092 -42.3558 -113.341
69 515.935 724.265 5 1.00841 -40.4141 -149.628
70 515.662 724.684 5 0.557601 -36.7446 64.6353
71 517.994 722.026 5 3.96002 -49.7086 -75.0829
72 517.72 722.445 5 3.4606 -45.0138 -58.9067
73 517.447 722.864 5 2.96139 -46.7623 -45.4803
74 517.174 723.282 5 2.46249 -43.0981 -46.9668
75 516.901 723.701 5 1.96415 -43.0753 -53.8716
76 516.627 724.12 5 1.46694 -42.0453 -41.4541
77 516.354 724.539 5 0.972591 -40.0166 -62.6327
78 516.081 724.957 5 0.489862 -34.411 -109.945
