1 505.473 717.831 5 10.6168 -156.867 -103.308
2 505.747 717.412 5 10.6567 -142.116 -82.7326
3 506.02 716.994 5 10.7199 -126.225 -64.8122
4 506.294 716.575 5 10.8058 -124.75 77.9126
5 506.567 716.157 5 10.9139 -151.034 -77.037
6 505.891 718.104 5 10.1177 -144.462 -64.5579
7 506.165 717.686 5 10.1595 -148.711 112.47
8 506.439 717.267 5 10.2257 -124.76 131.93
9 506.712 716.849 5 10.3158 -124.194 -110.335
10 506.986 716.43 5 10.429 -183.701 -136.562
11 506.31 718.378 5 9.61858 -141.655 -94.8404
12 506.584 717.96 5 9.66262 -156.677 146.773
13 506.857 717.541 5 9.73219 -123.274 -103.212
14 507.131 717.123 5 9.82674 -123.259 1.86152
15 507.404 716.704 5 9.94556 -122.984 90.2402
16 506.728 718.652 5 9.1196 -149.948 -82.0672
17 507.002 718.233 5 9.16605 -154.051 -57.3733
18 507.276 717.815 5 9.23935 -138.617 -26.9113
19 507.549 717.396 5 9.3389 -122.992 42.7892
20 507.823 716.978 5 9.46384 -122.652 114.133
21 507.147 718.925 5 8.62074 -139.522 161.005
22 507.421 718.507 5 8.66986 -154.081 43.1156
23 507.694 718.088 5 8.74733 -148.503 111.569
24 507.968 717.67 5 8.85241 -122.835 16.3709
25 508.241 717.251 5 8.98412 -122.6 71.8709
26 507.565 719.199 5 8.12203 -128.569 -151.19
27 507.839 718.78 5 8.17414 -153.789 28.3486
28 508.113 718.362 5 8.25626 -177.032 99.4127
29 508.386 717.943 5 8.36751 -123.126 -82.3056
30 508.66 717.525 5 8.50673 -122.623 -39.1125
31 507.984 719.472 5 7.62348 -130.841 179.452
32 508.258 719.054 5 7.67898 -151.97 -120.068
33 508.531 718.635 5 7.76634 -193.471 69.477
34 508.805 718.217 5 7.8845 -194.291 133.703
35 509.078 717.798 5 8.0321 -186.606 -164.223
36 508.402 719.746 5 7.12514 -146.066 81.9846
37 508.676 719.328 5 7.18449 -170.985 -146.274
38 508.95 718.909 5 7.27778 -250 0
39 509.223 718.491 5 7.40374 -250 0
40 509.497 718.072 5 7.56073 -250 0
