1 509.951 714.045 5 10.8402 -81.6395 97.6854
2 510.37 714.318 5 10.4446 -80.6196 176.89
3 510.79 714.59 5 10.0584 -94.6403 -65.8862
4 511.209 714.862 5 9.68266 -101.693 -169.783
5 511.628 715.135 5 9.31857 -78.7287 162.934
6 512.048 715.407 5 8.96757 -76.0509 -20.9129
7 512.467 715.679 5 8.63129 -86.2799 152.097
8 512.886 715.952 5 8.31149 -73.6036 100.377
9 513.306 716.224 5 8.01015 -86.1311 118.466
10 513.725 716.496 5 7.72944 -78.0876 -89.1117
11 514.144 716.769 5 7.47168 -89.0591 177.236
12 514.564 717.041 5 7.23931 -250 0
13 514.983 717.313 5 7.03487 -250 0
14 509.679 714.465 5 10.5475 -80.9474 -20.1586
15 510.098 714.737 5 10.1406 -86.3605 -25.7681
16 510.517 715.009 5 9.74233 -88.1973 -22.0335
17 510.937 715.282 5 9.35387 -90.2599 -45.7271
18 511.356 715.554 5 8.97644 -84.3201 63.8137
19 511.775 715.826 5 8.61152 -84.3897 -171.387
20 512.195 716.099 5 8.26075 -92.7887 176.784
21 512.614 716.371 5 7.92601 -88.4846 0.200152
22 513.033 716.643 5 7.60942 -76.4827 -31.383
23 513.453 716.916 5 7.31335 -82.4669 109.304
24 513.872 717.188 5 7.04036 -81.6386 78.0439
25 514.291 717.46 5 6.79326 -91.8503 -126.715
26 514.711 717.733 5 6.57496 -95.9114 146.812
27 509.406 714.884 5 10.2709 -89.0128 -108.28
28 509.826 715.156 5 9.85252 -89.868 -83.6146
29 510.245 715.429 5 9.44213 -86.1028 -115.913
30 510.664 715.701 5 9.04077 -77.4839 -134.516
31 511.084 715.973 5 8.6497 -85.8875 114.745
32 511.503 716.246 5 8.27037 -83.4876 -76.2421
33 511.922 716.518 5 7.90447 -90.1177 -17.3635
34 512.342 716.79 5 7.55397 -84.4309 99.5725
35 512.761 717.063 5 7.22109 -77.2183 -114.157
36 513.18 717.335 5 6.90839 -74.7438 -106.872
37 513.6 717.607 5 6.61873 -78.127 -121.296
38 514.019 717.88 5 6.35525 -83.9921 172.009
39 514.438 718.152 5 6.12135 -95.5441 72.0336
40 509.134 715.303 5 10.0116 -81.3778 78.2549
41 509.553 715.576 5 9.58191 -81.6537 26.7443
42 509.973 715.848 5 9.15941 -82.5856 -35.2747
43 510.392 716.12 5 8.74508 -91.5332 71.9959
44 510.811 716.393 5 8.34015 -92.3184 93.0729
45 511.231 716.665 5 7.94606 -90.6377 -178.143
46 511.65 716.937 5 7.56449 -85.2721 112.493
47 512.069 717.21 5 7.19745 -81.9536 -166.451
48 512.489 717.482 5 6.84726 -81.7456 64.53
49 512.908 717.754 5 6.51664 -81.7637 123.452
50 513.327 718.027 5 6.20873 -72.6035 86.1242
51 513.747 718.299 5 5.92706 -85.1549 14.7893
52 514.166 718.571 5 5.67554 -95.3999 157.573
53 508.862 715.723 5 9.77098 -89.8501 -176.101
54 509.281 715.995 5 9.33026 -87.5163 129.569
55 509.7 716.267 5 8.89581 -94.7398 -116.038
56 510.12 716.54 5 8.4686 -89.3969 27.6261
57 510.539 716.812 5 8.04978 -84.2902 -114.966
58 510.958 717.084 5 7.64072 -85.5719 175.692
59 511.378 717.357 5 7.24309 -86.5335 74.3037
60 511.797 717.629 5 6.85887 -92.9341 -3.28084
61 512.216 717.901 5 6.49044 -84.6292 -94.5174
62 512.636 718.174 5 6.14064 -85.5059 95.018
63 513.055 718.446 5 5.81285 -92.9484 -77.0179
64 513.474 718.718 5 5.51098 -73.5083 -33.6383
65 513.894 718.991 5 5.23952 -91.1753 136.008
66 508.589 716.142 5 9.55055 -92.622 -109.553
67 509.009 716.414 5 9.09915 -91.4734 53.9786
68 509.428 716.687 5 8.65311 -94.2762 -119.557
69 509.847 716.959 5 8.21328 -96.8717 164.599
70 510.267 717.231 5 7.78073 -94.074 -67.2644
71 510.686 717.504 5 7.35673 -83.3342 -112.643
72 511.105 717.776 5 6.94285 -89.252 -119.06
73 511.525 718.048 5 6.54101 -81.9094 119.716
74 511.944 718.321 5 6.15358 -76.4273 -55.3224
75 512.363 718.593 5 5.78345 -86.1556 -104.297
76 512.783 718.865 5 5.43415 -85.7818 4.88651
77 513.202 719.138 5 5.10996 -76.6605 156.811
78 513.621 719.41 5 4.81595 -79.4167 148.029
79 510.414 717.923 5 7.09664 -92.9203 129.363
80 510.833 718.195 5 6.66663 -94.4844 -112.544
81 511.672 718.74 5 5.84015 -79.2848 49.0331
82 512.091 719.012 5 5.44877 -79.6534 103.536
83 512.51 719.285 5 5.07649 -93.3567 -69.3972
84 512.93 719.557 5 4.72784 -87.7955 60.2334
85 513.349 719.829 5 4.40842 -70.0923 171.201
86 510.141 718.342 5 6.86317 -92.8564 -125.377
87 510.561 718.615 5 6.41754 -100.742 -64.0636
88 511.399 719.159 5 5.55411 -78.4418 -88.2397
89 511.819 719.432 5 5.141 -78.6063 -179.656
90 512.238 719.704 5 4.74464 -83.9408 -34.4574
91 512.657 719.976 5 4.36959 -83.5233 -176.284
92 513.077 720.249 5 4.02182 -73.1685 -35.2409
93 509.869 718.762 5 6.65912 -97.1468 -132.52
94 510.288 719.034 5 6.19884 -106.895 -172.633
95 511.127 719.579 5 5.2999 -93.4473 15.1701
96 511.546 719.851 5 4.86525 -108.091 106.058
97 511.966 720.123 5 4.44437 -80.4354 -153.06
98 512.385 720.396 5 4.04155 -73.3965 159.847
99 512.804 720.668 5 3.66276 -120.465 128.773
100 509.597 719.181 5 6.48727 -96.068 -61.5453
101 510.016 719.453 5 6.01385 -96.7014 -80.3779
102 509.324 719.6 5 6.35024 -102.487 -72.3352
103 509.744 719.873 5 5.86577 -108.094 99.8062
104 509.052 720.02 5 6.2503 -103.132 -8.98818
105 509.471 720.292 5 5.75743 -111.118 138.964
