1 514.644 719.84 5 4.57446 -73.7878 -92.7134
2 514.371 720.259 5 4.15136 -72.9595 26.6886
3 514.097 720.678 5 3.74725 -69.8981 -70.0633
4 513.824 721.096 5 3.36897 -64.8288 -51.6637
5 513.551 721.515 5 3.02623 -74.413 24.3668
6 513.278 721.934 5 2.73243 -56.4543 175.546
7 513.004 722.353 5 2.50486 -63.5371 147.305
8 512.731 722.771 5 2.36271 -69.9344 159.015
9 512.458 723.19 5 2.32175 -52.0819 34.1092
10 512.185 723.609 5 2.38718 -41.5677 -131.062
11 515.063 720.113 5 4.34219 -68.6871 65.9526
12 514.789 720.532 5 3.89394 -65.3215 -16.7707
13 514.516 720.951 5 3.45989 -70.7833 -111.421
14 514.243 721.37 5 3.04614 -61.0915 -23.6808
15 513.97 721.788 5 2.66216 -69.8725 37.0313
16 513.696 722.207 5 2.32275 -62.2104 99.1748
17 513.423 722.626 5 2.05019 -67.5484 -150.924
18 513.15 723.045 5 1.87387 -69.2669 -12.2222
19 512.877 723.463 5 1.82195 -43.6943 119.102
20 512.603 723.882 5 1.90462 -39.9489 -156.507
21 515.481 720.387 5 4.15736 -69.0727 -53.8578
22 515.208 720.805 5 3.6867 -68.6444 -41.7805
23 514.935 721.224 5 3.22488 -66.0496 15.0709
24 514.662 721.643 5 2.77632 -66.372 -155.733
25 514.388 722.062 5 2.34863 -61.6441 -165.521
26 514.115 722.48 5 1.95554 -83.6109 44.3055
27 513.842 722.899 5 1.62242 -56.4138 43.1393
28 513.568 723.318 5 1.39297 -63.2584 168.2
29 513.295 723.737 5 1.3223 -52.8596 21.4387
30 513.022 724.155 5 1.43408 -37.4461 89.0103
31 515.9 720.66 5 4.02649 -64.6069 106.043
32 515.627 721.079 5 3.53846 -62.8701 148.627
33 515.353 721.497 5 3.05431 -60.3839 9.11973
34 515.08 721.916 5 2.57622 -71.1154 68.0927
35 514.807 722.335 5 2.10832 -71.6275 -18.0206
36 514.534 722.754 5 1.65926 -61.4841 -29.1537
37 514.26 723.172 5 1.2495 -61.3237 -147.33
38 513.987 723.591 5 0.932387 -49.0556 -72.24
39 516.319 720.933 5 3.95495 -66.5224 -77.1773
40 516.045 721.352 5 3.45683 -62.8508 -57.0969
41 515.772 721.771 5 2.95936 -67.9459 124.384
42 515.499 722.189 5 2.46291 -66.2607 -73.4822
43 515.226 722.608 5 1.96825 -68.9553 -49.699
44 514.952 723.027 5 1.4772 -66.6483 -123.197
45 514.679 723.446 5 0.995098 -76.852 8.93885
46 514.406 723.864 5 0.546191 -70.2315 -50.677
47 516.737 721.206 5 3.94596 -60.2693 151.703
48 516.464 721.625 5 3.44655 -68.9403 -86.0646
49 516.191 722.044 5 2.94733 -83.5169 94.8992
50 515.918 722.463 5 2.44845 -67.828 -30.2314
51 515.644 722.881 5 1.95013 -62.8969 -162.954
52 515.371 723.3 5 1.45296 -66.2555 -145.758
53 515.098 723.719 5 0.958749 -69.4891 -104.801
54 514.825 724.138 5 0.476765 -78.7307 -25.8488
55 517.156 721.48 5 3.99994 -75.1266 162.819
56 516.883 721.898 5 3.50823 -64.9474 -57.5293
57 516.61 722.317 5 3.01923 -72.0865 162.535
58 516.336 722.736 5 2.53453 -65.1259 42.4986
59 516.063 723.155 5 2.05718 -70.1404 106.281
60 515.79 723.573 5 1.59376 -72.9538 79.2465
61 515.517 723.992 5 1.16111 -82.7813 116.131
62 515.243 724.411 5 0.810114 -71.0273 -33.4321
63 517.575 721.753 5 4.11443 -77.9998 106.825
64 517.302 722.172 5 3.63822 -73.0776 -34.0126
65 517.028 722.59 5 3.16934 -86.5923 -139.511
66 516.755 723.009 5 2.71161 -63.3706 -32.9926
67 516.482 723.428 5 2.27177 -69.5758 107.344
68 516.209 723.847 5 1.86254 -77.3193 130.898
69 515.935 724.265 5 1.50903 -68.2026 -143.446
70 515.662 724.684 5 1.25907 -51.08 -28.3927
71 517.994 722.026 5 4.28457 -66.0956 133.7
72 517.72 722.445 5 3.82957 -70.6547 2.65204
73 517.447 722.864 5 3.38729 -62.6564 27.2946
74 517.174 723.282 5 2.96341 -59.6024 -8.90165
75 516.901 723.701 5 2.56709 -63.2751 10.9913
76 516.627 724.12 5 2.21315 -69.8226 61.8163
77 516.354 724.539 5 1.92513 -60.1571 165.192
78 516.081 724.957 5 1.73616 -59.3753 -125.378
