1 505.473 717.831 5 12.1153 -118.735 154.906
2 505.747 717.412 5 12.1508 -130.184 45.9581
3 506.02 716.994 5 12.2068 -134.932 177.854
4 506.294 716.575 5 12.2828 -159.98 37.5051
5 506.567 716.157 5 12.3786 -162.124 37.2251
6 505.891 718.104 5 11.616 -118.457 -23.7913
7 506.165 717.686 5 11.653 -144.773 104.943
8 506.439 717.267 5 11.7113 -133.875 -104.22
9 506.712 716.849 5 11.7906 -132.72 -3.5322
10 506.986 716.43 5 11.8903 -154.749 22.829
11 506.31 718.378 5 11.1167 -140.985 -2.3864
12 506.584 717.96 5 11.1554 -119.854 33.3229
13 506.857 717.541 5 11.2163 -152.229 139.977
14 507.131 717.123 5 11.299 -133.143 69.0016
15 507.404 716.704 5 11.403 -131.698 169.716
16 506.728 718.652 5 10.6175 -145.139 7.33841
17 507.002 718.233 5 10.658 -167.988 -114.241
18 507.276 717.815 5 10.7217 -122.631 7.8173
19 507.549 717.396 5 10.8082 -126.209 -94.1592
20 507.823 716.978 5 10.9169 -131.207 -124.381
21 507.147 718.925 5 10.1184 -140.654 -18.2364
22 507.421 718.507 5 10.1609 -156.98 145.257
23 507.694 718.088 5 10.2277 -154.306 99.9829
24 507.968 717.67 5 10.3183 -151.181 -95.6326
25 508.241 717.251 5 10.4322 -126.742 -104.124
26 507.565 719.199 5 9.61933 -146.671 5.34716
27 507.839 718.78 5 9.66404 -152.506 70.0281
28 508.113 718.362 5 9.73426 -119.033 -56.5998
29 508.386 717.943 5 9.82944 -110.16 107.112
30 508.66 717.525 5 9.94887 -116.856 53.5419
31 507.984 719.472 5 9.1204 -151.653 -71.1774
32 508.258 719.054 5 9.16754 -250 0
33 508.531 718.635 5 9.24153 -118.93 -80.3769
34 508.805 718.217 5 9.34174 -125.995 -84.2704
35 509.078 717.798 5 9.46732 -123.582 -29.1762
36 508.402 719.746 5 8.62159 -135.516 -133.715
37 508.676 719.328 5 8.67144 -250 0
38 508.95 718.909 5 8.74963 -250 0
39 509.223 718.491 5 8.8554 -250 0
40 509.497 718.072 5 8.98779 -250 0
