1 514.644 719.84 5 5.86151 -60.2444 53.4503
2 514.371 720.259 5 5.53594 -69.4398 -7.86375
3 514.097 720.678 5 5.23793 -59.5367 -99.3262
4 513.824 721.096 5 4.97245 -57.207 141.816
5 513.551 721.515 5 4.74496 -52.918 33.251
6 513.278 721.934 5 4.56114 -68.6248 28.789
7 513.004 722.353 5 4.42643 -58.0407 114.569
8 512.731 722.771 5 4.34542 -54.9149 -28.2962
9 512.458 723.19 5 4.32111 -66.3959 136.377
10 512.185 723.609 5 4.35446 -49.3147 42.3771
11 515.063 720.113 5 5.5033 -54.3525 -178.644
12 514.789 720.532 5 5.15516 -53.3774 164.815
13 514.516 720.951 5 4.83374 -55.7864 75.4618
14 514.243 721.37 5 4.54471 -60.474 -73.3848
15 513.97 721.788 5 4.29461 -59.2515 115.84
16 513.696 722.207 5 4.09061 -52.9867 -41.711
17 513.423 722.626 5 3.93985 -63.3353 104.837
18 513.15 723.045 5 3.8486 -58.7107 -165.32
19 512.877 723.463 5 3.82113 -56.142 -105.321
20 512.603 723.882 5 3.85881 -54.7296 -6.43487
21 515.481 720.387 5 5.1687 -50.508 57.932
22 515.208 720.805 5 4.79633 -55.9816 71.275
23 514.935 721.224 5 4.44906 -56.8892 37.4205
24 514.662 721.643 5 4.13321 -53.7678 -137.864
25 514.388 722.062 5 3.85652 -51.1015 40.7889
26 514.115 722.48 5 3.62796 -58.1621 -125.7
27 513.842 722.899 5 3.45709 -63.405 -94.3134
28 513.568 723.318 5 3.35273 -50.9846 -1.86628
29 513.295 723.737 5 3.32117 -53.7634 108.637
30 513.022 724.155 5 3.36444 -52.6484 -153.186
31 515.9 720.66 5 4.86256 -53.4607 -153.167
32 515.627 721.079 5 4.46473 -48.6103 -64.9792
33 515.353 721.497 5 4.0894 -49.1974 -35.5564
34 515.08 721.916 5 3.74333 -57.253 -179.517
35 514.807 722.335 5 3.43538 -61.5969 -122.957
36 514.534 722.754 5 3.17666 -66.0139 17.3155
37 514.26 723.172 5 2.98002 -52.7535 60.2323
38 513.987 723.591 5 2.8583 -51.9651 -140.583
39 516.319 720.933 5 4.59059 -48.8559 -28.8963
40 516.045 721.352 5 4.16688 -45.6036 90.9953
41 515.772 721.771 5 3.76195 -45.5158 175.125
42 515.499 722.189 5 3.38254 -52.2552 -149.327
43 515.226 722.608 5 3.03824 -57.5001 106.755
44 514.952 723.027 5 2.74231 -58.9191 113.825
45 514.679 723.446 5 2.51189 -65.1756 141.665
46 514.406 723.864 5 2.36621 -93.149 92.5646
47 516.737 721.206 5 4.3592 -49.8 -117.594
48 516.464 721.625 5 3.91049 -48.3233 154.951
49 516.191 722.044 5 3.47582 -45.0818 -69.5716
50 515.918 722.463 5 3.06115 -45.0478 20.043
51 515.644 722.881 5 2.67581 -48.0931 47.6819
52 515.371 723.3 5 2.33438 -53.8908 40.8538
53 515.098 723.719 5 2.0588 -66.6616 158.64
54 514.825 724.138 5 1.8783 -94.0148 -4.41773
55 517.156 721.48 5 4.17513 -55.9635 83.5195
56 516.883 721.898 5 3.70419 -48.0264 15.4574
57 516.61 722.317 5 3.24197 -45.7351 -67.048
58 516.336 722.736 5 2.7928 -46.1561 95.039
59 516.063 723.155 5 2.36412 -44.049 -118.257
60 515.79 723.573 5 1.96936 -45.65 -50.4818
61 515.517 723.992 5 1.63332 -80.6672 -106.121
62 515.243 724.411 5 1.39895 -85.5638 116.879
63 517.575 721.753 5 4.04484 -48.3438 151.943
64 517.302 722.172 5 3.5567 -51.1423 125.064
65 517.028 722.59 5 3.07237 -53.5276 63.5275
66 516.755 723.009 5 2.59399 -49.1372 -40.7903
67 516.482 723.428 5 2.12559 -43.8056 -121.356
68 516.209 723.847 5 1.67555 -41.2245 81.3854
69 515.935 724.265 5 1.26364 -40.1851 175.633
70 515.662 724.684 5 0.941349 -52.8619 -101.746
71 517.994 722.026 5 3.97364 -52.6387 -24.8618
72 517.72 722.445 5 3.47551 -50.018 -27.0728
73 517.447 722.864 5 2.978 -51.5423 -42.5632
74 517.174 723.282 5 2.4815 -50.7608 -35.4667
75 516.901 723.701 5 1.98675 -46.1325 -47.1788
76 516.627 724.12 5 1.4955 -42.447 -73.8939
77 516.354 724.539 5 1.01285 -37.4246 -136.791
78 516.081 724.957 5 0.561431 -34.05 30.7968
