1 505.473 717.831 5 10.4507 -128.579 -29.9603
2 505.747 717.412 5 10.5276 -130.749 29.801
3 506.02 716.994 5 10.6276 -132.354 -79.1516
4 506.294 716.575 5 10.7498 -145.48 -90.8487
5 506.567 716.157 5 10.8937 -137.629 86.7937
6 505.891 718.104 5 9.9552 -128.32 118.19
7 506.165 717.686 5 10.0359 -137.962 -109.491
8 506.439 717.267 5 10.1407 -107.302 115.105
9 506.712 716.849 5 10.2688 -130.921 157.952
10 506.986 716.43 5 10.4193 -141.59 32.7998
11 506.31 718.378 5 9.46016 -140.122 87.3738
12 506.584 717.96 5 9.54508 -129.312 9.35344
13 506.857 717.541 5 9.65518 -107.155 69.6145
14 507.131 717.123 5 9.78961 -130.912 131.929
15 507.404 716.704 5 9.94738 -144.196 11.9125
16 506.728 718.652 5 8.96568 -153.898 -57.53
17 507.002 718.233 5 9.05524 -134.913 18.0194
18 507.276 717.815 5 9.17122 -138.082 30.5685
19 507.549 717.396 5 9.31264 -131.297 92.3711
20 507.823 716.978 5 9.47835 -125.126 -92.7912
21 507.147 718.925 5 8.47184 -137.435 86.2592
22 507.421 718.507 5 8.56656 -136.39 29.5016
23 507.694 718.088 5 8.68907 -144.192 9.44232
24 507.968 717.67 5 8.8382 -138.712 -125.652
25 508.241 717.251 5 9.01265 -125.459 -136.659
26 507.565 719.199 5 7.97877 -149.612 -85.3577
27 507.839 718.78 5 8.07927 -134.905 -23.4212
28 508.113 718.362 5 8.20906 -125.732 -26.1551
29 508.386 717.943 5 8.36675 -111.787 136.525
30 508.66 717.525 5 8.55082 -125.313 112.6
31 507.984 719.472 5 7.48661 -165.977 48.7805
32 508.258 719.054 5 7.59364 -126.875 -110.157
33 508.531 718.635 5 7.73158 -123.222 -3.9282
34 508.805 718.217 5 7.89881 -125.288 108.196
35 509.078 717.798 5 8.09353 -124.081 153.252
36 508.402 719.746 5 6.99557 -152.322 72.3496
37 508.676 719.328 5 7.10999 -125.354 -80.1487
38 508.95 718.909 5 7.25713 -250 0
39 509.223 718.491 5 7.43505 -250 0
40 509.497 718.072 5 7.64159 -250 0
