1 509.951 714.045 5 13.0161 -101.665 150.767
2 510.37 714.318 5 12.5803 -98.1166 142.594
3 510.79 714.59 5 12.1495 -96.4683 129.895
4 511.209 714.862 5 11.7242 -91.3066 71.3385
5 511.628 715.135 5 11.3049 -106.533 101.264
6 512.048 715.407 5 10.8925 -102.92 -23.5883
7 512.467 715.679 5 10.4878 -98.2227 -33.1359
8 512.886 715.952 5 10.0916 -97.0042 -151.271
9 513.306 716.224 5 9.70492 -97.0128 -127.484
10 513.725 716.496 5 9.32906 -111.19 156.533
11 514.144 716.769 5 8.96534 -99.7431 141.636
12 514.564 717.041 5 8.61529 -250 0
13 514.983 717.313 5 8.28065 -250 0
14 509.679 714.465 5 12.7826 -101.673 -151.423
15 510.098 714.737 5 12.3385 -97.8198 -102.24
16 510.517 715.009 5 11.899 -109.619 17.7699
17 510.937 715.282 5 11.4644 -106.36 -43.8559
18 511.356 715.554 5 11.0353 -96.6578 -8.71858
19 511.775 715.826 5 10.6124 -97.2106 -26.5882
20 512.195 716.099 5 10.1965 -112.776 -43.2234
21 512.614 716.371 5 9.78853 -100.51 -135.658
22 513.033 716.643 5 9.38942 -96.5803 -142.566
23 513.453 716.916 5 9.0004 -102.199 -159.404
24 513.872 717.188 5 8.62283 -103.867 -120.278
25 514.291 717.46 5 8.25827 -105.415 -29.7273
26 514.711 717.733 5 7.90854 -94.2153 -111.401
27 509.406 714.884 5 12.5646 -99.0667 1.58823
28 509.826 715.156 5 12.1126 -86.9737 2.93003
29 510.245 715.429 5 11.6645 -101.234 -142.72
30 510.664 715.701 5 11.2208 -103.46 -118.792
31 511.084 715.973 5 10.7821 -115.561 121.993
32 511.503 716.246 5 10.3489 -99.99 -107.036
33 511.922 716.518 5 9.92196 -112.426 -80.0591
34 512.342 716.79 5 9.50217 -107.436 -148.381
35 512.761 717.063 5 9.09049 -120.074 -43.1196
36 513.18 717.335 5 8.6881 -101.017 34.5693
37 513.6 717.607 5 8.29632 -94.9852 -137.722
38 514.019 717.88 5 7.91675 -98.8505 162.156
39 514.438 718.152 5 7.55121 -116.443 60.107
40 509.134 715.303 5 12.3631 -96.5924 132.581
41 509.553 715.576 5 11.9034 -102.327 55.3771
42 509.973 715.848 5 11.4472 -105.354 31.1776
43 510.392 716.12 5 10.9947 -108.048 -139.899
44 510.811 716.393 5 10.5465 -93.5466 -141.419
45 511.231 716.665 5 10.1032 -100.923 -170.631
46 511.65 716.937 5 9.66546 -108.28 -114.773
47 512.069 717.21 5 9.23401 -111.972 37.0349
48 512.489 717.482 5 8.80982 -112.82 23.4942
49 512.908 717.754 5 8.39398 -129.069 -105.92
50 513.327 718.027 5 7.98779 -95.3586 54.7439
51 513.747 718.299 5 7.59281 -103.595 -54.7132
52 514.166 718.571 5 7.21087 -96.4026 -33.6478
53 508.862 715.723 5 12.1787 -109.542 -158.299
54 509.281 715.995 5 11.7118 -108.3 145.177
55 509.7 716.267 5 11.2478 -101.85 61.7836
56 510.12 716.54 5 10.787 -104.144 -84.8247
57 510.539 716.812 5 10.3298 -115.11 -73.5874
58 510.958 717.084 5 9.87679 -135.153 -158.136
59 511.378 717.357 5 9.42851 -102.21 4.11932
60 511.797 717.629 5 8.9857 -97.6919 -154.488
61 512.216 717.901 5 8.5492 -104.114 160.19
62 512.636 718.174 5 8.12002 -109.186 -179.673
63 513.055 718.446 5 7.69939 -110.081 59.7394
64 513.474 718.718 5 7.2888 -93.0742 -120.44
65 513.894 718.991 5 6.89003 -98.2867 97.9352
66 508.589 716.142 5 12.0124 -107.306 -37.2577
67 509.009 716.414 5 11.5388 -107.251 158.642
68 509.428 716.687 5 11.0675 -131.75 -17.1402
69 509.847 716.959 5 10.5988 -114.866 -143.524
70 510.267 717.231 5 10.1332 -109.426 30.8817
71 510.686 717.504 5 9.67092 -113.128 120.738
72 511.105 717.776 5 9.21264 -106.703 162.837
73 511.525 718.048 5 8.75892 -94.8424 17.5322
74 511.944 718.321 5 8.31051 -113.188 119.988
75 512.363 718.593 5 7.86832 -100.423 -19.4849
76 512.783 718.865 5 7.43347 -98.3879 87.7338
77 513.202 719.138 5 7.00731 -98.1409 -143.365
78 513.621 719.41 5 6.59153 -93.5727 -43.6256
79 510.414 717.923 5 9.48697 -119.781 -171.016
80 510.833 718.195 5 9.01934 -107.679 -173.486
81 511.672 718.74 5 8.0957 -102.525 83.1955
82 512.091 719.012 5 7.6411 -96.6583 -29.4647
83 512.51 719.285 5 7.19251 -100.946 -35.7726
84 512.93 719.557 5 6.75116 -97.424 -155.381
85 513.349 719.829 5 6.31855 -95.5916 36.5839
86 510.141 718.342 5 9.32622 -113.707 -30.9326
87 510.561 718.615 5 8.85011 -113.319 -97.7267
88 511.399 719.159 5 7.90672 -111.931 -41.5105
89 511.819 719.432 5 7.44058 -101.639 173.005
90 512.238 719.704 5 6.97912 -106.436 -150.533
91 512.657 719.976 5 6.52335 -115.887 -145.404
92 513.077 720.249 5 6.07453 -106.862 36.2718
93 509.869 718.762 5 9.1899 -99.7397 156.723
94 510.288 719.034 5 8.70633 -106.593 2.91358
95 511.127 719.579 5 7.74545 -114.419 104.353
96 511.546 719.851 5 7.26897 -113.706 -95.4375
97 511.966 720.123 5 6.79588 -98.1768 -105.17
98 512.385 720.396 5 6.32692 -95.5869 -144.314
99 512.804 720.668 5 5.86309 -116.617 126.4
100 509.597 719.181 5 9.0791 -110.965 152.177
101 510.016 719.453 5 8.5893 -102.553 -5.32979
102 509.324 719.6 5 8.99477 -116.403 5.20831
103 509.744 719.873 5 8.50011 -104.055 172.978
104 509.052 720.02 5 8.93766 -110.02 -164.406
105 509.471 720.292 5 8.43965 -100.346 -27.6068
