1 505.473 717.831 5 12.6149 -140.675 -62.6853
2 505.747 717.412 5 12.6492 -152.132 76.5477
3 506.02 716.994 5 12.7031 -149.506 80.7178
4 506.294 716.575 5 12.7763 -119.228 -84.339
5 506.567 716.157 5 12.8686 -128.796 -67.8254
6 505.891 718.104 5 12.1155 -139.637 -71.0188
7 506.165 717.686 5 12.1512 -162.954 33.7259
8 506.439 717.267 5 12.2073 -120.384 76.5052
9 506.712 716.849 5 12.2835 -126.986 93.4445
10 506.986 716.43 5 12.3795 -124.06 85.3926
11 506.31 718.378 5 11.6162 -198.194 -34.6272
12 506.584 717.96 5 11.6534 -121.429 -145.951
13 506.857 717.541 5 11.7119 -105.781 -31.7195
14 507.131 717.123 5 11.7913 -126.31 -130.988
15 507.404 716.704 5 11.8912 -197.099 -11.2436
16 506.728 718.652 5 11.1169 -121.526 -46.822
17 507.002 718.233 5 11.1558 -124.753 -69.7321
18 507.276 717.815 5 11.2169 -128.688 -30.0923
19 507.549 717.396 5 11.2998 -157.457 22.5431
20 507.823 716.978 5 11.404 -180.592 -148.861
21 507.147 718.925 5 10.6177 -120.094 18.9117
22 507.421 718.507 5 10.6584 -127.246 4.76983
23 507.694 718.088 5 10.7224 -152.49 62.6834
24 507.968 717.67 5 10.809 -181.385 50.4459
25 508.241 717.251 5 10.9179 -192.323 171.306
26 507.565 719.199 5 10.1186 -128.64 21.7125
27 507.839 718.78 5 10.1613 -149.737 38.8695
28 508.113 718.362 5 10.2283 -142.987 11.906
29 508.386 717.943 5 10.3192 -250 0
30 508.66 717.525 5 10.4332 -132.076 42.7562
31 507.984 719.472 5 9.61958 -135.693 -172.145
32 508.258 719.054 5 9.66451 -178.986 -33.4916
33 508.531 718.635 5 9.73495 -116.972 49.8326
34 508.805 718.217 5 9.83034 -109.652 155.604
35 509.078 717.798 5 9.94997 -133.731 124.252
36 508.402 719.746 5 9.12067 -162.801 -94.2793
37 508.676 719.328 5 9.16804 -186.056 142.291
38 508.95 718.909 5 9.24226 -250 0
39 509.223 718.491 5 9.34269 -250 0
40 509.497 718.072 5 9.46848 -250 0
