1 509.951 714.045 5 12.5774 -102.982 -130.536
2 510.37 714.318 5 12.1465 -93.7951 141.976
3 510.79 714.59 5 11.7211 -103.546 73.8806
4 511.209 714.862 5 11.3018 -91.7427 -48.3119
5 511.628 715.135 5 10.8892 -94.6403 -106.644
6 512.048 715.407 5 10.4843 -104.571 -41.9117
7 512.467 715.679 5 10.088 -107.207 24.2425
8 512.886 715.952 5 9.7012 -96.0484 -9.93302
9 513.306 716.224 5 9.32519 -93.02 -125.59
10 513.725 716.496 5 8.96131 -102.305 29.4585
11 514.144 716.769 5 8.6111 -104.714 -106.876
12 514.564 717.041 5 8.27629 -250 0
13 514.983 717.313 5 7.95882 -250 0
14 509.679 714.465 5 12.3359 -101.445 48.8697
15 510.098 714.737 5 11.8962 -96.4439 71.8633
16 510.517 715.009 5 11.4615 -97.4858 -10.8151
17 510.937 715.282 5 11.0323 -101.343 -116.01
18 511.356 715.554 5 10.6093 -115.092 23.2469
19 511.775 715.826 5 10.1933 -100.424 -161.645
20 512.195 716.099 5 9.78514 -117.619 37.4966
21 512.614 716.371 5 9.38589 -96.4458 -134.839
22 513.033 716.643 5 8.99671 -95.371 -160.548
23 513.453 716.916 5 8.61898 -101.402 99.241
24 513.872 717.188 5 8.25425 -104.673 167.502
25 514.291 717.46 5 7.90434 -105.427 142.546
26 514.711 717.733 5 7.57129 -102.408 -146.451
27 509.406 714.884 5 12.1101 -102.889 -143.985
28 509.826 715.156 5 11.662 -98.0323 -113.255
29 510.245 715.429 5 11.2182 -96.7415 175.659
30 510.664 715.701 5 10.7793 -92.6439 103.593
31 511.084 715.973 5 10.346 -96.5886 148.541
32 511.503 716.246 5 9.91891 -103.229 -169.285
33 511.922 716.518 5 9.49898 -101.552 -70.3447
34 512.342 716.79 5 9.08716 -102.688 103.68
35 512.761 717.063 5 8.68461 -101.28 98.9147
36 513.18 717.335 5 8.29267 -98.2021 41.1813
37 513.6 717.607 5 7.91292 -105.661 -1.89468
38 514.019 717.88 5 7.5472 -103.647 -62.0551
39 514.438 718.152 5 7.19764 -107.992 -12.416
40 509.134 715.303 5 11.9011 -101.537 -12.0023
41 509.553 715.576 5 11.4448 -98.447 -35.6046
42 509.973 715.848 5 10.9922 -100.803 -102.888
43 510.392 716.12 5 10.5439 -113.097 175.792
44 510.811 716.393 5 10.1005 -100.732 177.816
45 511.231 716.665 5 9.66263 -105.085 100.197
46 511.65 716.937 5 9.23105 -100.993 5.82658
47 512.069 717.21 5 8.80671 -99.7917 107.651
48 512.489 717.482 5 8.39071 -100.672 -98.2185
49 512.908 717.754 5 7.98436 -102.367 -27.4046
50 513.327 718.027 5 7.58919 -96.7539 1.37559
51 513.747 718.299 5 7.20706 -99.716 116.604
52 514.166 718.571 5 6.84015 -110.273 25.5707
53 508.862 715.723 5 11.7098 -101.518 94.879
54 509.281 715.995 5 11.2456 -107.934 35.6102
55 509.7 716.267 5 10.7847 -112.655 151.443
56 510.12 716.54 5 10.3274 -105.704 124.62
57 510.539 716.812 5 9.87432 -101.304 -97.993
58 510.958 717.084 5 9.42592 -99.2491 -173.733
59 511.378 717.357 5 8.98298 -109.975 -111.339
60 511.797 717.629 5 8.54633 -99.8772 113.945
61 512.216 717.901 5 8.117 -107.768 -28.388
62 512.636 718.174 5 7.69621 -103.383 109.26
63 513.055 718.446 5 7.28543 -98.9358 -155.702
64 513.474 718.718 5 6.88646 -94.903 -134.076
65 513.894 718.991 5 6.50148 -94.9489 -84.1884
66 508.589 716.142 5 11.5369 -105.888 136.864
67 509.009 716.414 5 11.0655 -115.851 -4.932
68 509.428 716.687 5 10.5968 -129.598 -159.594
69 509.847 716.959 5 10.131 -111.287 -140.398
70 510.267 717.231 5 9.6687 -111.988 127.047
71 510.686 717.504 5 9.2103 -116.321 -64.545
72 511.105 717.776 5 8.75646 -98.6727 172.048
73 511.525 718.048 5 8.30791 -107.651 96.8884
74 511.944 718.321 5 7.86558 -110.027 -2.55933
75 512.363 718.593 5 7.43056 -106.114 136.987
76 512.783 718.865 5 7.00422 -97.5574 -69.2349
77 513.202 719.138 5 6.58825 -97.8754 68.7185
78 513.621 719.41 5 6.18473 -94.822 67.6578
79 510.414 717.923 5 9.01727 -122.236 -81.7011
80 510.833 718.195 5 8.55319 -121.755 104.085
81 511.672 718.74 5 7.63865 -118.816 88.5603
82 512.091 719.012 5 7.18991 -109.375 104.937
83 512.51 719.285 5 6.74839 -102.957 44.7078
84 512.93 719.557 5 6.31559 -100.111 27.692
85 513.349 719.829 5 5.89343 -105.212 152.668
86 510.141 718.342 5 8.84832 -111.754 78.0377
87 510.561 718.615 5 8.37489 -116.626 -151.362
88 511.399 719.159 5 7.43845 -118.175 29.7589
89 511.819 719.432 5 6.97685 -111.52 38.5516
90 512.238 719.704 5 6.52092 -102.31 -144.87
91 512.657 719.976 5 6.07192 -101.868 130.659
92 513.077 720.249 5 5.63153 -109.665 174.575
93 509.869 718.762 5 8.70485 -103.001 55.3058
94 510.288 719.034 5 8.22316 -113.082 -48.5725
95 511.127 719.579 5 7.2672 -113.639 32.8359
96 511.546 719.851 5 6.79397 -115.658 173.981
97 511.966 720.123 5 6.32487 -105.716 111.225
98 512.385 720.396 5 5.86088 -105.037 -0.691064
99 512.804 720.668 5 5.40331 -122.945 161.538
100 509.597 719.181 5 8.58814 -114.946 171.268
101 510.016 719.453 5 8.09951 -108.238 -144.831
102 509.324 719.6 5 8.49928 -110.931 149.171
103 509.744 719.873 5 8.00522 -100.255 98.5469
104 509.052 720.02 5 8.43915 -132.837 -117.872
105 509.471 720.292 5 7.94136 -113.288 -100.431
