1 509.951 714.045 5 11.715 -101.448 -121.874
2 510.37 714.318 5 11.2954 -97.597 -62.3893
3 510.79 714.59 5 10.8826 -91.7285 1.4005
4 511.209 714.862 5 10.4775 -87.5912 -30.6119
5 511.628 715.135 5 10.0808 -92.4386 -86.6255
6 512.048 715.407 5 9.69378 -93.5131 -18.1035
7 512.467 715.679 5 9.31747 -98.271 -18.7812
8 512.886 715.952 5 8.95327 -83.5977 114.003
9 513.306 716.224 5 8.60272 -101.357 -11.4614
10 513.725 716.496 5 8.26757 -117.33 25.8326
11 514.144 716.769 5 7.94975 -113.32 -34.944
12 514.564 717.041 5 7.65143 -250 0
13 514.983 717.313 5 7.37497 -250 0
14 509.679 714.465 5 11.4557 -102.177 94.1296
15 510.098 714.737 5 11.0263 -107.505 5.755
16 510.517 715.009 5 10.6031 -95.8078 -129.729
17 510.937 715.282 5 10.1868 -92.3474 -156.779
18 511.356 715.554 5 9.77838 -94.1526 132.277
19 511.775 715.826 5 9.37883 -108.076 120.237
20 512.195 716.099 5 8.98935 -92.6251 140.027
21 512.614 716.371 5 8.61128 -94.7875 141.817
22 513.033 716.643 5 8.24621 -84.0986 -30.9676
23 513.453 716.916 5 7.89594 -126.242 -117.488
24 513.872 717.188 5 7.56252 -112.193 -9.38018
25 514.291 717.46 5 7.24828 -102.862 159.002
26 514.711 717.733 5 6.95581 -93.4318 151.422
27 509.406 714.884 5 11.2128 -83.0467 165.808
28 509.826 715.156 5 10.7737 -96.3392 -125.321
29 510.245 715.429 5 10.3401 -100.447 141.201
30 510.664 715.701 5 9.91282 -92.0671 49.4309
31 511.084 715.973 5 9.49262 -97.448 16.3175
32 511.503 716.246 5 9.08051 -101.569 -92.2828
33 511.922 716.518 5 8.67765 -96.1635 37.3076
34 512.342 716.79 5 8.28537 -114.333 -168.596
35 512.761 717.063 5 7.90526 -95.6117 -9.68731
36 513.18 717.335 5 7.53917 -85.2972 149.592
37 513.6 717.607 5 7.18922 -101.476 -32.33
38 514.019 717.88 5 6.85789 -105.707 -64.7594
39 514.438 718.152 5 6.54802 -107.893 -73.8894
40 509.134 715.303 5 10.9873 -94.845 -85.4203
41 509.553 715.576 5 10.5388 -102.203 -77.5715
42 509.973 715.848 5 10.0951 -107.093 -94.7339
43 510.392 716.12 5 9.65698 -103.501 -130.851
44 510.811 716.393 5 9.22513 -103.549 175.185
45 511.231 716.665 5 8.80051 -99.8303 -119.066
46 511.65 716.937 5 8.3842 -101.9 113.462
47 512.069 717.21 5 7.9775 -97.9463 -93.6173
48 512.489 717.482 5 7.58198 -99.9152 42.8922
49 512.908 717.754 5 7.19946 -106.253 137.193
50 513.327 718.027 5 6.83213 -91.8367 -24.9425
51 513.747 718.299 5 6.48258 -113.126 -26.2145
52 514.166 718.571 5 6.15384 -110.978 143.714
53 508.862 715.723 5 10.7802 -110.109 -111.7
54 509.281 715.995 5 10.3227 -112.782 32.539
55 509.7 716.267 5 9.86938 -113.475 -151.843
56 510.12 716.54 5 9.42074 -106.054 -170.704
57 510.539 716.812 5 8.97754 -109.543 72.1094
58 510.958 717.084 5 8.54061 -106.53 38.3164
59 511.378 717.357 5 8.11098 -100.639 -119.359
60 511.797 717.629 5 7.68985 -105.56 -172.67
61 512.216 717.901 5 7.27871 -103.637 8.98709
62 512.636 718.174 5 6.87935 -103.177 -139.668
63 513.055 718.446 5 6.49394 -100.417 -10.3208
64 513.474 718.718 5 6.12512 -95.2506 0.357056
65 513.894 718.991 5 5.77606 -101.547 -74.7869
66 508.589 716.142 5 10.5927 -121.368 61.0805
67 509.009 716.414 5 10.1268 -115.586 60.1314
68 509.428 716.687 5 9.66425 -112.767 3.28675
69 509.847 716.959 5 9.20563 -112.303 -10.4484
70 510.267 717.231 5 8.75154 -112.575 -9.81702
71 510.686 717.504 5 8.30273 -116.129 -11.6886
72 511.105 717.776 5 7.8601 -96.7998 -132.678
73 511.525 718.048 5 7.42475 -111.131 -131.483
74 511.944 718.321 5 6.99806 -100.27 22.444
75 512.363 718.593 5 6.58169 -106.689 -94.7089
76 512.783 718.865 5 6.17774 -99.8208 -95.6881
77 513.202 719.138 5 5.78881 -96.3011 173.138
78 513.621 719.41 5 5.41813 -104.273 -177.985
79 510.414 717.923 5 8.08879 -117.642 79.2353
80 510.833 718.195 5 7.63376 -120.806 -101.096
81 511.672 718.74 5 6.74285 -102.871 -22.55
82 512.091 719.012 5 6.30966 -109.119 99.3187
83 512.51 719.285 5 5.88707 -106.672 -146.901
84 512.93 719.557 5 5.47754 -110.382 -150.693
85 513.349 719.829 5 5.08422 -110.054 29.4184
86 510.141 718.342 5 7.90074 -111.392 122.334
87 510.561 718.615 5 7.43421 -111.737 -56.3148
88 511.399 719.159 5 6.51607 -106.038 140.463
89 511.819 719.432 5 6.06671 -108.233 157.145
90 512.238 719.704 5 5.62591 -107.999 160.914
91 512.657 719.976 5 5.19583 -103.823 -160.614
92 513.077 720.249 5 4.77938 -105.528 -59.2439
93 509.869 718.762 5 7.74047 -102.362 13.7793
94 510.288 719.034 5 7.26366 -111.683 4.25108
95 511.127 719.579 5 6.32079 -118.3 117.322
96 511.546 719.851 5 5.85647 -116.132 125.819
97 511.966 720.123 5 5.39852 -108.889 154.386
98 512.385 720.396 5 4.94872 -120.814 -89.5678
99 512.804 720.668 5 4.50951 -119.264 -29.5738
100 509.597 719.181 5 7.60974 -109.673 67.8575
101 510.016 719.453 5 7.12418 -116.711 63.3008
102 509.324 719.6 5 7.51008 -112.24 127.857
103 509.744 719.873 5 7.01763 -118.693 -100.655
104 509.052 720.02 5 7.44275 -97.602 117.4
105 509.471 720.292 5 6.94552 -121.662 134.626
