1 514.644 719.84 5 4.33795 -49.7963 -98.7495
2 514.371 720.259 5 3.8898 -51.1773 155.121
3 514.097 720.678 5 3.45592 -54.3746 -7.78959
4 513.824 721.096 5 3.04239 -57.6715 21.3085
5 513.551 721.515 5 2.65875 -52.8259 30.1694
6 513.278 721.934 5 2.31986 -53.5248 30.5346
7 513.004 722.353 5 2.04806 -57.4367 10.6283
8 512.731 722.771 5 1.87279 -49.1301 165.448
9 512.458 723.19 5 1.82212 -44.9816 57.8788
10 512.185 723.609 5 1.90603 -40.5815 -167.04
11 515.063 720.113 5 4.15292 -59.5618 -139.918
12 514.789 720.532 5 3.68233 -51.6483 108.033
13 514.516 720.951 5 3.22061 -51.0223 -44.5096
14 514.243 721.37 5 2.7722 -45.2469 136.374
15 513.97 721.788 5 2.34476 -48.2382 -62.3375
16 513.696 722.207 5 1.9521 -44.3972 13.4902
17 513.423 722.626 5 1.61972 -51.16 -120.351
18 513.15 723.045 5 1.39151 -57.3422 43.9097
19 512.877 723.463 5 1.32253 -46.4702 81.6887
20 512.603 723.882 5 1.43593 -35.7184 89.8843
21 515.481 720.387 5 4.0219 -52.6485 128.353
22 515.208 720.805 5 3.5339 -52.3239 116.498
23 514.935 721.224 5 3.0498 -52.664 37.1283
24 514.662 721.643 5 2.57178 -55.6325 13.3145
25 514.388 722.062 5 2.10401 -44.0372 -73.8274
26 514.115 722.48 5 1.65519 -45.2051 119.803
27 513.842 722.899 5 1.24598 -41.2179 -98.9808
28 513.568 723.318 5 0.930192 -50.9302 -29.1424
29 513.295 723.737 5 0.82344 -38.4679 161.008
30 513.022 724.155 5 0.995414 -35.5046 -133.102
31 515.9 720.66 5 3.95027 -53.3349 -6.29155
32 515.627 721.079 5 3.45216 -50.0544 -8.29452
33 515.353 721.497 5 2.9547 -52.514 -41.7777
34 515.08 721.916 5 2.45826 -47.9333 -28.0267
35 514.807 722.335 5 1.96363 -47.3737 -57.9737
36 514.534 722.754 5 1.47262 -48.39 -89.458
37 514.26 723.172 5 0.990666 -39.815 -111.741
38 513.987 723.591 5 0.542416 -34.477 122.639
39 516.319 720.933 5 3.94127 -49.8786 47.7554
40 516.045 721.352 5 3.44186 -49.8283 45.4731
41 515.772 721.771 5 2.94265 -51.5037 52.4853
42 515.499 722.189 5 2.44377 -49.3362 51.1627
43 515.226 722.608 5 1.94545 -46.9508 39.8544
44 514.952 723.027 5 1.4483 -47.8649 20.329
45 514.679 723.446 5 0.954137 -44.5714 4.99565
46 514.406 723.864 5 0.472412 -73.6755 -63.8372
47 516.737 721.206 5 3.99532 -54.5641 -85.4266
48 516.464 721.625 5 3.50362 -51.4733 -135.559
49 516.191 722.044 5 3.01466 -57.4798 171.343
50 515.918 722.463 5 2.53001 -58.8891 74.9967
51 515.644 722.881 5 2.05274 -64.4016 -28.6129
52 515.371 723.3 5 1.58951 -55.1184 -76.9121
53 515.098 723.719 5 1.1573 -58.6257 -103.822
54 514.825 724.138 5 0.807546 -77.2534 -40.6586
55 517.156 721.48 5 4.10993 -61.6761 -27.63
56 516.883 721.898 5 3.63377 -64.9628 59.5175
57 516.61 722.317 5 3.16498 -59.0265 31.3163
58 516.336 722.736 5 2.70738 -63.8621 168.672
59 516.063 723.155 5 2.26775 -63.4898 37.5273
60 515.79 723.573 5 1.8589 -57.0758 47.9896
61 515.517 723.992 5 1.50609 -63.6975 169.303
62 515.243 724.411 5 1.25741 -71.0459 -62.3209
63 517.575 721.753 5 4.28024 -62.9431 13.8135
64 517.302 722.172 5 3.82535 -59.1761 -55.8746
65 517.028 722.59 5 3.3832 -62.3244 63.6655
66 516.755 723.009 5 2.95954 -60.2903 145.538
67 516.482 723.428 5 2.56352 -76.3489 120.086
68 516.209 723.847 5 2.21008 -54.9111 169.797
69 515.935 724.265 5 1.92282 -54.1713 -74.9371
70 515.662 724.684 5 1.73495 -57.5093 -137.798
71 517.994 722.026 5 4.49994 -68.0083 100.888
72 517.72 722.445 5 4.06967 -64.6577 -30.8411
73 517.447 722.864 5 3.65719 -63.5715 -7.2447
74 517.174 723.282 5 3.26922 -72.3112 -50.091
75 516.901 723.701 5 2.91558 -67.4966 109.555
76 516.627 724.12 5 2.61025 -67.6166 -110.34
77 516.354 724.539 5 2.37196 -59.824 -93.5519
78 516.081 724.957 5 2.22239 -56.9907 153.168
