1 509.951 714.045 5 10.876 -90.263 163.201
2 510.37 714.318 5 10.4706 -91.2978 -60.7285
3 510.79 714.59 5 10.0737 -84.2657 87.5398
4 511.209 714.862 5 9.68636 -85.8025 123.082
5 511.628 715.135 5 9.30975 -87.3063 42.077
6 512.048 715.407 5 8.94523 -86.9129 85.1062
7 512.467 715.679 5 8.59435 -83.3626 91.0769
8 512.886 715.952 5 8.25885 -90.1209 9.76576
9 513.306 716.224 5 7.94068 -101.508 128.298
10 513.725 716.496 5 7.642 -88.8434 -56.271
11 514.144 716.769 5 7.36518 -98.024 -43.4084
12 514.564 717.041 5 7.11278 -250 0
13 514.983 717.313 5 6.88749 -250 0
14 509.679 714.465 5 10.5968 -92.2272 23.6612
15 510.098 714.737 5 10.1803 -106.061 130.413
16 510.517 715.009 5 9.77162 -96.8851 145.444
17 510.937 715.282 5 9.37179 -92.5291 146.969
18 511.356 715.554 5 8.98199 -91.9882 106.628
19 511.775 715.826 5 8.6036 -97.7861 -112.147
20 512.195 716.099 5 8.23818 -111.403 -92.1393
21 512.614 716.371 5 7.88755 -108.615 -92.9697
22 513.033 716.643 5 7.55375 -96.5966 171.102
23 513.453 716.916 5 7.23913 -95.6441 105.747
24 513.872 717.188 5 6.94627 -90.3721 143.041
25 514.291 717.46 5 6.67806 -92.7792 99.8804
26 514.711 717.733 5 6.43757 -87.1064 -169.142
27 509.406 714.884 5 10.3343 -98.1582 -98.9134
28 509.826 715.156 5 9.90675 -97.0604 -164.307
29 510.245 715.429 5 9.48627 -100.82 -40.9247
30 510.664 715.701 5 9.07387 -95.6125 -135.507
31 511.084 715.973 5 8.67069 -98.1842 1.53572
32 511.503 716.246 5 8.27808 -91.653 -85.9054
33 511.922 716.518 5 7.89762 -100.999 -0.595604
34 512.342 716.79 5 7.53115 -87.9985 139.185
35 512.761 717.063 5 7.1808 -90.7901 -137.85
36 513.18 717.335 5 6.84907 -98.2886 -71.5774
37 513.6 717.607 5 6.53877 -95.8927 -15.5369
38 514.019 717.88 5 6.2531 -96.2326 -75.1211
39 514.438 718.152 5 5.99558 -96.0476 -166.374
40 509.134 715.303 5 10.0897 -100.404 79.2739
41 509.553 715.576 5 9.65134 -105.952 73.0323
42 509.973 715.848 5 9.21923 -104.454 -146.178
43 510.392 716.12 5 8.79431 -116.799 -158.491
44 510.811 716.393 5 8.37769 -98.2762 -6.83276
45 511.231 716.665 5 7.97066 -97.0545 -157.99
46 511.65 716.937 5 7.57477 -109.227 -106.596
47 512.069 717.21 5 7.19187 -98.6984 129.017
48 512.489 717.482 5 6.82413 -88.7972 -79.4848
49 512.908 717.754 5 6.47414 -91.4623 87.2686
50 513.327 718.027 5 6.14494 -92.2826 24.193
51 513.747 718.299 5 5.84004 -90.5146 119.642
52 514.166 718.571 5 5.56343 -105.078 7.65539
53 508.862 715.723 5 9.86445 -96.9837 -120.42
54 509.281 715.995 5 9.41558 -101.245 7.09076
55 509.7 716.267 5 8.97212 -108.319 -43.5114
56 510.12 716.54 5 8.53491 -105.617 116.192
57 510.539 716.812 5 8.10496 -95.4996 -6.34446
58 510.958 717.084 5 7.6835 -103.637 109.663
59 511.378 717.357 5 7.272 -111.524 115.955
60 511.797 717.629 5 6.87224 -98.5444 178.842
61 512.216 717.901 5 6.48641 -101.352 4.92469
62 512.636 718.174 5 6.11713 -85.3609 146.992
63 513.055 718.446 5 5.76758 -92.0992 -88.305
64 513.474 718.718 5 5.44158 -90.7254 -82.2313
65 513.894 718.991 5 5.14359 -84.4184 -32.3652
66 508.589 716.142 5 9.65982 -97.8328 -173.11
67 509.009 716.414 5 9.20097 -105.638 85.7725
68 509.428 716.687 5 8.74664 -112.563 -33.3972
69 509.847 716.959 5 8.29756 -104.299 92.805
70 510.267 717.231 5 7.85463 -123.23 121.827
71 510.686 717.504 5 7.41896 -105.163 -1.07061
72 511.105 717.776 5 6.99191 -110.481 145.875
73 511.525 718.048 5 6.57514 -123.721 -93.6015
74 511.944 718.321 5 6.17076 -95.1337 -51.7198
75 512.363 718.593 5 5.78135 -84.5549 169.45
76 512.783 718.865 5 5.41016 -92.6591 -6.69614
77 513.202 719.138 5 5.06118 -91.0766 132.516
78 513.621 719.41 5 4.73934 -87.5467 158.921
79 510.414 717.923 5 7.17954 -102.115 163.048
80 510.833 718.195 5 6.73732 -104.983 -33.7565
81 511.672 718.74 5 5.88073 -96.1428 -21.2823
82 512.091 719.012 5 5.47072 -109.193 -2.27942
83 512.51 719.285 5 5.07687 -93.0341 117.848
84 512.93 719.557 5 4.70323 -93.6559 152.517
85 513.349 719.829 5 4.35501 -85.953 -42.2142
86 510.141 718.342 5 6.96782 -104.22 -80.3766
87 510.561 718.615 5 6.51124 -116.33 102.154
88 511.399 719.159 5 5.6203 -98.9936 149.457
89 511.819 719.432 5 5.18976 -88.466 171.107
90 512.238 719.704 5 4.77277 -98.9733 165.181
91 512.657 719.976 5 4.37323 -94.5448 -162.078
92 513.077 720.249 5 3.99636 -102.708 -70.672
93 509.869 718.762 5 6.7864 -106.117 62.6154
94 510.288 719.034 5 6.31673 -123.899 125.852
95 511.127 719.579 5 5.39375 -98.4292 -33.6582
96 511.546 719.851 5 4.94351 -105.13 50.2525
97 511.966 720.123 5 4.50379 -96.7346 177.462
98 512.385 720.396 5 4.07797 -100.853 100.711
99 512.804 720.668 5 3.67092 -131.328 -26.2028
100 509.597 719.181 5 6.63777 -113.645 166.441
101 510.016 719.453 5 6.15677 -111.649 -58.6388
102 509.324 719.6 5 6.52417 -123.682 159.255
103 509.744 719.873 5 6.03412 -110.143 79.5542
104 509.052 720.02 5 6.44745 -121.17 36.0557
105 509.471 720.292 5 5.95108 -119.681 146.111
