1 509.951 714.045 5 11.2922 -99.1931 95.2705
2 510.37 714.318 5 10.8793 -97.9281 98.3828
3 510.79 714.59 5 10.4741 -100.471 -40.287
4 511.209 714.862 5 10.0773 -95.9739 -156.675
5 511.628 715.135 5 9.69007 -90.1952 80.2751
6 512.048 715.407 5 9.3136 -84.6319 137.208
7 512.467 715.679 5 8.94925 -86.1473 103.302
8 512.886 715.952 5 8.59854 -89.8196 -16.0768
9 513.306 716.224 5 8.26321 -98.18 -47.4203
10 513.725 716.496 5 7.94521 -109.369 11.8068
11 514.144 716.769 5 7.64671 -98.8067 -138.929
12 514.564 717.041 5 7.37008 -250 0
13 514.983 717.313 5 7.11785 -250 0
14 509.679 714.465 5 11.0233 -102.918 -115.476
15 510.098 714.737 5 10.6 -107.808 -38.2439
16 510.517 715.009 5 10.1836 -101.636 -23.9873
17 510.937 715.282 5 9.775 -87.1859 -139.901
18 511.356 715.554 5 9.37531 -99.7241 134.245
19 511.775 715.826 5 8.98567 -102.708 -168.855
20 512.195 716.099 5 8.60744 -111.219 32.8506
21 512.614 716.371 5 8.2422 -94.3303 -28.0498
22 513.033 716.643 5 7.89174 -98.4017 130.192
23 513.453 716.916 5 7.55813 -96.0793 88.3881
24 513.872 717.188 5 7.2437 -108.249 176.91
25 514.291 717.46 5 6.95104 -98.2298 19.2761
26 514.711 717.733 5 6.68302 -89.017 169.496
27 509.406 714.884 5 10.7709 -103.014 20.7503
28 509.826 715.156 5 10.3372 -105.847 -143.497
29 510.245 715.429 5 9.90978 -99.5054 30.42
30 510.664 715.701 5 9.48945 -95.1562 -173.134
31 511.084 715.973 5 9.07719 -97.8409 68.8718
32 511.503 716.246 5 8.67417 -98.4671 1.64326
33 511.922 716.518 5 8.28173 -87.1647 103.47
34 512.342 716.79 5 7.90144 -95.3318 -49.3899
35 512.761 717.063 5 7.53516 -93.0263 92.6951
36 513.18 717.335 5 7.18501 -91.1868 35.1401
37 513.6 717.607 5 6.85348 -94.0914 132.538
38 514.019 717.88 5 6.54339 -102.208 -121.626
39 514.438 718.152 5 6.25794 -96.9445 -152.598
40 509.134 715.303 5 10.5362 -88.443 101.878
41 509.553 715.576 5 10.0924 -102.83 1.02316
42 509.973 715.848 5 9.65416 -100.945 -122.098
43 510.392 716.12 5 9.22218 -109.476 -138.231
44 510.811 716.393 5 8.79741 -112.101 -164.81
45 511.231 716.665 5 8.38094 -105.571 138.035
46 511.65 716.937 5 7.97408 -94.6938 -88.858
47 512.069 717.21 5 7.57837 -95.2159 161.086
48 512.489 717.482 5 7.19566 -97.0789 37.843
49 512.908 717.754 5 6.82813 -93.8271 161.318
50 513.327 718.027 5 6.47836 -102.62 117.737
51 513.747 718.299 5 6.14939 -96.5676 127.1
52 514.166 718.571 5 5.84472 -100.62 24.3047
53 508.862 715.723 5 10.3204 -91.6659 165.204
54 509.281 715.995 5 9.86691 -102.222 113.137
55 509.7 716.267 5 9.41816 -119.518 8.42104
56 510.12 716.54 5 8.97483 -107.319 -49.9453
57 510.539 716.812 5 8.53776 -101.678 -144.881
58 510.958 717.084 5 8.10797 -103.084 144.24
59 511.378 717.357 5 7.68667 -104.867 116.208
60 511.797 717.629 5 7.27535 -102.802 100.81
61 512.216 717.901 5 6.87579 -121.27 0.607897
62 512.636 718.174 5 6.49017 -100.063 -165.384
63 513.055 718.446 5 6.12112 -104.049 -4.69116
64 513.474 718.718 5 5.77182 -95.6302 -143.925
65 513.894 718.991 5 5.44608 -107.595 -50.2461
66 508.589 716.142 5 10.1247 -104.917 -156.634
67 509.009 716.414 5 9.66204 -116.512 68.9372
68 509.428 716.687 5 9.2033 -106.11 -41.5924
69 509.847 716.959 5 8.74909 -111.737 -5.09114
70 510.267 717.231 5 8.30014 -116.58 -65.8473
71 510.686 717.504 5 7.85736 -117.648 -142.925
72 511.105 717.776 5 7.42185 -110.044 -166.783
73 511.525 718.048 5 6.99498 -101.313 155.042
74 511.944 718.321 5 6.57841 -100.171 18.829
75 512.363 718.593 5 6.17425 -96.0125 -78.4888
76 512.783 718.865 5 5.78508 -98.6885 126.683
77 513.202 719.138 5 5.41414 -111.418 -42.34
78 513.621 719.41 5 5.06544 -107.754 -77.2213
79 510.414 717.923 5 7.63132 -109.639 171.774
80 510.833 718.195 5 7.18212 -118.882 -25.0647
81 511.672 718.74 5 6.3067 -105.036 15.2336
82 512.091 719.012 5 5.8839 -90.7192 -46.0499
83 512.51 719.285 5 5.47413 -92.4788 -35.2047
84 512.93 719.557 5 5.08054 -105.373 122.88
85 513.349 719.829 5 4.7072 -97.217 164.541
86 510.141 718.342 5 7.4321 -116.568 -47.1369
87 510.561 718.615 5 6.97007 -123.702 -106.7
88 511.399 719.159 5 6.06411 -109.684 6.37789
89 511.819 719.432 5 5.6231 -107.198 115.377
90 512.238 719.704 5 5.19279 -109.251 -65.8196
91 512.657 719.976 5 4.77607 -107.802 45.0545
92 513.077 720.249 5 4.37684 -96.139 -162.804
93 509.869 718.762 5 7.26189 -120.571 32.4519
94 510.288 719.034 5 6.78829 -138.312 76.6919
95 511.127 719.579 5 5.85427 -110.195 159.561
96 511.546 719.851 5 5.39613 -100.524 90.4863
97 511.966 720.123 5 4.94612 -97.1697 -128.526
98 512.385 720.396 5 4.50665 -104.121 -159.452
99 512.804 720.668 5 4.08114 -117.042 -14.8479
100 509.597 719.181 5 7.12278 -117.755 157.825
101 510.016 719.453 5 6.63927 -124.258 37.7717
102 509.324 719.6 5 7.01663 -116.709 -93.2852
103 509.744 719.873 5 6.52525 -115.538 133.814
104 509.052 720.02 5 6.94493 -136.379 -2.30535
105 509.471 720.292 5 6.44809 -128.9 -63.852
