1 514.644 719.84 5 4.85114 -78.9689 -8.4517
2 514.371 720.259 5 4.45387 -66.2322 -143.061
3 514.097 720.678 5 4.07926 -67.0177 -117.614
4 513.824 721.096 5 3.73414 -85.8019 -146.319
5 513.551 721.515 5 3.42742 -67.9875 -126.257
6 513.278 721.934 5 3.17027 -65.0363 -25.0644
7 513.004 722.353 5 2.97558 -63.4538 11.3369
8 512.731 722.771 5 2.85613 -53.6862 171.205
9 512.458 723.19 5 2.8215 -46.755 -41.5302
10 512.185 723.609 5 2.87477 -47.5967 -54.9352
11 515.063 720.113 5 4.57849 -70.9094 -5.51123
12 514.789 720.532 5 4.15524 -76.7639 132.111
13 514.516 720.951 5 3.75092 -65.4622 53.3292
14 514.243 721.37 5 3.37236 -78.2454 154.616
15 513.97 721.788 5 3.02923 -69.1553 41.1181
16 513.696 722.207 5 2.73489 -64.2459 -49.8392
17 513.423 722.626 5 2.5066 -75.7446 50.2514
18 513.15 723.045 5 2.36357 -62.2687 -24.5419
19 512.877 723.463 5 2.32161 -59.1768 115.66
20 512.603 723.882 5 2.38606 -42.669 -131.277
21 515.481 720.387 5 4.34644 -68.6215 134.42
22 515.208 720.805 5 3.89808 -66.7331 103.065
23 514.935 721.224 5 3.46387 -73.2381 24.7165
24 514.662 721.643 5 3.04989 -68.5727 63.6602
25 514.388 722.062 5 2.66556 -64.786 77.6296
26 514.115 722.48 5 2.32565 -73.4797 4.56541
27 513.842 722.899 5 2.05233 -63.9019 -158.871
28 513.568 723.318 5 1.87496 -70.9653 -35.3792
29 513.295 723.737 5 1.82178 -60.7415 29.7748
30 513.022 724.155 5 1.90323 -39.5953 179.912
31 515.9 720.66 5 4.1618 -75.5546 -149.917
32 515.627 721.079 5 3.69107 -66.6266 5.70225
33 515.353 721.497 5 3.22915 -68.244 -124.344
34 515.08 721.916 5 2.78044 -66.9197 -81.6384
35 514.807 722.335 5 2.3525 -67.1314 -79.2192
36 514.534 722.754 5 1.95899 -80.5638 163.642
37 514.26 723.172 5 1.62513 -70.5565 -47.773
38 513.987 723.591 5 1.39444 -58.27 120.15
39 516.319 720.933 5 4.03108 -72.1855 -172.639
40 516.045 721.352 5 3.54302 -83.9267 39.2282
41 515.772 721.771 5 3.05882 -69.4518 -141.809
42 515.499 722.189 5 2.58066 -74.0795 -166.014
43 515.226 722.608 5 2.11264 -66.3716 152.446
44 514.952 723.027 5 1.66332 -63.6156 155.957
45 514.679 723.446 5 1.25302 -64.6695 149.698
46 514.406 723.864 5 0.9346 -72.2203 -18.1982
47 516.737 721.206 5 3.95962 -74.9067 6.03952
48 516.464 721.625 5 3.4615 -64.2116 49.5803
49 516.191 722.044 5 2.96402 -69.8926 -42.5262
50 515.918 722.463 5 2.46755 -72.1 162.466
51 515.644 722.881 5 1.97288 -70.1936 64.8657
52 515.371 723.3 5 1.48177 -73.4211 -54.5411
53 515.098 723.719 5 0.999533 -77.3274 77.167
54 514.825 724.138 5 0.549981 -68.9123 1.6554
55 517.156 721.48 5 3.95064 -67.1577 -110.173
56 516.883 721.898 5 3.45123 -72.874 -134.914
57 516.61 722.317 5 2.95202 -76.9956 150.104
58 516.336 722.736 5 2.45313 -77.9463 138.107
59 516.063 723.155 5 1.9548 -64.0194 -155.683
60 515.79 723.573 5 1.45762 -66.7383 158.831
61 515.517 723.992 5 0.963362 -73.4745 -42.9957
62 515.243 724.411 5 0.481125 -69.2969 -5.49898
63 517.575 721.753 5 4.00457 -75.4201 -170.741
64 517.302 722.172 5 3.51283 -68.5465 127.089
65 517.028 722.59 5 3.02381 -60.6761 136.154
66 516.755 723.009 5 2.53906 -63.3567 145.18
67 516.482 723.428 5 2.06161 -61.4268 132.598
68 516.209 723.847 5 1.59802 -68.6121 137.557
69 515.935 724.265 5 1.16493 -61.0276 -173.853
70 515.662 724.684 5 0.812701 -45.4746 144.476
71 517.994 722.026 5 4.11893 -64.2618 45.9163
72 517.72 722.445 5 3.64266 -72.9132 20.5167
73 517.447 722.864 5 3.17371 -63.1028 29.7906
74 517.174 723.282 5 2.71585 -63.6865 8.67041
75 516.901 723.701 5 2.2758 -63.2364 41.376
76 516.627 724.12 5 1.86619 -62.0748 -22.1217
77 516.354 724.539 5 1.51198 -51.5453 -74.8786
78 516.081 724.957 5 1.26075 -64.4519 -28.0093
