1 505.473 717.831 5 13.1145 -165.436 168.707
2 505.747 717.412 5 13.1476 -153.628 -70.1912
3 506.02 716.994 5 13.1997 -149.585 41.776
4 506.294 716.575 5 13.2703 -154.007 -12.7154
5 506.567 716.157 5 13.3594 -157.483 174.167
6 505.891 718.104 5 12.6151 -165.367 160.232
7 506.165 717.686 5 12.6495 -165.22 17.5741
8 506.439 717.267 5 12.7036 -148.895 -129.434
9 506.712 716.849 5 12.777 -160.083 2.18398
10 506.986 716.43 5 12.8695 -161.466 106.655
11 506.31 718.378 5 12.1157 -163.926 140.441
12 506.584 717.96 5 12.1516 -156.841 -115.778
13 506.857 717.541 5 12.2079 -163.346 -68.3588
14 507.131 717.123 5 12.2842 -250 0
15 507.404 716.704 5 12.3803 -250 0
16 506.728 718.652 5 11.6164 -159.584 -112.07
17 507.002 718.233 5 11.6538 -150.819 -9.77866
18 507.276 717.815 5 11.7125 -178.566 65.6931
19 507.549 717.396 5 11.7921 -250 0
20 507.823 716.978 5 11.8922 -193.12 -7.9863
21 507.147 718.925 5 11.1171 -149.911 -125.504
22 507.421 718.507 5 11.1562 -175.569 -41.2248
23 507.694 718.088 5 11.2175 -167.214 120.948
24 507.968 717.67 5 11.3006 -250 0
25 508.241 717.251 5 11.405 -181.576 35.5444
26 507.565 719.199 5 10.618 -153.257 -151.663
27 507.839 718.78 5 10.6589 -250 0
28 508.113 718.362 5 10.723 -133.648 -154.023
29 508.386 717.943 5 10.8099 -129.342 -99.8648
30 508.66 717.525 5 10.919 -176.289 -103.693
31 507.984 719.472 5 10.1189 -164.235 -71.518
32 508.258 719.054 5 10.1618 -250 0
33 508.531 718.635 5 10.229 -114.055 112.991
34 508.805 718.217 5 10.32 -110.188 -108.036
35 509.078 717.798 5 10.4343 -110.884 -59.7989
36 508.402 719.746 5 9.61984 -163.992 -60.2165
37 508.676 719.328 5 9.66499 -250 0
38 508.95 718.909 5 9.73564 -250 0
39 509.223 718.491 5 9.83124 -250 0
40 509.497 718.072 5 9.95108 -250 0
