1 505.473 717.831 5 5.44087 -49.841 -68.0782
2 505.747 717.412 5 5.47169 -51.9107 -155.181
3 506.02 716.994 5 5.54759 -54.8522 11.1646
4 506.294 716.575 5 5.66675 -59.4482 -28.5279
5 506.567 716.157 5 5.82652 -62.3009 110.035
6 505.891 718.104 5 4.94094 -56.9738 -75.4656
7 506.165 717.686 5 4.97486 -52.4447 160.915
8 506.439 717.267 5 5.05822 -61.1982 -58.5073
9 506.712 716.849 5 5.18863 -58.2645 -82.923
10 506.986 716.43 5 5.36267 -62.7494 81.7999
11 506.31 718.378 5 4.44102 -50.8303 -84.8327
12 506.584 717.96 5 4.47873 -51.6083 -176.198
13 506.857 717.541 5 4.57114 -55.8087 -86.6544
14 507.131 717.123 5 4.71505 -77.2608 115.178
15 507.404 716.704 5 4.90592 -57.7642 -128.118
16 506.728 718.652 5 3.94113 -58.8571 -118.106
17 507.002 718.233 5 3.98357 -56.1175 122.904
18 507.276 717.815 5 4.0872 -55.0715 -139.2
19 507.549 717.396 5 4.24753 -61.0563 78.7533
20 507.823 716.978 5 4.45846 -69.2679 169.274
21 507.147 718.925 5 3.44127 -51.7686 -71.9086
22 507.421 718.507 5 3.48979 -55.581 177.538
23 507.694 718.088 5 3.60763 -64.2604 -177.082
24 507.968 717.67 5 3.78831 -60.8252 -23.1902
25 508.241 717.251 5 4.02339 -67.1957 138.219
26 507.565 719.199 5 2.94145 -50.3788 -32.851
27 507.839 718.78 5 2.99808 -53.361 147.062
28 508.113 718.362 5 3.13445 -58.5222 8.06649
29 508.386 717.943 5 3.34083 -63.3384 8.77826
30 508.66 717.525 5 3.6052 -75.9858 -71.8878
31 507.984 719.472 5 2.44171 -52.1817 -94.1248
32 508.258 719.054 5 2.50964 -52.0804 151.315
33 508.531 718.635 5 2.67107 -60.5076 -96.376
34 508.805 718.217 5 2.91049 -76.6819 104.18
35 509.078 717.798 5 3.21049 -75.8136 99.4174
36 508.402 719.746 5 1.9421 -45.4175 -94.3481
37 508.676 719.328 5 2.02684 -47.3999 130.287
38 508.95 718.909 5 2.22361 -112.997 9.65014
39 509.223 718.491 5 2.50614 -124.879 96.1711
40 509.497 718.072 5 2.84905 -114.046 -111.642
