1 509.951 714.045 5 7.25527 -61.4694 -72.1736
2 510.37 714.318 5 7.01059 -62.1479 168.712
3 510.79 714.59 5 6.79395 -65.1869 26.2337
4 511.209 714.862 5 6.60812 -58.3595 -57.2244
5 511.628 715.135 5 6.45574 -66.4862 -131.895
6 512.048 715.407 5 6.33924 -61.8224 -62.4376
7 512.467 715.679 5 6.26062 -62.2307 35.5792
8 512.886 715.952 5 6.22132 -75.5708 23.2071
9 513.306 716.224 5 6.22207 -54.0254 -42.6688
10 513.725 716.496 5 6.26287 -53.5454 -132.989
11 514.144 716.769 5 6.34295 -47.5732 68.3874
12 514.564 717.041 5 6.46084 -84.2844 -56.8289
13 514.983 717.313 5 6.61451 -84.6839 -1.87209
14 509.679 714.465 5 6.83171 -67.359 -111.797
15 510.098 714.737 5 6.57128 -64.4713 118.903
16 510.517 715.009 5 6.33965 -64.7416 80.0528
17 510.937 715.282 5 6.14008 -70.1536 -153.567
18 511.356 715.554 5 5.97578 -55.2022 -162.207
19 511.775 715.826 5 5.84973 -66.1271 66.5822
20 512.195 716.099 5 5.76444 -65.0135 71.1251
21 512.614 716.371 5 5.72172 -58.4105 -103.034
22 513.033 716.643 5 5.72255 -55.2847 -52.5126
23 513.453 716.916 5 5.76688 -51.5545 -123.076
24 513.872 717.188 5 5.85374 -57.023 23.7519
25 514.291 717.46 5 5.98128 -57.8637 -44.9933
26 514.711 717.733 5 6.14696 -57.395 41.1126
27 509.406 714.884 5 6.41916 -74.5323 55.4239
28 509.826 715.156 5 6.14126 -70.4774 72.4358
29 510.245 715.429 5 5.89275 -64.2969 62.5714
30 510.664 715.701 5 5.67749 -61.9164 -65.3081
31 511.084 715.973 5 5.49939 -65.9072 -130.19
32 511.503 716.246 5 5.36215 -61.7091 -165.192
33 511.922 716.518 5 5.26897 -61.6452 -88.0335
34 512.342 716.79 5 5.22221 -53.0183 -156.819
35 512.761 717.063 5 5.22311 -50.5716 -66.9083
36 513.18 717.335 5 5.27165 -48.3079 -143.444
37 513.6 717.607 5 5.36653 -58.3047 -64.838
38 514.019 717.88 5 5.50537 -57.4213 -144.393
39 514.438 718.152 5 5.68493 -53.4489 -60.0433
40 509.134 715.303 5 6.01988 -74.6239 113.482
41 509.553 715.576 5 5.72262 -80.2992 -132.649
42 509.973 715.848 5 5.45507 -71.5256 2.51665
43 510.392 716.12 5 5.2218 -60.5397 -120.68
44 510.811 716.393 5 5.02758 -62.9791 116.236
45 511.231 716.665 5 4.87709 -62.7788 -135.402
46 511.65 716.937 5 4.77445 -64.7914 -46.5252
47 512.069 717.21 5 4.7228 -62.0902 177.658
48 512.489 717.482 5 4.72379 -49.3065 -46.9388
49 512.908 717.754 5 4.77741 -49.854 -110.038
50 513.327 718.027 5 4.88191 -60.4908 49.836
51 513.747 718.299 5 5.03412 -56.2896 -59.1097
52 514.166 718.571 5 5.22989 -49.596 -178.842
53 508.862 715.723 5 5.6367 -76.8162 59.008
54 509.281 715.995 5 5.31806 -76.0911 111.064
55 509.7 716.267 5 5.02903 -68.5792 -124.371
56 510.12 716.54 5 4.77499 -69.8762 -78.1554
57 510.539 716.812 5 4.56179 -61.6881 165.894
58 510.958 717.084 5 4.39538 -65.3214 -12.3639
59 511.378 717.357 5 4.28121 -60.0683 -59.2602
60 511.797 717.629 5 4.22352 -55.4162 -104.31
61 512.216 717.901 5 4.22463 -56.488 -67.2146
62 512.636 718.174 5 4.2845 -45.6483 -163.229
63 513.055 718.446 5 4.40072 -53.8352 -172.497
64 513.474 718.718 5 4.569 -48.4925 -105.169
65 513.894 718.991 5 4.78384 -45.6545 -39.1074
66 508.589 716.142 5 5.27311 -83.2344 -134.808
67 509.009 716.414 5 4.93103 -79.0935 -75.9945
68 509.428 716.687 5 4.61784 -71.7548 157.214
69 509.847 716.959 5 4.3398 -72.4298 85.1539
70 510.267 717.231 5 4.10406 -68.9057 98.523
71 510.686 717.504 5 3.91825 -56.3795 9.27058
72 511.105 717.776 5 3.78973 -60.6933 -84.3646
73 511.525 718.048 5 3.72444 -59.4412 -40.2038
74 511.944 718.321 5 3.7257 -50.6959 -25.8515
75 512.363 718.593 5 3.79345 -47.4009 168.33
76 512.783 718.865 5 3.92424 -56.7836 103.443
77 513.202 719.138 5 4.11206 -51.8389 146.201
78 513.621 719.41 5 4.34954 -61.3787 -25.7168
79 510.414 717.923 5 3.44761 -58.2594 -15.3681
80 510.833 718.195 5 3.30082 -64.1519 -172.855
81 511.672 718.74 5 3.22711 -83.0407 5.84892
82 512.091 719.012 5 3.30509 -51.567 137.191
83 512.51 719.285 5 3.45442 -48.3228 -130.219
84 512.93 719.557 5 3.66639 -44.9717 -52.8132
85 513.349 719.829 5 3.93088 -50.0506 39.9499
86 510.141 718.342 5 2.98653 -63.5478 -63.6068
87 510.561 718.615 5 2.8158 -63.7655 -62.5326
88 511.399 719.159 5 2.72902 -45.2749 22.5075
89 511.819 719.432 5 2.82081 -50.7048 -13.8754
90 512.238 719.704 5 2.99439 -43.7698 95.1948
91 512.657 719.976 5 3.23663 -50.2223 -109.949
92 513.077 720.249 5 3.53343 -65.543 86.8118
93 509.869 718.762 5 2.54021 -51.0023 94.7672
94 510.288 719.034 5 2.33711 -51.7893 -120.752
95 511.127 719.579 5 2.23179 -55.7392 -1.21073
96 511.546 719.851 5 2.34314 -44.2331 24.2024
97 511.966 720.123 5 2.54945 -50.0691 -80.9813
98 512.385 720.396 5 2.83003 -63.6011 -107.446
99 512.804 720.668 5 3.1652 -63.0307 54.6747
100 509.597 719.181 5 2.11802 -84.5233 -109.21
101 510.016 719.453 5 1.8696 -60.3029 119.716
102 509.324 719.6 5 1.73763 -43.0535 -71.0816
103 509.744 719.873 5 1.42434 -56.5907 -96.9529
104 509.052 720.02 5 1.43272 -43.658 35.7493
105 509.471 720.292 5 1.03058 -44.1305 163.099
