1 514.644 719.84 5 3.24695 -68.5013 -125.478
2 514.371 720.259 5 2.76169 -61.192 2.70572
3 514.097 720.678 5 2.2828 -68.2925 123.179
4 513.824 721.096 5 1.81532 -74.543 -70.2868
5 513.551 721.515 5 1.371 -62.507 -132.225
6 513.278 721.934 5 0.981766 -40.4744 -70.0812
7 513.004 722.353 5 0.740335 -42.8955 -101.373
8 512.731 722.771 5 0.795191 -43.4499 80.3009
9 512.458 723.19 5 1.10298 -76.2611 -4.34218
10 512.185 723.609 5 1.51684 -61.0209 103.354
11 515.063 720.113 5 3.39326 -62.7311 -122.439
12 514.789 720.532 5 2.93232 -63.7702 -150.82
13 514.516 720.951 5 2.48651 -63.5288 -82.5102
14 514.243 721.37 5 2.06566 -63.4068 -88.2634
15 513.97 721.788 5 1.68854 -45.9297 71.275
16 513.696 722.207 5 1.39119 -43.066 158.892
17 513.423 722.626 5 1.23273 -43.033 -70.1914
18 513.15 723.045 5 1.26644 -41.4233 -156.168
19 512.877 723.463 5 1.47922 -57.6048 -68.2363
20 512.603 723.882 5 1.80896 -66.9013 -20.6124
21 515.481 720.387 5 3.60358 -63.2762 17.1042
22 515.208 720.805 5 3.17333 -60.4092 12.9653
23 514.935 721.224 5 2.76663 -63.0633 123.07
24 514.662 721.643 5 2.39551 -52.2497 -170.189
25 514.388 722.062 5 2.07911 -45.4881 -39.0085
26 514.115 722.48 5 1.84579 -52.9962 -91.6682
27 513.842 722.899 5 1.7295 -42.2447 -36.2881
28 513.568 723.318 5 1.75368 -44.7366 -86.289
29 513.295 723.737 5 1.91302 -64.3562 64.7307
30 513.022 724.155 5 2.17804 -63.7472 4.89318
31 515.9 720.66 5 3.86747 -56.9444 177.524
32 515.627 721.079 5 3.47009 -62.5193 -85.7032
33 515.353 721.497 5 3.10254 -55.3361 -63.0006
34 515.08 721.916 5 2.77669 -47.492 140.286
35 514.807 722.335 5 2.50883 -47.1105 159.009
36 514.534 722.754 5 2.31915 -55.5144 54.3568
37 514.26 723.172 5 2.22771 -52.3982 -30.5711
38 513.987 723.591 5 2.24654 -46.9303 -73.2585
39 516.319 720.933 5 4.17479 -62.2681 53.7214
40 516.045 721.352 5 3.80961 -53.1615 39.163
41 515.772 721.771 5 3.47812 -48.5034 -73.99
42 515.499 722.189 5 3.19085 -46.1738 -18.0545
43 515.226 722.608 5 2.96071 -46.898 -85.4268
44 514.952 723.027 5 2.80179 -50.4222 27.5507
45 514.679 723.446 5 2.72658 -48.6875 -28.4643
46 514.406 723.864 5 2.74198 -208.449 129.775
47 516.737 721.206 5 4.51668 -54.5224 -170.664
48 516.464 721.625 5 4.18146 -49.4901 66.2065
49 516.191 722.044 5 3.88186 -48.1761 160.677
50 515.918 722.463 5 3.62672 -66.0404 79.1581
51 515.644 722.881 5 3.42598 -58.1389 80.7108
52 515.371 723.3 5 3.28961 -61.1874 149.624
53 515.098 723.719 5 3.2258 -54.1798 -3.72522
54 514.825 724.138 5 3.23883 -250 0
55 517.156 721.48 5 4.88589 -49.7473 -167.189
56 516.883 721.898 5 4.57779 -52.6275 -20.098
57 516.61 722.317 5 4.30586 -50.4773 45.1681
58 516.336 722.736 5 4.07733 -48.6265 -13.6527
59 516.063 723.155 5 3.89985 -50.2008 89.8057
60 515.79 723.573 5 3.78062 -63.3252 173.283
61 515.517 723.992 5 3.72523 -59.8221 -19.1253
62 515.243 724.411 5 3.73652 -176.35 -179.36
63 517.575 721.753 5 5.27669 -54.1759 81.8884
64 517.302 722.172 5 4.99277 -48.0919 -128.883
65 517.028 722.59 5 4.74467 -51.9511 159.346
66 516.755 723.009 5 4.5383 -55.2582 92.5021
67 516.482 723.428 5 4.37954 -53.2153 165.832
68 516.209 723.847 5 4.27371 -59.6384 -177.887
69 515.935 724.265 5 4.22479 -54.8126 -18.2073
70 515.662 724.684 5 4.23475 -80.1204 -155.488
71 517.994 722.026 5 5.68463 -52.715 32.8819
72 517.72 722.445 5 5.42211 -57.1874 136.649
73 517.447 722.864 5 5.19456 -53.47 -2.5789
74 517.174 723.282 5 5.00677 -56.7815 138.902
75 516.901 723.701 5 4.86333 -80.6958 28.7985
76 516.627 724.12 5 4.76825 -53.8617 -149.035
77 516.354 724.539 5 4.72445 -50.6245 -35.4712
78 516.081 724.957 5 4.73335 -64.6283 -67.4899
