1 505.473 717.831 5 5.46772 -66.341 -113.019
2 505.747 717.412 5 5.54367 -59.1611 123.306
3 506.02 716.994 5 5.66291 -61.5932 140.398
4 506.294 716.575 5 5.82279 -62.3835 -54.2271
5 506.567 716.157 5 6.02006 -54.8247 123.096
6 505.891 718.104 5 4.97089 -58.9097 -152.261
7 506.165 717.686 5 5.05431 -65.2044 7.83275
8 506.439 717.267 5 5.18482 -61.0135 139.675
9 506.712 716.849 5 5.35898 -62.9866 34.2583
10 506.986 716.43 5 5.5727 -63.555 62.1539
11 506.31 718.378 5 4.47477 -61.8942 159.316
12 506.584 717.96 5 4.56726 -63.1081 79.0198
13 506.857 717.541 5 4.71128 -96.2373 64.5746
14 507.131 717.123 5 4.90229 -75.66 117.756
15 507.404 716.704 5 5.13506 -59.0307 72.0563
16 506.728 718.652 5 3.97962 -60.3707 122.137
17 507.002 718.233 5 4.08334 -57.1271 49.5942
18 507.276 717.815 5 4.24382 -74.9187 -120.131
19 507.549 717.396 5 4.45492 -61.9235 -30.1225
20 507.823 716.978 5 4.70984 -62.4008 141.841
21 507.147 718.925 5 3.48585 -60.6362 -20.4576
22 507.421 718.507 5 3.60381 -65.3677 12.0187
23 507.694 718.088 5 3.78468 -73.0773 87.8216
24 507.968 717.67 5 4.01996 -60.8452 12.8274
25 508.241 717.251 5 4.30075 -71.319 139.928
26 507.565 719.199 5 2.99416 -60.676 145.398
27 507.839 718.78 5 3.1307 -61.7147 -37.5258
28 508.113 718.362 5 3.3373 -50.5958 -145.482
29 508.386 717.943 5 3.60193 -64.79 10.3366
30 508.66 717.525 5 3.91283 -70.7791 -9.31168
31 507.984 719.472 5 2.50575 -60.8394 93.3369
32 508.258 719.054 5 2.66741 -62.838 -141.065
33 508.531 718.635 5 2.90713 -64.3084 -78.0689
34 508.805 718.217 5 3.20745 -67.8356 41.5022
35 509.078 717.798 5 3.55303 -88.009 162.161
36 508.402 719.746 5 2.02302 -61.3304 -125.048
37 508.676 719.328 5 2.22011 -48.6164 159.831
38 508.95 718.909 5 2.50304 -108.186 174.054
39 509.223 718.491 5 2.84632 -100.674 163.153
40 509.497 718.072 5 3.23077 -116.579 158.786
