1 514.644 719.84 5 2.74263 -62.3015 -179.565
2 514.371 720.259 5 2.32836 -61.0049 -58.6534
3 514.097 720.678 5 1.95461 -64.9774 133.494
4 513.824 721.096 5 1.64917 -70.1065 -150.187
5 513.551 721.515 5 1.45568 -59.1202 151.842
6 513.278 721.934 5 1.42065 -45.0314 150.008
7 513.004 722.353 5 1.55482 -51.1195 53.2239
8 512.731 722.771 5 1.82118 -46.0225 34.4615
9 512.458 723.19 5 2.17162 -61.1843 91.7014
10 512.185 723.609 5 2.572 -59.8056 21.8669
11 515.063 720.113 5 3.03065 -61.6017 112.306
12 514.789 720.532 5 2.66159 -73.3203 -78.0863
13 514.516 720.951 5 2.34164 -67.9334 125.367
14 514.243 721.37 5 2.09345 -68.6705 32.6592
15 513.97 721.788 5 1.94468 -75.3797 98.8272
16 513.696 722.207 5 1.9186 -47.2622 169.601
17 513.423 722.626 5 2.01996 -43.2223 121.809
18 513.15 723.045 5 2.23148 -46.0291 -87.4942
19 512.877 723.463 5 2.52562 -55.91 133.822
20 512.603 723.882 5 2.87715 -64.2932 -96.151
21 515.481 720.387 5 3.36862 -70.9994 44.5688
22 515.208 720.805 5 3.04086 -78.193 103.304
23 514.935 721.224 5 2.76516 -71.5828 -151.002
24 514.662 721.643 5 2.55838 -67.8416 167.937
25 514.388 722.062 5 2.43815 -56.4563 57.6561
26 514.115 722.48 5 2.4174 -51.7708 -178.613
27 513.842 722.899 5 2.49861 -46.6837 -150.646
28 513.568 723.318 5 2.6725 -46.546 -9.97543
29 513.295 723.737 5 2.92259 -46.5098 82.608
30 513.022 724.155 5 3.23122 -67.2049 -80.2659
31 515.9 720.66 5 3.74305 -74.4617 44.2107
32 515.627 721.079 5 3.45103 -59.9248 -177.551
33 515.353 721.497 5 3.21074 -77.159 -10.5806
34 515.08 721.916 5 3.03449 -63.9492 -75.8253
35 514.807 722.335 5 2.93383 -66.1798 35.9204
36 514.534 722.754 5 2.91661 -54.4634 -174.161
37 514.26 723.172 5 2.98426 -51.9935 -79.1177
38 513.987 723.591 5 3.1313 -50.6119 141.821
39 516.319 720.933 5 4.14405 -65.8693 70.3611
40 516.045 721.352 5 3.88232 -66.7476 59.3453
41 515.772 721.771 5 3.67038 -67.1316 21.027
42 515.499 722.189 5 3.51723 -59.1054 148.216
43 515.226 722.608 5 3.43076 -54.6488 63.3492
44 514.952 723.027 5 3.41605 -47.3109 166.911
45 514.679 723.446 5 3.47399 -56.2279 0.304377
46 514.406 723.864 5 3.60109 -133.835 66.4948
47 516.737 721.206 5 4.56464 -66.9678 -85.5126
48 516.464 721.625 5 4.32842 -72.2525 140.419
49 516.191 722.044 5 4.13938 -59.025 -77.1123
50 515.918 722.463 5 4.00421 -57.3887 -150.803
51 515.644 722.881 5 3.92848 -58.1943 61.6711
52 515.371 723.3 5 3.91563 -56.2657 152.454
53 515.098 723.719 5 3.96628 -51.9233 8.94943
54 514.825 724.138 5 4.07807 -250 0
55 517.156 721.48 5 4.99987 -66.8168 -97.872
56 516.883 721.898 5 4.78518 -60.6292 100.771
57 516.61 722.317 5 4.61489 -60.7361 -82.8083
58 516.336 722.736 5 4.49405 -68.9378 122.571
59 516.063 723.155 5 4.4267 -58.5687 -159.618
60 515.79 723.573 5 4.41531 -52.3771 175.58
61 515.517 723.992 5 4.46029 -51.4305 40.6621
62 515.243 724.411 5 4.55998 -250 0
63 517.575 721.753 5 5.44624 -67.5143 175.006
64 517.302 722.172 5 5.24984 -60.3534 85.4221
65 517.028 722.59 5 5.0951 -56.9883 -78.5047
66 516.755 723.009 5 4.9859 -60.659 85.9309
67 516.482 723.428 5 4.92529 -59.906 107.969
68 516.209 723.847 5 4.91505 -54.2355 179.218
69 515.935 724.265 5 4.9555 -56.625 64.3346
70 515.662 724.684 5 5.04541 -80.0653 -79.6702
71 517.994 722.026 5 5.90121 -65.1193 -179.655
72 517.72 722.445 5 5.72045 -60.9715 113.779
73 517.447 722.864 5 5.57878 -63.5253 -153.731
74 517.174 723.282 5 5.47924 -65.7942 -113.579
75 516.901 723.701 5 5.42414 -54.8144 128.751
76 516.627 724.12 5 5.41484 -55.1455 173.939
77 516.354 724.539 5 5.45158 -61.6564 84.6096
78 516.081 724.957 5 5.53344 -65.6603 130.992
