1 509.951 714.045 5 6.58726 -69.126 -3.68878
2 510.37 714.318 5 6.24244 -66.6075 -156.091
3 510.79 714.59 5 5.9198 -66.0717 28.417
4 511.209 714.862 5 5.62318 -58.9433 -104.803
5 511.628 715.135 5 5.35688 -53.5892 140.836
6 512.048 715.407 5 5.12564 -53.2536 73.3564
7 512.467 715.679 5 4.9344 -55.65 -81.5218
8 512.886 715.952 5 4.78794 -51.4673 68.8217
9 513.306 716.224 5 4.69046 -40.7092 -84.9602
10 513.725 716.496 5 4.64505 -49.5562 53.9715
11 514.144 716.769 5 4.65322 -45.954 0.971595
12 514.564 717.041 5 4.71472 -91.2577 62.3959
13 514.983 717.313 5 4.82748 -79.7089 -166.253
14 509.679 714.465 5 6.24501 -66.3608 -36.6007
15 510.098 714.737 5 5.88015 -64.9075 154.695
16 510.517 715.009 5 5.53645 -73.4794 168.986
17 510.937 715.282 5 5.21808 -61.4569 19.2518
18 511.356 715.554 5 4.92995 -61.8766 -8.6842
19 511.775 715.826 5 4.67765 -53.5801 -79.8454
20 512.195 716.099 5 4.46727 -50.8381 -155.266
21 512.614 716.371 5 4.30494 -56.3077 103.429
22 513.033 716.643 5 4.19626 -41.5307 -106.155
23 513.453 716.916 5 4.14544 -53.0673 65.6405
24 513.872 717.188 5 4.1546 -47.3582 17.9252
25 514.291 717.46 5 4.22336 -46.2362 167.009
26 514.711 717.733 5 4.34889 -56.0594 -158.443
27 509.406 714.884 5 5.92523 -69.0169 168.314
28 509.826 715.156 5 5.53935 -70.0578 60.3188
29 510.245 715.429 5 5.17305 -58.6615 -150.568
30 510.664 715.701 5 4.83079 -62.3381 -164.687
31 511.084 715.973 5 4.51803 -59.8848 58.6906
32 511.503 716.246 5 4.2413 -54.3614 176.462
33 511.922 716.518 5 4.00808 -49.8466 93.8598
34 512.342 716.79 5 3.82632 -52.2691 171.767
35 512.761 717.063 5 3.70362 -43.7583 -114.078
36 513.18 717.335 5 3.64594 -49.172 43.5016
37 513.6 717.607 5 3.65635 -40.509 10.5853
38 514.019 717.88 5 3.7343 -60.2962 -99.3914
39 514.438 718.152 5 3.8757 -59.4438 65.1124
40 509.134 715.303 5 5.63175 -82.2387 106.751
41 509.553 715.576 5 5.22424 -70.5405 31.9193
42 509.973 715.848 5 4.83412 -59.7208 44.3695
43 510.392 716.12 5 4.46596 -60.8883 -130.154
44 510.811 716.393 5 4.12563 -60.6968 138.51
45 511.231 716.665 5 3.82058 -60.1006 -149.794
46 511.65 716.937 5 3.5599 -48.7978 -89.0792
47 512.069 717.21 5 3.35395 -47.8688 143.135
48 512.489 717.482 5 3.21326 -45.0794 -135.842
49 512.908 717.754 5 3.1466 -48.5595 40.3092
50 513.327 718.027 5 3.15866 -49.039 8.03866
51 513.747 718.299 5 3.24857 -56.1494 -43.6107
52 514.166 718.571 5 3.41017 -52.6085 68.5387
53 508.862 715.723 5 5.36887 -67.1498 -75.1755
54 509.281 715.995 5 4.93972 -64.0107 -112.915
55 509.7 716.267 5 4.52514 -76.0194 -130.364
56 510.12 716.54 5 4.12952 -58.5372 135.579
57 510.539 716.812 5 3.75886 -60.414 -150.452
58 510.958 717.084 5 3.42127 -62.0469 -80.9789
59 511.378 717.357 5 3.12748 -70.4509 -87.5573
60 511.797 717.629 5 2.89088 -49.8959 59.7569
61 512.216 717.901 5 2.7264 -44.1063 -169.879
62 512.636 718.174 5 2.64751 -42.9681 27.4509
63 513.055 718.446 5 2.66183 -42.6023 -20.6989
64 513.474 718.718 5 2.76792 -61.6009 107.721
65 513.894 718.991 5 2.95592 -45.065 145.542
66 508.589 716.142 5 5.14131 -60.2818 146.59
67 509.009 716.414 5 4.69138 -55.1218 63.3908
68 509.428 716.687 5 4.25266 -56.1334 -32.8687
69 509.847 716.959 5 3.82899 -60.6067 175.836
70 510.267 717.231 5 3.42597 -76.1188 -103.464
71 510.686 717.504 5 3.05177 -60.6574 -54.8234
72 511.105 717.776 5 2.71834 -59.2213 -35.38
73 511.525 718.048 5 2.44242 -46.5267 -128.717
74 511.944 718.321 5 2.24532 -43.8127 -179.507
75 512.363 718.593 5 2.14884 -45.0882 28.065
76 512.783 718.865 5 2.16646 -43.9771 -17.2573
77 513.202 719.138 5 2.29557 -55.4695 -4.49339
78 513.621 719.41 5 2.51906 -53.4137 125.973
79 510.414 717.923 5 2.72424 -60.9807 11.4025
80 510.833 718.195 5 2.34469 -64.1893 -9.75382
81 511.672 718.74 5 1.77473 -43.6882 -4.74888
82 512.091 719.012 5 1.65098 -43.2522 11.7091
83 512.51 719.285 5 1.67385 -44.5014 -23.1144
84 512.93 719.557 5 1.83789 -46.795 120.449
85 513.349 719.829 5 2.11042 -44.9203 -103.725
86 510.141 718.342 5 2.45555 -61.8228 60.2153
87 510.561 718.615 5 2.02627 -53.0189 -39.3404
88 511.399 719.159 5 1.32585 -42.3008 -137.93
89 511.819 719.432 5 1.15496 -44.601 -3.00074
90 512.238 719.704 5 1.18743 -42.1406 -67.9454
91 512.657 719.976 5 1.40927 -49.777 108.783
92 513.077 720.249 5 1.74989 -59.8217 164.723
93 509.869 718.762 5 2.2667 -64.8017 61.9501
94 510.288 719.034 5 1.79276 -51.9407 1.47019
95 511.127 719.579 5 0.930641 -51.0074 -121.963
96 511.546 719.851 5 0.664942 -37.6036 100.263
97 511.966 720.123 5 0.719863 -43.8385 151.859
98 512.385 720.396 5 1.04607 -49.5732 126.674
99 512.804 720.668 5 1.4732 -56.1429 117.224
100 509.597 719.181 5 2.17856 -57.3578 24.0712
101 510.016 719.453 5 1.67994 -48.6496 44.7885
102 509.324 719.6 5 2.20326 -39.3645 -13.805
103 509.744 719.873 5 1.71184 -38.6298 -8.68279
104 509.052 720.02 5 2.33721 -39.9123 -36.8
105 509.471 720.292 5 1.88112 -43.1138 -151.491
