1 509.951 714.045 5 7.33699 -62.5247 118.655
2 510.37 714.318 5 6.95755 -55.934 68.4115
3 510.79 714.59 5 6.59421 -59.4918 28.5173
4 511.209 714.862 5 6.24978 -51.5029 -86.6987
5 511.628 715.135 5 5.92755 -53.3024 97.4227
6 512.048 715.407 5 5.63133 -58.7059 -38.4505
7 512.467 715.679 5 5.36545 -48.1243 -139.932
8 512.886 715.952 5 5.1346 -49.5715 139.795
9 513.306 716.224 5 4.9437 -48.8369 41.6016
10 513.725 716.496 5 4.79753 -52.1994 129.333
11 514.144 716.769 5 4.70026 -56.1431 61.5063
12 514.564 717.041 5 4.65495 -50.0843 -22.6935
13 514.983 717.313 5 4.66311 -65.8292 -80.7679
14 509.679 714.465 5 7.03062 -56.3055 -130.403
15 510.098 714.737 5 6.63369 -60.5462 161.396
16 510.517 715.009 5 6.25155 -66.087 -53.8361
17 510.937 715.282 5 5.8871 -60.1628 -96.7989
18 511.356 715.554 5 5.54383 -49.5924 147.042
19 511.775 715.826 5 5.22592 -53.8556 10.2275
20 512.195 716.099 5 4.93825 -49.2986 19.6943
21 512.614 716.371 5 4.68641 -52.8369 -9.91879
22 513.033 716.643 5 4.47644 -55.6506 -106.408
23 513.453 716.916 5 4.31447 -61.2455 -45.7249
24 513.872 717.188 5 4.20603 -47.8145 -21.6459
25 514.291 717.46 5 4.15534 -48.9952 -153.929
26 514.711 717.733 5 4.16448 -50.8411 -30.2369
27 509.406 714.884 5 6.74744 -62.931 -112.217
28 509.826 715.156 5 6.33278 -62.3423 44.0642
29 510.245 715.429 5 5.93129 -60.813 15.7356
30 510.664 715.701 5 5.54584 -56.7876 119.162
31 511.084 715.973 5 5.18 -61.1766 82.7472
32 511.503 716.246 5 4.83823 -48.5186 -32.4805
33 511.922 716.518 5 4.52599 -48.011 164.83
34 512.342 716.79 5 4.24979 -48.4028 -138.128
35 512.761 717.063 5 4.01707 -47.0955 149.548
36 513.18 717.335 5 3.83574 -49.798 9.73316
37 513.6 717.607 5 3.71336 -52.018 116.23
38 514.019 717.88 5 3.65583 -49.4825 161.531
39 514.438 718.152 5 3.66623 -46.9068 -52.5646
40 509.134 715.303 5 6.49048 -75.0007 -126.098
41 509.553 715.576 5 6.05825 -58.5486 -97.7278
42 509.973 715.848 5 5.63724 -56.3104 -147.121
43 510.392 716.12 5 5.23016 -64.2404 -176.255
44 510.811 716.393 5 4.84053 -54.2935 86.3776
45 511.231 716.665 5 4.4729 -48.7277 28.6834
46 511.65 716.937 5 4.13315 -45.6915 -129.502
47 512.069 717.21 5 3.82871 -57.805 16.9932
48 512.489 717.482 5 3.56863 -47.4677 -9.75882
49 512.908 717.754 5 3.36322 -47.555 -83.2586
50 513.327 718.027 5 3.22294 -49.3166 -147.444
51 513.747 718.299 5 3.15649 -49.2042 -139.054
52 514.166 718.571 5 3.16852 -49.8837 -115.088
53 508.862 715.723 5 6.26295 -70.1429 93.2388
54 509.281 715.995 5 5.81384 -62.9307 84.4768
55 509.7 716.267 5 5.37371 -56.135 57.524
56 510.12 716.54 5 4.94499 -52.1792 10.4911
57 510.539 716.812 5 4.5309 -56.3126 -104.271
58 510.958 717.084 5 4.13583 -57.5386 137.111
59 511.378 717.357 5 3.7658 -48.4043 -63.8942
60 511.797 717.629 5 3.4289 -51.5856 64.602
61 512.216 717.901 5 3.13583 -50.2244 -179.233
62 512.636 718.174 5 2.89992 -48.3815 159.588
63 513.055 718.446 5 2.73599 -48.6495 -89.5069
64 513.474 718.718 5 2.65739 -47.1104 115.283
65 513.894 718.991 5 2.67167 -54.7188 76.2389
66 508.589 716.142 5 6.06819 -66.4525 -19.5619
67 509.009 716.414 5 5.60348 -62.0699 -96.9641
68 509.428 716.687 5 5.1454 -57.9436 -125.9
69 509.847 716.959 5 4.69587 -56.7638 176.104
70 510.267 717.231 5 4.25762 -54.3103 86.518
71 510.686 717.504 5 3.8345 -54.7869 -102.477
72 511.105 717.776 5 3.43213 -58.5652 142.147
73 511.525 718.048 5 3.0587 -53.4175 129.373
74 511.944 718.321 5 2.72612 -44.0551 -46.1562
75 512.363 718.593 5 2.45109 -47.1224 -38.2727
76 512.783 718.865 5 2.25476 -44.9938 -123.97
77 513.202 719.138 5 2.15871 -41.7773 154.883
78 513.621 719.41 5 2.17627 -47.8843 -133.544
79 510.414 717.923 5 3.57795 -56.6049 13.0443
80 510.833 718.195 5 3.1429 -60.1136 114.566
81 511.672 718.74 5 2.3516 -47.1108 -1.65277
82 512.091 719.012 5 2.02636 -44.1839 151.117
83 512.51 719.285 5 1.78388 -42.6069 119.946
84 512.93 719.557 5 1.66083 -44.8983 114.263
85 513.349 719.829 5 1.68358 -47.9207 -166.833
86 510.141 718.342 5 3.37639 -64.671 -153.387
87 510.561 718.615 5 2.91138 -63.3572 107.199
88 511.399 719.159 5 2.03183 -43.5342 -99.8229
89 511.819 719.432 5 1.64452 -44.9063 -108.355
90 512.238 719.704 5 1.33437 -51.1197 6.6206
91 512.657 719.976 5 1.16475 -42.9887 133.817
92 513.077 720.249 5 1.19698 -40.3467 172.718
93 509.869 718.762 5 3.24011 -63.0524 29.9006
94 510.288 719.034 5 2.75217 -66.8736 -168.387
95 511.127 719.579 5 1.79628 -59.2611 141.995
96 511.546 719.851 5 1.34266 -43.1284 -157.706
97 511.966 720.123 5 0.937467 -37.7859 65.4744
98 512.385 720.396 5 0.674499 -34.1654 79.3983
99 512.804 720.668 5 0.728733 -37.5472 -161.823
100 509.597 719.181 5 3.17752 -53.9766 106.186
101 510.016 719.453 5 2.6782 -56.9575 -65.2176
102 509.324 719.6 5 3.19295 -51.1387 -48.8747
103 509.744 719.873 5 2.69649 -51.1609 -55.5829
104 509.052 720.02 5 3.28531 -54.6731 5.98738
105 509.471 720.292 5 2.80523 -56.5958 -61.5286
