1 514.644 719.84 5 3.73599 -69.5224 70.9812
2 514.371 720.259 5 3.24682 -69.5009 141.959
3 514.097 720.678 5 2.76154 -79.1622 -72.8585
4 513.824 721.096 5 2.28261 -74.0023 -7.83706
5 513.551 721.515 5 1.81509 -60.1352 -157.231
6 513.278 721.934 5 1.37069 -55.3505 144.175
7 513.004 722.353 5 0.981336 -43.3635 -70.2553
8 512.731 722.771 5 0.739764 -41.584 -101.964
9 512.458 723.19 5 0.794659 -52.9112 70.3053
10 512.185 723.609 5 1.10259 -61.3254 -31.4838
11 515.063 720.113 5 3.86375 -70.3937 -37.4388
12 514.789 720.532 5 3.39305 -80.4396 99.3823
13 514.516 720.951 5 2.93207 -69.6805 -144.308
14 514.243 721.37 5 2.48622 -70.074 130.089
15 513.97 721.788 5 2.06531 -50.5971 45.4812
16 513.696 722.207 5 1.68812 -51.2514 82.8638
17 513.423 722.626 5 1.39067 -44.1431 169.897
18 513.15 723.045 5 1.23215 -48.2759 -18.1137
19 512.877 723.463 5 1.26587 -56.6924 45.1031
20 512.603 723.882 5 1.47874 -48.2657 -59.4774
21 515.481 720.387 5 4.04963 -74.3458 -178.167
22 515.208 720.805 5 3.6033 -73.1448 23.3286
23 514.935 721.224 5 3.17301 -71.2445 133.498
24 514.662 721.643 5 2.76627 -55.0032 -174.669
25 514.388 722.062 5 2.39509 -47.1088 179.504
26 514.115 722.48 5 2.07863 -47.3749 -34.8118
27 513.842 722.899 5 1.84524 -45.7471 -74.445
28 513.568 723.318 5 1.72892 -51.2272 62.108
29 513.295 723.737 5 1.75311 -62.8971 69.9063
30 513.022 724.155 5 1.91249 -55.3781 78.5106
31 515.9 720.66 5 4.28608 -71.8785 -145.962
32 515.627 721.079 5 3.86713 -70.8758 -158.013
33 515.353 721.497 5 3.46972 -56.923 -28.9435
34 515.08 721.916 5 3.10213 -57.5668 -25.6819
35 514.807 722.335 5 2.77622 -54.0098 116.535
36 514.534 722.754 5 2.50832 -49.1519 169.508
37 514.26 723.172 5 2.31859 -53.7346 -0.212161
38 513.987 723.591 5 2.22713 -58.2317 44.6401
39 516.319 720.933 5 4.56524 -61.69 58.6425
40 516.045 721.352 5 4.17441 -55.8533 100.889
41 515.772 721.771 5 3.80919 -58.3913 47.6687
42 515.499 722.189 5 3.47766 -46.8971 -131.489
43 515.226 722.608 5 3.19036 -46.9078 -9.31884
44 514.952 723.027 5 2.96017 -48.8372 -45.9296
45 514.679 723.446 5 2.80122 -63.9661 125.298
46 514.406 723.864 5 2.726 -250 0
47 516.737 721.206 5 4.87979 -60.6189 -151.528
48 516.464 721.625 5 4.51626 -61.438 156.676
49 516.191 722.044 5 4.18101 -53.0967 42.1319
50 515.918 722.463 5 3.88138 -54.6201 -161.286
51 515.644 722.881 5 3.6262 -54.7565 173.491
52 515.371 723.3 5 3.42543 -49.1391 46.5067
53 515.098 723.719 5 3.28904 -69.052 -148.944
54 514.825 724.138 5 3.22522 -250 0
55 517.156 721.48 5 5.22335 -54.6687 -76.7624
56 516.883 721.898 5 4.88545 -57.2927 175.123
57 516.61 722.317 5 4.57731 -55.245 -55.0565
58 516.336 722.736 5 4.30535 -47.4208 31.7506
59 516.063 723.155 5 4.0768 -52.3344 4.96871
60 515.79 723.573 5 3.8993 -53.7968 115.71
61 515.517 723.992 5 3.78004 -59.0848 -18.8886
62 515.243 724.411 5 3.72464 -193.687 -120.156
63 517.575 721.753 5 5.59055 -67.7398 -62.8884
64 517.302 722.172 5 5.27622 -56.3899 133.197
65 517.028 722.59 5 4.99227 -58.2297 -129.141
66 516.755 723.009 5 4.74415 -51.8074 177.241
67 516.482 723.428 5 4.53776 -49.9946 100.211
68 516.209 723.847 5 4.37898 -56.3555 -169.001
69 515.935 724.265 5 4.27314 -57.6657 -11.8991
70 515.662 724.684 5 4.22421 -67.9106 43.2265
71 517.994 722.026 5 5.97706 -54.7491 -139.725
72 517.72 722.445 5 5.68414 -56.4631 -97.404
73 517.447 722.864 5 5.4216 -50.6837 50.8168
74 517.174 723.282 5 5.19403 -55.9682 -8.2089
75 516.901 723.701 5 5.00621 -53.9991 177.53
76 516.627 724.12 5 4.86276 -64.0084 -107.482
77 516.354 724.539 5 4.76767 -63.3788 -42.3034
78 516.081 724.957 5 4.72386 -60.2501 -5.3613
