1 509.951 714.045 5 8.07353 -53.3826 -37.2972
2 510.37 714.318 5 7.68558 -58.5773 78.6491
3 510.79 714.59 5 7.31124 -65.8684 135.404
4 511.209 714.862 5 6.95272 -57.8359 26.8453
5 511.628 715.135 5 6.6126 -64.883 0.500054
6 512.048 715.407 5 6.29386 -60.1291 0.814635
7 512.467 715.679 5 5.9999 -61.1537 147.156
8 512.886 715.952 5 5.73454 -51.5048 -87.6252
9 513.306 716.224 5 5.50191 -62.0817 -175.848
10 513.725 716.496 5 5.30633 -48.592 170.146
11 514.144 716.769 5 5.15202 -59.9261 81.329
12 514.564 717.041 5 5.04276 -74.2558 -77.4533
13 514.983 717.313 5 4.98153 -78.5213 -116.158
14 509.679 714.465 5 7.77584 -70.7167 21.3758
15 510.098 714.737 5 7.37224 -63.9405 -43.0457
16 510.517 715.009 5 6.98112 -58.5374 -45.7373
17 510.937 715.282 5 6.60471 -58.7844 -21.0474
18 511.356 715.554 5 6.24566 -61.3856 -81.3278
19 511.775 715.826 5 5.90715 -55.6872 -34.1264
20 512.195 716.099 5 5.5929 -56.6197 161.966
21 512.614 716.371 5 5.30723 -58.2442 -61.3403
22 513.033 716.643 5 5.05498 -55.5259 -22.5283
23 513.453 716.916 5 4.84138 -54.943 118.773
24 513.872 717.188 5 4.67173 -50.4277 60.2335
25 514.291 717.46 5 4.55096 -61.7055 38.2942
26 514.711 717.733 5 4.48301 -79.1244 -31.2507
27 509.406 714.884 5 7.4997 -65.7743 1.41454
28 509.826 715.156 5 7.08037 -71.4852 -120.09
29 510.245 715.429 5 6.67217 -60.3875 91.7964
30 510.664 715.701 5 6.27726 -54.1175 -173.466
31 511.084 715.973 5 5.89831 -57.8014 -154.668
32 511.503 716.246 5 5.53861 -57.174 109.112
33 511.922 716.518 5 5.20215 -56.2965 -153.027
34 512.342 716.79 5 4.89372 -61.5254 17.3834
35 512.761 717.063 5 4.61894 -51.2092 -71.3558
36 513.18 717.335 5 4.38415 -51.9723 40.8888
37 513.6 717.607 5 4.19606 -52.6156 17.5517
38 514.019 717.88 5 4.06116 -69.4598 -150.198
39 514.438 718.152 5 3.98487 -58.4921 135.547
40 509.134 715.303 5 7.24757 -79.3074 134.069
41 509.553 715.576 5 6.81274 -73.1611 137.805
42 509.973 715.848 5 6.38745 -65.3208 -66.9339
43 510.392 716.12 5 5.97375 -57.8729 125.365
44 510.811 716.393 5 5.57421 -54.3238 30.3001
45 511.231 716.665 5 5.19211 -56.7703 128.308
46 511.65 716.937 5 4.83158 -54.5018 -1.06486
47 512.069 717.21 5 4.49781 -64.357 -50.1706
48 512.489 717.482 5 4.19719 -58.2303 -35.7849
49 512.908 717.754 5 3.93733 -50.5634 -7.83253
50 513.327 718.027 5 3.72675 -49.6541 3.56791
51 513.747 718.299 5 3.57419 -58.5481 -13.4281
52 514.166 718.571 5 3.48725 -52.9175 -43.7688
53 508.862 715.723 5 7.02204 -65.1101 -135.906
54 509.281 715.995 5 6.57231 -80.1424 60.7538
55 509.7 716.267 5 6.13036 -67.433 -113.541
56 510.12 716.54 5 5.69803 -63.6406 50.4016
57 510.539 716.812 5 5.27765 -60.4025 118.558
58 510.958 717.084 5 4.87235 -63.1779 -88.8847
59 511.378 717.357 5 4.48619 -50.2936 -49.2357
60 511.797 717.629 5 4.12457 -56.7935 -54.8523
61 512.216 717.901 5 3.79449 -50.7782 51.009
62 512.636 718.174 5 3.5049 -46.6833 -133.98
63 513.055 718.446 5 3.26657 -48.7973 -35.1917
64 513.474 718.718 5 3.09137 -57.2873 -98.3527
65 513.894 718.991 5 2.99044 -55.9895 -138.59
66 508.589 716.142 5 6.82575 -78.9754 -158.377
67 509.009 716.414 5 6.36215 -72.901 -71.3022
68 509.428 716.687 5 5.9045 -72.6174 -154.106
69 509.847 716.959 5 5.45429 -57.8212 -35.3586
70 510.267 717.231 5 5.01352 -56.4982 -172.551
71 510.686 717.504 5 4.58493 -58.1383 -12.9055
72 511.105 717.776 5 4.17225 -60.2711 82.2416
73 511.525 718.048 5 3.78072 -47.3889 140.796
74 511.944 718.321 5 3.4176 -55.5911 132.167
75 512.363 718.593 5 3.09291 -48.6074 -143.245
76 512.783 718.865 5 2.81997 -49.3119 -8.43807
77 513.202 719.138 5 2.61503 -51.593 -139.97
78 513.621 719.41 5 2.4949 -54.6904 66.0937
79 510.414 717.923 5 4.33628 -57.3145 74.2351
80 510.833 718.195 5 3.89737 -57.8296 144.105
81 511.672 718.74 5 3.07599 -48.7664 3.98802
82 512.091 719.012 5 2.7107 -45.9291 45.5286
83 512.51 719.285 5 2.39458 -55.0151 157.573
84 512.93 719.557 5 2.14945 -47.7348 -167.833
85 513.349 719.829 5 2.00157 -53.2646 163.088
86 510.141 718.342 5 4.13341 -58.1092 146.459
87 510.561 718.615 5 3.67032 -57.3384 -170.607
88 511.399 719.159 5 2.78272 -46.6339 -98.596
89 511.819 719.432 5 2.37269 -50.9835 -144.068
90 512.238 719.704 5 2.00394 -50.0627 178.397
91 512.657 719.976 5 1.7035 -53.6997 -23.8214
92 513.077 720.249 5 1.51263 -60.2106 -1.27511
93 509.869 718.762 5 3.98333 -62.6999 174.764
94 510.288 719.034 5 3.50043 -59.1359 -127.831
95 511.127 719.579 5 2.55447 -56.5819 -92.448
96 511.546 719.851 5 2.10034 -51.1783 171.684
97 511.966 720.123 5 1.67259 -44.5775 64.1126
98 512.385 720.396 5 1.29758 -39.0331 138.629
99 512.804 720.668 5 1.03433 -36.2437 -8.36692
100 509.597 719.181 5 3.89213 -63.7239 -156.619
101 510.016 719.453 5 3.39629 -55.8923 -48.8729
102 509.324 719.6 5 3.86399 -50.469 115.311
103 509.744 719.873 5 3.36401 -43.9087 94.5116
104 509.052 720.02 5 3.90029 -50.4791 18.3552
105 509.471 720.292 5 3.40564 -54.6459 39.4409
