1 509.951 714.045 5 6.83476 -75.2586 -121.501
2 510.37 714.318 5 6.57402 -67.0158 35.1647
3 510.79 714.59 5 6.34206 -53.7869 -51.7058
4 511.209 714.862 5 6.14211 -61.7224 94.4011
5 511.628 715.135 5 5.97741 -72.2033 131.652
6 512.048 715.407 5 5.85093 -62.6633 -118.089
7 512.467 715.679 5 5.76518 -59.0219 -168.845
8 512.886 715.952 5 5.72199 -61.1057 -54.1337
9 513.306 716.224 5 5.72233 -57.938 -55.4607
10 513.725 716.496 5 5.76619 -46.0217 171.907
11 514.144 716.769 5 5.85259 -45.5863 -53.1229
12 514.564 717.041 5 5.97969 -73.9875 -148.583
13 514.983 717.313 5 6.14497 -78.5048 -110.542
14 509.679 714.465 5 6.4224 -71.3991 -116.784
15 510.098 714.737 5 6.14419 -56.5715 119.484
16 510.517 715.009 5 5.89534 -66.1931 -128.552
17 510.937 715.282 5 5.67969 -56.7346 89.7871
18 511.356 715.554 5 5.50116 -61.0377 -90.0533
19 511.775 715.826 5 5.36346 -62.0077 73.6536
20 512.195 716.099 5 5.26978 -52.0708 152.246
21 512.614 716.371 5 5.2225 -58.6518 -91.8913
22 513.033 716.643 5 5.22287 -66.8163 -6.76099
23 513.453 716.916 5 5.27089 -46.8988 161.088
24 513.872 717.188 5 5.36527 -56.9976 -118.673
25 514.291 717.46 5 5.50364 -51.2628 -143.166
26 514.711 717.733 5 5.68278 -58.7219 -142.172
27 509.406 714.884 5 6.02333 -59.6991 61.6984
28 509.826 715.156 5 5.72577 -62.9717 -61.6703
29 510.245 715.429 5 5.45786 -65.1564 -2.50186
30 510.664 715.701 5 5.22419 -52.2219 -64.1773
31 511.084 715.973 5 5.02952 -54.6849 46.1094
32 511.503 716.246 5 4.87852 -61.1204 95.7445
33 511.922 716.518 5 4.77534 -53.2561 141.146
34 512.342 716.79 5 4.72311 -57.8597 -123.035
35 512.761 717.063 5 4.72352 -53.9046 -16.6172
36 513.18 717.335 5 4.77656 -45.9921 -177.647
37 513.6 717.607 5 4.88052 -54.1 125.428
38 514.019 717.88 5 5.03223 -64.5503 -1.11749
39 514.438 718.152 5 5.22755 -56.1962 123.537
40 509.134 715.303 5 5.64037 -60.5942 145.124
41 509.553 715.576 5 5.32144 -68.7821 17.3883
42 509.973 715.848 5 5.03206 -65.989 39.6264
43 510.392 716.12 5 4.7776 -65.73 -177.68
44 510.811 716.393 5 4.56392 -50.9096 74.0662
45 511.231 716.665 5 4.39696 -57.6949 147.478
46 511.65 716.937 5 4.28219 -56.1354 74.8636
47 512.069 717.21 5 4.22387 -54.4501 146.818
48 512.489 717.482 5 4.22433 -54.6645 -14.4729
49 512.908 717.754 5 4.28356 -44.7172 134.846
50 513.327 718.027 5 4.39918 -46.3105 125.361
51 513.747 718.299 5 4.56691 -54.3363 -135.509
52 514.166 718.571 5 4.78127 -53.7971 179.309
53 508.862 715.723 5 5.27704 -56.7609 -64.3315
54 509.281 715.995 5 4.93467 -66.965 92.9699
55 509.7 716.267 5 4.62114 -73.359 -99.8568
56 510.12 716.54 5 4.34267 -66.0443 101.586
57 510.539 716.812 5 4.10642 -54.7259 -77.5247
58 510.958 717.084 5 3.92002 -63.8623 14.4166
59 511.378 717.357 5 3.79084 -53.8654 -3.36867
60 511.797 717.629 5 3.72483 -57.2573 -7.41377
61 512.216 717.901 5 3.72536 -52.0747 -93.6226
62 512.636 718.174 5 3.79238 -48.7755 139.304
63 513.055 718.446 5 3.92251 -51.6731 74.4981
64 513.474 718.718 5 4.10974 -52.0162 111.921
65 513.894 718.991 5 4.34671 -47.9158 135.588
66 508.589 716.142 5 4.93765 -66.044 19.4066
67 509.009 716.414 5 4.56994 -66.5374 146.661
68 509.428 716.687 5 4.22945 -63.6814 -105.162
69 509.847 716.959 5 3.92328 -60.0711 135.228
70 510.267 717.231 5 3.66005 -67.3216 39.7921
71 510.686 717.504 5 3.44962 -55.7913 8.78745
72 511.105 717.776 5 3.30209 -62.1147 134.257
73 511.525 718.048 5 3.22609 -48.004 -36.9088
74 511.944 718.321 5 3.2267 -59.0754 -34.3614
75 512.363 718.593 5 3.30386 -51.0425 142.028
76 512.783 718.865 5 3.45244 -52.5239 161.065
77 513.202 719.138 5 3.66378 -56.2901 -47.1606
78 513.621 719.41 5 3.92774 -46.8964 -108.452
79 510.414 717.923 5 2.98885 -48.169 -69.7779
80 510.833 718.195 5 2.81729 -60.8364 -139.12
81 511.672 718.74 5 2.72853 -45.213 -47.0431
82 512.091 719.012 5 2.81936 -48.9108 -15.2635
83 512.51 719.285 5 2.9921 -44.8509 123.013
84 512.93 719.557 5 3.23366 -45.5397 88.8588
85 513.349 719.829 5 3.52994 -47.6225 -172.113
86 510.141 718.342 5 2.54293 -49.5093 84.0016
87 510.561 718.615 5 2.33889 -53.1593 -113.693
88 511.399 719.159 5 2.23119 -45.1147 -88.8377
89 511.819 719.432 5 2.34139 -59.2465 -140.936
90 512.238 719.704 5 2.54676 -48.0753 -66.7004
91 512.657 719.976 5 2.82664 -49.9005 -170.501
92 513.077 720.249 5 3.16129 -56.6769 15.1049
93 509.869 718.762 5 2.12128 -50.7285 135.455
94 510.288 719.034 5 1.87182 -48.2314 -137.938
95 511.127 719.579 5 1.73537 -41.3999 -84.0665
96 511.546 719.851 5 1.87494 -43.0156 145.289
97 511.966 720.123 5 2.12586 -47.4323 79.5805
98 512.385 720.396 5 2.45422 -58.7093 -50.765
99 512.804 720.668 5 2.83321 -64.361 -52.7316
100 509.597 719.181 5 1.74159 -51.7339 -13.4589
101 510.016 719.453 5 1.42724 -46.1976 50.2264
102 509.324 719.6 5 1.43751 -41.9701 19.6879
103 509.744 719.873 5 1.03456 -46.6412 60.8141
104 509.052 720.02 5 1.26481 -56.3634 104.601
105 509.471 720.292 5 0.776935 -45.1967 155.809
