1 505.473 717.831 5 5.94856 -53.0952 -57.4008
2 505.747 717.412 5 5.88563 -56.033 -121.365
3 506.02 716.994 5 5.86479 -54.1666 -104.362
4 506.294 716.575 5 5.88651 -57.2738 -148.558
5 506.567 716.157 5 5.9503 -57.7444 -86.1545
6 505.891 718.104 5 5.45625 -50.6818 -102.381
7 506.165 717.686 5 5.38756 -67.4618 23.7207
8 506.439 717.267 5 5.36479 -56.2276 115.576
9 506.712 716.849 5 5.38852 -54.4112 98.6603
10 506.986 716.43 5 5.45814 -51.6679 28.1612
11 506.31 718.378 5 4.96546 -52.2531 -163.054
12 506.584 717.96 5 4.88989 -54.1345 -119.981
13 506.857 717.541 5 4.86479 -51.3533 -124.655
14 507.131 717.123 5 4.89095 -56.392 -178.872
15 507.404 716.704 5 4.96755 -59.5608 -9.28293
16 506.728 718.652 5 4.47672 -47.5144 132.442
17 507.002 718.233 5 4.39275 -51.91 38.515
18 507.276 717.815 5 4.36479 -50.2741 51.5967
19 507.549 717.396 5 4.39393 -52.1137 -168.963
20 507.823 716.978 5 4.47904 -68.0543 -48.3093
21 507.147 718.925 5 3.99077 -53.0589 162.362
22 507.421 718.507 5 3.89634 -50.8305 -131.169
23 507.694 718.088 5 3.86479 -50.6438 -141.713
24 507.968 717.67 5 3.89767 -59.0984 -162.16
25 508.241 717.251 5 3.99337 -61.109 73.9058
26 507.565 719.199 5 3.50877 -46.4784 110.195
27 507.839 718.78 5 3.40098 -65.9839 -145.898
28 508.113 718.362 5 3.36479 -66.7963 132.783
29 508.386 717.943 5 3.4025 -71.693 -36.967
30 508.66 717.525 5 3.51172 -61.2485 23.4893
31 507.984 719.472 5 3.0326 -54.4009 86.1073
32 508.258 719.054 5 2.90721 -60.476 167.213
33 508.531 718.635 5 2.86479 -71.0217 107.253
34 508.805 718.217 5 2.90899 -75.037 -149.526
35 509.078 717.798 5 3.03602 -72.7678 128.153
36 508.402 719.746 5 2.56552 -43.8672 -35.3284
37 508.676 719.328 5 2.416 -51.0055 -60.0776
38 508.95 718.909 5 2.36479 -114.076 98.1341
39 509.223 718.491 5 2.41815 -95.1476 -97.3502
40 509.497 718.072 5 2.56955 -98.2415 1.59386
