1 514.644 719.84 5 5.34494 -55.2569 -61.3445
2 514.371 720.259 5 4.84899 -61.8511 -18.2633
3 514.097 720.678 5 4.35395 -61.9509 116.832
4 513.824 721.096 5 3.8602 -56.1163 -1.301
5 513.551 721.515 5 3.36829 -51.8539 116.533
6 513.278 721.934 5 2.87917 -51.4255 -111.334
7 513.004 722.353 5 2.39455 -47.5866 89.165
8 512.731 722.771 5 1.91784 -49.2201 -112.88
9 512.458 723.19 5 1.45682 -50.3336 1.50277
10 512.185 723.609 5 1.03275 -38.7216 122.146
11 515.063 720.113 5 5.30777 -52.9745 26.0761
12 514.789 720.532 5 4.80798 -61.7103 53.0964
13 514.516 720.951 5 4.30824 -50.0688 42.4705
14 514.243 721.37 5 3.80856 -55.1005 65.8801
15 513.97 721.788 5 3.30898 -44.6751 69.9608
16 513.696 722.207 5 2.80956 -49.2305 -2.3992
17 513.423 722.626 5 2.31038 -45.3522 10.545
18 513.15 723.045 5 1.81165 -46.6074 51.6167
19 512.877 723.463 5 1.3139 -44.558 40.0302
20 512.603 723.882 5 0.818882 -40.7822 23.114
21 515.481 720.387 5 5.31756 -52.4628 31.2152
22 515.208 720.805 5 4.81878 -54.5482 79.7959
23 514.935 721.224 5 4.32029 -49.7626 92.5868
24 514.662 721.643 5 3.82219 -46.1666 -4.21894
25 514.388 722.062 5 3.32466 -46.0305 31.9019
26 514.115 722.48 5 2.828 -48.2317 38.7704
27 513.842 722.899 5 2.33278 -47.5425 14.2736
28 513.568 723.318 5 1.84013 -45.8453 25.4161
29 513.295 723.737 5 1.35289 -40.4983 -17.8313
30 513.022 724.155 5 0.880093 -45.3442 -107.611
31 515.9 720.66 5 5.37405 -52.438 -143.284
32 515.627 721.079 5 4.88105 -50.93 -34.6477
33 515.353 721.497 5 4.38963 -52.075 156.414
34 515.08 721.916 5 3.9004 -47.1363 -161.595
35 514.807 722.335 5 3.41429 -48.4822 170.482
36 514.534 722.754 5 2.93285 -47.4247 105.974
37 514.26 723.172 5 2.45883 -43.8424 54.4446
38 513.987 723.591 5 1.99752 -60.1564 -152.326
39 516.319 720.933 5 5.4758 -52.517 24.3307
40 516.045 721.352 5 4.99286 -48.3673 -94.2351
41 515.772 721.771 5 4.51363 -48.4485 -97.7815
42 515.499 722.189 5 4.03945 -47.9471 176.925
43 515.226 722.608 5 3.5723 -52.4738 94.1802
44 514.952 723.027 5 3.11538 -54.5068 -84.2146
45 514.679 723.446 5 2.67392 -58.0946 -72.0376
46 514.406 723.864 5 2.25701 -72.739 120.569
47 516.737 721.206 5 5.62036 -54.1505 9.53835
48 516.464 721.625 5 5.15098 -46.7485 175.008
49 516.191 722.044 5 4.68795 -52.1305 105.126
50 515.918 722.463 5 4.23333 -56.3896 -140.904
51 515.644 722.881 5 3.79017 -60.398 -92.6461
52 515.371 723.3 5 3.36297 -62.7588 -73.8802
53 515.098 723.719 5 2.95869 -60.0108 -88.2172
54 514.825 724.138 5 2.58806 -79.0899 109.643
55 517.156 721.48 5 5.80451 -55.2739 53.7323
56 516.883 721.898 5 5.35132 -62.0266 98.395
57 516.61 722.317 5 4.90723 -61.2691 162.394
58 516.336 722.736 5 4.47494 -53.6165 -168.086
59 516.063 723.155 5 4.05824 -57.2734 -71.6548
60 515.79 723.573 5 3.66246 -63.0416 -53.758
61 515.517 723.992 5 3.29512 -57.793 -15.0636
62 515.243 724.411 5 2.96683 -73.7116 138.536
63 517.575 721.753 5 6.02465 -67.9653 127.61
64 517.302 722.172 5 5.58933 -56.3673 -68.9321
65 517.028 722.59 5 5.16574 -64.9927 26.7238
66 516.755 723.009 5 4.75701 -56.2707 117.526
67 516.482 723.428 5 4.3673 -67.7831 -92.4896
68 516.209 723.847 5 4.0022 -57.2161 -116.938
69 515.935 724.265 5 3.66904 -56.9335 -19.9057
70 515.662 724.684 5 3.37729 -59.2483 74.3821
71 517.994 722.026 5 6.27697 -69.5964 86.0165
72 517.72 722.445 5 5.86043 -63.0447 60.4199
73 517.447 722.864 5 5.45792 -67.0212 -173.624
74 517.174 723.282 5 5.07278 -59.3706 -49.2974
75 516.901 723.701 5 4.70928 -75.7498 31.6952
76 516.627 724.12 5 4.37282 -54.2119 -178.964
77 516.354 724.539 5 4.07011 -58.7389 -111.149
78 516.081 724.957 5 3.80921 -70.4662 -50.2463
