1 505.473 717.831 5 8.10129 -104.017 -102.011
2 505.747 717.412 5 8.16767 -104.086 -179.394
3 506.02 716.994 5 8.26383 -99.3639 -44.8998
4 506.294 716.575 5 8.38873 -94.0546 145.499
5 506.567 716.157 5 8.54112 -100.987 -7.73783
6 505.891 718.104 5 7.6041 -101.143 49.4721
7 506.165 717.686 5 7.67478 -94.0529 -0.517117
8 506.439 717.267 5 7.77703 -94.7607 176.672
9 506.712 716.849 5 7.90962 -130.081 108.652
10 506.986 716.43 5 8.07106 -100.136 -80.1344
11 506.31 718.378 5 7.10729 -91.9966 -169.946
12 506.584 717.96 5 7.18287 -90.6056 142.761
13 506.857 717.541 5 7.29202 -96.7392 -94.4082
14 507.131 717.123 5 7.43327 -99.6519 -89.2331
15 507.404 716.704 5 7.60483 -97.4952 115.307
16 506.728 718.652 5 6.61097 -105.921 150.248
17 507.002 718.233 5 6.69215 -96.6143 151.725
18 507.276 717.815 5 6.80917 -109.186 10.0888
19 507.549 717.396 5 6.96023 -105.647 -29.2167
20 507.823 716.978 5 7.14316 -96.7393 33.2188
21 507.147 718.925 5 6.11525 -97.7568 18.9437
22 507.421 718.507 5 6.20292 -97.4999 -66.5423
23 507.694 718.088 5 6.329 -92.69 178.208
24 507.968 717.67 5 6.49124 -103.603 -46.3068
25 508.241 717.251 5 6.68701 -107.979 20.1557
26 507.565 719.199 5 5.62029 -99.7315 177.183
27 507.839 718.78 5 5.71555 -98.6914 -168.124
28 508.113 718.362 5 5.85214 -97.4274 113.341
29 508.386 717.943 5 6.02723 -113.924 110.312
30 508.66 717.525 5 6.23758 -101.495 -149.611
31 507.984 719.472 5 5.1263 -112.026 -93.7572
32 508.258 719.054 5 5.23057 -115.398 -2.14333
33 508.531 718.635 5 5.37948 -103.057 -165.557
34 508.805 718.217 5 5.56945 -102.469 34.0725
35 509.078 717.798 5 5.79644 -109.377 51.9123
36 508.402 719.746 5 4.6336 -91.9032 -22.9483
37 508.676 719.328 5 4.74871 -94.933 93.4876
38 508.95 718.909 5 4.91225 -131.476 -118.523
39 509.223 718.491 5 5.11958 -117.789 58.5841
40 509.497 718.072 5 5.36564 -143.478 -138.597
