1 514.644 719.84 5 5.15164 -87.7054 103.862
2 514.371 720.259 5 4.7822 -92.3168 -140.313
3 514.097 720.678 5 4.43841 -88.2114 -39.113
4 513.824 721.096 5 4.12668 -102.197 -146.257
5 513.551 721.515 5 3.85481 -81.1053 19.3566
6 513.278 721.934 5 3.63174 -73.4284 -125.083
7 513.004 722.353 5 3.46693 -83.2343 80.789
8 512.731 722.771 5 3.36892 -78.5643 109.43
9 512.458 723.19 5 3.3436 -52.2272 17.5433
10 512.185 723.609 5 3.39259 -55.5452 111.223
11 515.063 720.113 5 5.48927 -80.8882 34.2502
12 514.789 720.532 5 5.14413 -80.9165 -153.158
13 514.516 720.951 5 4.82619 -84.6724 9.76811
14 514.243 721.37 5 4.54116 -87.061 31.9577
15 513.97 721.788 5 4.2956 -79.9217 70.0514
16 513.696 722.207 5 4.09661 -83.5173 100.058
17 513.423 722.626 5 3.95123 -72.4964 104.749
18 513.15 723.045 5 3.86552 -77.401 153.233
19 512.877 723.463 5 3.84348 -59.2766 -155.096
20 512.603 723.882 5 3.88617 -59.2468 81.9715
21 515.481 720.387 5 5.85019 -84.7547 107.722
22 515.208 720.805 5 5.52763 -83.526 18.952
23 514.935 721.224 5 5.23304 -88.9826 -3.93472
24 514.662 721.643 5 4.9714 -89.5901 -110.304
25 514.388 722.062 5 4.74814 -76.4016 -36.9274
26 514.115 722.48 5 4.5689 -78.8695 -95.8473
27 513.842 722.899 5 4.43902 -83.0394 142.706
28 513.568 723.318 5 4.3629 -56.0856 37.6632
29 513.295 723.737 5 4.34338 -61.2557 20.6968
30 513.022 724.155 5 4.38121 -53.7464 -171.203
31 515.9 720.66 5 6.23035 -88.6487 1.90615
32 515.627 721.079 5 5.92852 -90.4038 12.3855
33 515.353 721.497 5 5.65486 -83.1558 115.086
34 515.08 721.916 5 5.41363 -85.6959 43.1134
35 514.807 722.335 5 5.20936 -74.0954 97.8435
36 514.534 722.754 5 5.04653 -84.5249 119.327
37 514.26 723.172 5 4.92925 -81.7565 -171.512
38 513.987 723.591 5 4.86082 -56.4283 -134.624
39 516.319 720.933 5 6.62646 -80.7719 -160.216
40 516.045 721.352 5 6.3435 -91.4633 61.5869
41 515.772 721.771 5 6.08852 -82.7636 173.466
42 515.499 722.189 5 5.86516 -80.223 -178.039
43 515.226 722.608 5 5.67716 -77.5571 100.961
44 514.952 723.027 5 5.52812 -83.7691 -117.91
45 514.679 723.446 5 5.42127 -57.1507 82.7348
46 514.406 723.864 5 5.35912 -250 0
47 516.737 721.206 5 7.03581 -86.232 -37.1034
48 516.464 721.625 5 6.76998 -79.319 -48.0156
49 516.191 722.044 5 6.53167 -85.1181 60.0763
50 515.918 722.463 5 6.32398 -91.0885 97.1393
51 515.644 722.881 5 6.15002 -76.1765 160.603
52 515.371 723.3 5 6.01272 -57.6055 -109.195
53 515.098 723.719 5 5.91463 -63.5792 -136.01
54 514.825 724.138 5 5.85772 -250 0
55 517.156 721.48 5 7.45622 -79.1568 137.4
56 516.883 721.898 5 7.20592 -81.2505 99.8591
57 516.61 722.317 5 6.9825 -84.1251 -118.903
58 516.336 722.736 5 6.78862 -76.538 -142.311
59 516.063 723.155 5 6.62687 -72.5511 -143.807
60 515.79 723.573 5 6.49965 -59.6504 100.157
61 515.517 723.992 5 6.40901 -72.0557 -28.4198
62 515.243 724.411 5 6.35653 -151.11 -50.4392
63 517.575 721.753 5 7.88593 -84.0325 -7.99491
64 517.302 722.172 5 7.6497 -75.9524 88.9835
65 517.028 722.59 5 7.43962 -85.1327 -36.744
66 516.755 723.009 5 7.25796 -75.6064 -20.4314
67 516.482 723.428 5 7.1069 -57.8227 -79.1289
68 516.209 723.847 5 6.98842 -65.613 -113.737
69 515.935 724.265 5 6.90421 -76.0433 20.5154
70 515.662 724.684 5 6.85552 -95.9856 92.1499
71 517.994 722.026 5 8.32349 -74.5324 -70.4737
72 517.72 722.445 5 8.10003 -80.4335 -164.479
73 517.447 722.864 5 7.90194 -73.1406 87.5937
74 517.174 723.282 5 7.73115 -72.0053 55.9406
75 516.901 723.701 5 7.58951 -61.3664 98.0376
76 516.627 724.12 5 7.47868 -66.4893 -1.34189
77 516.354 724.539 5 7.40005 -80.7883 40.2742
78 516.081 724.957 5 7.35464 -106.447 -35.9722
