1 505.473 717.831 5 9.14023 -119.498 -85.8109
2 505.747 717.412 5 9.26073 -101.865 -9.42975
3 506.02 716.994 5 9.4063 -95.7994 86.259
4 506.294 716.575 5 9.5758 -95.4999 46.4487
5 506.567 716.157 5 9.76797 -106.125 88.1492
6 505.891 718.104 5 8.65262 -115.797 -32.2992
7 506.165 717.686 5 8.77981 -116.508 29.0506
8 506.439 717.267 5 8.93323 -96.4137 170.595
9 506.712 716.849 5 9.11153 -103.264 67.5919
10 506.986 716.43 5 9.31329 -97.5113 155.509
11 506.31 718.378 5 8.1665 -109.466 132.081
12 506.584 717.96 5 8.30115 -100.575 99.0491
13 506.857 717.541 5 8.46325 -99.4264 -124.544
14 507.131 717.123 5 8.65124 -100.496 51.7612
15 507.404 716.704 5 8.86348 -104.349 -74.8503
16 506.728 718.652 5 7.68217 -128.71 -130.778
17 507.002 718.233 5 7.82516 -102.102 -105.372
18 507.276 717.815 5 7.99691 -97.7698 -167.949
19 507.549 717.396 5 8.19561 -106.086 80.9959
20 507.823 716.978 5 8.41934 -99.4609 159.017
21 507.147 718.925 5 7.19999 -107.242 29.6661
22 507.421 718.507 5 7.35236 -107.801 -34.4962
23 507.694 718.088 5 7.53489 -98.4787 77.9539
24 507.968 717.67 5 7.74545 -126.054 -87.2422
25 508.241 717.251 5 7.98181 -103.352 165.144
26 507.565 719.199 5 6.7204 -116.51 -135.163
27 507.839 718.78 5 6.8834 -111.993 -29.81
28 508.113 718.362 5 7.07804 -105.999 -130.09
29 508.386 717.943 5 7.30178 -114.5 31.8373
30 508.66 717.525 5 7.55204 -105.678 23.6477
31 507.984 719.472 5 6.24403 -115.374 -109.988
32 508.258 719.054 5 6.41913 -127.623 -154.358
33 508.531 718.635 5 6.62741 -97.1347 127.37
34 508.805 718.217 5 6.86586 -108.807 -3.90273
35 509.078 717.798 5 7.13144 -112.335 -17.0407
36 508.402 719.746 5 5.77164 -114.502 -59.2392
37 508.676 719.328 5 5.96064 -123.22 170.571
38 508.95 718.909 5 6.18439 -133.745 -93.2505
39 509.223 718.491 5 6.43926 -138.229 39.1978
40 509.497 718.072 5 6.72171 -143.219 -81.3611
