1 514.644 719.84 5 5.30592 -71.6045 -148.202
2 514.371 720.259 5 4.80613 -61.9636 72.522
3 514.097 720.678 5 4.30639 -54.5863 -58.219
4 513.824 721.096 5 3.80671 -56.717 -61.4072
5 513.551 721.515 5 3.30714 -66.2627 33.6881
6 513.278 721.934 5 2.80771 -53.5007 56.1713
7 513.004 722.353 5 2.30853 -45.3346 0.283503
8 512.731 722.771 5 1.80981 -48.2759 -69.3777
9 512.458 723.19 5 1.31206 -38.0302 49.9108
10 512.185 723.609 5 0.817065 -36.0354 62.1954
11 515.063 720.113 5 5.31571 -55.9743 -143.715
12 514.789 720.532 5 4.81694 -58.0117 154.31
13 514.516 720.951 5 4.31845 -54.1286 -173.572
14 514.243 721.37 5 3.82035 -51.5483 -164.718
15 513.97 721.788 5 3.32282 -65.3094 109.839
16 513.696 722.207 5 2.82617 -54.549 161.288
17 513.423 722.626 5 2.33095 -48.2674 -10.0217
18 513.15 723.045 5 1.83832 -45.4543 -41.2556
19 512.877 723.463 5 1.35111 -45.3243 -64.7623
20 512.603 723.882 5 0.8784 -39.932 -134.459
21 515.481 720.387 5 5.37222 -71.3363 -31.4989
22 515.208 720.805 5 4.87923 -50.6245 -160.283
23 514.935 721.224 5 4.38782 -48.4868 108.629
24 514.662 721.643 5 3.8986 -51.2197 148.191
25 514.388 722.062 5 3.4125 -45.4074 95.3971
26 514.115 722.48 5 2.93108 -46.6802 72.5062
27 513.842 722.899 5 2.4571 -49.1659 5.73848
28 513.568 723.318 5 1.99585 -52.4015 -118.948
29 513.295 723.737 5 1.55868 -44.605 69.3505
30 513.022 724.155 5 1.17285 -39.7022 81.5159
31 515.9 720.66 5 5.47401 -55.663 24.1894
32 515.627 721.079 5 4.99108 -50.3924 -104.345
33 515.353 721.497 5 4.51187 -51.5405 166.79
34 515.08 721.916 5 4.0377 -50.6553 105.025
35 514.807 722.335 5 3.57059 -48.7007 25.4887
36 514.534 722.754 5 3.11372 -50.0701 -76.6865
37 514.26 723.172 5 2.67232 -45.6039 81.2236
38 513.987 723.591 5 2.25553 -58.1688 -77.9103
39 516.319 720.933 5 5.61861 -80.345 -27.3522
40 516.045 721.352 5 5.14926 -56.2802 154.854
41 515.772 721.771 5 4.68625 -51.141 35.291
42 515.499 722.189 5 4.23167 -51.2032 -40.7242
43 515.226 722.608 5 3.78855 -57.1603 152.591
44 514.952 723.027 5 3.36143 -49.3896 -95.6305
45 514.679 723.446 5 2.95725 -53.3038 -79.5514
46 514.406 723.864 5 2.58677 -63.8943 171.498
47 516.737 721.206 5 5.80282 -53.9017 8.76979
48 516.464 721.625 5 5.34966 -50.9214 -15.5527
49 516.191 722.044 5 4.9056 -47.4917 137.75
50 515.918 722.463 5 4.47337 -56.5131 -57.5984
51 515.644 722.881 5 4.05674 -54.9535 63.3426
52 515.371 723.3 5 3.66104 -66.9386 129.492
53 515.098 723.719 5 3.29383 -64.1713 -147.495
54 514.825 724.138 5 2.9657 -73.4052 -68.9785
55 517.156 721.48 5 6.02302 -50.417 154.709
56 516.883 721.898 5 5.58774 -53.305 -44.743
57 516.61 722.317 5 5.1642 -60.5528 86.8581
58 516.336 722.736 5 4.75553 -63.4445 93.1939
59 516.063 723.155 5 4.3659 -52.2905 176.663
60 515.79 723.573 5 4.0009 -64.5843 -20.0531
61 515.517 723.992 5 3.66787 -63.8412 -159.091
62 515.243 724.411 5 3.3763 -56.4543 -162.685
63 517.575 721.753 5 6.27541 -51.6763 -155.671
64 517.302 722.172 5 5.85891 -52.8983 -14.889
65 517.028 722.59 5 5.45646 -53.957 177.274
66 516.755 723.009 5 5.07139 -56.5831 -96.1144
67 516.482 723.428 5 4.70798 -68.9833 -155.38
68 516.209 723.847 5 4.37163 -55.3434 62.4557
69 515.935 724.265 5 4.06906 -56.2953 -166.302
70 515.662 724.684 5 3.80833 -62.2431 -72.1053
71 517.994 722.026 5 6.55628 -58.5259 0.720541
72 517.72 722.445 5 6.1588 -54.6264 74.4444
73 517.447 722.864 5 5.77728 -56.7594 -131.826
74 517.174 723.282 5 5.41507 -53.2384 6.80637
75 516.901 723.701 5 5.07633 -55.1521 -178.833
76 516.627 724.12 5 4.76604 -57.3087 -113.438
77 516.354 724.539 5 4.49013 -55.4871 44.0443
78 516.081 724.957 5 4.25527 -59.5979 110.203
