1 505.473 717.831 5 5.52425 -59.8995 -90.6311
2 505.747 717.412 5 5.46385 -49.7588 -90.7344
3 506.02 716.994 5 5.44886 -51.2075 72.5354
4 506.294 716.575 5 5.47964 -53.2122 52.1475
5 506.567 716.157 5 5.55543 -57.6442 86.0897
6 505.891 718.104 5 5.03182 -55.374 -147.637
7 506.165 717.686 5 4.96543 -50.0407 -151.33
8 506.439 717.267 5 4.94893 -60.9724 -98.5231
9 506.712 716.849 5 4.9828 -50.1599 -147.883
10 506.986 716.43 5 5.06603 -60.3913 116.074
11 506.31 718.378 5 4.54103 -56.6819 172.653
12 506.584 717.96 5 4.46737 -53.9443 20.512
13 506.857 717.541 5 4.44901 -55.1922 38.0634
14 507.131 717.123 5 4.48666 -78.7171 -26.0953
15 507.404 716.704 5 4.57891 -59.3888 133.682
16 506.728 718.652 5 4.05251 -49.4295 138.23
17 507.002 718.233 5 3.96978 -48.9055 -107.186
18 507.276 717.815 5 3.94912 -53.4371 -165.487
19 507.549 717.396 5 3.99148 -57.3535 -20.1193
20 507.823 716.978 5 4.09491 -66.7438 109.423
21 507.147 718.925 5 3.56716 -49.3119 59.4542
22 507.421 718.507 5 3.4729 -52.9431 3.18355
23 507.694 718.088 5 3.44926 -62.1366 -163.001
24 507.968 717.67 5 3.49767 -58.1284 -50.1255
25 508.241 717.251 5 3.61526 -63.3207 -162.666
26 507.565 719.199 5 3.0865 -49.2247 -149.113
27 507.839 718.78 5 2.97705 -55.8502 155.711
28 508.113 718.362 5 2.94944 -62.2875 -133.506
29 508.386 717.943 5 3.00592 -67.4307 138.993
30 508.66 717.525 5 3.14196 -73.6575 -171.86
31 507.984 719.472 5 2.6131 -67.0317 29.233
32 508.258 719.054 5 2.48287 -53.51 -141.689
33 508.531 718.635 5 2.4497 -65.6409 3.90402
34 508.805 718.217 5 2.51742 -71.3428 43.7473
35 509.078 717.798 5 2.67838 -68.6625 -34.2466
36 508.402 719.746 5 2.15177 -39.3223 16.9127
37 508.676 719.328 5 1.9916 -49.783 -161.017
38 508.95 718.909 5 1.95009 -127.613 95.5731
39 509.223 718.491 5 2.0345 -106.961 130.453
40 509.497 718.072 5 2.2306 -110.102 -162.029
