1 505.473 717.831 5 8.26578 -124.917 -66.9536
2 505.747 717.412 5 8.39065 -122.823 97.7303
3 506.02 716.994 5 8.54301 -124.137 -86.865
4 506.294 716.575 5 8.7214 -117.29 40.3075
5 506.567 716.157 5 8.92428 -120.947 -167.374
6 505.891 718.104 5 7.77897 -113.216 -100.064
7 506.165 717.686 5 7.91153 -119.686 3.62121
8 506.439 717.267 5 8.07293 -121.52 149.164
9 506.712 716.849 5 8.26149 -120.907 -158.008
10 506.986 716.43 5 8.47539 -119.113 60.2066
11 506.31 718.378 5 7.29395 -112.128 175.94
12 506.584 717.96 5 7.43516 -117.738 27.881
13 506.857 717.541 5 7.60668 -118.383 -85.2469
14 507.131 717.123 5 7.80651 -116.056 41.0038
15 507.404 716.704 5 8.03253 -117.768 -132.74
16 506.728 718.652 5 6.8111 -114.503 39.2915
17 507.002 718.233 5 6.96211 -117.344 -35.6969
18 507.276 717.815 5 7.14499 -108.754 159.676
19 507.549 717.396 5 7.35737 -113.163 -23.2209
20 507.823 716.978 5 7.59676 -124.331 176.109
21 507.147 718.925 5 6.33091 -113.354 -101.049
22 507.421 718.507 5 6.4931 -108.42 147.485
23 507.694 718.088 5 6.68882 -112.129 29.8455
24 507.968 717.67 5 6.91522 -114.527 -133.72
25 508.241 717.251 5 7.16939 -113.791 105.558
26 507.565 719.199 5 5.85403 -141.246 110.236
27 507.839 718.78 5 6.02907 -123.887 -39.0484
28 508.113 718.362 5 6.23936 -117.458 122.433
29 508.386 717.943 5 6.48148 -110.009 68.2434
30 508.66 717.525 5 6.752 -114.814 -36.1142
31 507.984 719.472 5 5.38136 -150.169 -125.468
32 508.258 719.054 5 5.57127 -154.32 51.7942
33 508.531 718.635 5 5.79818 -123.397 -174.001
34 508.805 718.217 5 6.05796 -136.025 114.417
35 509.078 717.798 5 6.34656 -112.948 135.392
36 508.402 719.746 5 4.9141 -143.34 80.3956
37 508.676 719.328 5 5.12136 -112.471 95.9984
38 508.95 718.909 5 5.36733 -250 0
39 509.223 718.491 5 5.64697 -250 0
40 509.497 718.072 5 5.95552 -250 0
