1 505.473 717.831 5 7.43026 -77.7764 -77.3962
2 505.747 717.412 5 7.38067 -80.0667 83.1554
3 506.02 716.994 5 7.36477 -101.043 -113.625
4 506.294 716.575 5 7.38277 -84.8649 87.2205
5 506.567 716.157 5 7.43444 -75.9573 -105.879
6 505.891 718.104 5 6.93499 -76.0992 -68.0079
7 506.165 717.686 5 6.88183 -72.9514 112.35
8 506.439 717.267 5 6.86477 -77.7891 -93.4395
9 506.712 716.849 5 6.88408 -79.61 62.3994
10 506.986 716.43 5 6.93946 -80.3756 -157.199
11 506.31 718.378 5 6.44044 -74.0848 -91.5731
12 506.584 717.96 5 6.38317 -71.2077 89.3705
13 506.857 717.541 5 6.36477 -74.5521 -131.149
14 507.131 717.123 5 6.3856 -79.0068 47.8821
15 507.404 716.704 5 6.44526 -86.5217 115.757
16 506.728 718.652 5 5.94681 -72.0133 -144.684
17 507.002 718.233 5 5.88473 -78.8006 63.2996
18 507.276 717.815 5 5.86477 -76.5125 -107.419
19 507.549 717.396 5 5.88737 -75.7343 66.9809
20 507.823 716.978 5 5.95202 -80.2152 -135.945
21 507.147 718.925 5 5.45434 -74.6659 152.474
22 507.421 718.507 5 5.38658 -75.0572 2.86047
23 507.694 718.088 5 5.36477 -78.3554 -95.2081
24 507.968 717.67 5 5.38946 -75.2351 91.839
25 508.241 717.251 5 5.46002 -73.3502 -143.037
26 507.565 719.199 5 4.96337 -72.675 106.447
27 507.839 718.78 5 4.88882 -86.0209 66.617
28 508.113 718.362 5 4.86478 -73.9175 -177.3
29 508.386 717.943 5 4.89199 -73.0563 24.2842
30 508.66 717.525 5 4.96962 -74.0115 -132.671
31 507.984 719.472 5 4.4744 -89.4109 86.8405
32 508.258 719.054 5 4.39156 -95.8363 36.9912
33 508.531 718.635 5 4.36478 -83.5513 122.238
34 508.805 718.217 5 4.39509 -86.9616 -175.32
35 509.078 717.798 5 4.48133 -69.3591 170.853
36 508.402 719.746 5 3.98817 -82.5938 -22.8058
37 508.676 719.328 5 3.895 -75.6986 -64.985
38 508.95 718.909 5 3.86478 -111.284 153.194
39 509.223 718.491 5 3.89898 -101.391 -39.808
40 509.497 718.072 5 3.99595 -102.984 12.7675
