1 514.644 719.84 5 4.22759 -82.9322 -5.40159
2 514.371 720.259 5 3.73588 -74.5348 46.7135
3 514.097 720.678 5 3.24669 -73.6322 -103.222
4 513.824 721.096 5 2.76138 -69.2284 -169.258
5 513.551 721.515 5 2.28243 -78.8303 107.946
6 513.278 721.934 5 1.81486 -54.0307 0.219358
7 513.004 722.353 5 1.37038 -50.3903 -29.9044
8 512.731 722.771 5 0.980905 -47.9263 -117.707
9 512.458 723.19 5 0.739194 -48.1239 -103.376
10 512.185 723.609 5 0.794128 -35.6005 118.189
11 515.063 720.113 5 4.34084 -84.1404 -104.598
12 514.789 720.532 5 3.86357 -76.6402 -92.2874
13 514.516 720.951 5 3.39284 -64.5675 98.5929
14 514.243 721.37 5 2.93183 -54.9899 95.5174
15 513.97 721.788 5 2.48593 -55.2578 40.9596
16 513.696 722.207 5 2.06496 -52.8262 -20.2262
17 513.423 722.626 5 1.68769 -57.1529 -145.666
18 513.15 723.045 5 1.39016 -62.5852 -88.1529
19 512.877 723.463 5 1.23157 -50.8742 152.517
20 512.603 723.882 5 1.26531 -42.8107 -140.221
21 515.481 720.387 5 4.50703 -56.6023 -116.231
22 515.208 720.805 5 4.04938 -57.5282 -177.855
23 514.935 721.224 5 3.60302 -58.2506 92.4696
24 514.662 721.643 5 3.17269 -55.4649 -31.7454
25 514.388 722.062 5 2.7659 -67.3029 -121.739
26 514.115 722.48 5 2.39467 -66.1674 51.6906
27 513.842 722.899 5 2.07814 -69.1673 27.9426
28 513.568 723.318 5 1.8447 -65.6355 -61.9177
29 513.295 723.737 5 1.72833 -54.6455 -49.8424
30 513.022 724.155 5 1.75253 -45.8972 -98.0997
31 515.9 720.66 5 4.72056 -62.5077 92.7039
32 515.627 721.079 5 4.28578 -61.1436 12.2998
33 515.353 721.497 5 3.8668 -66.113 -94.0752
34 515.08 721.916 5 3.46934 -65.855 -50.3134
35 514.807 722.335 5 3.10171 -70.4545 -3.69364
36 514.534 722.754 5 2.77575 -60.1169 -74.6283
37 514.26 723.172 5 2.5078 -66.4835 2.56835
38 513.987 723.591 5 2.31803 -57.2361 -119.266
39 516.319 720.933 5 4.97534 -66.2571 -116.857
40 516.045 721.352 5 4.56489 -68.2458 22.3198
41 515.772 721.771 5 4.17402 -62.5181 120.259
42 515.499 722.189 5 3.80877 -66.4078 155.044
43 515.226 722.608 5 3.4772 -64.7833 113.526
44 514.952 723.027 5 3.18986 -76.3178 79.8188
45 514.679 723.446 5 2.95963 -55.6869 60.2069
46 514.406 723.864 5 2.80065 -60.0287 -141.292
47 516.737 721.206 5 5.26539 -72.8147 110.331
48 516.464 721.625 5 4.87941 -62.5102 60.2654
49 516.191 722.044 5 4.51584 -70.743 -143.95
50 515.918 722.463 5 4.18056 -71.5326 -40.7231
51 515.644 722.881 5 3.88089 -61.872 -123.638
52 515.371 723.3 5 3.62568 -66.2641 131.957
53 515.098 723.719 5 3.42488 -59.2241 -145.315
54 514.825 724.138 5 3.28847 -59.0549 -44.8498
55 517.156 721.48 5 5.58523 -64.3082 -99.7909
56 516.883 721.898 5 5.22293 -68.7175 -67.9566
57 516.61 722.317 5 4.885 -74.8796 39.0906
58 516.336 722.736 5 4.57684 -60.0633 79.8082
59 516.063 723.155 5 4.30484 -64.3896 -73.1854
60 515.79 723.573 5 4.07626 -58.666 103.959
61 515.517 723.992 5 3.89874 -67.5853 156.749
62 515.243 724.411 5 3.77947 -60.9214 -79.6222
63 517.575 721.753 5 5.93002 -70.77 132.106
64 517.302 722.172 5 5.59011 -65.0356 119.504
65 517.028 722.59 5 5.27575 -69.0319 -134.7
66 516.755 723.009 5 4.99177 -70.3188 23.0195
67 516.482 723.428 5 4.74363 -65.6773 -107.839
68 516.209 723.847 5 4.53721 -61.9199 -160.334
69 515.935 724.265 5 4.37841 -71.6601 -97.7244
70 515.662 724.684 5 4.27256 -73.7832 60.3478
71 517.994 722.026 5 6.29567 -71.1337 -91.5342
72 517.72 722.445 5 5.9766 -68.885 -89.9995
73 517.447 722.864 5 5.68366 -75.0979 160.386
74 517.174 723.282 5 5.42109 -65.5515 89.044
75 516.901 723.701 5 5.1935 -68.3268 164.799
76 516.627 724.12 5 5.00566 -69.8968 -168.931
77 516.354 724.539 5 4.86219 -67.3493 131.101
78 516.081 724.957 5 4.76709 -71.2057 -176.257
