1 514.644 719.84 5 2.52536 -75.248 39.9
2 514.371 720.259 5 2.06708 -79.622 -4.95854
3 514.097 720.678 5 1.63346 -77.8742 -75.0074
4 513.824 721.096 5 1.25043 -84.2193 54.246
5 513.551 721.515 5 0.979264 -50.2257 129.039
6 513.278 721.934 5 0.924304 -41.0015 89.8514
7 513.004 722.353 5 1.11791 -41.2168 -95.1396
8 512.731 722.771 5 1.46462 -51.0191 -46.8955
9 512.458 723.19 5 1.88162 -71.1821 -9.80881
10 512.185 723.609 5 2.33149 -61.0168 -46.9497
11 515.063 720.113 5 2.74595 -76.7571 9.57526
12 514.789 720.532 5 2.33144 -83.8946 111.361
13 514.516 720.951 5 1.95729 -68.4431 16.9436
14 514.243 721.37 5 1.65117 -65.068 -7.24265
15 513.97 721.788 5 1.45663 -64.216 -18.2613
16 513.696 722.207 5 1.42026 -44.2472 128.334
17 513.423 722.626 5 1.55323 -46.7957 2.7842
18 513.15 723.045 5 1.81876 -43.2785 43.1795
19 512.877 723.463 5 2.1687 -55.0895 114.807
20 512.603 723.882 5 2.56879 -72.0016 134.716
21 515.481 720.387 5 3.03365 -72.8747 73.6424
22 515.208 720.805 5 2.66428 -73.0047 -33.1209
23 514.935 721.224 5 2.34388 -67.1245 -161.305
24 514.662 721.643 5 2.09504 -63.6255 -122.496
25 514.388 722.062 5 1.94539 -50.301 110.632
26 514.115 722.48 5 1.91832 -47.1235 153.442
27 513.842 722.899 5 2.01874 -48.3603 107.17
28 513.568 723.318 5 2.22951 -64.5283 -112.477
29 513.295 723.737 5 2.52311 -46.7364 -174.01
30 513.022 724.155 5 2.87428 -54.8039 -127.657
31 515.9 720.66 5 3.37132 -88.3396 -164.482
32 515.627 721.079 5 3.04322 -68.3273 -76.5241
33 515.353 721.497 5 2.76706 -64.8646 51.0406
34 515.08 721.916 5 2.55968 -59.2704 -81.4624
35 514.807 722.335 5 2.43872 -53.0742 112.5
36 514.534 722.754 5 2.41718 -47.1125 147.671
37 514.26 723.172 5 2.49762 -57.3777 -150.944
38 513.987 723.591 5 2.67086 -52.7041 44.2197
39 516.319 720.933 5 3.74548 -65.7226 65.4942
40 516.045 721.352 5 3.45312 -74.4128 -152.932
41 515.772 721.771 5 3.21238 -62.8575 67.9551
42 515.499 722.189 5 3.03558 -62.4601 99.7542
43 515.226 722.608 5 2.93431 -54.9446 106.47
44 514.952 723.027 5 2.91643 -49.0028 150.002
45 514.679 723.446 5 2.98344 -56.9435 -132.224
46 514.406 723.864 5 3.1299 -155.41 -174.486
47 516.737 721.206 5 4.14626 -79.173 -49.5679
48 516.464 721.625 5 3.88417 -64.9022 -152.282
49 516.191 722.044 5 3.67181 -68.3311 -29.2287
50 515.918 722.463 5 3.51818 -56.868 -178.906
51 515.644 722.881 5 3.43117 -52.2774 123.736
52 515.371 723.3 5 3.41589 -50.6663 138.906
53 515.098 723.719 5 3.47329 -61.4402 -79.4358
54 514.825 724.138 5 3.59987 -146.966 -31.4635
55 517.156 721.48 5 4.56664 -70.0815 -75.9104
56 516.883 721.898 5 4.33008 -68.372 -154.822
57 516.61 722.317 5 4.14065 -71.1985 28.7197
58 516.336 722.736 5 4.00504 -60.8658 -135.752
59 516.063 723.155 5 3.92884 -52.7857 141.04
60 515.79 723.573 5 3.9155 -49.6165 145.784
61 515.517 723.992 5 3.96567 -54.7784 -1.96484
62 515.243 724.411 5 4.077 -163.404 -52.3056
63 517.575 721.753 5 5.0017 -73.654 -51.7051
64 517.302 722.172 5 4.78669 -64.2896 108.473
65 517.028 722.59 5 4.61604 -66.9885 -136.991
66 516.755 723.009 5 4.49479 -56.9462 -134.309
67 516.482 723.428 5 4.42703 -54.6021 134.165
68 516.209 723.847 5 4.41519 -54.0371 154.493
69 515.935 724.265 5 4.45974 -53.5772 16.9762
70 515.662 724.684 5 4.55902 -78.0946 19.9312
71 517.994 722.026 5 5.44792 -58.5958 -124.959
72 517.72 722.445 5 5.25121 -64.8016 147.996
73 517.447 722.864 5 5.09614 -69.1709 -60.6648
74 517.174 723.282 5 4.98658 -59.4868 -98.9522
75 516.901 723.701 5 4.92558 -54.9517 87.4627
76 516.627 724.12 5 4.91495 -61.0141 127.567
77 516.354 724.539 5 4.95501 -56.642 40.7068
78 516.081 724.957 5 5.04455 -63.6937 75.7844
