1 505.473 717.831 5 5.45987 -55.0565 -19.4783
2 505.747 717.412 5 5.44486 -50.0495 -24.295
3 506.02 716.994 5 5.47566 -51.4787 -123.511
4 506.294 716.575 5 5.55151 -53.8747 -17.4599
5 506.567 716.157 5 5.67059 -59.5637 -44.6819
6 505.891 718.104 5 4.96145 -50.3364 -12.4887
7 506.165 717.686 5 4.94493 -45.2813 -51.3048
8 506.439 717.267 5 4.97883 -49.2255 151.536
9 506.712 716.849 5 5.06212 -56.0096 -175.625
10 506.986 716.43 5 5.19244 -59.4698 73.4279
11 506.31 718.378 5 4.46339 -49.4238 -38.4008
12 506.584 717.96 5 4.44502 -42.4411 -88.0034
13 506.857 717.541 5 4.48269 -59.3308 2.91216
14 507.131 717.123 5 4.57503 -54.0375 -86.2482
15 507.404 716.704 5 4.71882 -67.7277 -66.1943
16 506.728 718.652 5 3.96581 -44.3832 -77.5167
17 507.002 718.233 5 3.94512 -54.34 -93.4831
18 507.276 717.815 5 3.98753 -52.1096 130.47
19 507.549 717.396 5 4.09105 -61.3034 48.7957
20 507.823 716.978 5 4.25124 -63.7213 -67.4552
21 507.147 718.925 5 3.46893 -40.9226 -125.974
22 507.421 718.507 5 3.44526 -42.9826 -47.6571
23 507.694 718.088 5 3.49373 -59.912 -139.483
24 507.968 717.67 5 3.61144 -72.0506 -127.877
25 508.241 717.251 5 3.79195 -67.0801 -21.6418
26 507.565 719.199 5 2.9731 -46.9361 -163.93
27 507.839 718.78 5 2.94545 -48.0097 -66.8881
28 508.113 718.362 5 3.002 -56.7407 47.6527
29 508.386 717.943 5 3.13821 -75.9374 54.1574
30 508.66 717.525 5 3.34435 -65.8417 -178.058
31 507.984 719.472 5 2.47894 -50.9227 -176.507
32 508.258 719.054 5 2.4457 -40.7618 -90.0574
33 508.531 718.635 5 2.51353 -63.6328 -145.442
34 508.805 718.217 5 2.67473 -68.5511 -138.49
35 509.078 717.798 5 2.91385 -69.8397 140.203
36 508.402 719.746 5 1.9877 -42.5899 151.287
37 508.676 719.328 5 1.9461 -45.1405 -103.573
38 508.95 718.909 5 2.03067 -96.1169 -158.612
39 509.223 718.491 5 2.2271 -89.8165 -135.542
40 509.497 718.072 5 2.50925 -98.3272 -157.539
