1 505.473 717.831 5 6.93549 -85.7286 94.0339
2 505.747 717.412 5 6.88208 -88.8728 86.6345
3 506.02 716.994 5 6.86477 -105.51 -149.801
4 506.294 716.575 5 6.88384 -95.9381 91.2811
5 506.567 716.157 5 6.93897 -119.255 64.5644
6 505.891 718.104 5 6.44098 -93.3886 -155.984
7 506.165 717.686 5 6.38344 -80.6963 -9.48352
8 506.439 717.267 5 6.36478 -86.0328 -11.6788
9 506.712 716.849 5 6.38533 -87.1248 106.121
10 506.986 716.43 5 6.44473 -93.0251 -102.675
11 506.31 718.378 5 5.94739 -80.8675 -140.64
12 506.584 717.96 5 5.88503 -81.2015 -166.595
13 506.857 717.541 5 5.86478 -86.436 122.007
14 507.131 717.123 5 5.88708 -84.7309 62.497
15 507.404 716.704 5 5.95145 -86.8774 74.7274
16 506.728 718.652 5 5.45497 -86.1395 -166.276
17 507.002 718.233 5 5.38691 -88.5217 36.0576
18 507.276 717.815 5 5.36478 -80.0591 98.4353
19 507.549 717.396 5 5.38915 -79.3185 60.2024
20 507.823 716.978 5 5.45939 -81.299 13.3289
21 507.147 718.925 5 4.96406 -88.7317 -116.712
22 507.421 718.507 5 4.88917 -102.084 60.4968
23 507.694 718.088 5 4.86478 -85.5076 -92.7132
24 507.968 717.67 5 4.89164 -77.1916 -31.3657
25 508.241 717.251 5 4.96893 -84.3295 -97.4057
26 507.565 719.199 5 4.47517 -82.109 -153.63
27 507.839 718.78 5 4.39195 -83.4866 143.417
28 508.113 718.362 5 4.36478 -87.3356 79.5179
29 508.386 717.943 5 4.3947 -84.4991 -20.4068
30 508.66 717.525 5 4.48056 -79.1379 -157.335
31 507.984 719.472 5 3.98904 -98.8206 103.151
32 508.258 719.054 5 3.89544 -97.546 65.9543
33 508.531 718.635 5 3.86478 -92.4412 158.015
34 508.805 718.217 5 3.89854 -88.6596 -163.681
35 509.078 717.798 5 3.99508 -78.3338 72.839
36 508.402 719.746 5 3.5068 -84.5663 -24.8164
37 508.676 719.328 5 3.39996 -76.9478 -103.25
38 508.95 718.909 5 3.36479 -102.184 7.95712
39 509.223 718.491 5 3.40351 -102.442 100.394
40 509.497 718.072 5 3.51368 -109.665 -17.7295
