1 509.951 714.045 5 6.42563 -68.8096 -65.5125
2 510.37 714.318 5 6.14713 -77.1565 53.1482
3 510.79 714.59 5 5.89793 -61.362 62.4149
4 511.209 714.862 5 5.6819 -58.5001 5.06829
5 511.628 715.135 5 5.50294 -60.5696 88.3581
6 512.048 715.407 5 5.36477 -64.0681 44.8134
7 512.467 715.679 5 5.27059 -59.6898 172.787
8 512.886 715.952 5 5.22279 -64.5143 -17.419
9 513.306 716.224 5 5.22263 -53.0691 30.2319
10 513.725 716.496 5 5.27013 -49.1296 -140.817
11 514.144 716.769 5 5.36402 -46.9285 -62.0135
12 514.564 717.041 5 5.50192 -62.4032 -41.6726
13 514.983 717.313 5 5.68062 -66.366 38.7599
14 509.679 714.465 5 6.02678 -65.9082 -6.2208
15 510.098 714.737 5 5.72891 -63.7458 -97.0338
16 510.517 715.009 5 5.46066 -57.7223 165.621
17 510.937 715.282 5 5.22659 -58.4411 -167.273
18 511.356 715.554 5 5.03146 -56.4541 -98.3803
19 511.775 715.826 5 4.87996 -59.7313 2.64889
20 512.195 716.099 5 4.77623 -55.4335 101.561
21 512.614 716.371 5 4.72343 -54.4284 -57.5275
22 513.033 716.643 5 4.72326 -84.0795 -134.781
23 513.453 716.916 5 4.77573 -49.2621 167.612
24 513.872 717.188 5 4.87914 -52.2873 174.728
25 514.291 717.46 5 5.03034 -46.8802 92.5656
26 514.711 717.733 5 5.2252 -54.6078 175.798
27 509.406 714.884 5 5.64405 -66.2856 -88.1484
28 509.826 715.156 5 5.32482 -83.4142 -78.5946
29 510.245 715.429 5 5.03509 -63.2128 140.449
30 510.664 715.701 5 4.78022 -66.9398 7.70663
31 511.084 715.973 5 4.56606 -54.2648 -60.7607
32 511.503 716.246 5 4.39855 -55.0136 28.1683
33 511.922 716.518 5 4.28319 -55.5668 -4.15138
34 512.342 716.79 5 4.22422 -53.6482 -118.805
35 512.761 717.063 5 4.22403 -57.3794 -10.6223
36 513.18 717.335 5 4.28262 -66.1734 151.315
37 513.6 717.607 5 4.39764 -58.1231 126.123
38 514.019 717.88 5 4.56483 -48.1702 -1.16374
39 514.438 718.152 5 4.77871 -61.2075 -88.2072
40 509.134 715.303 5 5.28097 -64.2718 -33.1193
41 509.553 715.576 5 4.93832 -68.8268 -90.9851
42 509.973 715.848 5 4.62443 -62.2047 -41.0334
43 510.392 716.12 5 4.34555 -60.2683 -37.2713
44 510.811 716.393 5 4.10879 -55.5556 -123.161
45 511.231 716.665 5 3.92181 -66.2714 -148.853
46 511.65 716.937 5 3.79196 -55.8887 -35.986
47 512.069 717.21 5 3.72523 -58.1449 144.545
48 512.489 717.482 5 3.72501 -51.9889 -31.1621
49 512.908 717.754 5 3.79132 -44.3823 133.728
50 513.327 718.027 5 3.92078 -45.0961 85.8779
51 513.747 718.299 5 4.10742 -51.2716 81.2589
52 514.166 718.571 5 4.34388 -61.4107 -73.4635
53 508.862 715.723 5 4.94185 -63.6671 127.699
54 509.281 715.995 5 4.57387 -63.5674 -162.211
55 509.7 716.267 5 4.23304 -66.3945 -60.1032
56 510.12 716.54 5 3.92646 -57.0451 -14.8608
57 510.539 716.812 5 3.66271 -68.6531 -117.699
58 510.958 717.084 5 3.45164 -56.13 -41.748
59 511.378 717.357 5 3.30337 -59.7349 105.916
60 511.797 717.629 5 3.22655 -51.125 14.2583
61 512.216 717.901 5 3.2263 -46.6587 -31.5444
62 512.636 718.174 5 3.30264 -49.9367 56.5213
63 513.055 718.446 5 3.45048 -53.6657 -52.5909
64 513.474 718.718 5 3.66117 -55.5724 126.389
65 513.894 718.991 5 3.92461 -49.6992 -109.232
66 508.589 716.142 5 4.63197 -73.0914 -141.978
67 509.009 716.414 5 4.23716 -66.6496 -33.4958
68 509.428 716.687 5 3.86677 -77.4637 24.4756
69 509.847 716.959 5 3.5285 -71.979 45.5295
70 510.267 717.231 5 3.23245 -63.4419 -142.634
71 510.686 717.504 5 2.99117 -55.8941 145.455
72 511.105 717.776 5 2.81878 -52.7218 -156.614
73 511.525 718.048 5 2.72835 -47.8959 -72.2279
74 511.944 718.321 5 2.72806 -62.3844 -40.3433
75 512.363 718.593 5 2.81792 -44.7236 41.076
76 512.783 718.865 5 2.98983 -46.7492 153.595
77 513.202 719.138 5 3.23071 -68.3705 -143.978
78 513.621 719.41 5 3.52645 -66.3421 -156.383
79 510.414 717.923 5 2.54566 -52.3182 98.9805
80 510.833 718.195 5 2.34068 -50.7249 -169.891
81 511.672 718.74 5 2.2306 -45.0189 -80.938
82 512.091 719.012 5 2.33965 -43.3567 -56.6171
83 512.51 719.285 5 2.54408 -49.6213 148.803
84 512.93 719.557 5 2.82325 -60.4438 -88.8213
85 513.349 719.829 5 3.15739 -52.506 30.1237
86 510.141 718.342 5 2.12454 -50.6999 30.3747
87 510.561 718.615 5 1.87405 -51.9222 64.6752
88 511.399 719.159 5 1.7346 -47.6949 -104.049
89 511.819 719.432 5 1.87276 -56.7774 -112.355
90 512.238 719.704 5 2.12264 -43.7334 115.45
91 512.657 719.976 5 2.45031 -47.2424 -102.966
92 513.077 720.249 5 2.82885 -56.9972 -35.8929
93 509.869 718.762 5 1.74555 -41.4382 -93.2278
94 510.288 719.034 5 1.43015 -48.3168 1.38933
95 511.127 719.579 5 1.24182 -40.5154 -132.455
96 511.546 719.851 5 1.42846 -47.2081 -96.4921
97 511.966 720.123 5 1.74324 -46.4615 129.326
98 512.385 720.396 5 2.13009 -70.939 -8.34328
99 512.804 720.668 5 2.5565 -59.7202 -105.84
100 509.597 719.181 5 1.4423 -41.7279 30.5547
101 510.016 719.453 5 1.03856 -45.3198 147.813
102 509.324 719.6 5 1.27023 -36.5721 176.669
103 509.744 719.873 5 0.782231 -34.142 162.239
104 509.052 720.02 5 1.28327 -42.3939 176.926
105 509.471 720.292 5 0.80322 -42.3003 99.9701
