1 514.644 719.84 5 2.76184 -68.1356 23.0113
2 514.371 720.259 5 2.28298 -60.3416 -102.35
3 514.097 720.678 5 1.81556 -55.1345 65.1785
4 513.824 721.096 5 1.37131 -78.7963 125.006
5 513.551 721.515 5 0.982197 -40.2699 176.132
6 513.278 721.934 5 0.740906 -43.0875 -102.116
7 513.004 722.353 5 0.795722 -43.7654 72.5478
8 512.731 722.771 5 1.10336 -50.2191 -63.9119
9 512.458 723.19 5 1.51711 -90.5685 -62.0338
10 512.185 723.609 5 1.97126 -63.5625 66.8992
11 515.063 720.113 5 2.93256 -66.8753 59.2461
12 514.789 720.532 5 2.48679 -54.6498 -178.72
13 514.516 720.951 5 2.066 -56.9795 -154.95
14 514.243 721.37 5 1.68897 -63.7798 132.916
15 513.97 721.788 5 1.3917 -47.8233 172.166
16 513.696 722.207 5 1.23332 -45.2603 -60.4145
17 513.423 722.626 5 1.267 -47.3005 -165.092
18 513.15 723.045 5 1.47971 -42.1949 -83.2971
19 512.877 723.463 5 1.80935 -59.3953 118.579
20 512.603 723.882 5 2.20408 -62.8681 -96.4384
21 515.481 720.387 5 3.17365 -62.5065 -92.9337
22 515.208 720.805 5 2.767 -68.2861 -47.4224
23 514.935 721.224 5 2.39593 -65.2035 -22.6623
24 514.662 721.643 5 2.0796 -57.6973 -42.542
25 514.388 722.062 5 1.84634 -50.6692 -71.6484
26 514.115 722.48 5 1.73008 -45.7305 -38.0385
27 513.842 722.899 5 1.75426 -50.5943 -107.316
28 513.568 723.318 5 1.91354 -46.5446 88.8411
29 513.295 723.737 5 2.1785 -44.4298 73.747
30 513.022 724.155 5 2.51597 -59.1888 -176.583
31 515.9 720.66 5 3.47047 -63.5088 71.0928
32 515.627 721.079 5 3.10296 -56.949 163.131
33 515.353 721.497 5 2.77716 -60.2788 118.406
34 515.08 721.916 5 2.50935 -54.6962 -176.717
35 514.807 722.335 5 2.31972 -56.2969 -39.4444
36 514.534 722.754 5 2.2283 -48.4209 -30.0449
37 514.26 723.172 5 2.24712 -49.5989 -88.9892
38 513.987 723.591 5 2.37356 -50.2872 -176.224
39 516.319 720.933 5 3.81002 -59.0086 -54.457
40 516.045 721.352 5 3.47858 -64.4939 -140.103
41 515.772 721.771 5 3.19135 -59.8039 28.9477
42 515.499 722.189 5 2.96125 -52.1484 -37.7963
43 515.226 722.608 5 2.80236 -61.4399 -7.3188
44 514.952 723.027 5 2.72717 -50.1396 -48.7306
45 514.679 723.446 5 2.74257 -52.5706 -67.832
46 514.406 723.864 5 2.84709 -167.83 80.2679
47 516.737 721.206 5 4.18191 -69.3435 118.16
48 516.464 721.625 5 3.88235 -62.6496 -179.971
49 516.191 722.044 5 3.62724 -54.1454 -162.835
50 515.918 722.463 5 3.42653 -53.892 57.6988
51 515.644 722.881 5 3.29019 -69.1689 24.946
52 515.371 723.3 5 3.22639 -49.0178 -30.7381
53 515.098 723.719 5 3.23941 -54.1086 -59.2681
54 514.825 724.138 5 3.32837 -250 0
55 517.156 721.48 5 4.57827 -58.336 14.294
56 516.883 721.898 5 4.30636 -64.4433 19.0347
57 516.61 722.317 5 4.07787 -56.1454 -13.5754
58 516.336 722.736 5 3.90041 -57.0165 125.429
59 516.063 723.155 5 3.7812 -72.2343 -125.534
60 515.79 723.573 5 3.72581 -50.8641 -42.6115
61 515.517 723.992 5 3.7371 -52.7657 -80.5789
62 515.243 724.411 5 3.81447 -250 0
63 517.575 721.753 5 4.99326 -60.8475 -106.504
64 517.302 722.172 5 4.7452 -58.9552 -172.476
65 517.028 722.59 5 4.53885 -57.9965 106.846
66 516.755 723.009 5 4.38011 -55.416 177.242
67 516.482 723.428 5 4.27429 -76.9184 -157.742
68 516.209 723.847 5 4.22538 -58.1792 -53.3666
69 515.935 724.265 5 4.23533 -52.3826 -82.8003
70 515.662 724.684 5 4.30375 -78.5597 -33.3371
71 517.994 722.026 5 5.42262 -57.8911 48.0181
72 517.72 722.445 5 5.19509 -52.8469 5.43645
73 517.447 722.864 5 5.00732 -64.6192 -162.417
74 517.174 723.282 5 4.86389 -63.1227 -136.867
75 516.901 723.701 5 4.76883 -55.2974 -140.296
76 516.627 724.12 5 4.72503 -54.3796 -38.3851
77 516.354 724.539 5 4.73394 -50.7343 -90.582
78 516.081 724.957 5 4.79525 -63.1564 96.8796
