1 514.644 719.84 5 4.72096 -85.0606 130.787
2 514.371 720.259 5 4.22749 -68.2842 -18.3351
3 514.097 720.678 5 3.73576 -71.7943 12.9003
4 513.824 721.096 5 3.24656 -77.4903 170.023
5 513.551 721.515 5 2.76123 -69.0045 43.0881
6 513.278 721.934 5 2.28224 -65.0962 -123.374
7 513.004 722.353 5 1.81463 -60.1821 -22.5007
8 512.731 722.771 5 1.37007 -48.3129 139.551
9 512.458 723.19 5 0.980475 -35.2198 -84.6025
10 512.185 723.609 5 0.738623 -39.1251 -127.163
11 515.063 720.113 5 4.82258 -77.1689 -108.308
12 514.789 720.532 5 4.34068 -71.1826 -107.395
13 514.516 720.951 5 3.86338 -65.4194 58.8825
14 514.243 721.37 5 3.39263 -64.9253 17.175
15 513.97 721.788 5 2.93158 -72.5314 -133.84
16 513.696 722.207 5 2.48564 -51.8759 174.254
17 513.423 722.626 5 2.06462 -56.4127 -48.5906
18 513.15 723.045 5 1.68727 -44.7805 -30.9529
19 512.877 723.463 5 1.38964 -41.0063 -92.6732
20 512.603 723.882 5 1.23099 -45.8697 -58.9571
21 515.481 720.387 5 4.97263 -78.3437 -41.814
22 515.208 720.805 5 4.5068 -61.0526 -35.1776
23 514.935 721.224 5 4.04914 -55.6556 -56.0762
24 514.662 721.643 5 3.60274 -57.9536 -160.07
25 514.388 722.062 5 3.17237 -60.7537 51.9697
26 514.115 722.48 5 2.76554 -53.7921 42.8152
27 513.842 722.899 5 2.39425 -50.7904 109.149
28 513.568 723.318 5 2.07766 -43.0371 28.0073
29 513.295 723.737 5 1.84415 -48.1898 -11.7506
30 513.022 724.155 5 1.72775 -60.166 144.399
31 515.9 720.66 5 5.1669 -61.7355 16.0667
32 515.627 721.079 5 4.72028 -59.1367 -132.597
33 515.353 721.497 5 4.28547 -57.2482 89.3286
34 515.08 721.916 5 3.86646 -56.0163 41.8216
35 514.807 722.335 5 3.46897 -52.8164 -169.49
36 514.534 722.754 5 3.10129 -51.3046 -153.069
37 514.26 723.172 5 2.77529 -48.7951 173.843
38 513.987 723.591 5 2.50728 -46.1845 -81.2292
39 516.319 720.933 5 5.40061 -54.5338 92.7324
40 516.045 721.352 5 4.97502 -62.9833 -132.504
41 515.772 721.771 5 4.56454 -54.741 -121.479
42 515.499 722.189 5 4.17364 -50.558 -15.2939
43 515.226 722.608 5 3.80835 -53.5792 -41.5502
44 514.952 723.027 5 3.47675 -49.3812 -51.4268
45 514.679 723.446 5 3.18936 -45.5479 72.0632
46 514.406 723.864 5 2.95909 -63.5479 16.256
47 516.737 721.206 5 5.6689 -60.975 -113.193
48 516.464 721.625 5 5.26504 -51.429 45.3104
49 516.191 722.044 5 4.87902 -52.9525 128.905
50 515.918 722.463 5 4.51543 -66.5675 -100.691
51 515.644 722.881 5 4.18011 -55.2869 -26.4106
52 515.371 723.3 5 3.8804 -52.0735 -133.768
53 515.098 723.719 5 3.62516 -58.7216 -84.5701
54 514.825 724.138 5 3.42433 -52.1929 51.2329
55 517.156 721.48 5 5.96709 -57.0023 -142.134
56 516.883 721.898 5 5.58484 -61.6408 -50.1494
57 516.61 722.317 5 5.22251 -52.7911 -157.785
58 516.336 722.736 5 4.88455 -53.8323 110.005
59 516.063 723.155 5 4.57636 -53.6783 21.742
60 515.79 723.573 5 4.30434 -50.7329 122.215
61 515.517 723.992 5 4.07573 -61.1852 -22.2197
62 515.243 724.411 5 3.89818 -54.6809 83.9781
63 517.575 721.753 5 6.29094 -54.4002 -13.084
64 517.302 722.172 5 5.9296 -56.1303 -25.8497
65 517.028 722.59 5 5.58967 -55.2241 -74.1443
66 516.755 723.009 5 5.27529 -57.2205 150.113
67 516.482 723.428 5 4.99128 -51.871 -80.5789
68 516.209 723.847 5 4.74311 -56.2822 -55.8144
69 515.935 724.265 5 4.53667 -62.8307 69.5749
70 515.662 724.684 5 4.37785 -72.3363 -30.7191
71 517.994 722.026 5 6.63669 -60.9715 91.0554
72 517.72 722.445 5 6.29523 -58.8579 13.5041
73 517.447 722.864 5 5.97613 -55.4988 -85.6865
74 517.174 723.282 5 5.68317 -52.5372 61.5362
75 516.901 723.701 5 5.42058 -53.3084 109.718
76 516.627 724.12 5 5.19296 -63.76 58.2989
77 516.354 724.539 5 5.00511 -68.8526 -3.97728
78 516.081 724.957 5 4.86162 -72.7617 121.715
