1 509.951 714.045 5 9.07288 -64.8042 98.9343
2 510.37 714.318 5 8.72953 -66.6821 -35.0862
3 510.79 714.59 5 8.40193 -68.6715 177.249
4 511.209 714.862 5 8.09198 -67.3253 19.9771
5 511.628 715.135 5 7.80178 -69.2998 -18.9344
6 512.048 715.407 5 7.53362 -63.724 -89.7964
7 512.467 715.679 5 7.28993 -52.8942 -49.1395
8 512.886 715.952 5 7.07324 -54.1718 170.414
9 513.306 716.224 5 6.88611 -59.9203 41.7031
10 513.725 716.496 5 6.73098 -60.4615 -133.02
11 514.144 716.769 5 6.61013 -70.11 57.3518
12 514.564 717.041 5 6.52545 -116.903 171.084
13 514.983 717.313 5 6.47836 -140.078 -27.6629
14 509.679 714.465 5 8.72347 -71.1197 -49.2969
15 510.098 714.737 5 8.3658 -67.0175 -106.593
16 510.517 715.009 5 8.02335 -62.8876 122.838
17 510.937 715.282 5 7.69817 -71.7791 -127.22
18 511.356 715.554 5 7.39253 -63.855 -68.7055
19 511.775 715.826 5 7.10895 -57.4899 154.768
20 512.195 716.099 5 6.85017 -54.397 105.016
21 512.614 716.371 5 6.61911 -52.928 71.7848
22 513.033 716.643 5 6.41874 -52.5775 -68.2015
23 513.453 716.916 5 6.25203 -62.4981 153.767
24 513.872 717.188 5 6.12173 -60.2496 113.466
25 514.291 717.46 5 6.03019 -62.0282 -140.598
26 514.711 717.733 5 5.97921 -76.1008 -89.173
27 509.406 714.884 5 8.38932 -73.2256 -50.9512
28 509.826 715.156 5 8.01675 -64.3964 104.795
29 510.245 715.429 5 7.65872 -66.5574 -27.1877
30 510.664 715.701 5 7.31735 -63.0183 137.683
31 511.084 715.973 5 6.99509 -65.2179 80.8868
32 511.503 716.246 5 6.6947 -64.1338 -69.9233
33 511.922 716.518 5 6.41924 -58.8827 135.086
34 512.342 716.79 5 6.17206 -53.2088 -34.2094
35 512.761 717.063 5 5.95668 -51.1503 170.093
36 513.18 717.335 5 5.77665 -53.7013 45.687
37 513.6 717.607 5 5.63537 -59.7595 129.098
38 514.019 717.88 5 5.53579 -61.9188 -84.5719
39 514.438 718.152 5 5.48021 -70.5502 92.2193
40 509.134 715.303 5 8.07233 -68.7016 90.2589
41 509.553 715.576 5 7.68441 -67.2892 -40.0637
42 509.973 715.848 5 7.31012 -62.1703 -133.856
43 510.392 716.12 5 6.95165 -68.0487 34.7944
44 510.811 716.393 5 6.61159 -58.6772 -173.495
45 511.231 716.665 5 6.29292 -59.1896 83.3174
46 511.65 716.937 5 5.99904 -65.7498 -135.607
47 512.069 717.21 5 5.73377 -56.7927 109.594
48 512.489 717.482 5 5.50125 -49.4989 64.4208
49 512.908 717.754 5 5.3058 -58.2939 -93.3598
50 513.327 718.027 5 5.15161 -56.421 44.4524
51 513.747 718.299 5 5.0425 -66.2994 -47.5531
52 514.166 718.571 5 4.98141 -55.0677 153.644
53 508.862 715.723 5 7.77459 -76.3391 -70.3585
54 509.281 715.995 5 7.37102 -83.3891 130.574
55 509.7 716.267 5 6.97994 -61.7628 100.188
56 510.12 716.54 5 6.60358 -68.352 38.7567
57 510.539 716.812 5 6.24459 -63.6704 -29.8066
58 510.958 717.084 5 5.90615 -61.2721 -173.099
59 511.378 717.357 5 5.59198 -66.4841 2.13412
60 511.797 717.629 5 5.3064 -80.5866 -163.012
61 512.216 717.901 5 5.05426 -53.5647 -68.3145
62 512.636 718.174 5 4.84079 -51.2744 142.364
63 513.055 718.446 5 4.67129 -55.0564 5.13032
64 513.474 718.718 5 4.55067 -63.8282 -53.9961
65 513.894 718.991 5 4.48288 -61.4114 -58.2202
66 508.589 716.142 5 7.4984 -78.0394 0.294231
67 509.009 716.414 5 7.0791 -92.06 25.2633
68 509.428 716.687 5 6.67093 -61.6517 -46.3759
69 509.847 716.959 5 6.27607 -59.0265 -147.083
70 510.267 717.231 5 5.89718 -58.4535 85.3069
71 510.686 717.504 5 5.53754 -60.3096 -68.7683
72 511.105 717.776 5 5.20116 -65.4651 79.4894
73 511.525 718.048 5 4.89282 -68.0193 91.8319
74 511.944 718.321 5 4.61816 -52.7408 26.9399
75 512.363 718.593 5 4.3835 -43.9284 28.1333
76 512.783 718.865 5 4.19556 -53.9336 -115.173
77 513.202 719.138 5 4.06083 -58.5778 -72.3046
78 513.621 719.41 5 3.98473 -60.0611 -129.691
79 510.414 717.923 5 5.19097 -65.6529 9.37185
80 510.833 718.195 5 4.83051 -73.1778 -45.9751
81 511.672 718.74 5 4.19632 -77.749 128.432
82 512.091 719.012 5 3.9366 -49.247 -122.682
83 512.51 719.285 5 3.72619 -53.8166 124.328
84 512.93 719.557 5 3.57381 -56.9916 -44.1434
85 513.349 719.829 5 3.48709 -54.3241 -44.731
86 510.141 718.342 5 4.87113 -78.6317 22.328
87 510.561 718.615 5 4.48504 -63.8446 -53.1153
88 511.399 719.159 5 3.79354 -79.7055 -103.891
89 511.819 719.432 5 3.50408 -71.5036 39.2377
90 512.238 719.704 5 3.26592 -45.4998 -7.89123
91 512.657 719.976 5 3.09094 -46.0304 -141.098
92 513.077 720.249 5 2.99025 -73.0073 -102.665
93 509.869 718.762 5 4.58363 -62.6316 19.9046
94 510.288 719.034 5 4.17102 -68.604 -37.6864
95 511.127 719.579 5 3.41653 -72.2933 -64.9464
96 511.546 719.851 5 3.09199 -93.366 29.858
97 511.966 720.123 5 2.81923 -43.6474 -135.038
98 512.385 720.396 5 2.61452 -46.3605 137.481
99 512.804 720.668 5 2.49467 -99.4828 61.3863
100 509.597 719.181 5 4.33491 -73.6906 105.535
101 510.016 719.453 5 3.89604 -62.5714 -44.3155
102 509.324 719.6 5 4.13198 -65.942 8.65498
103 509.744 719.873 5 3.66891 -61.2269 86.5868
104 509.052 720.02 5 3.98184 -73.6287 84.4024
105 509.471 720.292 5 3.49896 -66.7415 161.335
