1 514.644 719.84 5 3.36322 -101.287 -139.605
2 514.371 720.259 5 3.03615 -111.96 -170.759
3 514.097 720.678 5 2.76137 -96.0833 -114.664
4 513.824 721.096 5 2.5558 -102.236 114.015
5 513.551 721.515 5 2.43702 -117.617 70.861
6 513.278 721.934 5 2.41785 -101.33 80.4774
7 513.004 722.353 5 2.50059 -91.2991 91.5373
8 512.731 722.771 5 2.6758 -91.8911 -132.116
9 512.458 723.19 5 2.92692 -82.4985 172.606
10 512.185 723.609 5 3.23633 -73.8949 -57.38
11 515.063 720.113 5 3.73818 -104.637 141.648
12 514.789 720.532 5 3.44688 -94.9055 -59.0017
13 514.516 720.951 5 3.20748 -96.6458 74.5394
14 514.243 721.37 5 3.0323 -99.7716 -102.486
15 513.97 721.788 5 2.93289 -136.562 -138.943
16 513.696 722.207 5 2.91698 -108.594 69.1722
17 513.423 722.626 5 2.98592 -95.4618 46.17
18 513.15 723.045 5 3.13412 -96.6749 95.5243
19 512.877 723.463 5 3.35107 -73.0551 41.0213
20 512.603 723.882 5 3.62444 -85.8517 -158.578
21 515.481 720.387 5 4.13966 -108.831 57.8585
22 515.208 720.805 5 3.87862 -102.266 108.357
23 514.935 721.224 5 3.66752 -106.515 153.886
24 514.662 721.643 5 3.51534 -98.9898 30.8229
25 514.388 722.062 5 3.42995 -98.0671 -58.8111
26 514.115 722.48 5 3.41636 -92.5915 76.3035
27 513.842 722.899 5 3.47541 -91.0265 -123.876
28 513.568 723.318 5 3.60353 -82.9074 -69.0735
29 513.295 723.737 5 3.79373 -79.9609 -124.768
30 513.022 724.155 5 4.03725 -100.719 -178.373
31 515.9 720.66 5 4.56065 -100.871 26.6357
32 515.627 721.079 5 4.3251 -114.883 71.8091
33 515.353 721.497 5 4.13684 -101.528 -149.754
34 515.08 721.916 5 4.00255 -106.015 51.9518
35 514.807 722.335 5 3.92776 -94.2624 -77.3198
36 514.534 722.754 5 3.9159 -91.2538 67.8619
37 514.26 723.172 5 3.96752 -83.3562 -5.44096
38 513.987 723.591 5 4.08022 -92.94 -34.5159
39 516.319 720.933 5 4.99623 -95.6544 122.236
40 516.045 721.352 5 4.78218 -97.6218 7.59605
41 515.772 721.771 5 4.61261 -95.6275 -18.7908
42 515.499 722.189 5 4.49256 -93.9049 -163.401
43 515.226 722.608 5 4.42607 -90.0501 159.633
44 514.952 723.027 5 4.41555 -85.5246 104.555
45 514.679 723.446 5 4.46139 -80.8316 -175.099
46 514.406 723.864 5 4.5619 -250 0
47 516.737 721.206 5 5.44289 -92.2364 -79.2349
48 516.464 721.625 5 5.24709 -88.812 72.1695
49 516.191 722.044 5 5.09303 -95.1015 -96.9899
50 515.918 722.463 5 4.98456 -90.8893 -81.1388
51 515.644 722.881 5 4.92472 -87.6908 30.3427
52 515.371 723.3 5 4.91526 -79.0647 30.9426
53 515.098 723.719 5 4.95649 -82.7064 98.8172
54 514.825 724.138 5 5.04715 -250 0
55 517.156 721.48 5 5.89812 -93.279 35.5374
56 516.883 721.898 5 5.71793 -97.5062 16.2946
57 516.61 722.317 5 5.57689 -95.3828 47.4293
58 516.336 722.736 5 5.47801 -97.0388 -4.73391
59 516.063 723.155 5 5.42361 -81.4549 -174.019
60 515.79 723.573 5 5.41503 -89.8348 154.031
61 515.517 723.992 5 5.45248 -98.6394 -59.1247
62 515.243 724.411 5 5.53502 -134.05 102.561
63 517.575 721.753 5 6.36007 -86.3531 -42.4937
64 517.302 722.172 5 6.19334 -88.9692 155.549
65 517.028 722.59 5 6.06337 -98.4382 146.813
66 516.755 723.009 5 5.97255 -84.3124 -4.14762
67 516.482 723.428 5 5.9227 -88.0644 -49.9472
68 516.209 723.847 5 5.91484 -88.9413 117.917
69 515.935 724.265 5 5.94914 -99.5109 90.002
70 515.662 724.684 5 6.02488 -108.574 64.2936
71 517.994 722.026 5 6.82739 -84.8364 -150.964
72 517.72 722.445 5 6.67235 -100.783 -111.651
73 517.447 722.864 5 6.55188 -85.3278 152.491
74 517.174 723.282 5 6.46793 -84.4642 -147.183
75 516.901 723.701 5 6.42192 -86.9433 -84.0876
76 516.627 724.12 5 6.41468 -102.737 106.777
77 516.354 724.539 5 6.44632 -101.942 -25.1871
78 516.081 724.957 5 6.51628 -101.55 -124.912
