1 505.473 717.831 5 8.08349 -99.2791 -20.9137
2 505.747 717.412 5 8.05747 -88.184 167.119
3 506.02 716.994 5 8.06243 -90.4303 15.2255
4 506.294 716.575 5 8.09831 -90.1639 -110.035
5 506.567 716.157 5 8.16472 -91.3994 120.398
6 505.891 718.104 5 7.58532 -84.1039 16.6383
7 506.165 717.686 5 7.55759 -82.0008 -143.57
8 506.439 717.267 5 7.56287 -100.645 -11.9541
9 506.712 716.849 5 7.60112 -90.0369 -161.795
10 506.986 716.43 5 7.67183 -95.2637 3.83467
11 506.31 718.378 5 7.08742 -96.6013 160.813
12 506.584 717.96 5 7.05772 -90.236 -47.4621
13 506.857 717.541 5 7.06338 -82.2449 34.894
14 507.131 717.123 5 7.10432 -83.6947 -122.236
15 507.404 716.704 5 7.17992 -91.9129 -163.684
16 506.728 718.652 5 6.58983 -85.1966 45.1932
17 507.002 718.233 5 6.55788 -89.1165 -107.087
18 507.276 717.815 5 6.56397 -89.0006 132.31
19 507.549 717.396 5 6.608 -84.3781 -165.591
20 507.823 716.978 5 6.68922 -80.9398 -116.393
21 507.147 718.925 5 6.09263 -79.1236 75.9553
22 507.421 718.507 5 6.05806 -79.0306 -134.349
23 507.694 718.088 5 6.06466 -80.9396 111.433
24 507.968 717.67 5 6.11228 -82.1936 28.2783
25 508.241 717.251 5 6.2 -93.5188 6.18304
26 507.565 719.199 5 5.59593 -105.828 -48.0934
27 507.839 718.78 5 5.55827 -85.2008 63.1179
28 508.113 718.362 5 5.56546 -77.083 26.6476
29 508.386 717.943 5 5.61732 -82.7872 -78.0648
30 508.66 717.525 5 5.71264 -89.0136 38.1971
31 507.984 719.472 5 5.09988 -85.3739 -59.1483
32 508.258 719.054 5 5.05853 -83.4075 34.4339
33 508.531 718.635 5 5.06643 -82.0097 -176.591
34 508.805 718.217 5 5.12334 -103.122 -171.488
35 509.078 717.798 5 5.22768 -79.3226 -31.1647
36 508.402 719.746 5 4.60468 -76.6491 -159.631
37 508.676 719.328 5 4.55885 -69.061 -43.425
38 508.95 718.909 5 4.56761 -107.978 101.197
39 509.223 718.491 5 4.63066 -109.526 134.942
40 509.497 718.072 5 4.74583 -114.827 83.8003
