1 514.644 719.84 5 5.21559 -94.6447 81.4918
2 514.371 720.259 5 4.72087 -84.9909 -146.55
3 514.097 720.678 5 4.22739 -67.3175 -116.752
4 513.824 721.096 5 3.73565 -77.3799 67.1405
5 513.551 721.515 5 3.24643 -75.5615 -24.1947
6 513.278 721.934 5 2.76108 -72.9009 -25.2707
7 513.004 722.353 5 2.28206 -74.1897 -44.6934
8 512.731 722.771 5 1.81439 -73.1002 -110.323
9 512.458 723.19 5 1.36976 -55.8495 -141.765
10 512.185 723.609 5 0.980045 -42.7046 -77.4234
11 515.063 720.113 5 5.30769 -85.1665 33.1493
12 514.789 720.532 5 4.82243 -69.6707 29.8909
13 514.516 720.951 5 4.34051 -76.7482 -78.8566
14 514.243 721.37 5 3.8632 -72.8882 -47.3271
15 513.97 721.788 5 3.39242 -64.2045 -174.017
16 513.696 722.207 5 2.93134 -75.4147 -17.1095
17 513.423 722.626 5 2.48535 -60.0565 7.75607
18 513.15 723.045 5 2.06427 -64.4329 161.367
19 512.877 723.463 5 1.68685 -46.4219 14.3316
20 512.603 723.882 5 1.38913 -48.4158 149.433
21 515.481 720.387 5 5.44433 -68.5132 -114.8
22 515.208 720.805 5 4.97243 -68.9521 -137.437
23 514.935 721.224 5 4.50658 -65.3313 -137.035
24 514.662 721.643 5 4.04889 -66.1912 149.914
25 514.388 722.062 5 3.60246 -66.8351 107.164
26 514.115 722.48 5 3.17206 -65.3455 125.509
27 513.842 722.899 5 2.76517 -48.6621 108.074
28 513.568 723.318 5 2.39383 -52.6664 -172.81
29 513.295 723.737 5 2.07717 -47.6119 -64.2023
30 513.022 724.155 5 1.8436 -49.0835 57.938
31 515.9 720.66 5 5.62228 -73.0421 -75.5207
32 515.627 721.079 5 5.16664 -66.1961 -133.23
33 515.353 721.497 5 4.72 -68.0256 173.124
34 515.08 721.916 5 4.28517 -60.994 128.778
35 514.807 722.335 5 3.86612 -62.5122 18.9654
36 514.534 722.754 5 3.46859 -49.0967 -79.3685
37 514.26 723.172 5 3.10087 -53.4114 -82.6083
38 513.987 723.591 5 2.77482 -57.4593 103.487
39 516.319 720.933 5 5.83774 -72.53 -123.271
40 516.045 721.352 5 5.40032 -60.1254 -178.253
41 515.772 721.771 5 4.9747 -57.9311 64.8778
42 515.499 722.189 5 4.56419 -52.2379 -17.1681
43 515.226 722.608 5 4.17326 -54.173 19.9883
44 514.952 723.027 5 3.80793 -59.2921 70.8088
45 514.679 723.446 5 3.47629 -65.0244 -31.8519
46 514.406 723.864 5 3.18886 -71.2021 8.22549
47 516.737 721.206 5 6.08674 -62.5271 132.235
48 516.464 721.625 5 5.66856 -71.3695 3.52519
49 516.191 722.044 5 5.26468 -54.1873 114.894
50 515.918 722.463 5 4.87863 -52.0553 176.525
51 515.644 722.881 5 4.51501 -66.6513 -152.258
52 515.371 723.3 5 4.17966 -61.9984 -24.8942
53 515.098 723.719 5 3.87992 -78.3393 119.113
54 514.825 724.138 5 3.62464 -76.3537 -48.4122
55 517.156 721.48 5 6.36534 -65.8261 -118.282
56 516.883 721.898 5 5.96672 -51.404 -113.34
57 516.61 722.317 5 5.58445 -55.3168 -39.7907
58 516.336 722.736 5 5.22209 -65.7828 -104.828
59 516.063 723.155 5 4.88411 -63.7614 131.974
60 515.79 723.573 5 4.57589 -59.8056 -48.9505
61 515.517 723.992 5 4.30383 -70.4995 60.5962
62 515.243 724.411 5 4.07519 -67.0785 -0.88725
63 517.575 721.753 5 6.66984 -54.4262 27.1653
64 517.302 722.172 5 6.29055 -55.1265 80.0283
65 517.028 722.59 5 5.92918 -63.1686 55.4818
66 516.755 723.009 5 5.58923 -65.6309 -52.5178
67 516.482 723.428 5 5.27482 -66.8866 114.242
68 516.209 723.847 5 4.99078 -67.3076 133.329
69 515.935 724.265 5 4.74259 -66.8604 -137.216
70 515.662 724.684 5 4.53612 -72.6114 -41.4593
71 517.994 722.026 5 6.99685 -59.4076 -142.152
72 517.72 722.445 5 6.63628 -65.2177 -161.091
73 517.447 722.864 5 6.29479 -68.9001 -4.53065
74 517.174 723.282 5 5.97567 -74.0413 -171.703
75 516.901 723.701 5 5.68268 -69.3084 -133.058
76 516.627 724.12 5 5.42007 -70.0945 60.2629
77 516.354 724.539 5 5.19243 -66.5588 117.65
78 516.081 724.957 5 5.00456 -73.6224 -133.436
