1 505.473 717.831 5 9.6294 -111.684 146.783
2 505.747 717.412 5 9.74393 -100.832 -84.3648
3 506.02 716.994 5 9.88246 -101.486 -15.8435
4 506.294 716.575 5 10.044 -103.766 -5.16051
5 506.567 716.157 5 10.2274 -113.199 155.635
6 505.891 718.104 5 9.14053 -105.283 -16.471
7 506.165 717.686 5 9.26111 -111.453 56.6727
8 506.439 717.267 5 9.40675 -103.25 92.9936
9 506.712 716.849 5 9.57631 -105.742 98.758
10 506.986 716.43 5 9.76855 -105.887 -80.5066
11 506.31 718.378 5 8.65294 -101.855 48.6884
12 506.584 717.96 5 8.78022 -106.012 -152.733
13 506.857 717.541 5 8.9337 -106.468 131.801
14 507.131 717.123 5 9.11207 -107.192 12.4836
15 507.404 716.704 5 9.3139 -112.918 -152.321
16 506.728 718.652 5 8.16685 -110.939 -175.625
17 507.002 718.233 5 8.30158 -105.802 86.074
18 507.276 717.815 5 8.46375 -101.328 -68.7933
19 507.549 717.396 5 8.65181 -107.318 -75.6714
20 507.823 716.978 5 8.86412 -112.331 16.6831
21 507.147 718.925 5 7.68254 -99.6422 -117.974
22 507.421 718.507 5 7.82561 -109.424 -172.51
23 507.694 718.088 5 7.99744 -105.976 -135.001
24 507.968 717.67 5 8.19621 -112.595 59.8659
25 508.241 717.251 5 8.42002 -100.321 -63.7801
26 507.565 719.199 5 7.20038 -123.141 84.0044
27 507.839 718.78 5 7.35284 -118.441 29.9668
28 508.113 718.362 5 7.53545 -104.397 -175.706
29 508.386 717.943 5 7.74609 -114.831 -22.9688
30 508.66 717.525 5 7.98252 -114.392 -61.4327
31 507.984 719.472 5 6.72082 -114.716 65.252
32 508.258 719.054 5 6.88391 -108.492 -172.451
33 508.531 718.635 5 7.07864 -109.694 -105.83
34 508.805 718.217 5 7.30246 -107.493 -120.777
35 509.078 717.798 5 7.5528 -119.037 -145.744
36 508.402 719.746 5 6.24448 -133.878 -59.2589
37 508.676 719.328 5 6.41968 -105.169 51.9165
38 508.95 718.909 5 6.62805 -131.6 178.258
39 509.223 718.491 5 6.86658 -131.168 123.602
40 509.497 718.072 5 7.13223 -151.882 41.5632
