1 514.644 719.84 5 4.4318 -95.0176 77.1714
2 514.371 720.259 5 4.11957 -93.1634 -84.867
3 514.097 720.678 5 3.84718 -93.9215 21.2529
4 513.824 721.096 5 3.62365 -85.2666 56.7645
5 513.551 721.515 5 3.45844 -112.367 59.5626
6 513.278 721.934 5 3.36018 -72.7827 81.1708
7 513.004 722.353 5 3.33479 -77.3075 115.45
8 512.731 722.771 5 3.3839 -72.6011 48.1233
9 512.458 723.19 5 3.5044 -58.2124 61.5723
10 512.185 723.609 5 3.68928 -58.5279 -33.3763
11 515.063 720.113 5 4.8192 -97.9436 -71.629
12 514.789 720.532 5 4.53372 -86.2543 -161.373
13 514.516 720.951 5 4.28773 -91.3993 141.771
14 514.243 721.37 5 4.08835 -91.949 121
15 513.97 721.788 5 3.94267 -94.4446 128.279
16 513.696 722.207 5 3.85677 -79.8286 -3.46515
17 513.423 722.626 5 3.83466 -80.7245 16.5464
18 513.15 723.045 5 3.87745 -102.581 -31.6845
19 512.877 723.463 5 3.98304 -75.2397 -5.04038
20 512.603 723.882 5 4.14664 -67.575 -95.8563
21 515.481 720.387 5 5.22575 -93.9395 -53.1918
22 515.208 720.805 5 4.96372 -94.0869 80.9654
23 514.935 721.224 5 4.74009 -89.8035 -141.008
24 514.662 721.643 5 4.56053 -92.7461 93.2643
25 514.388 722.062 5 4.4304 -87.9463 26.7618
26 514.115 722.48 5 4.35413 -83.889 140.635
27 513.842 722.899 5 4.33457 -70.9053 -103.588
28 513.568 723.318 5 4.37247 -68.4641 74.2386
29 513.295 723.737 5 4.46637 -67.0557 -4.92003
30 513.022 724.155 5 4.61286 -85.1468 -24.6245
31 515.9 720.66 5 5.64733 -88.412 37.9978
32 515.627 721.079 5 5.40577 -90.3864 100.249
33 515.353 721.497 5 5.20118 -87.971 -126.629
34 515.08 721.916 5 5.03808 -88.6506 -89.6884
35 514.807 722.335 5 4.9206 -94.2784 -127.872
36 514.534 722.754 5 4.85204 -82.6803 -39.7814
37 514.26 723.172 5 4.83449 -80.626 175.203
38 513.987 723.591 5 4.8685 -65.3804 -170.172
39 516.319 720.933 5 6.0808 -86.2261 19.5706
40 516.045 721.352 5 5.85714 -90.6274 -57.2533
41 515.772 721.771 5 5.66887 -99.9047 155.587
42 515.499 722.189 5 5.51961 -90.4475 -13.0883
43 515.226 722.608 5 5.41259 -90.5132 80.8888
44 514.952 723.027 5 5.35034 -78.1185 -104.733
45 514.679 723.446 5 5.33443 -72.4592 12.6851
46 514.406 723.864 5 5.36527 -250 0
47 516.737 721.206 5 6.5238 -90.5398 170.067
48 516.464 721.625 5 6.31585 -80.2829 -28.5679
49 516.191 722.044 5 6.14166 -84.1018 143.89
50 515.918 722.463 5 6.00416 -89.0937 -148.644
51 515.644 722.881 5 5.90593 -80.6108 20.8493
52 515.371 723.3 5 5.84893 -85.7765 -52.6311
53 515.098 723.719 5 5.83438 -78.1647 -142.193
54 514.825 724.138 5 5.86259 -134.018 -119.34
55 517.156 721.48 5 6.97451 -80.1241 -153.752
56 516.883 721.898 5 6.7804 -85.7677 -83.372
57 516.61 722.317 5 6.61844 -84.2342 -10.8547
58 516.336 722.736 5 6.49105 -81.2936 139.74
59 516.063 723.155 5 6.4003 -77.4468 32.6975
60 515.79 723.573 5 6.34774 -69.0097 57.5896
61 515.517 723.992 5 6.33433 -84.2392 -48.1023
62 515.243 724.411 5 6.36033 -196.211 34.8304
63 517.575 721.753 5 7.43153 -92.8747 167.82
64 517.302 722.172 5 7.24966 -82.9585 116.462
65 517.028 722.59 5 7.09842 -72.8503 173.332
66 516.755 723.009 5 6.9798 -79.5495 -179.588
67 516.482 723.428 5 6.89548 -71.0838 171.543
68 516.209 723.847 5 6.84672 -78.5716 -105.974
69 515.935 724.265 5 6.8343 -87.0048 -46.2156
70 515.662 724.684 5 6.8584 -105.628 -162.085
71 517.994 722.026 5 7.89376 -85.1492 96.4184
72 517.72 722.445 5 7.72279 -64.0475 -129.037
73 517.447 722.864 5 7.58099 -78.6868 -85.3547
74 517.174 723.282 5 7.47004 -69.621 -34.5498
75 516.901 723.701 5 7.39131 -77.7171 120.072
76 516.627 724.12 5 7.34584 -81.4948 -47.0036
77 516.354 724.539 5 7.33426 -85.117 5.95541
78 516.081 724.957 5 7.35673 -91.5627 -15.7654
