1 505.473 717.831 5 6.44152 -49.0956 -52.4941
2 505.747 717.412 5 6.38372 -45.8113 -117.189
3 506.02 716.994 5 6.36478 -46.3489 45.148
4 506.294 716.575 5 6.38507 -51.9815 115.352
5 506.567 716.157 5 6.4442 -60.0513 31.8862
6 505.891 718.104 5 5.94798 -44.2744 -107.272
7 506.165 717.686 5 5.88532 -44.8044 149.322
8 506.439 717.267 5 5.86478 -51.5465 -73.1478
9 506.712 716.849 5 5.88679 -51.2401 -62.0059
10 506.986 716.43 5 5.95088 -60.2925 -43.8203
11 506.31 718.378 5 5.45561 -42.6087 -164.251
12 506.584 717.96 5 5.38723 -45.187 23.8694
13 506.857 717.541 5 5.36478 -63.2996 51.8585
14 507.131 717.123 5 5.38883 -49.7971 50.0892
15 507.404 716.704 5 5.45877 -60.8447 -69.2152
16 506.728 718.652 5 4.96476 -42.2397 153.518
17 507.002 718.233 5 4.88953 -48.6913 -86.4405
18 507.276 717.815 5 4.86478 -54.0485 -28.3798
19 507.549 717.396 5 4.89129 -56.9786 -151.441
20 507.823 716.978 5 4.96824 -59.9884 -36.0595
21 507.147 718.925 5 4.47595 -48.8077 25.6049
22 507.421 718.507 5 4.39235 -47.6631 63.536
23 507.694 718.088 5 4.36478 -56.5427 24.0695
24 507.968 717.67 5 4.39431 -62.9584 -86.5765
25 508.241 717.251 5 4.4798 -67.219 151.119
26 507.565 719.199 5 3.9899 -46.3641 -139.061
27 507.839 718.78 5 3.89589 -51.5095 -168.521
28 508.113 718.362 5 3.86479 -60.1007 63.7814
29 508.386 717.943 5 3.8981 -68.8267 100.055
30 508.66 717.525 5 3.99422 -70.0885 -110.964
31 507.984 719.472 5 3.50778 -40.7496 103.249
32 508.258 719.054 5 3.40047 -54.6636 -7.16434
33 508.531 718.635 5 3.36479 -67.6779 63.5666
34 508.805 718.217 5 3.403 -66.0886 100.486
35 509.078 717.798 5 3.5127 -66.9486 -50.8212
36 508.402 719.746 5 3.03146 -42.2425 15.4437
37 508.676 719.328 5 2.90661 -55.3942 1.27842
38 508.95 718.909 5 2.86479 -121.756 107.349
39 509.223 718.491 5 2.90958 -119.277 28.5664
40 509.497 718.072 5 3.03715 -123.355 -160.682
