1 514.644 719.84 5 5.31387 -70.8315 -125.96
2 514.371 720.259 5 4.81509 -75.314 -92.4542
3 514.097 720.678 5 4.3166 -68.9039 -66.1895
4 513.824 721.096 5 3.81851 -73.1727 -33.3472
5 513.551 721.515 5 3.32099 -68.2849 -131.635
6 513.278 721.934 5 2.82434 -52.153 -36.0573
7 513.004 722.353 5 2.32912 -65.1124 -85.8405
8 512.731 722.771 5 1.8365 -51.7058 1.02588
9 512.458 723.19 5 1.34933 -41.4356 -68.6836
10 512.185 723.609 5 0.876708 -46.3265 -135.633
11 515.063 720.113 5 5.3704 -65.2312 -87.8546
12 514.789 720.532 5 4.87741 -61.4421 -118.708
13 514.516 720.951 5 4.38601 -57.4657 -119.904
14 514.243 721.37 5 3.89679 -60.3624 -101.013
15 513.97 721.788 5 3.41071 -65.937 -42.3689
16 513.696 722.207 5 2.92931 -52.7555 -9.97736
17 513.423 722.626 5 2.45536 -52.6434 -35.3586
18 513.15 723.045 5 1.99418 -46.5326 -119.034
19 512.877 723.463 5 1.55713 -50.7193 -59.3259
20 512.603 723.882 5 1.17158 -50.1769 83.5161
21 515.481 720.387 5 5.47222 -53.4025 -157.206
22 515.208 720.805 5 4.9893 -59.7289 -141.646
23 514.935 721.224 5 4.51011 -52.1932 173.233
24 514.662 721.643 5 4.03596 -55.9458 137.965
25 514.388 722.062 5 3.56888 -58.7068 102.451
26 514.115 722.48 5 3.11205 -57.1539 145.968
27 513.842 722.899 5 2.67073 -46.3511 42.4388
28 513.568 723.318 5 2.25405 -57.9029 153.003
29 513.295 723.737 5 1.87847 -49.9152 -113.433
30 513.022 724.155 5 1.57372 -44.847 -10.7093
31 515.9 720.66 5 5.61686 -56.1968 -50.6095
32 515.627 721.079 5 5.14753 -64.5964 -109.213
33 515.353 721.497 5 4.68455 -57.1436 -112.211
34 515.08 721.916 5 4.23001 -54.2094 -114.485
35 514.807 722.335 5 3.78694 -63.2208 167.731
36 514.534 722.754 5 3.35989 -61.4591 -157.177
37 514.26 723.172 5 2.9558 -52.53 -4.48005
38 513.987 723.591 5 2.58548 -56.942 28.0331
39 516.319 720.933 5 5.80113 -55.3953 13.1986
40 516.045 721.352 5 5.348 -56.4991 -110.671
41 515.772 721.771 5 4.90398 -66.5153 59.0577
42 515.499 722.189 5 4.4718 -79.1082 -22.4519
43 515.226 722.608 5 4.05523 -60.0974 -3.8706
44 514.952 723.027 5 3.65962 -53.4386 145.159
45 514.679 723.446 5 3.29253 -68.1373 115.935
46 514.406 723.864 5 2.96457 -80.0968 -35.1092
47 516.737 721.206 5 6.02139 -60.3768 155.975
48 516.464 721.625 5 5.58615 -60.5 158.099
49 516.191 722.044 5 5.16266 -59.2296 86.7274
50 515.918 722.463 5 4.75405 -56.1775 -165.911
51 515.644 722.881 5 4.3645 -53.575 -86.5035
52 515.371 723.3 5 3.9996 -63.1281 -94.9678
53 515.098 723.719 5 3.66671 -59.7115 66.7439
54 514.825 724.138 5 3.37531 -67.0608 -15.7881
55 517.156 721.48 5 6.27385 -64.3449 -13.7242
56 516.883 721.898 5 5.85739 -62.9622 -73.3749
57 516.61 722.317 5 5.455 -56.8559 -12.1295
58 516.336 722.736 5 5.07 -64.5621 59.5551
59 516.063 723.155 5 4.70668 -60.1755 -8.01204
60 515.79 723.573 5 4.37045 -69.6652 -82.7844
61 515.517 723.992 5 4.06801 -62.9202 -13.3858
62 515.243 724.411 5 3.80745 -78.8262 -144.428
63 517.575 721.753 5 6.55478 -63.8405 68.8916
64 517.302 722.172 5 6.15736 -61.2832 122.602
65 517.028 722.59 5 5.7759 -61.1816 173.509
66 516.755 723.009 5 5.41377 -57.6497 98.5012
67 516.482 723.428 5 5.07512 -68.0557 99.5413
68 516.209 723.847 5 4.76495 -64.3689 -165.925
69 515.935 724.265 5 4.48918 -72.4932 81.7102
70 515.662 724.684 5 4.25449 -79.5481 118.183
71 517.994 722.026 5 6.86069 -66.4329 -84.4941
72 517.72 722.445 5 6.48206 -60.0377 -52.4531
73 517.447 722.864 5 6.12086 -60.3503 -120.966
74 517.174 723.282 5 5.78039 -73.6647 -31.1749
75 516.901 723.701 5 5.46451 -69.4177 1.06445
76 516.627 724.12 5 5.17772 -67.0817 82.0409
77 516.354 724.539 5 4.92511 -67.2783 142.784
78 516.081 724.957 5 4.71218 -66.5797 -103.134
