1 509.951 714.045 5 10.153 -98.586 154.552
2 510.37 714.318 5 9.82887 -99.9215 70.632
3 510.79 714.59 5 9.52 -102.2 -76.7687
4 511.209 714.862 5 9.2279 -83.3794 -72.0068
5 511.628 715.135 5 8.95421 -103.981 -5.39631
6 512.048 715.407 5 8.70067 -85.3567 -26.6708
7 512.467 715.679 5 8.46909 -87.0218 -155.308
8 512.886 715.952 5 8.26131 -88.5291 98.8344
9 513.306 716.224 5 8.07918 -93.2714 -133.104
10 513.725 716.496 5 7.92445 -87.3028 -123.484
11 514.144 716.769 5 7.79876 -87.7747 86.7167
12 514.564 717.041 5 7.70353 -115.064 122.551
13 514.983 717.313 5 7.63991 -114.16 96.0276
14 509.679 714.465 5 9.78404 -92.4694 52.3396
15 510.098 714.737 5 9.44729 -94.1141 -125.062
16 510.517 715.009 5 9.12552 -95.9761 167.598
17 510.937 715.282 5 8.82037 -79.9418 -58.3451
18 511.356 715.554 5 8.53362 -90.2994 -50.1494
19 511.775 715.826 5 8.26719 -92.3933 -128.27
20 512.195 716.099 5 8.0231 -87.0931 -118.421
21 512.614 716.371 5 7.80346 -90.1626 1.5458
22 513.033 716.643 5 7.61037 -89.7813 169.722
23 513.453 716.916 5 7.44591 -85.1814 -152.347
24 513.872 717.188 5 7.312 -90.393 125.04
25 514.291 717.46 5 7.21035 -94.0288 179.496
26 514.711 717.733 5 7.14233 -88.4358 51.0657
27 509.406 714.884 5 9.4272 -96.4411 -155.029
28 509.826 715.156 5 9.07722 -102.666 71.691
29 510.245 715.429 5 8.74184 -98.429 -109.51
30 510.664 715.701 5 8.4228 -104.589 156.521
31 511.084 715.973 5 8.12203 -85.6444 -98.7995
32 511.503 716.246 5 7.84163 -84.8834 -15.6566
33 511.922 716.518 5 7.58386 -87.6955 -97.2079
34 512.342 716.79 5 7.3511 -88.0021 -79.9863
35 512.761 717.063 5 7.1458 -97.7839 -55.7079
36 513.18 717.335 5 6.97038 -97.9901 -176.118
37 513.6 717.607 5 6.82715 -91.3749 85.5139
38 514.019 717.88 5 6.71817 -91.6459 37.1941
39 514.438 718.152 5 6.64512 -88.3641 -64.6718
40 509.134 715.303 5 9.08388 -107.717 -118.142
41 509.553 715.576 5 8.72013 -99.3253 51.9689
42 509.973 715.848 5 8.37045 -95.6688 13.1262
43 510.392 716.12 5 8.03668 -96.9807 -42.0146
44 510.811 716.393 5 7.72088 -81.7474 -67.2371
45 511.231 716.665 5 7.42535 -93.8899 -48.103
46 511.65 716.937 5 7.15259 -88.5636 -83.1248
47 512.069 717.21 5 6.90531 -94.5052 56.6598
48 512.489 717.482 5 6.68634 -96.0732 161.159
49 512.908 717.754 5 6.49853 -87.4248 3.19685
50 513.327 718.027 5 6.34466 -86.7855 29.4527
51 513.747 718.299 5 6.22724 -93.1225 -60.5264
52 514.166 718.571 5 6.14836 -85.311 -25.8912
53 508.862 715.723 5 8.75566 -91.0568 -3.92337
54 509.281 715.995 5 8.37767 -102.4 50.2382
55 509.7 716.267 5 8.01306 -107.5 99.7868
56 510.12 716.54 5 7.66374 -94.1565 114.673
57 510.539 716.812 5 7.33189 -88.4017 21.4849
58 510.958 717.084 5 7.02 -103.81 -167.762
59 511.378 717.357 5 6.73084 -88.8528 140.347
60 511.797 717.629 5 6.46746 -89.1739 9.83526
61 512.216 717.901 5 6.23312 -86.6297 1.76384
62 512.636 718.174 5 6.03122 -87.9381 -55.7104
63 513.055 718.446 5 5.8651 -88.206 7.84504
64 513.474 718.718 5 5.73787 -96.0699 -61.467
65 513.894 718.991 5 5.65216 -94.0801 -11.9799
66 508.589 716.142 5 8.4443 -92.5477 -100.946
67 509.009 716.414 5 8.05171 -98.2912 34.0116
68 509.428 716.687 5 7.67162 -98.0645 23.4277
69 509.847 716.959 5 7.306 -94.8065 -89.946
70 510.267 717.231 5 6.95711 -96.6414 -154.163
71 510.686 717.504 5 6.62761 -86.9192 -10.1508
72 511.105 717.776 5 6.32052 -82.7341 -49.6932
73 511.525 718.048 5 6.03926 -92.2994 -168.464
74 511.944 718.321 5 5.78762 -94.1014 25.588
75 512.363 718.593 5 5.56959 -102.218 -17.783
76 512.783 718.865 5 5.38926 -87.7758 -63.2476
77 513.202 719.138 5 5.25051 -103.662 164.016
78 513.621 719.41 5 5.15671 -103.625 144.51
79 510.414 717.923 5 6.25059 -86.4067 -150.471
80 510.833 718.195 5 5.92399 -79.8663 67.1462
81 511.672 718.74 5 5.35175 -92.9385 -4.65509
82 512.091 719.012 5 5.11517 -75.8416 163.888
83 512.51 719.285 5 4.91821 -98.1017 -12.2164
84 512.93 719.557 5 4.76577 -89.2992 44.2903
85 513.349 719.829 5 4.66222 -86.2568 -92.0421
86 510.141 718.342 5 5.8919 -87.3183 -123.71
87 510.561 718.615 5 5.54421 -87.9719 -130.704
88 511.399 719.159 5 4.92807 -96.8074 58.5645
89 511.819 719.432 5 4.67008 -108.189 -155.227
90 512.238 719.704 5 4.45348 -95.4865 -92.9146
91 512.657 719.976 5 4.28453 -89.1936 73.4453
92 513.077 720.249 5 4.16905 -96.5041 -123.664
93 509.869 718.762 5 5.55511 -89.0967 -102.738
94 510.288 719.034 5 5.18488 -82.7394 -94.7406
95 511.127 719.579 5 4.52002 -82.3266 55.6501
96 511.546 719.851 5 4.23726 -92.552 127.908
97 511.966 720.123 5 3.99726 -89.8248 -159.36
98 512.385 720.396 5 3.80814 -89.1753 42.2659
99 512.804 720.668 5 3.67773 -108.014 -113.5
100 509.597 719.181 5 5.24441 -79.8506 23.9926
101 510.016 719.453 5 4.85053 -103.001 160.31
102 509.324 719.6 5 4.96473 -85.9182 -49.1988
103 509.744 719.873 5 4.54669 -79.2838 -125.737
104 509.052 720.02 5 4.72157 -87.8925 -34.5421
105 509.471 720.292 5 4.27984 -85.1966 -100.57
