1 509.951 714.045 5 6.03023 -62.6438 -87.2309
2 510.37 714.318 5 5.73206 -68.1259 126.813
3 510.79 714.59 5 5.46346 -61.5416 -143.718
4 511.209 714.862 5 5.22899 -59.1386 8.28233
5 511.628 715.135 5 5.03341 -68.1736 -143.939
6 512.048 715.407 5 4.8814 -64.0549 -176.411
7 512.467 715.679 5 4.77713 -64.1764 25.534
8 512.886 715.952 5 4.72376 -77.7443 -96.7825
9 513.306 716.224 5 4.723 -54.265 -37.6012
10 513.725 716.496 5 4.7749 -48.2712 -173.827
11 514.144 716.769 5 4.87776 -50.4498 -103.045
12 514.564 717.041 5 5.02846 -78.4109 -40.0451
13 514.983 717.313 5 5.22286 -87.5148 124.419
14 509.679 714.465 5 5.64774 -62.2846 -175.747
15 510.098 714.737 5 5.32821 -63.946 99.5058
16 510.517 715.009 5 5.03812 -66.5458 36.7666
17 510.937 715.282 5 4.78284 -58.4764 32.3641
18 511.356 715.554 5 4.5682 -56.4394 147.302
19 511.775 715.826 5 4.40015 -73.4361 107.199
20 512.195 716.099 5 4.28418 -74.1232 80.4599
21 512.614 716.371 5 4.22459 -58.2506 -16.3731
22 513.033 716.643 5 4.22374 -54.3847 -44.6854
23 513.453 716.916 5 4.28169 -45.9461 169.873
24 513.872 717.188 5 4.39611 -52.1786 127.746
25 514.291 717.46 5 4.56275 -45.8738 18.6345
26 514.711 717.733 5 4.77614 -54.2082 106.009
27 509.406 714.884 5 5.2849 -59.7035 12.1199
28 509.826 715.156 5 4.94197 -65.2269 110.816
29 510.245 715.429 5 4.62774 -64.8282 10.9983
30 510.664 715.701 5 4.34843 -58.2186 -70.3564
31 511.084 715.973 5 4.11117 -57.0906 -29.0845
32 511.503 716.246 5 3.92359 -73.0428 126.586
33 511.922 716.518 5 3.79308 -60.3367 -32.5181
34 512.342 716.79 5 3.72564 -56.8473 -73.5659
35 512.761 717.063 5 3.72468 -49.7847 -56.9125
36 513.18 717.335 5 3.79027 -48.1503 143.764
37 513.6 717.607 5 3.91906 -43.315 98.8903
38 514.019 717.88 5 4.10511 -48.4815 -116.655
39 514.438 718.152 5 4.34106 -47.9419 -125.919
40 509.134 715.303 5 4.94605 -68.3853 -24.2706
41 509.553 715.576 5 4.5778 -70.5169 -97.1089
42 509.973 715.848 5 4.23665 -59.8959 -29.1023
43 510.392 716.12 5 3.92964 -68.6462 -123.056
44 510.811 716.393 5 3.66537 -59.1678 -6.98459
45 511.231 716.665 5 3.45367 -57.7288 83.4723
46 511.65 716.937 5 3.30465 -58.2556 -31.3969
47 512.069 717.21 5 3.22701 -60.4147 -89.1162
48 512.489 717.482 5 3.22591 -51.6564 -48.3246
49 512.908 717.754 5 3.30142 -46.0191 75.4193
50 513.327 718.027 5 3.44852 -43.4619 26.3195
51 513.747 718.299 5 3.65857 -45.6309 98.325
52 514.166 718.571 5 3.92149 -52.4993 27.5777
53 508.862 715.723 5 4.63645 -68.4931 -121.553
54 509.281 715.995 5 4.24141 -64.2063 17.3382
55 509.7 716.267 5 3.87071 -71.4023 -57.2659
56 510.12 716.54 5 3.53204 -60.7752 162.601
57 510.539 716.812 5 3.23546 -57.8083 -152.883
58 510.958 717.084 5 2.99351 -57.4 12.1623
59 511.378 717.357 5 2.82028 -57.5973 -68.8924
60 511.797 717.629 5 2.72889 -53.435 -51.7447
61 512.216 717.901 5 2.72759 -44.8031 -62.3012
62 512.636 718.174 5 2.81649 -49.2955 43.5017
63 513.055 718.446 5 2.98756 -47.1069 -142.833
64 513.474 718.718 5 3.22776 -51.0901 -162.296
65 513.894 718.991 5 3.52297 -50.8741 38.374
66 508.589 716.142 5 4.36233 -65.2907 -47.8972
67 509.009 716.414 5 3.9399 -83.9582 134.741
68 509.428 716.687 5 3.53775 -68.2952 132.751
69 509.847 716.959 5 3.16363 -68.044 57.9444
70 510.267 717.231 5 2.82868 -60.7999 40.3183
71 510.686 717.504 5 2.5484 -53.3736 -0.161649
72 511.105 717.776 5 2.34248 -67.5141 -116.492
73 511.525 718.048 5 2.23162 -63.7357 -118.567
74 511.944 718.321 5 2.23002 -47.0774 -62.7346
75 512.363 718.593 5 2.33792 -43.2257 -60.3929
76 512.783 718.865 5 2.54141 -46.1917 75.0833
77 513.202 719.138 5 2.81987 -49.092 -114.161
78 513.621 719.41 5 3.1535 -53.2177 -138.307
79 510.414 717.923 5 2.12781 -63.3625 129.353
80 510.833 718.195 5 1.87629 -54.8378 -118.976
81 511.672 718.74 5 1.73385 -47.2705 -36.3404
82 512.091 719.012 5 1.8706 -39.7737 -154.875
83 512.51 719.285 5 2.11944 -45.5415 133.357
84 512.93 719.557 5 2.44641 -68.5638 -99.6428
85 513.349 719.829 5 2.8245 -55.4937 -64.7467
86 510.141 718.342 5 1.74952 -48.1858 -119.009
87 510.561 718.615 5 1.43308 -49.4225 -147.066
88 511.399 719.159 5 1.24076 -38.5081 -97.5931
89 511.819 719.432 5 1.42561 -49.5958 60.3391
90 512.238 719.704 5 1.73933 -54.7227 169.716
91 512.657 719.976 5 2.12559 -53.5443 -82.9296
92 513.077 720.249 5 2.55167 -52.6186 -31.7849
93 509.869 718.762 5 1.44709 -42.6286 4.08858
94 510.288 719.034 5 1.04257 -39.8816 129.688
95 511.127 719.579 5 0.756789 -33.6423 -178.167
96 511.546 719.851 5 1.03229 -44.3674 30.8953
97 511.966 720.123 5 1.43475 -47.6554 175.777
98 512.385 720.396 5 1.88451 -71.4526 133.085
99 512.804 720.668 5 2.35463 -55.6586 -112.527
100 509.597 719.181 5 1.27566 -52.6229 -139.769
101 510.016 719.453 5 0.78753 -41.1283 124.889
102 509.324 719.6 5 1.28863 -42.5229 -150.271
103 509.744 719.873 5 0.808362 -42.4527 121.124
104 509.052 720.02 5 1.48115 -41.4148 -23.2411
105 509.471 720.292 5 1.08936 -37.2322 -17.3874
