1 514.644 719.84 5 4.11601 -102.921 161.903
2 514.371 720.259 5 3.84337 -96.8848 47.0273
3 514.097 720.678 5 3.6196 -95.8175 156.897
4 513.824 721.096 5 3.4542 -98.9276 7.84881
5 513.551 721.515 5 3.35581 -91.4764 21.2687
6 513.278 721.934 5 3.33038 -82.3614 129.593
7 513.004 722.353 5 3.37956 -89.4541 144.983
8 512.731 722.771 5 3.5002 -79.7646 -179.268
9 512.458 723.19 5 3.68529 -82.4521 64.7164
10 512.185 723.609 5 3.92573 -69.2521 78.1144
11 515.063 720.113 5 4.53001 -94.9777 -123.854
12 514.789 720.532 5 4.2838 -99.8765 157.341
13 514.516 720.951 5 4.08423 -101.853 -89.3455
14 514.243 721.37 5 3.93839 -93.3561 -0.50987
15 513.97 721.788 5 3.85239 -113.361 -31.2684
16 513.696 722.207 5 3.83025 -80.1603 44.7709
17 513.423 722.626 5 3.87309 -80.579 -83.1655
18 513.15 723.045 5 3.97879 -80.4125 28.7333
19 512.877 723.463 5 4.14256 -77.1312 -129.773
20 512.603 723.882 5 4.35784 -71.5538 142.52
21 515.481 720.387 5 4.95988 -93.2744 162.628
22 515.208 720.805 5 4.73607 -96.7716 121.261
23 514.935 721.224 5 4.55635 -99.0837 152.897
24 514.662 721.643 5 4.4261 -98.8663 -169.553
25 514.388 722.062 5 4.34975 -92.689 40.5248
26 514.115 722.48 5 4.33016 -91.8767 3.2849
27 513.842 722.899 5 4.36809 -85.3676 105.342
28 513.568 723.318 5 4.46209 -75.4848 171.432
29 513.295 723.737 5 4.60871 -71.4224 54.6021
30 513.022 724.155 5 4.80314 -82.5664 -127.095
31 515.9 720.66 5 5.40183 -112.873 -147.753
32 515.627 721.079 5 5.19709 -110.251 -48.1012
33 515.353 721.497 5 5.03386 -87.6077 -98.0924
34 515.08 721.916 5 4.91627 -88.9219 49.0771
35 514.807 722.335 5 4.84765 -81.8022 -123.167
36 514.534 722.754 5 4.83008 -83.8441 51.7274
37 514.26 723.172 5 4.86412 -89.0399 29.321
38 513.987 723.591 5 4.9487 -73.3497 -59.9379
39 516.319 720.933 5 5.85314 -105.827 111.869
40 516.045 721.352 5 5.66473 -99.7239 121.686
41 515.772 721.771 5 5.51536 -86.0872 -123.278
42 515.499 722.189 5 5.40825 -94.8603 63.9266
43 515.226 722.608 5 5.34595 -92.8563 154.176
44 514.952 723.027 5 5.33002 -84.0579 -52.0795
45 514.679 723.446 5 5.36089 -75.6274 119.689
46 514.406 723.864 5 5.43774 -250 0
47 516.737 721.206 5 6.31179 -86.6787 -125.157
48 516.464 721.625 5 6.13748 -89.5165 45.968
49 516.191 722.044 5 5.99988 -79.8152 98.3665
50 515.918 722.463 5 5.90157 -89.2772 163.919
51 515.644 722.881 5 5.84453 -85.5266 89.8677
52 515.371 723.3 5 5.82997 -88.4593 -67.4847
53 515.098 723.719 5 5.8582 -72.7786 -35.3922
54 514.825 724.138 5 5.92862 -133.14 -47.199
55 517.156 721.48 5 6.77629 -85.4446 148.607
56 516.883 721.898 5 6.61423 -93.9932 2.6954
57 516.61 722.317 5 6.48676 -85.5075 21.3593
58 516.336 722.736 5 6.39594 -80.183 -105.087
59 516.063 723.155 5 6.34334 -93.7098 20.9887
60 515.79 723.573 5 6.32993 -75.7592 144.859
61 515.517 723.992 5 6.35594 -94.4621 169.202
62 515.243 724.411 5 6.4209 -250 0
63 517.575 721.753 5 7.24552 -102.261 134.861
64 517.302 722.172 5 7.09419 -95.2521 140.496
65 517.028 722.59 5 6.97549 -86.5649 -42.5596
66 516.755 723.009 5 6.89111 -91.0104 125.309
67 516.482 723.428 5 6.84232 -81.0742 -37.4782
68 516.209 723.847 5 6.82989 -81.3464 -9.47856
69 515.935 724.265 5 6.854 -96.9967 131.12
70 515.662 724.684 5 6.91428 -107.918 61.683
71 517.994 722.026 5 7.71861 -84.552 -88.2518
72 517.72 722.445 5 7.57673 -81.1328 90.7027
73 517.447 722.864 5 7.46571 -95.6987 155.989
74 517.174 723.282 5 7.38694 -89.7125 100.88
75 516.901 723.701 5 7.34145 -78.9239 173.5
76 516.627 724.12 5 7.32986 -99.1028 102.907
77 516.354 724.539 5 7.35233 -96.0092 -110.54
78 516.081 724.957 5 7.40856 -113.977 6.11474
