1 505.473 717.831 5 8.65229 -105.678 30.3732
2 505.747 717.412 5 8.77941 -104.7 -84.2706
3 506.02 716.994 5 8.93275 -102.836 -93.591
4 506.294 716.575 5 9.11098 -94.5487 179.668
5 506.567 716.157 5 9.31268 -90.6734 94.2709
6 505.891 718.104 5 8.16616 -103.711 6.90594
7 506.165 717.686 5 8.30073 -105.378 -101.081
8 506.439 717.267 5 8.46275 -97.2985 -57.7928
9 506.712 716.849 5 8.65067 -96.4811 145.955
10 506.986 716.43 5 8.86284 -94.8099 8.12456
11 506.31 718.378 5 7.68181 -107.195 98.0426
12 506.584 717.96 5 7.82471 -114.748 -121.611
13 506.857 717.541 5 7.99638 -96.688 -90.8136
14 507.131 717.123 5 8.195 -93.0676 149.756
15 507.404 716.704 5 8.41867 -97.1187 -36.0981
16 506.728 718.652 5 7.1996 -117.451 -62.2001
17 507.002 718.233 5 7.35188 -98.7076 -99.0063
18 507.276 717.815 5 7.53433 -96.2395 -114.146
19 507.549 717.396 5 7.74481 -93.0781 57.9065
20 507.823 716.978 5 7.9811 -102.705 173.185
21 507.147 718.925 5 6.71999 -115.524 -112.294
22 507.421 718.507 5 6.88289 -99.6673 -44.6322
23 507.694 718.088 5 7.07744 -97.7788 -141.175
24 507.968 717.67 5 7.3011 -104.439 -163.885
25 508.241 717.251 5 7.55129 -106.269 -141.678
26 507.565 719.199 5 6.24358 -93.6123 57.0279
27 507.839 718.78 5 6.41858 -96.8871 -112.173
28 508.113 718.362 5 6.62677 -107.99 136.514
29 508.386 717.943 5 6.86513 -117.78 169.804
30 508.66 717.525 5 7.13064 -116.974 79.7774
31 507.984 719.472 5 5.77116 -103.069 -26.2611
32 508.258 719.054 5 5.96005 -104.71 -12.8151
33 508.531 718.635 5 6.1837 -105.606 -65.0154
34 508.805 718.217 5 6.43848 -116.225 -34.5957
35 509.078 717.798 5 6.72087 -119.994 86.461
36 508.402 719.746 5 5.3038 -110.049 -71.0473
37 508.676 719.328 5 5.50874 -109.298 -66.338
38 508.95 718.909 5 5.74997 -136.323 -132.59
39 509.223 718.491 5 6.02313 -119.78 -26.0766
40 509.497 718.072 5 6.32408 -155.469 -74.3806
