1 509.951 714.045 5 10.8455 -91.7784 -118.477
2 510.37 714.318 5 10.4952 -95.9486 101.789
3 510.79 714.59 5 10.1574 -91.1173 121.036
4 511.209 714.862 5 9.83341 -83.9182 -51.1026
5 511.628 715.135 5 9.52469 -87.2496 40.3614
6 512.048 715.407 5 9.23275 -95.9038 -34.0424
7 512.467 715.679 5 8.95921 -94.5839 38.5564
8 512.886 715.952 5 8.70581 -99.8064 127.038
9 513.306 716.224 5 8.47437 -84.3783 63.8667
10 513.725 716.496 5 8.26673 -101.157 69.4111
11 514.144 716.769 5 8.08471 -91.0081 -74.1381
12 514.564 717.041 5 7.9301 -140.317 -75.2173
13 514.983 717.313 5 7.8045 -132.515 151.072
14 509.679 714.465 5 10.5006 -92.8908 168.596
15 510.098 714.737 5 10.1384 -91.2884 -26.257
16 510.517 715.009 5 9.78831 -93.7022 -84.5363
17 510.937 715.282 5 9.45171 -80.8471 -11.7102
18 511.356 715.554 5 9.13009 -94.503 82.243
19 511.775 715.826 5 8.8251 -89.7666 -115.805
20 512.195 716.099 5 8.53851 -99.1919 60.3582
21 512.614 716.371 5 8.27224 -89.7965 10.9149
22 513.033 716.643 5 8.02831 -89.0025 41.8172
23 513.453 716.916 5 7.80882 -95.3458 -99.8258
24 513.872 717.188 5 7.61587 -95.3855 54.3033
25 514.291 717.46 5 7.45152 -95.8365 138.156
26 514.711 717.733 5 7.31772 -92.8131 -92.3644
27 509.406 714.884 5 10.1687 -93.6415 -66.5787
28 509.826 715.156 5 9.79418 -104.68 -110.25
29 510.245 715.429 5 9.43132 -96.1047 36.0563
30 510.664 715.701 5 9.0815 -88.6297 -10.9164
31 511.084 715.973 5 8.74628 -83.7965 -107.524
32 511.503 716.246 5 8.42741 -89.4561 -124.005
33 511.922 716.518 5 8.12681 -94.2283 4.42331
34 512.342 716.79 5 7.84658 -99.0387 38.9873
35 512.761 717.063 5 7.58898 -93.8699 -26.1109
36 513.18 717.335 5 7.35638 -95.0734 -162.288
37 513.6 717.607 5 7.15124 -86.9483 -56.0546
38 514.019 717.88 5 6.97596 -90.9109 -44.6496
39 514.438 718.152 5 6.83285 -97.7148 -26.6339
40 509.134 715.303 5 9.85094 -92.3455 -99.2849
41 509.553 715.576 5 9.46387 -114.186 -78.3077
42 509.973 715.848 5 9.08783 -100.873 -58.7822
43 510.392 716.12 5 8.72424 -99.0644 -80.8098
44 510.811 716.393 5 8.37473 -88.1832 -15.9436
45 511.231 716.665 5 8.04114 -87.7626 -135.785
46 511.65 716.937 5 7.72553 -94.8163 -82.9424
47 512.069 717.21 5 7.43018 -86.3267 -38.2055
48 512.489 717.482 5 7.15761 -91.1204 -119.418
49 512.908 717.754 5 6.91051 -97.6059 -154.566
50 513.327 718.027 5 6.69171 -93.5837 89.7918
51 513.747 718.299 5 6.50406 -111.114 -53.6531
52 514.166 718.571 5 6.35032 -92.6933 -11.2423
53 508.862 715.723 5 9.54881 -104.074 170.328
54 509.281 715.995 5 9.14897 -114.93 -163.784
55 509.7 716.267 5 8.75942 -99.1638 173.057
56 510.12 716.54 5 8.3816 -98.9313 34.8077
57 510.539 716.812 5 8.01717 -94.9839 -112.041
58 510.958 717.084 5 7.66804 -82.6586 -147.613
59 511.378 717.357 5 7.33639 -117.808 -155.269
60 511.797 717.629 5 7.0247 -95.7399 68.375
61 512.216 717.901 5 6.73574 -108.34 38.565
62 512.636 718.174 5 6.47256 -90.6739 -60.476
63 513.055 718.446 5 6.23841 -94.1346 -22.9948
64 513.474 718.718 5 6.03669 -100.607 44.3191
65 513.894 718.991 5 5.87072 -92.8143 -118.489
66 508.589 716.142 5 9.26383 -104.213 -98.0002
67 509.009 716.414 5 8.85112 -99.2877 142.723
68 509.428 716.687 5 8.44785 -96.5377 -0.539631
69 509.847 716.959 5 8.05543 -92.4255 -134.985
70 510.267 717.231 5 7.67553 -100.644 46.0543
71 510.686 717.504 5 7.3101 -77.4692 -91.5199
72 511.105 717.776 5 6.96142 -90.6103 -150.504
73 511.525 718.048 5 6.63213 -101.283 69.4033
74 511.944 718.321 5 6.32526 -93.7962 45.2273
75 512.363 718.593 5 6.04424 -94.3867 -101.172
76 512.783 718.865 5 5.7928 -111.17 -39.8289
77 513.202 719.138 5 5.57498 -103.061 -128.673
78 513.621 719.41 5 5.39483 -93.71 107.876
79 510.414 717.923 5 6.96967 -90.2697 169.902
80 510.833 718.195 5 6.60304 -79.8774 151.484
81 511.672 718.74 5 5.92856 -92.8374 28.7583
82 512.091 719.012 5 5.62775 -101.683 -174.801
83 512.51 719.285 5 5.35681 -91.3987 -72.6439
84 512.93 719.557 5 5.12047 -96.9887 -100.409
85 513.349 719.829 5 4.92372 -102.213 158.367
86 510.141 718.342 5 6.64945 -84.6811 165.647
87 510.561 718.615 5 6.2641 -84.8629 82.0462
88 511.399 719.159 5 5.54856 -91.1338 -16.9668
89 511.819 719.432 5 5.22593 -105.154 124.818
90 512.238 719.704 5 4.93297 -98.9244 98.0501
91 512.657 719.976 5 4.67525 -90.339 -136.78
92 513.077 720.249 5 4.4589 -91.3502 -1.19176
93 509.869 718.762 5 6.35248 -77.2027 128.719
94 510.288 719.034 5 5.94792 -95.3345 -120.369
95 511.127 719.579 5 5.18896 -111.984 50.7923
96 511.546 719.851 5 4.84243 -122.845 0.777903
97 511.966 720.123 5 4.52471 -83.8248 30.2995
98 512.385 720.396 5 4.24226 -85.9293 -169.762
99 512.804 720.668 5 4.00257 -136.945 90.3343
100 509.597 719.181 5 6.08217 -89.5518 54.0679
101 510.016 719.453 5 5.65832 -88.9889 -108.564
102 509.324 719.6 5 5.84222 -95.5328 156.397
103 509.744 719.873 5 5.39957 -74.0241 -81.5872
104 509.052 720.02 5 5.63652 -81.4418 161.706
105 509.471 720.292 5 5.17631 -82.1861 -155.537
