1 505.473 717.831 5 8.05847 -82.1589 144.127
2 505.747 717.412 5 8.06342 -84.084 -110.642
3 506.02 716.994 5 8.09931 -86.4761 -173.063
4 506.294 716.575 5 8.1657 -88.3503 171.664
5 506.567 716.157 5 8.26188 -94.7767 -46.8342
6 505.891 718.104 5 7.55858 -77.8528 127.991
7 506.165 717.686 5 7.56387 -82.0258 -67.0524
8 506.439 717.267 5 7.60211 -77.7094 99.8096
9 506.712 716.849 5 7.67281 -84.4594 -172.773
10 506.986 716.43 5 7.77509 -89.6978 -59.6934
11 506.31 718.378 5 7.05872 -79.7641 169.882
12 506.584 717.96 5 7.06438 -76.3531 -75.6148
13 506.857 717.541 5 7.10531 -87.7771 145.322
14 507.131 717.123 5 7.1809 -85.7438 -61.8715
15 507.404 716.704 5 7.29008 -84.8892 47.9413
16 506.728 718.652 5 6.55888 -83.0364 -162.582
17 507.002 718.233 5 6.56497 -80.793 -50.3126
18 507.276 717.815 5 6.60899 -79.5628 101.275
19 507.549 717.396 5 6.6902 -81.047 -127.024
20 507.823 716.978 5 6.80725 -80.0573 95.6943
21 507.147 718.925 5 6.05906 -74.4303 -113.511
22 507.421 718.507 5 6.06565 -78.2231 127.518
23 507.694 718.088 5 6.11327 -80.0358 91.4358
24 507.968 717.67 5 6.20097 -80.7489 -45.808
25 508.241 717.251 5 6.32708 -79.8712 110.886
26 507.565 719.199 5 5.55927 -85.5278 -123.964
27 507.839 718.78 5 5.56646 -87.4536 11.7399
28 508.113 718.362 5 5.61831 -77.6623 -141.675
29 508.386 717.943 5 5.71361 -82.0044 72.3425
30 508.66 717.525 5 5.85024 -75.7981 127.092
31 507.984 719.472 5 5.05953 -86.2504 53.7194
32 508.258 719.054 5 5.06742 -84.8181 31.9244
33 508.531 718.635 5 5.12433 -83.673 139.364
34 508.805 718.217 5 5.22864 -94.1038 -156.171
35 509.078 717.798 5 5.37761 -78.3308 -171.596
36 508.402 719.746 5 4.55984 -80.9185 11.767
37 508.676 719.328 5 4.5686 -71.5758 -103.889
38 508.95 718.909 5 4.63164 -105.99 39.5203
39 509.223 718.491 5 4.74679 -104.854 -9.33153
40 509.497 718.072 5 4.9104 -118.803 -70.4749
