1 509.951 714.045 5 6.23877 -78.8037 43.9178
2 510.37 714.318 5 5.91593 -71.037 162.671
3 510.79 714.59 5 5.6191 -65.2141 105.082
4 511.209 714.862 5 5.3526 -64.5109 27.3097
5 511.628 715.135 5 5.12117 -61.2903 -158.086
6 512.048 715.407 5 4.92975 -62.6041 -103.002
7 512.467 715.679 5 4.78314 -66.4912 173.584
8 512.886 715.952 5 4.68556 -50.5877 34.8138
9 513.306 716.224 5 4.6401 -49.9573 109.229
10 513.725 716.496 5 4.64828 -62.2709 -146.363
11 514.144 716.769 5 4.70983 -51.9986 72.6654
12 514.564 717.041 5 4.82271 -82.0908 40.2679
13 514.983 717.313 5 4.98343 -87.8246 -178.26
14 509.679 714.465 5 5.87668 -73.7092 -96.9025
15 510.098 714.737 5 5.53276 -69.9909 -47.2979
16 510.517 715.009 5 5.21416 -63.0207 170.851
17 510.937 715.282 5 4.9258 -74.7673 -96.7548
18 511.356 715.554 5 4.67328 -65.7205 -176.849
19 511.775 715.826 5 4.46269 -62.1575 -22.8124
20 512.195 716.099 5 4.30018 -75.8294 168.621
21 512.614 716.371 5 4.19137 -50.637 -16.9583
22 513.033 716.643 5 4.14049 -50.9828 118.415
23 513.453 716.916 5 4.14966 -59.5115 87.8306
24 513.872 717.188 5 4.2185 -56.3558 21.929
25 514.291 717.46 5 4.34416 -55.4724 19.5628
26 514.711 717.733 5 4.52192 -53.6268 14.5702
27 509.406 714.884 5 5.53612 -80.226 30.8491
28 509.826 715.156 5 5.16958 -70.1614 96.406
29 510.245 715.429 5 4.82707 -71.5885 -2.6361
30 510.664 715.701 5 4.51405 -65.2574 119.308
31 511.084 715.973 5 4.23706 -65.2665 -54.9776
32 511.503 716.246 5 4.00359 -65.4428 14.5433
33 511.922 716.518 5 3.82162 -55.0179 -91.7987
34 512.342 716.79 5 3.69875 -55.5778 -32.9221
35 512.761 717.063 5 3.64099 -55.5236 87.9405
36 513.18 717.335 5 3.65142 -64.4129 45.7141
37 513.6 717.607 5 3.72946 -49.3384 172.261
38 514.019 717.88 5 3.87103 -55.9447 -140.467
39 514.438 718.152 5 4.06951 -49.8169 79.5146
40 509.134 715.303 5 5.22128 -67.6753 -59.1903
41 509.553 715.576 5 4.83092 -75.5512 66.1035
42 509.973 715.848 5 4.46249 -67.6598 26.8005
43 510.392 716.12 5 4.12187 -66.3959 122.344
44 510.811 716.393 5 3.81653 -66.6638 -95.7153
45 511.231 716.665 5 3.55554 -65.4185 -170.832
46 511.65 716.937 5 3.34932 -56.5039 -81.5635
47 512.069 717.21 5 3.20842 -63.2548 37.2855
48 512.489 717.482 5 3.14165 -59.0648 93.5913
49 512.908 717.754 5 3.15373 -54.8361 -55.7876
50 513.327 718.027 5 3.24377 -53.3726 82.7757
51 513.747 718.299 5 3.40559 -49.307 -70.3725
52 514.166 718.571 5 3.62962 -56.6927 104.186
53 508.862 715.723 5 4.9371 -66.2663 87.5096
54 509.281 715.995 5 4.52227 -68.9625 -8.40572
55 509.7 716.267 5 4.12638 -72.9285 -142.481
56 510.12 716.54 5 3.7554 -71.9113 -10.1292
57 510.539 716.812 5 3.41746 -66.3072 41.2442
58 510.958 717.084 5 3.12331 -67.2439 -47.7902
59 511.378 717.357 5 2.88636 -54.9757 -51.6052
60 511.797 717.629 5 2.7216 -56.624 -62.3604
61 512.216 717.901 5 2.64257 -53.4667 122.387
62 512.636 718.174 5 2.65691 -46.4882 147.961
63 513.055 718.446 5 2.76319 -45.2605 144.517
64 513.474 718.718 5 2.95148 -54.7795 -42.0081
65 513.894 718.991 5 3.20738 -53.9323 24.1815
66 508.589 716.142 5 4.68914 -78.6215 172.301
67 509.009 716.414 5 4.25019 -78.1685 -9.14443
68 509.428 716.687 5 3.82624 -76.8106 179.462
69 509.847 716.959 5 3.42289 -67.816 32.8191
70 510.267 717.231 5 3.04831 -67.7287 -136.457
71 510.686 717.504 5 2.71445 -71.1533 -5.67438
72 511.105 717.776 5 2.43809 -60.6911 -43.9882
73 511.525 718.048 5 2.2406 -63.3561 -61.7165
74 511.944 718.321 5 2.1439 -52.9597 171.557
75 512.363 718.593 5 2.16156 -63.9031 3.85675
76 512.783 718.865 5 2.29093 -46.9563 177.839
77 513.202 719.138 5 2.51484 -55.623 36.1277
78 513.621 719.41 5 2.81077 -59.9718 -94.5105
79 510.414 717.923 5 2.34124 -67.3712 48.2124
80 510.833 718.195 5 2.01431 -55.8922 -78.1982
81 511.672 718.74 5 1.64605 -39.082 129.307
82 512.091 719.012 5 1.66899 -46.5515 92.6708
83 512.51 719.285 5 1.83345 -49.0714 150.119
84 512.93 719.557 5 2.10656 -66.0414 -30.2013
85 513.349 719.829 5 2.45227 -58.0878 67.0125
86 510.141 718.342 5 2.0235 -55.704 90.2856
87 510.561 718.615 5 1.6342 -65.1204 -68.0311
88 511.399 719.159 5 1.15007 -49.6297 -25.9407
89 511.819 719.432 5 1.18266 -56.9768 -31.6017
90 512.238 719.704 5 1.40525 -44.8047 7.89904
91 512.657 719.976 5 1.74664 -60.2842 32.0418
92 513.077 720.249 5 2.15099 -63.9773 -29.2862
93 509.869 718.762 5 1.79101 -66.726 -17.0312
94 510.288 719.034 5 1.33558 -53.0444 89.6976
95 511.127 719.579 5 0.660167 -40.151 113.821
96 511.546 719.851 5 0.715438 -43.1675 -165.273
97 511.966 720.123 5 1.04302 -61.4357 49.6571
98 512.385 720.396 5 1.47102 -62.7657 -69.3798
99 512.804 720.668 5 1.93389 -59.8253 -61.5584
100 509.597 719.181 5 1.67955 -48.0043 108.681
101 510.016 719.453 5 1.18192 -44.0696 67.1035
102 509.324 719.6 5 1.71291 -38.1603 0.833107
103 509.744 719.873 5 1.22886 -39.9872 -53.5181
104 509.052 720.02 5 1.88341 -41.522 136.622
105 509.471 720.292 5 1.45714 -40.92 25.9399
