1 505.473 717.831 5 8.06442 -82.5665 -34.8545
2 505.747 717.412 5 8.1003 -79.4878 95.5661
3 506.02 716.994 5 8.16669 -81.6188 -30.2628
4 506.294 716.575 5 8.26285 -83.2339 88.132
5 506.567 716.157 5 8.38777 -80.3406 -71.592
6 505.891 718.104 5 7.56487 -76.0875 -57.3065
7 506.165 717.686 5 7.6031 -81.2484 163.489
8 506.439 717.267 5 7.6738 -77.7611 -91.8429
9 506.712 716.849 5 7.77606 -83.7808 85.4637
10 506.986 716.43 5 7.90867 -81.4848 -123.564
11 506.31 718.378 5 7.06538 -71.7576 -57.7674
12 506.584 717.96 5 7.1063 -79.873 77.2394
13 506.857 717.541 5 7.18189 -76.5346 -122.705
14 507.131 717.123 5 7.29105 -75.847 100.173
15 507.404 716.704 5 7.43232 -80.5868 -143.448
16 506.728 718.652 5 6.56597 -77.1567 -115.745
17 507.002 718.233 5 6.60998 -79.0063 133.225
18 507.276 717.815 5 6.69117 -73.5599 -82.2476
19 507.549 717.396 5 6.80821 -80.1007 64.6556
20 507.823 716.978 5 6.95929 -81.1696 -71.482
21 507.147 718.925 5 6.06665 -78.511 -101.463
22 507.421 718.507 5 6.11426 -69.0758 72.5093
23 507.694 718.088 5 6.20195 -75.4502 -144.13
24 507.968 717.67 5 6.32804 -75.994 98.7989
25 508.241 717.251 5 6.4903 -73.8537 -119.843
26 507.565 719.199 5 5.56746 -96.8184 141.368
27 507.839 718.78 5 5.6193 -85.2794 110.951
28 508.113 718.362 5 5.71458 -71.2957 -157.803
29 508.386 717.943 5 5.85119 -81.9507 30.5755
30 508.66 717.525 5 6.02631 -82.8036 -131.427
31 507.984 719.472 5 5.06842 -78.8647 7.59131
32 508.258 719.054 5 5.12531 -87.5086 57.5568
33 508.531 718.635 5 5.22961 -83.9757 70.9309
34 508.805 718.217 5 5.37855 -104.262 -60.8958
35 509.078 717.798 5 5.56855 -76.8106 -156.816
36 508.402 719.746 5 4.5696 -80.815 88.4528
37 508.676 719.328 5 4.63262 -81.4906 -155.297
38 508.95 718.909 5 4.74775 -118.901 -172.999
39 509.223 718.491 5 4.91132 -107.635 166.754
40 509.497 718.072 5 5.11869 -119.331 -169.228
