1 509.951 714.045 5 6.95426 -64.0405 167.835
2 510.37 714.318 5 6.59073 -80.3783 32.1175
3 510.79 714.59 5 6.2461 -69.6442 -52.005
4 511.209 714.862 5 5.92367 -66.3746 63.4778
5 511.628 715.135 5 5.62725 -60.5126 56.4343
6 512.048 715.407 5 5.36116 -57.2411 23.3017
7 512.467 715.679 5 5.13012 -51.9746 70.9116
8 512.886 715.952 5 4.93905 -49.9397 97.2621
9 513.306 716.224 5 4.79273 -50.052 153.903
10 513.725 716.496 5 4.69536 -41.8689 87.878
11 514.144 716.769 5 4.65 -52.7888 20.8865
12 514.564 717.041 5 4.65817 -65.0665 -33.3807
13 514.983 717.313 5 4.7196 -50.5639 -145.519
14 509.679 714.465 5 6.63061 -60.7735 140.915
15 510.098 714.737 5 6.24828 -64.0052 113.794
16 510.517 715.009 5 5.88363 -58.8537 130.788
17 510.937 715.282 5 5.54014 -63.6537 58.9538
18 511.356 715.554 5 5.222 -62.0928 60.4518
19 511.775 715.826 5 4.9341 -65.4421 114.033
20 512.195 716.099 5 4.68203 -60.1484 -150.613
21 512.614 716.371 5 4.47185 -48.812 -57.4771
22 513.033 716.643 5 4.30971 -56.397 -36.9413
23 513.453 716.916 5 4.20115 -46.8377 96.9206
24 513.872 717.188 5 4.15039 -45.7792 -133.019
25 514.291 717.46 5 4.15954 -42.2189 -148.122
26 514.711 717.733 5 4.22822 -52.7659 -12.3112
27 509.406 714.884 5 6.32994 -63.7151 -153.808
28 509.826 715.156 5 5.92826 -55.9698 -62.4475
29 510.245 715.429 5 5.54259 -60.5522 175.901
30 510.664 715.701 5 5.17653 -60.5229 -73.743
31 511.084 715.973 5 4.83451 -70.6012 31.6152
32 511.503 716.246 5 4.52201 -62.2308 -124.437
33 511.922 716.518 5 4.24555 -57.2776 -99.1519
34 512.342 716.79 5 4.01257 -53.7138 -96.5131
35 512.761 717.063 5 3.83103 -60.7527 -99.7543
36 513.18 717.335 5 3.70849 -47.9708 85.7161
37 513.6 717.607 5 3.65089 -53.9775 -88.0868
38 514.019 717.88 5 3.66129 -48.8919 -118.582
39 514.438 718.152 5 3.73914 -50.951 -21.9446
40 509.134 715.303 5 6.05569 -64.5955 5.76155
41 509.553 715.576 5 5.63449 -67.5367 -103.072
42 509.973 715.848 5 5.2272 -68.6206 20.4892
43 510.392 716.12 5 4.83732 -58.8609 -68.0984
44 510.811 716.393 5 4.46942 -59.7709 155.285
45 511.231 716.665 5 4.12939 -50.8628 -89.3837
46 511.65 716.937 5 3.82465 -59.3837 0.77879
47 512.069 717.21 5 3.56427 -55.5138 49.4669
48 512.489 717.482 5 3.35858 -53.6064 -76.7059
49 512.908 717.754 5 3.2181 -51.3081 -0.643816
50 513.327 718.027 5 3.15154 -56.9204 154.566
51 513.747 718.299 5 3.16359 -44.2506 -162.216
52 514.166 718.571 5 3.25337 -42.6572 -172.501
53 508.862 715.723 5 5.8116 -73.8717 113.097
54 509.281 715.995 5 5.37129 -64.8686 105.798
55 509.7 716.267 5 4.94235 -67.7307 135.817
56 510.12 716.54 5 4.52802 -60.4331 98.1063
57 510.539 716.812 5 4.13268 -63.6755 57.9286
58 510.958 717.084 5 3.76233 -51.4225 -40.4456
59 511.378 717.357 5 3.42508 -53.5893 104.877
60 511.797 717.629 5 3.13165 -57.7347 -60.2891
61 512.216 717.901 5 2.8954 -50.4975 -46.7641
62 512.636 718.174 5 2.73119 -52.4851 -44.2462
63 513.055 718.446 5 2.65245 -52.7911 -141.902
64 513.474 718.718 5 2.66675 -43.373 162.003
65 513.894 718.991 5 2.77266 -41.5861 134.335
66 508.589 716.142 5 5.6016 -74.874 -106.669
67 509.009 716.414 5 5.14335 -74.2983 60.9904
68 509.428 716.687 5 4.69363 -66.3209 -103.846
69 509.847 716.959 5 4.25514 -62.0056 110.325
70 510.267 717.231 5 3.83175 -61.6312 -139.787
71 510.686 717.504 5 3.42905 -53.1271 54.3662
72 511.105 717.776 5 3.05523 -52.1941 43.2242
73 511.525 718.048 5 2.72223 -56.0553 -47.5926
74 511.944 718.321 5 2.44675 -59.422 116.732
75 512.363 718.593 5 2.25004 -45.631 -140.285
76 512.783 718.865 5 2.15378 -47.2095 -147.149
77 513.202 719.138 5 2.17137 -41.8876 146.623
78 513.621 719.41 5 2.3002 -41.0666 90.4461
79 510.414 717.923 5 3.14032 -62.7202 158.382
80 510.833 718.195 5 2.72721 -55.9477 143.872
81 511.672 718.74 5 2.02234 -52.1475 -89.4836
82 512.091 719.012 5 1.77931 -53.2047 -146.571
83 512.51 719.285 5 1.6559 -44.0997 168.181
84 512.93 719.557 5 1.67872 -41.2622 95.1835
85 513.349 719.829 5 1.84233 -47.0808 -23.0111
86 510.141 718.342 5 2.90944 -56.326 88.9283
87 510.561 718.615 5 2.45783 -58.9964 -169.73
88 511.399 719.159 5 1.64107 -54.1203 -38.0155
89 511.819 719.432 5 1.33011 -45.0939 66.5767
90 512.238 719.704 5 1.15986 -43.7856 179.311
91 512.657 719.976 5 1.1922 -40.7289 40.8403
92 513.077 720.249 5 1.4133 -44.2135 -113.641
93 509.869 718.762 5 2.75102 -57.6368 -154.893
94 510.288 719.034 5 2.26808 -64.9685 -174.773
95 511.127 719.579 5 1.34029 -59.2527 -144.373
96 511.546 719.851 5 0.934047 -45.8365 -125.118
97 511.966 720.123 5 0.669719 -40.6779 158.079
98 512.385 720.396 5 0.724295 -38.4449 -63.0385
99 512.804 720.668 5 1.04913 -42.3021 -39.0469
100 509.597 719.181 5 2.67794 -59.1349 148.411
101 510.016 719.453 5 2.17887 -70.234 149.587
102 509.324 719.6 5 2.69715 -44.8455 -85.396
103 509.744 719.873 5 2.20244 -43.877 -89.2531
104 509.052 720.02 5 2.80676 -43.1013 -71.4942
105 509.471 720.292 5 2.33538 -40.3919 -174.058
