1 509.951 714.045 5 10.493 -93.5179 150.189
2 510.37 714.318 5 10.1552 -86.7212 145.29
3 510.79 714.59 5 9.83114 -85.3542 28.8751
4 511.209 714.862 5 9.52235 -80.4671 -57.8915
5 511.628 715.135 5 9.23032 -88.803 33.3469
6 512.048 715.407 5 8.95671 -89.0795 -103.476
7 512.467 715.679 5 8.70324 -85.4349 43.2235
8 512.886 715.952 5 8.47173 -84.9927 151.495
9 513.306 716.224 5 8.26402 -91.5976 -82.8434
10 513.725 716.496 5 8.08195 -96.5464 122.313
11 514.144 716.769 5 7.92727 -87.3539 146.122
12 514.564 717.041 5 7.80163 -125.544 -106.215
13 514.983 717.313 5 7.70644 -126.07 171.547
14 509.679 714.465 5 10.1363 -91.3514 21.3657
15 510.098 714.737 5 9.78618 -90.9409 -79.2668
16 510.517 715.009 5 9.4495 -90.8906 -103.15
17 510.937 715.282 5 9.1278 -81.3264 -67.3808
18 511.356 715.554 5 8.82273 -88.448 -57.371
19 511.775 715.826 5 8.53606 -81.6314 -152.342
20 512.195 716.099 5 8.26972 -92.1678 -141.615
21 512.614 716.371 5 8.02571 -77.8886 -164.487
22 513.033 716.643 5 7.80614 -87.4199 64.6691
23 513.453 716.916 5 7.61312 -92.6378 -86.742
24 513.872 717.188 5 7.44872 -92.1931 -45.1541
25 514.291 717.46 5 7.31486 -86.9437 98.0565
26 514.711 717.733 5 7.21325 -84.6525 87.2487
27 509.406 714.884 5 9.7922 -88.1532 -177.994
28 509.826 715.156 5 9.42926 -88.507 6.40134
29 510.245 715.429 5 9.07936 -86.2547 -81.8693
30 510.664 715.701 5 8.74406 -90.1067 -135.34
31 511.084 715.973 5 8.4251 -86.2887 -61.9434
32 511.503 716.246 5 8.12442 -86.6537 -135.302
33 511.922 716.518 5 7.8441 -85.4151 38.7847
34 512.342 716.79 5 7.58642 -82.6307 -54.8958
35 512.761 717.063 5 7.35374 -86.4369 -45.1538
36 513.18 717.335 5 7.14852 -91.7096 -118.445
37 513.6 717.607 5 6.97317 -95.039 -178.342
38 514.019 717.88 5 6.83 -90.3017 8.38357
39 514.438 718.152 5 6.72106 -79.6249 -34.5751
40 509.134 715.303 5 9.46197 -91.9549 -161.552
41 509.553 715.576 5 9.08585 -91.8136 152.925
42 509.973 715.848 5 8.72218 -94.7864 90.7618
43 510.392 716.12 5 8.37259 -91.5851 92.876
44 510.811 716.393 5 8.03891 -79.3541 -76.7231
45 511.231 716.665 5 7.7232 -84.1707 -134.667
46 511.65 716.937 5 7.42776 -78.322 84.4145
47 512.069 717.21 5 7.1551 -84.4864 177.666
48 512.489 717.482 5 6.90791 -87.4298 121.619
49 512.908 717.754 5 6.68902 -82.8377 101.378
50 513.327 718.027 5 6.5013 -84.7525 113.579
51 513.747 718.299 5 6.34749 -90.8272 146.91
52 514.166 718.571 5 6.23012 -84.0714 9.40191
53 508.862 715.723 5 9.14717 -102.798 -32.3494
54 509.281 715.995 5 8.75754 -94.7149 153.85
55 509.7 716.267 5 8.37963 -97.577 -176.714
56 510.12 716.54 5 8.01511 -89.3664 147.277
57 510.539 716.812 5 7.66589 -90.2954 92.1575
58 510.958 717.084 5 7.33414 -94.4857 178.165
59 511.378 717.357 5 7.02235 -95.4146 125.862
60 511.797 717.629 5 6.73329 -88.1206 -143.095
61 512.216 717.901 5 6.47001 -87.4501 64.462
62 512.636 718.174 5 6.23577 -84.7003 -55.1788
63 513.055 718.446 5 6.03395 -88.3675 64.4032
64 513.474 718.718 5 5.86791 -91.4862 143.294
65 513.894 718.991 5 5.74075 -88.9662 -154.557
66 508.589 716.142 5 8.84943 -90.319 -66.0339
67 509.009 716.414 5 8.44608 -96.7039 118.164
68 509.428 716.687 5 8.05357 -97.4378 83.1567
69 509.847 716.959 5 7.67358 -96.9495 -111.762
70 510.267 717.231 5 7.30805 -95.3501 -151.432
71 510.686 717.504 5 6.95926 -80.1424 -164.792
72 511.105 717.776 5 6.62987 -86.7436 156.979
73 511.525 718.048 5 6.32289 -97.2592 -88.0162
74 511.944 718.321 5 6.04175 -88.2809 52.1118
75 512.363 718.593 5 5.79021 -90.2834 -88.7879
76 512.783 718.865 5 5.57228 -94.8122 -31.5085
77 513.202 719.138 5 5.39204 -97.4188 -78.0343
78 513.621 719.41 5 5.25337 -88.8693 119.905
79 510.414 717.923 5 6.60099 -85.7343 -160.141
80 510.833 718.195 5 6.25275 -84.6311 101.747
81 511.672 718.74 5 5.62534 -94.4482 27.0298
82 512.091 719.012 5 5.35428 -86.084 -28.07
83 512.51 719.285 5 5.11782 -96.9389 -142.833
84 512.93 719.557 5 4.92096 -87.2878 -13.7503
85 513.349 719.829 5 4.76861 -90.95 -100.232
86 510.141 718.342 5 6.26218 -72.1101 -157.659
87 510.561 718.615 5 5.89395 -86.2765 170.127
88 511.399 719.159 5 5.22362 -93.3218 21.1948
89 511.819 719.432 5 4.93052 -95.6405 78.0054
90 512.238 719.704 5 4.67267 -86.1403 51.8844
91 512.657 719.976 5 4.45619 -88.4988 44.7215
92 513.077 720.249 5 4.28735 -86.3185 140.752
93 509.869 718.762 5 5.94614 -85.0854 127.912
94 510.288 719.034 5 5.55701 -86.5084 118.696
95 511.127 719.579 5 4.84024 -83.5602 -142.161
96 511.546 719.851 5 4.52236 -119.776 -110.839
97 511.966 720.123 5 4.23976 -83.5508 141.641
98 512.385 720.396 5 3.99992 -83.9605 -93.8216
99 512.804 720.668 5 3.81092 -127.339 155.293
100 509.597 719.181 5 5.65671 -90.2791 -77.3404
101 510.016 719.453 5 5.24615 -82.314 -135.076
102 509.324 719.6 5 5.39815 -92.363 43.5703
103 509.744 719.873 5 4.96627 -80.424 -140.691
104 509.052 720.02 5 5.17511 -74.0672 123.453
105 509.471 720.292 5 4.72288 -90.6615 -163.823
