1 509.951 714.045 5 7.73312 -57.6696 -91.9141
2 510.37 714.318 5 7.34011 -66.9803 45.1501
3 510.79 714.59 5 6.96084 -64.9159 17.4803
4 511.209 714.862 5 6.59769 -56.6173 -76.8895
5 511.628 715.135 5 6.25345 -54.632 -155.833
6 512.048 715.407 5 5.93142 -59.5095 38.2349
7 512.467 715.679 5 5.63541 -53.1351 130.569
8 512.886 715.952 5 5.36973 -50.7771 -115.133
9 513.306 716.224 5 5.13908 -54.1108 -158.539
10 513.725 716.496 5 4.94836 -58.163 150.368
11 514.144 716.769 5 4.80233 -54.1998 7.24455
12 514.564 717.041 5 4.70516 -65.1975 171.951
13 514.983 717.313 5 4.6599 -70.2928 -107.095
14 509.679 714.465 5 7.44274 -63.2944 -31.3786
15 510.098 714.737 5 7.03353 -56.7884 156.78
16 510.517 715.009 5 6.63677 -63.9119 -165.92
17 510.937 715.282 5 6.25482 -63.8233 -162.107
18 511.356 715.554 5 5.89058 -55.4843 161.466
19 511.775 715.826 5 5.54753 -58.7355 53.5501
20 512.195 716.099 5 5.22984 -55.7159 -124.075
21 512.614 716.371 5 4.9424 -52.7958 -45.7517
22 513.033 716.643 5 4.69079 -49.9657 39.4658
23 513.453 716.916 5 4.48103 -57.121 145.152
24 513.872 717.188 5 4.31923 -53.4002 18.6089
25 514.291 717.46 5 4.21092 -61.3936 33.7156
26 514.711 717.733 5 4.16029 -68.9025 -6.20724
27 509.406 714.884 5 7.1755 -59.7504 -8.61316
28 509.826 715.156 5 6.75011 -58.0292 -147.112
29 510.245 715.429 5 6.33562 -64.2183 16.3498
30 510.664 715.701 5 5.93432 -62.9867 65.8356
31 511.084 715.973 5 5.54908 -60.3386 70.4837
32 511.503 716.246 5 5.18348 -52.3475 35.7465
33 511.922 716.518 5 4.84196 -52.9351 -69.7863
34 512.342 716.79 5 4.52998 -52.1389 112.636
35 512.761 717.063 5 4.25404 -54.0461 -62.412
36 513.18 717.335 5 4.02156 -61.3642 167.822
37 513.6 717.607 5 3.84045 -57.7038 -33.298
38 514.019 717.88 5 3.71823 -52.7582 161.064
39 514.438 718.152 5 3.66078 -65.3923 18.8831
40 509.134 715.303 5 6.93406 -65.1187 -83.469
41 509.553 715.576 5 6.49286 -62.7793 105.525
42 509.973 715.848 5 6.06081 -60.9517 -19.3748
43 510.392 716.12 5 5.63999 -55.9874 164.211
44 510.811 716.393 5 5.23313 -58.7028 -56.5489
45 511.231 716.665 5 4.84374 -57.5317 -32.2299
46 511.65 716.937 5 4.47637 -49.827 -54.853
47 512.069 717.21 5 4.13691 -52.2812 177.453
48 512.489 717.482 5 3.83278 -52.3245 -62.4067
49 512.908 717.754 5 3.573 -48.1923 1.81492
50 513.327 718.027 5 3.36785 -56.4361 -26.5079
51 513.747 718.299 5 3.22778 -60.0311 125.065
52 514.166 718.571 5 3.16144 -54.7539 -27.0876
53 508.862 715.723 5 6.7212 -70.8704 -102.842
54 509.281 715.995 5 6.26503 -79.62 142.261
55 509.7 716.267 5 5.81608 -72.7693 -177.486
56 510.12 716.54 5 5.37614 -62.8739 98.4583
57 510.539 716.812 5 4.94763 -65.1439 21.2041
58 510.958 717.084 5 4.53378 -59.1876 -169.508
59 511.378 717.357 5 4.13899 -61.3554 172.226
60 511.797 717.629 5 3.76927 -55.0201 116.286
61 512.216 717.901 5 3.43271 -50.3614 51.7577
62 512.636 718.174 5 3.14001 -50.3452 -134.095
63 513.055 718.446 5 2.90444 -67.7265 -0.679936
64 513.474 718.718 5 2.74078 -51.397 152.084
65 513.894 718.991 5 2.66234 -53.0581 175.235
66 508.589 716.142 5 6.53971 -77.3431 -177.486
67 509.009 716.414 5 6.06992 -79.8525 -133.07
68 509.428 716.687 5 5.60536 -64.6086 129.337
69 509.847 716.959 5 5.14745 -61.6223 -39.0456
70 510.267 717.231 5 4.69812 -56.7598 -166.652
71 510.686 717.504 5 4.2601 -58.4772 28.8384
72 511.105 717.776 5 3.83727 -69.6582 -152.981
73 511.525 718.048 5 3.43522 -53.8596 64.8103
74 511.944 718.321 5 3.06217 -50.27 22.3696
75 512.363 718.593 5 2.73002 -43.5011 -110.598
76 512.783 718.865 5 2.45543 -45.6393 -26.4192
77 513.202 719.138 5 2.25948 -51.5496 146.073
78 513.621 719.41 5 2.16365 -57.6778 86.6527
79 510.414 717.923 5 4.03012 -60.1774 114.085
80 510.833 718.195 5 3.58022 -63.7902 144.432
81 511.672 718.74 5 2.73317 -51.4158 -53.9544
82 512.091 719.012 5 2.35507 -55.0849 -15.2106
83 512.51 719.285 5 2.03039 -47.0338 178.49
84 512.93 719.557 5 1.78846 -46.6927 142.254
85 513.349 719.829 5 1.66575 -59.3032 -87.1379
86 510.141 718.342 5 3.85165 -57.3303 148.59
87 510.561 718.615 5 3.37806 -63.5671 -179.354
88 511.399 719.159 5 2.46243 -57.651 73.2075
89 511.819 719.432 5 2.03462 -51.5261 135.176
90 512.238 719.704 5 1.64797 -41.2107 179.707
91 512.657 719.976 5 1.33864 -44.3966 -15.2883
92 513.077 720.249 5 1.16965 -55.5054 -14.0871
93 509.869 718.762 5 3.73209 -56.7527 -177.627
94 510.288 719.034 5 3.24109 -61.117 -111.252
95 511.127 719.579 5 2.27088 -62.7235 -64.0338
96 511.546 719.851 5 1.79806 -43.2305 -22.8864
97 511.966 720.123 5 1.34505 -53.1417 -22.3628
98 512.385 720.396 5 0.9409 -43.521 71.3923
99 512.804 720.668 5 0.679281 -40.1618 -54.6086
100 509.597 719.181 5 3.67721 -56.5409 -119.006
101 510.016 719.453 5 3.17774 -90.2335 39.4581
102 509.324 719.6 5 3.68988 -47.7311 -79.3786
103 509.744 719.873 5 3.19239 -53.7342 -83.9242
104 509.052 720.02 5 3.76943 -50.4934 80.1106
105 509.471 720.292 5 3.28401 -54.58 -2.99123
