1 514.644 719.84 5 3.02765 -65.826 -60.2028
2 514.371 720.259 5 2.6589 -73.2744 -96.1056
3 514.097 720.678 5 2.33941 -78.8949 112.893
4 513.824 721.096 5 2.09187 -68.1188 9.48196
5 513.551 721.515 5 1.94397 -64.9839 112.511
6 513.278 721.934 5 1.91889 -46.2447 146.157
7 513.004 722.353 5 2.02119 -50.3325 145.709
8 512.731 722.771 5 2.23345 -49.016 -55.5283
9 512.458 723.19 5 2.52813 -55.5515 63.1914
10 512.185 723.609 5 2.88002 -59.4491 -48.3229
11 515.063 720.113 5 3.36592 -66.8117 0.518818
12 514.789 720.532 5 3.0385 -73.4108 -54.5359
13 514.516 720.951 5 2.76326 -60.5472 12.695
14 514.243 721.37 5 2.55709 -66.6301 33.7286
15 513.97 721.788 5 2.43758 -73.0547 50.1357
16 513.696 722.207 5 2.41762 -49.0317 158.408
17 513.423 722.626 5 2.4996 -48.7215 -149.711
18 513.15 723.045 5 2.67415 -50.073 28.5945
19 512.877 723.463 5 2.92475 -62.9322 25.1601
20 512.603 723.882 5 3.23377 -59.4283 -102.851
21 515.481 720.387 5 3.74061 -62.7232 75.4559
22 515.208 720.805 5 3.44895 -59.9491 -178.987
23 514.935 721.224 5 3.20911 -64.3391 106.823
24 514.662 721.643 5 3.03339 -67.9928 103.825
25 514.388 722.062 5 2.93335 -62.3531 -39.0073
26 514.115 722.48 5 2.91679 -58.6204 -173.824
27 513.842 722.899 5 2.98509 -49.3335 -152.518
28 513.568 723.318 5 3.13271 -53.6538 -162.719
29 513.295 723.737 5 3.34917 -50.4199 -63.3832
30 513.022 724.155 5 3.62216 -63.1142 124.525
31 515.9 720.66 5 4.14185 -67.8011 113.387
32 515.627 721.079 5 3.88047 -64.7336 -154.141
33 515.353 721.497 5 3.66894 -66.0741 -85.9351
34 515.08 721.916 5 3.51628 -67.9461 163.156
35 514.807 722.335 5 3.43036 -61.702 38.2631
36 514.534 722.754 5 3.4162 -54.0941 -147.449
37 514.26 723.172 5 3.4747 -52.2249 -43.0314
38 513.987 723.591 5 3.60231 -62.8738 -71.2141
39 516.319 720.933 5 4.56264 -65.9626 -101.407
40 516.045 721.352 5 4.32676 -81.6677 -156.018
41 515.772 721.771 5 4.13811 -63.6345 -88.4969
42 515.499 722.189 5 4.00338 -67.4333 159.841
43 515.226 722.608 5 3.92812 -55.7327 80.1126
44 514.952 723.027 5 3.91576 -47.7006 -177.674
45 514.679 723.446 5 3.9669 -57.7422 -7.54115
46 514.406 723.864 5 4.07914 -124.422 -95.3214
47 516.737 721.206 5 4.99805 -61.5949 92.4815
48 516.464 721.625 5 4.78368 -68.6619 61.192
49 516.191 722.044 5 4.61375 -60.507 -15.8551
50 515.918 722.463 5 4.4933 -59.754 161.343
51 515.644 722.881 5 4.42638 -60.103 60.729
52 515.371 723.3 5 4.41542 -55.5944 158.543
53 515.098 723.719 5 4.46084 -55.3516 -8.98706
54 514.825 724.138 5 4.56094 -149.089 173.967
55 517.156 721.48 5 5.44456 -66.1322 137.6
56 516.883 721.898 5 5.24846 -63.3641 93.6606
57 516.61 722.317 5 5.09406 -58.0025 -39.2664
58 516.336 722.736 5 4.98523 -56.9355 127.664
59 516.063 723.155 5 4.925 -55.2851 175.066
60 515.79 723.573 5 4.91515 -50.3255 170.471
61 515.517 723.992 5 4.95599 -56.9852 18.8673
62 515.243 724.411 5 5.04628 -150.611 164.505
63 517.575 721.753 5 5.89966 -62.0155 -162.473
64 517.302 722.172 5 5.71919 -58.4341 96.4541
65 517.028 722.59 5 5.57783 -58.2554 -90.6886
66 516.755 723.009 5 5.47862 -64.1023 46.1287
67 516.482 723.428 5 5.42387 -60.6281 147.801
68 516.209 723.847 5 5.41493 -52.9199 -167.529
69 515.935 724.265 5 5.45203 -54.961 10.4315
70 515.662 724.684 5 5.53423 -78.3467 -22.1593
71 517.994 722.026 5 6.36151 -65.4786 98.2689
72 517.72 722.445 5 6.19451 -60.8541 51.2601
73 517.447 722.864 5 6.06424 -57.7075 -155.804
74 517.174 723.282 5 5.97311 -64.7436 -150.788
75 516.901 723.701 5 5.92294 -58.8492 158.703
76 516.627 724.12 5 5.91475 -56.1298 -165.712
77 516.354 724.539 5 5.94873 -58.7588 82.2671
78 516.081 724.957 5 6.02416 -59.9475 140.916
