1 505.473 717.831 5 8.16866 -102.649 60.3279
2 505.747 717.412 5 8.2648 -99.997 -24.208
3 506.02 716.994 5 8.38969 -100.549 145.204
4 506.294 716.575 5 8.54206 -102.295 -63.5309
5 506.567 716.157 5 8.72048 -113.758 66.0293
6 505.891 718.104 5 7.67576 -102.589 164.284
7 506.165 717.686 5 7.778 -105.115 66.7122
8 506.439 717.267 5 7.91058 -104.329 -73.3007
9 506.712 716.849 5 8.072 -108.486 78.9941
10 506.986 716.43 5 8.26058 -107.833 -149.279
11 506.31 718.378 5 7.18385 -116.101 127.307
12 506.584 717.96 5 7.29298 -107.505 -73.1849
13 506.857 717.541 5 7.43422 -104.071 -83.3911
14 507.131 717.123 5 7.60576 -95.3217 81.6948
15 507.404 716.704 5 7.8056 -109.864 -150.537
16 506.728 718.652 5 6.69313 -104.209 63.0544
17 507.002 718.233 5 6.81014 -98.3256 -58.2066
18 507.276 717.815 5 6.96117 -98.2042 169.493
19 507.549 717.396 5 7.14408 -99.9782 -20.306
20 507.823 716.978 5 7.35648 -100.112 122.827
21 507.147 718.925 5 6.2039 -99.5667 97.9418
22 507.421 718.507 5 6.32995 -102.834 22.526
23 507.694 718.088 5 6.49217 -101.521 -42.8756
24 507.968 717.67 5 6.68791 -107.481 176.7
25 508.241 717.251 5 6.91434 -98.6224 11.0112
26 507.565 719.199 5 5.71653 -104.994 -60.5408
27 507.839 718.78 5 5.85309 -103.536 -42.5389
28 508.113 718.362 5 6.02815 -106.187 -101.296
29 508.386 717.943 5 6.23847 -109.592 -79.3986
30 508.66 717.525 5 6.48062 -97.1618 50.4471
31 507.984 719.472 5 5.23154 -101.496 -138.316
32 508.258 719.054 5 5.38042 -101.382 5.63633
33 508.531 718.635 5 5.57036 -112.257 1.84388
34 508.805 718.217 5 5.79731 -108.225 111.336
35 509.078 717.798 5 6.05713 -110.13 -63.0705
36 508.402 719.746 5 4.74967 -112.188 -137.235
37 508.676 719.328 5 4.91317 -101.861 73.7651
38 508.95 718.909 5 5.12047 -124.816 -117.834
39 509.223 718.491 5 5.36649 -124.607 -60.7256
40 509.497 718.072 5 5.64616 -140.693 -8.88996
