1 514.644 719.84 5 3.73575 -95.4159 88.5265
2 514.371 720.259 5 3.4448 -113.889 170.882
3 514.097 720.678 5 3.20585 -100.828 16.2668
4 513.824 721.096 5 3.03122 -97.7142 92.2041
5 513.551 721.515 5 2.93242 -107.032 -66.9577
6 513.278 721.934 5 2.91718 -78.1422 0.666387
7 513.004 722.353 5 2.98676 -80.3094 -95.9344
8 512.731 722.771 5 3.13553 -81.7843 -63.4004
9 512.458 723.19 5 3.35296 -77.531 80.3795
10 512.185 723.609 5 3.62673 -72.6117 -87.1778
11 515.063 720.113 5 4.13746 -98.8488 -97.3323
12 514.789 720.532 5 3.87678 -94.0361 80.5984
13 514.516 720.951 5 3.66609 -120.132 -22.2966
14 514.243 721.37 5 3.5144 -125.693 -99.6633
15 513.97 721.788 5 3.42955 -92.2623 85.9338
16 513.696 722.207 5 3.41653 -89.2582 -134.016
17 513.423 722.626 5 3.47613 -96.8355 137.291
18 513.15 723.045 5 3.60476 -81.3057 155.05
19 512.877 723.463 5 3.7954 -87.6042 156.53
20 512.603 723.882 5 4.03929 -83.9746 75.8161
21 515.481 720.387 5 4.55865 -92.4177 86.9003
22 515.208 720.805 5 4.32344 -92.6228 113.202
23 514.935 721.224 5 4.13557 -116.384 167.746
24 514.662 721.643 5 4.00172 -99.0638 -61.9099
25 514.388 722.062 5 3.92741 -90.3075 127.395
26 514.115 722.48 5 3.91604 -88.7705 104.251
27 513.842 722.899 5 3.96815 -89.6527 -92.0303
28 513.568 723.318 5 4.0813 -80.8206 156.723
29 513.295 723.737 5 4.25063 -83.3601 145.98
30 513.022 724.155 5 4.46975 -83.0678 89.7633
31 515.9 720.66 5 4.9944 -99.4874 139.686
32 515.627 721.079 5 4.78068 -91.6521 -61.8195
33 515.353 721.497 5 4.61147 -97.0978 -162.496
34 515.08 721.916 5 4.49183 -90.0008 -113.783
35 514.807 722.335 5 4.42576 -82.7877 -0.60974
36 514.534 722.754 5 4.41567 -85.1965 -136.964
37 514.26 723.172 5 4.46194 -79.0609 63.3747
38 513.987 723.591 5 4.56287 -76.2264 179.38
39 516.319 720.933 5 5.44121 -99.4429 146.048
40 516.045 721.352 5 5.24572 -103.087 -1.29341
41 515.772 721.771 5 5.092 -92.0142 44.0289
42 515.499 722.189 5 4.9839 -96.5364 27.8662
43 515.226 722.608 5 4.92444 -89.6381 -172.854
44 514.952 723.027 5 4.91537 -96.1982 -148.017
45 514.679 723.446 5 4.95698 -91.2999 -123.548
46 514.406 723.864 5 5.04802 -250 0
47 516.737 721.206 5 5.89657 -88.1962 70.6602
48 516.464 721.625 5 5.71667 -101.909 161.212
49 516.191 722.044 5 5.57595 -94.4593 46.393
50 515.918 722.463 5 5.47741 -92.4469 -177.178
51 515.644 722.881 5 5.42336 -89.1691 -36.636
52 515.371 723.3 5 5.41513 -82.2967 56.8532
53 515.098 723.719 5 5.45293 -78.9422 -145.395
54 514.825 724.138 5 5.53581 -250 0
55 517.156 721.48 5 6.35864 -92.7936 98.8963
56 516.883 721.898 5 6.19218 -103.663 3.24097
57 516.61 722.317 5 6.0625 -91.042 -59.4249
58 516.336 722.736 5 5.972 -91.6792 53.3887
59 516.063 723.155 5 5.92246 -84.9966 -133.406
60 515.79 723.573 5 5.91493 -87.8706 49.5649
61 515.517 723.992 5 5.94955 -100.911 -36.3888
62 515.243 724.411 5 6.02561 -250 0
63 517.575 721.753 5 6.82606 -103.627 -33.8996
64 517.302 722.172 5 6.67127 -85.727 40.3751
65 517.028 722.59 5 6.55108 -107.256 22.6819
66 516.755 723.009 5 6.46742 -97.1196 -76.7078
67 516.482 723.428 5 6.4217 -91.4893 135.44
68 516.209 723.847 5 6.41476 -86.3502 -73.0462
69 515.935 724.265 5 6.4467 -100.37 42.3756
70 515.662 724.684 5 6.51696 -105.071 -79.8584
71 517.994 722.026 5 7.29779 -96.1896 114.53
72 517.72 722.445 5 7.15322 -87.4978 -102.029
73 517.447 722.864 5 7.04126 -89.6504 107.996
74 517.174 723.282 5 6.96349 -84.6866 -37.1012
75 516.901 723.701 5 6.92106 -94.5099 57.8339
76 516.627 724.12 5 6.91461 -95.1029 -54.1932
77 516.354 724.539 5 6.94425 -100.905 23.3684
78 516.081 724.957 5 7.00953 -107.181 -89.1125
