1 514.644 719.84 5 4.77913 -91.3992 -47.7898
2 514.371 720.259 5 4.4351 -82.8609 -128.75
3 514.097 720.678 5 4.12312 -83.2207 38.4412
4 513.824 721.096 5 3.85099 -96.1968 -131.815
5 513.551 721.515 5 3.62769 -79.5788 122.595
6 513.278 721.934 5 3.46268 -86.0884 170.307
7 513.004 722.353 5 3.36455 -78.9074 -42.6302
8 512.731 722.771 5 3.33919 -79.9715 143.01
9 512.458 723.19 5 3.38825 -53.1413 -87.8859
10 512.185 723.609 5 3.5086 -50.3222 16.7663
11 515.063 720.113 5 5.14085 -79.441 -11.5809
12 514.789 720.532 5 4.82269 -93.6141 27.7564
13 514.516 720.951 5 4.53744 -85.38 176.569
14 514.243 721.37 5 4.29167 -91.7834 11.1321
15 513.97 721.788 5 4.09248 -104.603 -101.773
16 513.696 722.207 5 3.94695 -74.536 103.084
17 513.423 722.626 5 3.86114 -76.2212 -15.7222
18 513.15 723.045 5 3.83907 -71.7549 86.3013
19 512.877 723.463 5 3.88181 -54.5771 -174.765
20 512.603 723.882 5 3.98729 -62.8467 145.88
21 515.481 720.387 5 5.52418 -79.9588 146.507
22 515.208 720.805 5 5.2294 -92.7569 -90.9872
23 514.935 721.224 5 4.96756 -130.259 140.596
24 514.662 721.643 5 4.74411 -91.1876 -17.8613
25 514.388 722.062 5 4.56472 -87.5949 37.5796
26 514.115 722.48 5 4.43471 -87.6315 -62.8554
27 513.842 722.899 5 4.35852 -83.562 -132.989
28 513.568 723.318 5 4.33897 -55.669 -26.4357
29 513.295 723.737 5 4.37684 -68.6024 143.311
30 513.022 724.155 5 4.47065 -56.8558 125.049
31 515.9 720.66 5 5.92493 -82.0771 169.712
32 515.627 721.079 5 5.65109 -95.4868 159.609
33 515.353 721.497 5 5.4097 -82.213 -15.2445
34 515.08 721.916 5 5.20527 -90.2826 -44.9862
35 514.807 722.335 5 5.04231 -79.4504 68.3018
36 514.534 722.754 5 4.92493 -77.0239 59.7552
37 514.26 723.172 5 4.85643 -55.969 128.549
38 513.987 723.591 5 4.8389 -58.151 -124.082
39 516.319 720.933 5 6.3398 -84.2483 16.5554
40 516.045 721.352 5 6.08466 -91.0253 98.0431
41 515.772 721.771 5 5.86115 -90.4981 0.0136228
42 515.499 722.189 5 5.67301 -87.1973 145.237
43 515.226 722.608 5 5.52387 -79.6387 -117.333
44 514.952 723.027 5 5.41693 -74.7382 32.5838
45 514.679 723.446 5 5.35473 -58.717 34.1439
46 514.406 723.864 5 5.33883 -250 0
47 516.737 721.206 5 6.76619 -88.6839 -150.647
48 516.464 721.625 5 6.52773 -85.5158 -125.927
49 516.191 722.044 5 6.31991 -89.9352 -99.7327
50 515.918 722.463 5 6.14584 -77.2117 111.766
51 515.644 722.881 5 6.00844 -83.8917 6.87045
52 515.371 723.3 5 5.91028 -57.0474 -173.576
53 515.098 723.719 5 5.85332 -78.9082 44.0522
54 514.825 724.138 5 5.83878 -116.008 95.4047
55 517.156 721.48 5 7.20205 -76.6456 -41.1598
56 516.883 721.898 5 6.97851 -76.5168 59.1368
57 516.61 722.317 5 6.78451 -83.2719 110.247
58 516.336 722.736 5 6.62266 -81.6816 34.6704
59 516.063 723.155 5 6.49535 -57.9335 -25.5918
60 515.79 723.573 5 6.40465 -61.1488 69.8751
61 515.517 723.992 5 6.35213 -90.6293 144.599
62 515.243 724.411 5 6.33874 -250 0
63 517.575 721.753 5 7.64577 -87.8448 -91.924
64 517.302 722.172 5 7.43557 -81.3449 174.354
65 517.028 722.59 5 7.25381 -73.5025 -169.395
66 516.755 723.009 5 7.10266 -58.1338 121.796
67 516.482 723.428 5 6.98411 -58.3655 -126.955
68 516.209 723.847 5 6.89984 -76.6689 87.8561
69 515.935 724.265 5 6.85112 -94.1933 149.612
70 515.662 724.684 5 6.8387 -99.3546 -167.004
71 517.994 722.026 5 8.09605 -88.4571 57.4031
72 517.72 722.445 5 7.89785 -77.8032 -24.9947
73 517.447 722.864 5 7.72697 -59.3205 -92.6266
74 517.174 723.282 5 7.58525 -58.794 35.6086
75 516.901 723.701 5 7.47436 -61.5769 95.2483
76 516.627 724.12 5 7.39568 -93.9046 170.144
77 516.354 724.539 5 7.35024 -90.2469 -88.2933
78 516.081 724.957 5 7.33867 -99.7272 -131.597
