1 509.951 714.045 5 9.43551 -81.6681 -28.5273
2 510.37 714.318 5 9.10588 -74.9073 -177.984
3 510.79 714.59 5 8.79234 -72.0342 11.8982
4 511.209 714.862 5 8.49667 -82.0518 157.022
5 511.628 715.135 5 8.2208 -62.7037 -39.9514
6 512.048 715.407 5 7.96679 -73.5501 -177.473
7 512.467 715.679 5 7.73679 -63.0764 163.025
8 512.886 715.952 5 7.533 -63.2964 -75.7529
9 513.306 716.224 5 7.3576 -63.6427 150.795
10 513.725 716.496 5 7.21266 -56.7451 -109.06
11 514.144 716.769 5 7.10004 -55.6207 -144.935
12 514.564 717.041 5 7.02131 -118.876 142.353
13 514.983 717.313 5 6.97761 -121.075 -143.647
14 509.679 714.465 5 9.07252 -75.4849 -154.532
15 510.098 714.737 5 8.72919 -70.1358 100.757
16 510.517 715.009 5 8.4016 -78.3073 -99.646
17 510.937 715.282 5 8.09167 -71.9969 -32.0142
18 511.356 715.554 5 7.80149 -81.0588 -85.4974
19 511.775 715.826 5 7.53336 -66.1719 174.345
20 512.195 716.099 5 7.2897 -64.2541 -116.799
21 512.614 716.371 5 7.07304 -59.1122 -83.7844
22 513.033 716.643 5 6.88593 -56.8166 66.499
23 513.453 716.916 5 6.73084 -63.2981 174.956
24 513.872 717.188 5 6.61002 -56.3019 128.091
25 514.291 717.46 5 6.52538 -63.1347 39.0298
26 514.711 717.733 5 6.47833 -65.5488 -119.748
27 509.406 714.884 5 8.72309 -80.7043 88.7056
28 509.826 715.156 5 8.36544 -67.1765 -68.1086
29 510.245 715.429 5 8.02301 -75.8863 158.455
30 510.664 715.701 5 7.69785 -72.1447 -39.4296
31 511.084 715.973 5 7.39223 -69.6607 -138.703
32 511.503 716.246 5 7.10868 -66.405 100.309
33 511.922 716.518 5 6.84992 -65.7034 -27.9014
34 512.342 716.79 5 6.61888 -58.8742 104.51
35 512.761 717.063 5 6.41855 -58.8707 30.2022
36 513.18 717.335 5 6.25188 -59.164 97.8433
37 513.6 717.607 5 6.12162 -56.0145 123.819
38 514.019 717.88 5 6.03012 -64.253 121.109
39 514.438 718.152 5 5.97918 -63.7633 163.841
40 509.134 715.303 5 8.38893 -84.1631 62.4254
41 509.553 715.576 5 8.01638 -72.9465 168.691
42 509.973 715.848 5 7.65836 -76.3859 2.85173
43 510.392 716.12 5 7.31701 -68.7334 -155.193
44 510.811 716.393 5 6.99477 -76.5203 6.72952
45 511.231 716.665 5 6.6944 -68.9791 173.317
46 511.65 716.937 5 6.41897 -63.2117 -8.61908
47 512.069 717.21 5 6.17182 -67.9189 -57.4768
48 512.489 717.482 5 5.95648 -59.7694 178.517
49 512.908 717.754 5 5.77648 -61.3922 56.473
50 513.327 718.027 5 5.63524 -52.3635 70.1203
51 513.747 718.299 5 5.53571 -69.8808 -142.081
52 514.166 718.571 5 5.48018 -61.5874 -12.8113
53 508.862 715.723 5 8.07192 -78.2403 -30.3212
54 509.281 715.995 5 7.68402 -87.1136 -119.036
55 509.7 716.267 5 7.30974 -73.3322 -83.2943
56 510.12 716.54 5 6.95129 -71.0646 -141.339
57 510.539 716.812 5 6.61125 -76.1614 -172.045
58 510.958 717.084 5 6.2926 -74.1641 10.1742
59 511.378 717.357 5 5.99875 -66.2031 65.1456
60 511.797 717.629 5 5.73352 -64.5179 77.6333
61 512.216 717.901 5 5.50103 -53.7178 136.625
62 512.636 718.174 5 5.30562 -65.4081 -4.1382
63 513.055 718.446 5 5.15148 -51.4045 63.6039
64 513.474 718.718 5 5.04241 -78.439 -110.165
65 513.894 718.991 5 4.98138 -67.153 -154.705
66 508.589 716.142 5 7.77417 -79.2568 110.526
67 509.009 716.414 5 7.37061 -81.6011 9.48638
68 509.428 716.687 5 6.97955 -77.1382 96.8305
69 509.847 716.959 5 6.6032 -66.2871 36.3772
70 510.267 717.231 5 6.24423 -67.4233 -110.031
71 510.686 717.504 5 5.90581 -66.7326 86.1521
72 511.105 717.776 5 5.59167 -69.0751 -178.374
73 511.525 718.048 5 5.30613 -63.4285 165.681
74 511.944 718.321 5 5.05402 -65.5531 151.532
75 512.363 718.593 5 4.84059 -64.0501 -142.574
76 512.783 718.865 5 4.67114 -54.4659 -23.0122
77 513.202 719.138 5 4.55057 -77.862 -28.6803
78 513.621 719.41 5 4.48284 -67.0528 56.548
79 510.414 717.923 5 5.53718 -66.0447 107.693
80 510.833 718.195 5 5.20083 -76.7478 -169.73
81 511.672 718.74 5 4.61789 -71.879 -81.2952
82 512.091 719.012 5 4.38328 -53.6227 53.474
83 512.51 719.285 5 4.19539 -58.0677 -59.9283
84 512.93 719.557 5 4.06072 -51.4115 -49.4021
85 513.349 719.829 5 3.98468 -60.1721 164.721
86 510.141 718.342 5 5.19059 -65.5259 -158.1
87 510.561 718.615 5 4.83015 -64.3881 -124.918
88 511.399 719.159 5 4.19604 -66.6153 -88.9816
89 511.819 719.432 5 3.93636 -80.7609 90.7285
90 512.238 719.704 5 3.726 -57.0448 -112.503
91 512.657 719.976 5 3.57369 -49.267 -88.4977
92 513.077 720.249 5 3.48704 -66.9764 -3.99106
93 509.869 718.762 5 4.87073 -56.4515 58.8778
94 510.288 719.034 5 4.48466 -74.1242 -23.38
95 511.127 719.579 5 3.79322 -68.6388 -62.9288
96 511.546 719.851 5 3.50381 -96.1742 22.7925
97 511.966 720.123 5 3.26571 -54.5599 22.1746
98 512.385 720.396 5 3.0908 -45.0774 171.91
99 512.804 720.668 5 2.99019 -94.012 -155.171
100 509.597 719.181 5 4.5832 -51.9723 -104.534
101 510.016 719.453 5 4.1706 -61.5535 -91.9957
102 509.324 719.6 5 4.33446 -62.8853 9.7052
103 509.744 719.873 5 3.8956 -54.7944 99.5103
104 509.052 720.02 5 4.1315 -61.935 128.429
105 509.471 720.292 5 3.66845 -64.5809 -87.7058
