1 509.951 714.045 5 8.39009 -58.7744 100.694
2 510.37 714.318 5 8.0175 -53.6071 -72.0984
3 510.79 714.59 5 7.65944 -54.2808 -164.761
4 511.209 714.862 5 7.31803 -71.9417 172.608
5 511.628 715.135 5 6.99573 -62.2352 -70.2526
6 512.048 715.407 5 6.69529 -62.912 -40.2998
7 512.467 715.679 5 6.41978 -58.2095 10.5488
8 512.886 715.952 5 6.17254 -54.9398 51.0183
9 513.306 716.224 5 5.95708 -49.9407 -50.0597
10 513.725 716.496 5 5.77698 -55.5075 113.308
11 514.144 716.769 5 5.63561 -56.0562 36.9951
12 514.564 717.041 5 5.53595 -68.8867 -96.6441
13 514.983 717.313 5 5.48028 -72.861 37.8979
14 509.679 714.465 5 8.07313 -66.3659 138.523
15 510.098 714.737 5 7.68519 -61.8559 -48.0301
16 510.517 715.009 5 7.31087 -68.1048 -0.81826
17 510.937 715.282 5 6.95237 -56.9206 105.01
18 511.356 715.554 5 6.61226 -64.2569 6.63161
19 511.775 715.826 5 6.29354 -70.2096 -153.058
20 512.195 716.099 5 5.99961 -58.0666 -54.6091
21 512.614 716.371 5 5.73428 -47.6445 148.722
22 513.033 716.643 5 5.50169 -47.6908 -124.904
23 513.453 716.916 5 5.30615 -51.1825 37.6148
24 513.872 717.188 5 5.15189 -58.6349 -154.742
25 514.291 717.46 5 5.04268 -69.8137 170.883
26 514.711 717.733 5 4.98149 -62.4302 -38.2318
27 509.406 714.884 5 7.77543 -68.9059 -95.6494
28 509.826 715.156 5 7.37183 -81.4873 158.34
29 510.245 715.429 5 6.98073 -69.4811 -114.906
30 510.664 715.701 5 6.60433 -60.2117 166.422
31 511.084 715.973 5 6.2453 -57.1583 2.81779
32 511.503 716.246 5 5.90682 -59.7578 -132.272
33 511.922 716.518 5 5.5926 -51.4346 85.6533
34 512.342 716.79 5 5.30695 -52.486 -53.5555
35 512.761 717.063 5 5.05474 -59.6919 95.639
36 513.18 717.335 5 4.84118 -48.8514 -44.1538
37 513.6 717.607 5 4.67159 -54.0996 11.6766
38 514.019 717.88 5 4.55086 -58.2644 10.3226
39 514.438 718.152 5 4.48297 -65.2657 -29.1597
40 509.134 715.303 5 7.49927 -64.7851 83.3918
41 509.553 715.576 5 7.07995 -69.3003 36.808
42 509.973 715.848 5 6.67175 -68.126 128.469
43 510.392 716.12 5 6.27686 -58.5659 24.4743
44 510.811 716.393 5 5.89793 -66.1558 34.8494
45 511.231 716.665 5 5.53825 -60.7736 -104.299
46 511.65 716.937 5 5.20182 -54.4108 141.623
47 512.069 717.21 5 4.89342 -60.1635 -14.1689
48 512.489 717.482 5 4.61868 -55.3679 96.8395
49 512.908 717.754 5 4.38393 -47.6295 -179.029
50 513.327 718.027 5 4.19589 -58.8013 -45.082
51 513.747 718.299 5 4.06105 -65.2845 137.146
52 514.166 718.571 5 3.98482 -64.4513 -98.551
53 508.862 715.723 5 7.24712 -87.4354 99.1168
54 509.281 715.995 5 6.8123 -66.879 -106.452
55 509.7 716.267 5 6.38703 -64.7263 -62.7983
56 510.12 716.54 5 5.97334 -63.9286 -89.6941
57 510.539 716.812 5 5.57381 -69.8952 24.1425
58 510.958 717.084 5 5.19173 -57.1288 124.494
59 511.378 717.357 5 4.83122 -57.8807 168.184
60 511.797 717.629 5 4.49748 -52.1735 -69.712
61 512.216 717.901 5 4.1969 -45.8947 -42.846
62 512.636 718.174 5 3.93708 -48.6309 73.8378
63 513.055 718.446 5 3.72656 -44.7213 -87.4482
64 513.474 718.718 5 3.57406 -59.9002 -165.483
65 513.894 718.991 5 3.4872 -55.1452 -30.6537
66 508.589 716.142 5 7.02158 -68.7734 126.417
67 509.009 716.414 5 6.57185 -63.4588 117.646
68 509.428 716.687 5 6.12992 -67.5754 31.9813
69 509.847 716.959 5 5.69759 -63.4766 -177.451
70 510.267 717.231 5 5.27723 -55.4125 22.2209
71 510.686 717.504 5 4.87194 -52.6348 -115.768
72 511.105 717.776 5 4.48581 -54.2746 13.5061
73 511.525 718.048 5 4.12421 -51.4771 1.70907
74 511.944 718.321 5 3.79417 -53.7576 -177.8
75 512.363 718.593 5 3.50463 -54.9291 98.7485
76 512.783 718.865 5 3.26635 -47.0904 154.106
77 513.202 719.138 5 3.09123 -67.6658 98.3786
78 513.621 719.41 5 2.99038 -56.3572 -167.982
79 510.414 717.923 5 4.5845 -56.3773 -21.398
80 510.833 718.195 5 4.17184 -59.7497 90.6936
81 511.672 718.74 5 3.41724 -51.1267 -142.807
82 512.091 719.012 5 3.0926 -47.3686 -75.9627
83 512.51 719.285 5 2.81972 -43.8753 72.5258
84 512.93 719.557 5 2.61486 -49.3808 -141.555
85 513.349 719.829 5 2.49482 -60.5556 9.57466
86 510.141 718.342 5 4.33583 -57.2192 -13.1993
87 510.561 718.615 5 3.89693 -71.5774 123.483
88 511.399 719.159 5 3.0756 -54.8089 169.875
89 511.819 719.432 5 2.71034 -49.5253 129.764
90 512.238 719.704 5 2.39429 -56.6876 29.7612
91 512.657 719.976 5 2.14925 -39.5493 139.773
92 513.077 720.249 5 2.00148 -65.485 83.5533
93 509.869 718.762 5 4.13294 -61.6424 -137.056
94 510.288 719.034 5 3.66985 -58.6864 -157.543
95 511.127 719.579 5 2.78228 -63.3199 -162.332
96 511.546 719.851 5 2.37229 -56.9459 -54.5171
97 511.966 720.123 5 2.0036 -41.2495 -112.53
98 512.385 720.396 5 1.70324 -41.1718 34.1573
99 512.804 720.668 5 1.51251 -39.9924 68.2621
100 509.597 719.181 5 3.98283 -55.4051 97.9741
101 510.016 719.453 5 3.49994 -52.8645 130.487
102 509.324 719.6 5 3.89162 -47.1183 34.2786
103 509.744 719.873 5 3.39579 -43.0847 49.1737
104 509.052 720.02 5 3.86348 -47.917 150.911
105 509.471 720.292 5 3.3635 -46.4388 126.14
