1 509.951 714.045 5 8.72384 -76.6259 -113.232
2 510.37 714.318 5 8.36615 -69.7329 173.409
3 510.79 714.59 5 8.0237 -62.4399 15.5013
4 511.209 714.862 5 7.6985 -60.7371 -50.5891
5 511.628 715.135 5 7.39284 -54.3812 -17.5424
6 512.048 715.407 5 7.10923 -59.8225 -78.2319
7 512.467 715.679 5 6.85043 -51.2947 -124.882
8 512.886 715.952 5 6.61933 -58.1747 -159.068
9 513.306 716.224 5 6.41893 -49.9761 85.2529
10 513.725 716.496 5 6.25218 -59.5563 -49.8713
11 514.144 716.769 5 6.12184 -60.0663 -127.017
12 514.564 717.041 5 6.03027 -74.7166 47.4915
13 514.983 717.313 5 5.97924 -80.6928 85.0375
14 509.679 714.465 5 8.38971 -61.8779 -56.5506
15 510.098 714.737 5 8.01713 -68.8209 -145.719
16 510.517 715.009 5 7.65908 -75.7742 151.411
17 510.937 715.282 5 7.31769 -56.844 -105.246
18 511.356 715.554 5 6.99541 -65.8597 -82.0833
19 511.775 715.826 5 6.695 -55.8557 -59.4584
20 512.195 716.099 5 6.41951 -57.9916 3.93663
21 512.614 716.371 5 6.1723 -51.856 -5.49342
22 513.033 716.643 5 5.95688 -60.3879 123.232
23 513.453 716.916 5 5.77681 -52.0131 -77.7733
24 513.872 717.188 5 5.63549 -70.4497 -172.715
25 514.291 717.46 5 5.53587 -61.0845 41.8233
26 514.711 717.733 5 5.48024 -60.2232 -87.2032
27 509.406 714.884 5 8.07273 -68.5204 155.177
28 509.826 715.156 5 7.6848 -70.1766 55.6683
29 510.245 715.429 5 7.31049 -73.2818 -159.656
30 510.664 715.701 5 6.95201 -61.4443 39.892
31 511.084 715.973 5 6.61193 -60.2724 95.1793
32 511.503 716.246 5 6.29323 -59.6928 -109.837
33 511.922 716.518 5 5.99932 -56.7483 168.236
34 512.342 716.79 5 5.73403 -51.436 -177.978
35 512.761 717.063 5 5.50147 -54.2872 155.218
36 513.18 717.335 5 5.30598 -56.8131 83.4442
37 513.6 717.607 5 5.15175 -54.1653 -161.788
38 514.019 717.88 5 5.04259 -67.3522 -88.0794
39 514.438 718.152 5 4.98145 -58.2395 -147.381
40 509.134 715.303 5 7.77501 -66.2484 -1.0818
41 509.553 715.576 5 7.37142 -65.0641 -92.5034
42 509.973 715.848 5 6.98033 -68.9274 -142.316
43 510.392 716.12 5 6.60395 -61.2194 -127.442
44 510.811 716.393 5 6.24495 -59.0139 168.601
45 511.231 716.665 5 5.90648 -55.8678 19.7389
46 511.65 716.937 5 5.59229 -51.0958 127.899
47 512.069 717.21 5 5.30668 -65.2642 -37.0521
48 512.489 717.482 5 5.0545 -54.9482 -8.91884
49 512.908 717.754 5 4.84099 -56.9458 145.267
50 513.327 718.027 5 4.67144 -53.4688 127.888
51 513.747 718.299 5 4.55077 -57.878 -12.2883
52 514.166 718.571 5 4.48293 -66.3343 65.2836
53 508.862 715.723 5 7.49883 -69.3481 119.13
54 509.281 715.995 5 7.07952 -64.7268 109.553
55 509.7 716.267 5 6.67134 -61.8165 64.7223
56 510.12 716.54 5 6.27646 -64.4706 19.6041
57 510.539 716.812 5 5.89755 -66.1972 -60.4241
58 510.958 717.084 5 5.5379 -74.7825 128.321
59 511.378 717.357 5 5.20149 -68.434 27.2229
60 511.797 717.629 5 4.89312 -52.9289 -26.7699
61 512.216 717.901 5 4.61842 -48.5991 174.347
62 512.636 718.174 5 4.38371 -50.9926 166.196
63 513.055 718.446 5 4.19572 -57.7228 79.2446
64 513.474 718.718 5 4.06094 -63.2184 -97.0284
65 513.894 718.991 5 3.98477 -72.2232 56.4249
66 508.589 716.142 5 7.24667 -67.415 -54.2153
67 509.009 716.414 5 6.81186 -62.1258 -69.8535
68 509.428 716.687 5 6.3866 -59.4881 -125.017
69 509.847 716.959 5 5.97292 -64.145 159.904
70 510.267 717.231 5 5.57341 -72.0452 -179.112
71 510.686 717.504 5 5.19135 -72.4131 -86.476
72 511.105 717.776 5 4.83086 -61.1444 -152.345
73 511.525 718.048 5 4.49715 -55.9792 -145.746
74 511.944 718.321 5 4.19661 -51.0387 -17.0065
75 512.363 718.593 5 3.93684 -52.1279 -3.51871
76 512.783 718.865 5 3.72638 -61.836 48.3007
77 513.202 719.138 5 3.57394 -65.7795 42.7235
78 513.621 719.41 5 3.48715 -69.2372 -23.3807
79 510.414 717.923 5 4.87154 -64.2966 1.14403
80 510.833 718.195 5 4.48542 -56.4712 -11.2376
81 511.672 718.74 5 3.79386 -55.0663 -117.367
82 512.091 719.012 5 3.50435 -44.2176 157.266
83 512.51 719.285 5 3.26614 -48.9442 122.697
84 512.93 719.557 5 3.09109 -49.7836 32.9138
85 513.349 719.829 5 2.99031 -65.2212 85.0367
86 510.141 718.342 5 4.58406 -61.0872 85.93
87 510.561 718.615 5 4.17143 -67.4028 -11.9288
88 511.399 719.159 5 3.41689 -63.1773 -118.776
89 511.819 719.432 5 3.09229 -51.8348 76.3927
90 512.238 719.704 5 2.81948 -46.9764 -13.3081
91 512.657 719.976 5 2.61469 -46.3494 -83.835
92 513.077 720.249 5 2.49475 -63.9105 -23.3003
93 509.869 718.762 5 4.33537 -58.0891 -87.1797
94 510.288 719.034 5 3.89648 -59.0383 1.93436
95 511.127 719.579 5 3.07521 -69.5451 -172.957
96 511.546 719.851 5 2.70999 -55.7255 -134.295
97 511.966 720.123 5 2.394 -46.0327 105.34
98 512.385 720.396 5 2.14904 -49.9905 155.389
99 512.804 720.668 5 2.00138 -46.0845 169.446
100 509.597 719.181 5 4.13246 -41.4807 122.231
101 510.016 719.453 5 3.66938 -53.5605 -150.843
102 509.324 719.6 5 3.98234 -47.4778 -122.144
103 509.744 719.873 5 3.49945 -41.7998 173.692
104 509.052 720.02 5 3.89111 -57.4089 -149.287
105 509.471 720.292 5 3.39528 -49.1264 -109.805
