1 509.951 714.045 5 9.81023 -104.791 -129.651
2 510.37 714.318 5 9.49364 -108.277 25.4834
3 510.79 714.59 5 9.19336 -105.017 -29.9777
4 511.209 714.862 5 8.91104 -97.4009 -94.7882
5 511.628 715.135 5 8.64843 -98.6187 55.1069
6 512.048 715.407 5 8.40738 -91.8527 -80.9351
7 512.467 715.679 5 8.18979 -103.545 95.5331
8 512.886 715.952 5 7.99758 -92.831 67.5529
9 513.306 716.224 5 7.83263 -91.6685 -46.7777
10 513.725 716.496 5 7.69667 -87.7145 -29.2847
11 514.144 716.769 5 7.59127 -88.1617 -73.0957
12 514.564 717.041 5 7.51772 -117.294 44.0117
13 514.983 717.313 5 7.47695 -120.17 -32.2466
14 509.679 714.465 5 9.43516 -98.8383 91.4967
15 510.098 714.737 5 9.10555 -101.985 -141.448
16 510.517 715.009 5 8.79202 -96.4371 57.3743
17 510.937 715.282 5 8.49637 -103.963 74.1411
18 511.356 715.554 5 8.22053 -98.654 40.9549
19 511.775 715.826 5 7.96654 -95.0585 -34.4938
20 512.195 716.099 5 7.73657 -93.1948 -6.19616
21 512.614 716.371 5 7.5328 -93.111 -171.95
22 513.033 716.643 5 7.35743 -87.3655 87.0695
23 513.453 716.916 5 7.21253 -92.542 76.9353
24 513.872 717.188 5 7.09994 -84.7183 -147.55
25 514.291 717.46 5 7.02125 -85.7854 75.6634
26 514.711 717.733 5 6.97758 -96.8256 117.278
27 509.406 714.884 5 9.07216 -97.6133 -99.4749
28 509.826 715.156 5 8.72885 -102.051 149.927
29 510.245 715.429 5 8.40128 -102.248 -147.065
30 510.664 715.701 5 8.09136 -101.286 -133.951
31 511.084 715.973 5 7.80121 -104.729 87.5518
32 511.503 716.246 5 7.5331 -93.332 -109.271
33 511.922 716.518 5 7.28946 -89.1882 96.2773
34 512.342 716.79 5 7.07283 -81.2835 -153.688
35 512.761 717.063 5 6.88575 -76.5674 -16.7835
36 513.18 717.335 5 6.7307 -86.7034 106.25
37 513.6 717.607 5 6.60992 -86.2694 17.3742
38 514.019 717.88 5 6.52531 -90.1861 105.974
39 514.438 718.152 5 6.4783 -80.5731 23.5602
40 509.134 715.303 5 8.72272 -109.232 -69.3381
41 509.553 715.576 5 8.36508 -103.301 -62.0245
42 509.973 715.848 5 8.02267 -100.759 140.552
43 510.392 716.12 5 7.69753 -91.6842 -41.2992
44 510.811 716.393 5 7.39193 -97.6391 -178.565
45 511.231 716.665 5 7.1084 -84.9324 78.3052
46 511.65 716.937 5 6.84967 -101.026 137.951
47 512.069 717.21 5 6.61866 -85.3741 -72.1183
48 512.489 717.482 5 6.41836 -75.0302 103.844
49 512.908 717.754 5 6.25173 -84.4036 119.543
50 513.327 718.027 5 6.1215 -77.6352 -171.13
51 513.747 718.299 5 6.03005 -75.9869 62.4617
52 514.166 718.571 5 5.97914 -86.9624 -104.911
53 508.862 715.723 5 8.38854 -97.2584 14.247
54 509.281 715.995 5 8.01601 -95.3346 -59.5986
55 509.7 716.267 5 7.658 -104.099 61.0892
56 510.12 716.54 5 7.31667 -105.535 -33.418
57 510.539 716.812 5 6.99446 -94.9327 -139.994
58 510.958 717.084 5 6.69411 -98.4558 -153.336
59 511.378 717.357 5 6.41871 -91.573 -20.7926
60 511.797 717.629 5 6.17159 -91.0331 -87.8048
61 512.216 717.901 5 5.95627 -83.1673 -25.2622
62 512.636 718.174 5 5.77632 -82.2 16.8385
63 513.055 718.446 5 5.63512 -88.7039 -12.1353
64 513.474 718.718 5 5.53564 -87.2807 -118.271
65 513.894 718.991 5 5.48014 -78.8948 35.8949
66 508.589 716.142 5 8.07152 -102.306 133.612
67 509.009 716.414 5 7.68363 -96.6522 94.8593
68 509.428 716.687 5 7.30936 -103.046 -66.1516
69 509.847 716.959 5 6.95094 -93.8611 146.069
70 510.267 717.231 5 6.61092 -95.3532 -150.007
71 510.686 717.504 5 6.29229 -104.248 -65.3031
72 511.105 717.776 5 5.99846 -83.0387 125.203
73 511.525 718.048 5 5.73326 -95.6465 -37.9512
74 511.944 718.321 5 5.50081 -96.0304 -156.521
75 512.363 718.593 5 5.30544 -81.0895 5.24943
76 512.783 718.865 5 5.15134 -84.2061 -15.0496
77 513.202 719.138 5 5.04232 -79.9253 -88.7347
78 513.621 719.41 5 4.98134 -90.7911 -86.0027
79 510.414 717.923 5 5.90548 -91.1231 -3.19332
80 510.833 718.195 5 5.59137 -88.133 -114.979
81 511.672 718.74 5 5.05379 -95.046 -155.315
82 512.091 719.012 5 4.8404 -100.588 151.837
83 512.51 719.285 5 4.67099 -83.2382 146.78
84 512.93 719.557 5 4.55047 -76.2536 -145.355
85 513.349 719.829 5 4.4828 -88.1192 4.80567
86 510.141 718.342 5 5.53683 -80.8987 63.422
87 510.561 718.615 5 5.20049 -98.0447 -50.7987
88 511.399 719.159 5 4.61763 -94.7783 -93.502
89 511.819 719.432 5 4.38306 -96.9905 163.32
90 512.238 719.704 5 4.19522 -80.6302 -67.178
91 512.657 719.976 5 4.06062 -76.8034 -108.759
92 513.077 720.249 5 3.98463 -87.5298 93.6831
93 509.869 718.762 5 5.19021 -80.8313 -131.214
94 510.288 719.034 5 4.8298 -96.3403 -46.1982
95 511.127 719.579 5 4.19575 -99.4376 -132.303
96 511.546 719.851 5 3.93611 -111.112 -94.939
97 511.966 720.123 5 3.72581 -84.9969 24.8683
98 512.385 720.396 5 3.57357 -75.5868 -53.0143
99 512.804 720.668 5 3.48699 -86.3567 -16.3824
100 509.597 719.181 5 4.87032 -84.9989 72.813
101 510.016 719.453 5 4.48427 -81.3899 96.2113
102 509.324 719.6 5 4.58277 -85.603 -34.3034
103 509.744 719.873 5 4.17019 -81.2434 109.721
104 509.052 720.02 5 4.334 -91.7924 -145.702
105 509.471 720.292 5 3.89516 -105.143 9.79152
