1 505.473 717.831 5 7.92569 -86.2939 60.3348
2 505.747 717.412 5 7.87944 -93.57 85.0112
3 506.02 716.994 5 7.86476 -100.8 -158.971
4 506.294 716.575 5 7.88184 -97.4089 -57.9271
5 506.567 716.157 5 7.93047 -91.2029 108.946
6 505.891 718.104 5 7.42979 -87.3205 22.5491
7 506.165 717.686 5 7.38043 -99.2172 -48.4174
8 506.439 717.267 5 7.36476 -96.9554 92.2714
9 506.712 716.849 5 7.383 -90.2184 -62.5521
10 506.986 716.43 5 7.4349 -91.3409 66.3272
11 506.31 718.378 5 6.93449 -82.0631 75.3058
12 506.584 717.96 5 6.88157 -89.6071 -128.547
13 506.857 717.541 5 6.86477 -89.2148 42.9545
14 507.131 717.123 5 6.88433 -88.6047 -129.222
15 507.404 716.704 5 6.93995 -93.2869 -167.836
16 506.728 718.652 5 6.4399 -86.9384 -36.5015
17 507.002 718.233 5 6.38289 -86.467 -124.528
18 507.276 717.815 5 6.36477 -97.6645 126.683
19 507.549 717.396 5 6.38586 -89.1926 122.165
20 507.823 716.978 5 6.44579 -94.4897 -109.282
21 507.147 718.925 5 5.94623 -82.6433 -11.2096
22 507.421 718.507 5 5.88444 -82.9358 -109.887
23 507.694 718.088 5 5.86477 -88.4575 123.159
24 507.968 717.67 5 5.88766 -87.0956 -47.437
25 508.241 717.251 5 5.9526 -92.3078 9.97433
26 507.565 719.199 5 5.4537 -83.1464 -60.6573
27 507.839 718.78 5 5.38626 -89.6788 1.3218
28 508.113 718.362 5 5.36477 -82.3038 -28.2597
29 508.386 717.943 5 5.38978 -85.5151 -159.224
30 508.66 717.525 5 5.46065 -84.3903 56.9917
31 507.984 719.472 5 4.96267 -88.4136 158.922
32 508.258 719.054 5 4.88847 -93.5349 -108.731
33 508.531 718.635 5 4.86478 -93.3541 -133.798
34 508.805 718.217 5 4.89234 -98.1734 36.9512
35 509.078 717.798 5 4.97031 -83.1972 -45.1707
36 508.402 719.746 5 4.47363 -84.396 -98.3193
37 508.676 719.328 5 4.39117 -72.5929 -34.0922
38 508.95 718.909 5 4.36478 -117.216 152.477
39 509.223 718.491 5 4.39548 -107.798 18.454
40 509.497 718.072 5 4.4821 -122.699 167.179
