1 505.473 717.831 5 8.94829 -84.4179 -69.848
2 505.747 717.412 5 8.46014 -89.0902 161.172
3 506.02 716.994 5 7.97346 -86.9988 -83.444
4 506.294 716.575 5 7.48853 -82.2128 159.119
5 506.567 716.157 5 7.00572 -84.7879 37.8394
6 505.891 718.104 5 8.85657 -80.8964 -95.9991
7 506.165 717.686 5 8.36307 -93.335 -84.5231
8 506.439 717.267 5 7.87039 -83.2399 -17.7041
9 506.712 716.849 5 7.37869 -91.0877 -88.1523
10 506.986 716.43 5 6.88819 -113.296 -143.045
11 506.31 718.378 5 8.79237 -78.026 -37.4077
12 506.584 717.96 5 8.29505 -82.7441 -179.394
13 506.857 717.541 5 7.79807 -85.899 65.8397
14 507.131 717.123 5 7.30151 -87.3158 165.089
15 507.404 716.704 5 6.80545 -97.5389 175.34
16 506.728 718.652 5 8.7563 -80.0894 -54.7869
17 507.002 718.233 5 8.25681 -79.8791 -86.6502
18 507.276 717.815 5 7.75738 -79.1654 -51.9842
19 507.549 717.396 5 7.25803 -80.4332 125.188
20 507.823 716.978 5 6.75878 -109.861 -79.7131
21 507.147 718.925 5 8.7487 -89.2542 156.569
22 507.421 718.507 5 8.24875 -83.5723 11.7298
23 507.694 718.088 5 7.7488 -85.0547 -92.547
24 507.968 717.67 5 7.24886 -79.4812 168.79
25 508.241 717.251 5 6.74893 -75.4151 -39.9936
26 507.565 719.199 5 8.76965 -85.7909 -102.508
27 507.839 718.78 5 8.27096 -93.9062 -156.633
28 508.113 718.362 5 7.77244 -83.8742 -70.454
29 508.386 717.943 5 7.27413 -75.7694 136.423
30 508.66 717.525 5 6.77606 -69.4817 -20.692
31 507.984 719.472 5 8.81894 -76.6329 -1.64113
32 508.258 719.054 5 8.32321 -76.2884 126.763
33 508.531 718.635 5 7.82802 -68.6093 -38.534
34 508.805 718.217 5 7.33348 -94.4944 -4.99191
35 509.078 717.798 5 6.83974 -97.3139 -59.9055
36 508.402 719.746 5 8.8961 -65.597 -76.3416
37 508.676 719.328 5 8.40492 -64.9786 -170.101
38 508.95 718.909 5 7.91485 -250 0
39 509.223 718.491 5 7.4261 -250 0
40 509.497 718.072 5 6.93895 -250 0
