1 509.951 714.045 5 5.64073 -64.0701 -179.609
2 510.37 714.318 5 5.22995 -60.9845 -168.702
3 510.79 714.59 5 4.836 -56.2973 12.5215
4 511.209 714.862 5 4.46333 -56.4091 -44.3891
5 511.628 715.135 5 4.11774 -52.3855 -112.352
6 512.048 715.407 5 3.80661 -52.3603 48.6567
7 512.467 715.679 5 3.53904 -51.2959 92.8853
8 512.886 715.952 5 3.32555 -51.8016 -23.8075
9 513.306 716.224 5 3.17707 -59.648 85.9974
10 513.725 716.496 5 3.10294 -51.2397 -45.8564
11 514.144 716.769 5 3.10849 -51.5456 -77.8285
12 514.564 717.041 5 3.19331 -92.8903 -66.5054
13 514.983 717.313 5 3.35137 -101.182 0.382018
14 509.679 714.465 5 5.92987 -66.761 79.8639
15 510.098 714.737 5 5.54056 -55.8101 77.4861
16 510.517 715.009 5 5.17033 -67.8582 77.7166
17 510.937 715.282 5 4.82357 -56.867 4.65918
18 511.356 715.554 5 4.50569 -55.755 -160.53
19 511.775 715.826 5 4.22324 -55.4254 -90.4993
20 512.195 716.099 5 3.98375 -58.4066 -121.698
21 512.614 716.371 5 3.79536 -57.1836 24.9363
22 513.033 716.643 5 3.66595 -58.7747 133.304
23 513.453 716.916 5 3.6019 -57.6779 -48.8178
24 513.872 717.188 5 3.60669 -58.0882 -77.2793
25 514.291 717.46 5 3.68004 -59.4657 76.4557
26 514.711 717.733 5 3.818 -68.4327 159.991
27 509.406 714.884 5 6.2457 -54.8249 -107.792
28 509.826 715.156 5 5.87735 -55.3288 -156.079
29 510.245 715.429 5 5.52971 -50.7401 133.658
30 510.664 715.701 5 5.20694 -54.4393 -42.3781
31 511.084 715.973 5 4.91393 -55.9115 79.8058
32 511.503 716.246 5 4.65631 -54.8406 96.4013
33 511.922 716.518 5 4.44024 -54.3995 -7.58745
34 512.342 716.79 5 4.27202 -63.4502 78.079
35 512.761 717.063 5 4.15748 -56.6225 129.663
36 513.18 717.335 5 4.10112 -56.8668 -57.7847
37 513.6 717.607 5 4.10532 -71.2661 -147.877
38 514.019 717.88 5 4.16991 -63.123 138.72
39 514.438 718.152 5 4.29216 -69.7879 -147.855
40 509.134 715.303 5 6.58439 -56.2946 -4.19028
41 509.553 715.576 5 6.23608 -56.3201 -108.804
42 509.973 715.848 5 5.90959 -52.533 81.3536
43 510.392 716.12 5 5.60871 -51.1218 -111.553
44 510.811 716.393 5 5.33781 -58.0572 -56.6861
45 511.231 716.665 5 5.10163 -53.1882 -139.014
46 511.65 716.937 5 4.90522 -61.4282 54.974
47 512.069 717.21 5 4.75349 -59.375 -128.997
48 512.489 717.482 5 4.65082 -56.4642 151.309
49 512.908 717.754 5 4.6005 -58.5311 -38.4995
50 513.327 718.027 5 4.60425 -62.5026 -153.584
51 513.747 718.299 5 4.66193 -59.5841 145.904
52 514.166 718.571 5 4.77159 -69.6856 37.4772
53 508.862 715.723 5 6.9426 -62.8519 24.3863
54 509.281 715.995 5 6.61318 -50.4365 -93.8389
55 509.7 716.267 5 6.30624 -67.657 48.9164
56 510.12 716.54 5 6.02521 -51.5113 123.959
57 510.539 716.812 5 5.77387 -52.5108 114.127
58 510.958 717.084 5 5.55627 -54.8004 5.91449
59 511.378 717.357 5 5.37648 -57.014 147.807
60 511.797 717.629 5 5.23842 -62.7137 -155.733
61 512.216 717.901 5 5.14544 -59.0717 74.7347
62 512.636 718.174 5 5.1 -62.1457 13.2837
63 513.055 718.446 5 5.10338 -58.4914 -122.939
64 513.474 718.718 5 5.15548 -60.3293 -152.982
65 513.894 718.991 5 5.25486 -94.3785 -132.02
66 508.589 716.142 5 7.31745 -64.6535 -2.08845
67 509.009 716.414 5 7.00568 -61.1433 104.573
68 509.428 716.687 5 6.7167 -58.553 -45.8724
69 509.847 716.959 5 6.45357 -51.4176 -12.3911
70 510.267 717.231 5 6.21957 -52.0703 -112.693
71 510.686 717.504 5 6.0181 -58.2287 141.74
72 511.105 717.776 5 5.85252 -59.8307 -107.809
73 511.525 718.048 5 5.72595 -60.9289 -112.841
74 511.944 718.321 5 5.64101 -59.0762 107.273
75 512.363 718.593 5 5.5996 -68.4526 -37.9778
76 512.783 718.865 5 5.60268 -59.7247 -119.413
77 513.202 719.138 5 5.65017 -68.7773 -156.046
78 513.621 719.41 5 5.74099 -70.9527 -122.212
79 510.414 717.923 5 6.4856 -56.763 -160.663
80 510.833 718.195 5 6.33226 -55.602 -41.4928
81 511.672 718.74 5 6.1373 -61.4278 146.886
82 512.091 719.012 5 6.09926 -60.8271 -67.5139
83 512.51 719.285 5 6.10208 -62.6296 -178.003
84 512.93 719.557 5 6.14572 -61.1037 162.535
85 513.349 719.829 5 6.22932 -60.5943 -65.1008
86 510.141 718.342 5 6.95762 -57.6691 -137.351
87 510.561 718.615 5 6.81491 -61.005 -9.22237
88 511.399 719.159 5 6.63415 -66.6596 -84.1678
89 511.819 719.432 5 6.59897 -58.802 -77.1732
90 512.238 719.704 5 6.60158 -63.3663 -126.152
91 512.657 719.976 5 6.64194 -57.573 175.591
92 513.077 720.249 5 6.71936 -63.8377 8.23935
93 509.869 718.762 5 7.4333 -63.1157 -104.746
94 510.288 719.034 5 7.29989 -58.6401 49.4264
95 511.127 719.579 5 7.13143 -64.8558 -63.5317
96 511.546 719.851 5 7.09872 -63.0164 -171.98
97 511.966 720.123 5 7.10115 -58.34 -131.443
98 512.385 720.396 5 7.13868 -56.9473 -171.454
99 512.804 720.668 5 7.21078 -66.8702 -93.344
100 509.597 719.181 5 7.91198 -58.6149 -37.4377
101 510.016 719.453 5 7.78677 -61.5288 102.759
102 509.324 719.6 5 8.39314 -62.7057 60.8036
103 509.744 719.873 5 8.27522 -59.1734 -110.199
104 509.052 720.02 5 8.87639 -64.2077 162.439
105 509.471 720.292 5 8.76497 -62.9289 -0.245466
