1 505.473 717.831 5 9.20669 -93.5709 111.27
2 505.747 717.412 5 8.73324 -87.4341 123.263
3 506.02 716.994 5 8.26292 -79.803 -138.008
4 506.294 716.575 5 7.79629 -88.0865 84.1457
5 506.567 716.157 5 7.33407 -79.2387 -69.4141
6 505.891 718.104 5 9.06257 -92.9458 124.654
7 506.165 717.686 5 8.58117 -85.6525 139.498
8 506.439 717.267 5 8.10203 -85.6547 -132.776
9 506.712 716.849 5 7.62556 -85.7622 139.016
10 506.986 716.43 5 7.15231 -85.0607 -156.664
11 506.31 718.378 5 8.94411 -83.0591 23.8732
12 506.584 717.96 5 8.45597 -80.7231 108.084
13 506.857 717.541 5 7.9693 -86.9745 63.4265
14 507.131 717.123 5 7.48439 -81.2287 176.116
15 507.404 716.704 5 7.00161 -78.7858 -74.0078
16 506.728 718.652 5 8.85235 -91.6192 -99.3327
17 507.002 718.233 5 8.35885 -82.6784 155.389
18 507.276 717.815 5 7.86618 -78.5722 42.7142
19 507.549 717.396 5 7.37449 -79.723 120.335
20 507.823 716.978 5 6.884 -83.7993 132.781
21 507.147 718.925 5 8.78812 -81.4912 29.5728
22 507.421 718.507 5 8.2908 -81.4056 -40.8237
23 507.694 718.088 5 7.79383 -82.0036 8.50026
24 507.968 717.67 5 7.29727 -81.8084 9.87264
25 508.241 717.251 5 6.80121 -81.7552 23.5445
26 507.565 719.199 5 8.75203 -87.5787 127.681
27 507.839 718.78 5 8.25254 -76.7582 -76.4906
28 508.113 718.362 5 7.75311 -83.1182 -152.484
29 508.386 717.943 5 7.25377 -82.5271 172.496
30 508.66 717.525 5 6.75451 -86.5817 36.0739
31 507.984 719.472 5 8.74443 -94.1661 -163.542
32 508.258 719.054 5 8.24448 -90.6273 -143.698
33 508.531 718.635 5 7.74453 -79.3075 -36.8004
34 508.805 718.217 5 7.24459 -98.1065 99.8082
35 509.078 717.798 5 6.74466 -90.9876 -166.785
36 508.402 719.746 5 8.76539 -89.0006 102.096
37 508.676 719.328 5 8.2667 -82.5583 -10.0579
38 508.95 718.909 5 7.76819 -250 0
39 509.223 718.491 5 7.26988 -250 0
40 509.497 718.072 5 6.77181 -250 0
