1 509.951 714.045 5 4.47095 -54.1688 -69.9046
2 510.37 714.318 5 4.126 -56.5659 -130.734
3 510.79 714.59 5 3.81553 -51.8136 3.04088
4 511.209 714.862 5 3.54863 -53.7112 77.1056
5 511.628 715.135 5 3.33574 -54.0371 -47.0318
6 512.048 715.407 5 3.18773 -57.0401 68.8761
7 512.467 715.679 5 3.11385 -54.542 -75.8691
8 512.886 715.952 5 3.11938 -57.8454 -86.6801
9 513.306 716.224 5 3.2039 -57.8906 -17.9453
10 513.725 716.496 5 3.36146 -56.1447 -113.334
11 514.144 716.769 5 3.58244 -50.7632 -19.458
12 514.564 717.041 5 3.85595 -97.8762 12.9714
13 514.983 717.313 5 4.17166 -111.291 18.778
14 509.679 714.465 5 4.83175 -55.9942 -1.12649
15 510.098 714.737 5 4.51445 -52.6232 172.081
16 510.517 715.009 5 4.23257 -54.8093 -115.625
17 510.937 715.282 5 3.99364 -54.5754 -152.866
18 511.356 715.554 5 3.80573 -53.9361 28.231
19 511.775 715.826 5 3.67669 -59.7163 122.817
20 512.195 716.099 5 3.61282 -55.175 -58.9625
21 512.614 716.371 5 3.61758 -59.4425 -68.3602
22 513.033 716.643 5 3.69071 -61.8006 32.3724
23 513.453 716.916 5 3.82829 -60.3769 -20.6564
24 513.872 717.188 5 4.02371 -55.5061 146.959
25 514.291 717.46 5 4.26904 -56.8394 165.123
26 514.711 717.733 5 4.55622 -60.6489 -128.931
27 509.406 714.884 5 5.21557 -51.186 -44.8017
28 509.826 715.156 5 4.92307 -50.7375 71.2057
29 510.245 715.429 5 4.66595 -54.6067 31.8541
30 510.664 715.701 5 4.45034 -60.0348 -65.7031
31 511.084 715.973 5 4.28252 -57.7862 102.269
32 511.503 716.246 5 4.16826 -59.4487 96.344
33 511.922 716.518 5 4.11204 -58.444 -81.5059
34 512.342 716.79 5 4.11622 -61.0508 -123.831
35 512.761 717.063 5 4.18064 -60.7599 32.5287
36 513.18 717.335 5 4.30258 -60.3388 32.7651
37 513.6 717.607 5 4.47735 -56.1893 -143.378
38 514.019 717.88 5 4.69905 -52.9518 -9.51722
39 514.438 718.152 5 4.9614 -60.0353 -68.559
40 509.134 715.303 5 5.6177 -49.6461 -142.675
41 509.553 715.576 5 5.34724 -50.9486 -99.2456
42 509.973 715.848 5 5.1115 -54.4919 -176.007
43 510.392 716.12 5 4.91547 -57.9367 90.6301
44 510.811 716.393 5 4.76407 -59.4579 160.116
45 511.231 716.665 5 4.66163 -57.3989 119.718
46 511.65 716.937 5 4.61142 -57.0489 -52.708
47 512.069 717.21 5 4.61516 -62.8248 -85.8402
48 512.489 717.482 5 4.6727 -60.4628 53.512
49 512.908 717.754 5 4.78211 -66.9739 125.671
50 513.327 718.027 5 4.93994 -57.5481 -58.4631
51 513.747 718.299 5 5.14174 -52.7621 137.715
52 514.166 718.571 5 5.38256 -56.4039 173.246
53 508.862 715.723 5 6.03448 -46.972 90.9811
54 509.281 715.995 5 5.78354 -52.2294 48.1347
55 509.7 716.267 5 5.56631 -58.7326 -21.7565
56 510.12 716.54 5 5.38686 -57.8134 144.672
57 510.539 716.812 5 5.24907 -69.7032 166.392
58 510.958 717.084 5 5.15627 -61.7156 160.584
59 511.378 717.357 5 5.11093 -58.6473 -82.4632
60 511.797 717.629 5 5.1143 -66.6126 -40.9498
61 512.216 717.901 5 5.16629 -64.2609 55.4831
62 512.636 718.174 5 5.26545 -55.6174 170.527
63 513.055 718.446 5 5.4092 -65.4637 93.4524
64 513.474 718.718 5 5.59409 -58.4266 -107.457
65 513.894 718.991 5 5.81621 -52.0034 15.8777
66 508.589 716.142 5 6.46307 -48.5974 -81.2263
67 509.009 716.414 5 6.22943 -52.588 -155.057
68 509.428 716.687 5 6.02828 -58.7459 90.3966
69 509.847 716.959 5 5.86299 -62.4599 -122.89
70 510.267 717.231 5 5.73665 -62.4692 -109.588
71 510.686 717.504 5 5.65186 -66.0061 117.314
72 511.105 717.776 5 5.61053 -62.5248 -64.0774
73 511.525 718.048 5 5.61359 -68.6266 -120.12
74 511.944 718.321 5 5.661 -65.3969 64.6631
75 512.363 718.593 5 5.75164 -54.1941 -167.692
76 512.783 718.865 5 5.88352 -60.8052 169.693
77 513.202 719.138 5 6.05394 -55.8321 0.873464
78 513.621 719.41 5 6.25977 -52.6688 161.905
79 510.414 717.923 5 6.14817 -62.2868 125.861
80 510.833 718.195 5 6.11019 -62.6292 -106.343
81 511.672 718.74 5 6.15656 -61.587 81.872
82 512.091 719.012 5 6.24001 -58.7834 -142.153
83 512.51 719.285 5 6.36177 -55.2401 -97.0434
84 512.93 719.557 5 6.51971 -66.6307 160.789
85 513.349 719.829 5 6.71126 -56.1287 -3.83441
86 510.141 718.342 5 6.64502 -59.1779 167.266
87 510.561 718.615 5 6.6099 -61.7713 -84.3994
88 511.399 719.159 5 6.65279 -71.0697 104.455
89 511.819 719.432 5 6.73009 -59.1612 -101.359
90 512.238 719.704 5 6.84314 -57.5471 -48.0096
91 512.657 719.976 5 6.99021 -55.0973 -156.722
92 513.077 720.249 5 7.1692 -65.8234 -156.459
93 509.869 718.762 5 7.14232 -62.3564 174.36
94 510.288 719.034 5 7.10965 -64.0968 -84.8917
95 511.127 719.579 5 7.14955 -68.3923 162.461
96 511.546 719.851 5 7.22153 -65.2876 111.397
97 511.966 720.123 5 7.327 -55.6563 -21.9946
98 512.385 720.396 5 7.46454 -65.4712 15.6985
99 512.804 720.668 5 7.63242 -54.3232 -33.1529
100 509.597 719.181 5 7.63997 -57.5547 -151.244
101 510.016 719.453 5 7.60944 -60.1619 -117.819
102 509.324 719.6 5 8.1379 -61.3079 -135.195
103 509.744 719.873 5 8.10925 -60.8225 -90.0333
104 509.052 720.02 5 8.63608 -58.2257 -108.547
105 509.471 720.292 5 8.60908 -61.3694 -81.2348
