1 509.951 714.045 5 3.34934 -57.3819 -171.41
2 510.37 714.318 5 3.20195 -61.5094 -2.60301
3 510.79 714.59 5 3.1284 -51.4682 -122.34
4 511.209 714.862 5 3.13389 -53.6776 -144.285
5 511.628 715.135 5 3.21802 -59.8879 -29.6694
6 512.048 715.407 5 3.37492 -66.6914 -121.811
7 512.467 715.679 5 3.59506 -52.0789 -47.7023
8 512.886 715.952 5 3.86767 -51.3785 -137.548
9 513.306 716.224 5 4.18249 -50.7707 35.1817
10 513.725 716.496 5 4.53074 -59.4482 108.024
11 514.144 716.769 5 4.90531 -61.9673 -110.529
12 514.564 717.041 5 5.30061 -101.265 173.944
13 514.983 717.313 5 5.71234 -114.274 -169.602
14 509.679 714.465 5 3.81956 -52.3582 13.8173
15 510.098 714.737 5 3.691 -54.2507 2.62036
16 510.517 715.009 5 3.62738 -62.5992 -80.0051
17 510.937 715.282 5 3.63211 -60.6161 -129.355
18 511.356 715.554 5 3.70495 -63.7234 -83.0808
19 511.775 715.826 5 3.84201 -55.4463 -39.1259
20 512.195 716.099 5 4.03676 -53.2351 69.707
21 512.614 716.371 5 4.28133 -57.2349 90.1673
22 513.033 716.643 5 4.56774 -51.901 45.889
23 513.453 716.916 5 4.88862 -50.0182 -170.797
24 513.872 717.188 5 5.23765 -53.4629 -125.869
25 514.291 717.46 5 5.60958 -68.8987 -167.648
26 514.711 717.733 5 6.00015 -74.0173 136.414
27 509.406 714.884 5 4.29651 -55.6608 57.1852
28 509.826 715.156 5 4.18263 -57.7453 -148.113
29 510.245 715.429 5 4.1266 -53.0319 154.604
30 510.664 715.701 5 4.13076 -55.8732 -158.587
31 511.084 715.973 5 4.19495 -64.9602 -142.278
32 511.503 716.246 5 4.31648 -52.5873 0.859064
33 511.922 716.518 5 4.4907 -61.1743 -134.379
34 512.342 716.79 5 4.71177 -53.3518 -60.673
35 512.761 717.063 5 4.97345 -51.7363 -84.6218
36 513.18 717.335 5 5.26968 -57.5461 153.978
37 513.6 717.607 5 5.59499 -52.9099 -12.5574
38 514.019 717.88 5 5.94461 -53.0354 28.6844
39 514.438 718.152 5 6.31449 -60.8966 54.0431
40 509.134 715.303 5 4.77818 -57.59 36.3019
41 509.553 715.576 5 4.67604 -59.0086 70.7107
42 509.973 715.848 5 4.62599 -63.9432 -50.9931
43 510.392 716.12 5 4.62971 -55.8255 -128.672
44 510.811 716.393 5 4.68706 -73.7921 -36.8535
45 511.231 716.665 5 4.79614 -59.6674 21.0018
46 511.65 716.937 5 4.95352 -60.5534 -93.0744
47 512.069 717.21 5 5.15478 -51.3593 101.116
48 512.489 717.482 5 5.39501 -55.1961 123.832
49 512.908 717.754 5 5.66926 -52.0439 92.6898
50 513.327 718.027 5 5.97285 -53.0448 -104.503
51 513.747 718.299 5 6.30153 -61.7899 106.806
52 514.166 718.571 5 6.6516 -52.2255 164.164
53 508.862 715.723 5 5.26327 -60.4245 139.288
54 509.281 715.995 5 5.17072 -59.8326 119.695
55 509.7 716.267 5 5.1255 -51.9248 -135.585
56 510.12 716.54 5 5.12885 -51.449 -151.364
57 510.539 716.812 5 5.18069 -56.5877 33.2452
58 510.958 717.084 5 5.27958 -54.9969 98.9848
59 511.378 717.357 5 5.42294 -64.4422 82.2073
60 511.797 717.629 5 5.60738 -55.527 -142.268
61 512.216 717.901 5 5.82899 -52.606 -54.0427
62 512.636 718.174 5 6.08371 -52.9727 -61.8232
63 513.055 718.446 5 6.36757 -59.863 -87.2221
64 513.474 718.718 5 6.67685 -50.134 65.9238
65 513.894 718.991 5 7.00819 -59.6386 -170.153
66 508.589 716.142 5 5.75091 -59.1694 -147.491
67 509.009 716.414 5 5.66633 -61.2261 52.2297
68 509.428 716.687 5 5.6251 -76.6099 -11.1794
69 509.847 716.959 5 5.62815 -62.3155 157.928
70 510.267 717.231 5 5.67543 -59.5741 45.7837
71 510.686 717.504 5 5.76584 -50.0854 120.114
72 511.105 717.776 5 5.8974 -57.5133 162.657
73 511.525 718.048 5 6.06743 -58.8136 -52.5345
74 511.944 718.321 5 6.2728 -52.411 121.169
75 512.363 718.593 5 6.51018 -60.6107 135.043
76 512.783 718.865 5 6.7762 -50.5759 125.448
77 513.202 719.138 5 7.06762 -56.4875 -38.4424
78 513.621 719.41 5 7.38144 -58.5929 -113.97
79 510.414 717.923 5 6.25427 -55.587 170.15
80 510.833 718.195 5 6.37575 -52.8946 -127.087
81 511.672 718.74 5 6.72451 -56.1377 -108.197
82 512.091 719.012 5 6.94647 -54.6549 -2.30969
83 512.51 719.285 5 7.19638 -52.2475 -13.4014
84 512.93 719.557 5 7.47143 -59.2918 -70.0539
85 513.349 719.829 5 7.76895 -48.1383 109.241
86 510.141 718.342 5 6.74439 -58.1001 -149.105
87 510.561 718.615 5 6.8572 -52.4148 -112.229
88 511.399 719.159 5 7.18262 -55.8994 -0.165622
89 511.819 719.432 5 7.39083 -53.4425 152.195
90 512.238 719.704 5 7.62619 -56.7871 -161.666
91 512.657 719.976 5 7.88626 -47.9805 -167.406
92 513.077 720.249 5 8.16869 -59.1631 90.6325
93 509.869 718.762 5 7.23587 -67.5844 -93.2116
94 510.288 719.034 5 7.34113 -51.9729 -60.3081
95 511.127 719.579 5 7.64598 -72.8537 -11.9505
96 511.546 719.851 5 7.8419 -57.1296 -154.37
97 511.966 720.123 5 8.0641 -51.5553 -4.1056
98 512.385 720.396 5 8.31048 -57.0888 27.435
99 512.804 720.668 5 8.57896 -48.4807 -79.6341
100 509.597 719.181 5 7.72844 -64.0782 77.9022
101 510.016 719.453 5 7.82708 -51.1122 -63.2078
102 509.324 719.6 5 8.2219 -65.4106 49.2625
103 509.744 719.873 5 8.31469 -55.6515 -12.9229
104 509.052 720.02 5 8.71612 -60.3844 -72.03
105 509.471 720.292 5 8.8037 -53.8383 32.5537
