1 514.644 719.84 5 7.289 -91.567 -1.64892
2 514.371 720.259 5 7.66723 -86.4306 132.465
3 514.097 720.678 5 8.05875 -83.5918 -55.4936
4 513.824 721.096 5 8.46171 -88.6251 -36.4722
5 513.551 721.515 5 8.87454 -84.9249 86.136
6 513.278 721.934 5 9.29594 -101.302 -101.171
7 513.004 722.353 5 9.72479 -84.4282 -155.18
8 512.731 722.771 5 10.1601 -94.5384 121.526
9 512.458 723.19 5 10.6012 -115.511 54.7285
10 512.185 723.609 5 11.0473 -111.162 137.421
11 515.063 720.113 5 7.63332 -85.9493 -106.909
12 514.789 720.532 5 7.99529 -84.982 -62.2418
13 514.516 720.951 5 8.37148 -88.4157 -68.9075
14 514.243 721.37 5 8.76006 -84.103 146.846
15 513.97 721.788 5 9.15946 -91.0396 -155.311
16 513.696 722.207 5 9.56831 -88.825 -69.2639
17 513.423 722.626 5 9.98547 -89.2348 -123.241
18 513.15 723.045 5 10.4099 -100.658 175.917
19 512.877 723.463 5 10.8408 -84.9691 -110.959
20 512.603 723.882 5 11.2774 -102.016 -158.162
21 515.481 720.387 5 7.99411 -81.7564 -151.196
22 515.208 720.805 5 8.34043 -81.9665 -62.7672
23 514.935 721.224 5 8.70171 -84.2409 -50.914
24 514.662 721.643 5 9.07616 -87.9207 -38.2689
25 514.388 722.062 5 9.46223 -85.5058 39.6313
26 514.115 722.48 5 9.85854 -98.5697 28.1322
27 513.842 722.899 5 10.2639 -96.8309 -31.9264
28 513.568 723.318 5 10.6773 -90.0327 15.6299
29 513.295 723.737 5 11.0978 -90.0819 -40.758
30 513.022 724.155 5 11.5247 -96.8095 55.5343
31 515.9 720.66 5 8.36922 -87.475 93.684
32 515.627 721.079 5 8.70062 -74.1917 154.976
33 515.353 721.497 5 9.04753 -73.3324 -48.7207
34 515.08 721.916 5 9.40823 -82.8228 -52.2278
35 514.807 722.335 5 9.7812 -82.9396 40.7668
36 514.534 722.754 5 10.1651 -81.2488 124.265
37 514.26 723.172 5 10.5587 -83.9622 131.689
38 513.987 723.591 5 10.961 -82.5995 -162.596
39 516.319 720.933 5 8.75683 -102.515 -25.7263
40 516.045 721.352 5 9.07408 -85.6812 98.3019
41 515.772 721.771 5 9.40723 -82.0323 161.53
42 515.499 722.189 5 9.75464 -75.3561 170.231
43 515.226 722.608 5 10.1148 -87.1187 95.7289
44 514.952 723.027 5 10.4865 -89.5329 92.9037
45 514.679 723.446 5 10.8685 -88.7989 -26.0868
46 514.406 723.864 5 11.2597 -92.0418 -98.0295
47 516.737 721.206 5 9.15533 -89.4833 49.2826
48 516.464 721.625 5 9.45923 -89.8835 169.415
49 516.191 722.044 5 9.77927 -84.462 52.4473
50 515.918 722.463 5 10.1139 -84.6381 -118.996
51 515.644 722.881 5 10.4617 -79.2085 -176.457
52 515.371 723.3 5 10.8215 -84.7514 -104.098
53 515.098 723.719 5 11.1921 -85.505 -105.718
54 514.825 724.138 5 11.5723 -89.5956 10.7035
55 517.156 721.48 5 9.56338 -84.3519 32.2416
56 516.883 721.898 5 9.85471 -85.7482 -77.2724
57 516.61 722.317 5 10.1623 -94.8901 -59.2235
58 516.336 722.736 5 10.4847 -83.9001 -71.0567
59 516.063 723.155 5 10.8206 -94.3181 -43.1317
60 515.79 723.573 5 11.1689 -88.8184 -143.258
61 515.517 723.992 5 11.5282 -86.2314 -166.275
62 515.243 724.411 5 11.8978 -92.7005 67.4347
63 517.575 721.753 5 9.9798 -87.3433 36.5089
64 517.302 722.172 5 10.2593 -84.1973 -109.595
65 517.028 722.59 5 10.5551 -84.026 77.5978
66 516.755 723.009 5 10.8659 -89.0707 -34.6729
67 516.482 723.428 5 11.1904 -100.022 -77.4741
68 516.209 723.847 5 11.5274 -95.2624 150.702
69 515.935 724.265 5 11.876 -89.737 -96.6038
70 515.662 724.684 5 12.235 -91.2925 -179.738
71 517.994 722.026 5 10.4036 -85.1148 -4.29989
72 517.72 722.445 5 10.672 -94.0061 -32.5985
73 517.447 722.864 5 10.9567 -94.4777 96.8412
74 517.174 723.282 5 11.2564 -86.6403 -115.879
75 516.901 723.701 5 11.5699 -99.6922 155.059
76 516.627 724.12 5 11.8962 -92.472 93.939
77 516.354 724.539 5 12.2342 -97.7665 -173.93
78 516.081 724.957 5 12.5831 -89.5719 160.665
