1 505.473 717.831 5 10.8135 -90.3573 -130.927
2 505.747 717.412 5 10.4141 -91.5641 130.98
3 506.02 716.994 5 10.0237 -91.5331 29.0817
4 506.294 716.575 5 9.64347 -91.5361 63.7155
5 506.567 716.157 5 9.27458 -90.8396 -159.389
6 505.891 718.104 5 10.5261 -91.1443 81.5192
7 506.165 717.686 5 10.1154 -98.8627 -19.5313
8 506.439 717.267 5 9.713 -91.1736 85.9404
9 506.712 716.849 5 9.32006 -87.9902 -24.2097
10 506.986 716.43 5 8.93783 -87.0038 163.165
11 506.31 718.378 5 10.2551 -99.6277 78.6098
12 506.584 717.96 5 9.83301 -85.8135 -6.24851
13 506.857 717.541 5 9.41856 -89.7804 -50.896
14 507.131 717.123 5 9.0128 -89.5581 -126.81
15 507.404 716.704 5 8.61695 -85.8312 -1.74497
16 506.728 718.652 5 10.0017 -86.7361 -58.4735
17 507.002 718.233 5 9.56844 -80.1484 -33.0543
18 507.276 717.815 5 9.14201 -94.8207 87.5167
19 507.549 717.396 5 8.7234 -87.6661 -91.0756
20 507.823 716.978 5 8.31378 -105.838 -97.6221
21 507.147 718.925 5 9.76733 -85.0329 -139.514
22 507.421 718.507 5 9.3232 -97.0532 -67.4431
23 507.694 718.088 5 8.88501 -86.631 116.62
24 507.968 717.67 5 8.45368 -91.9795 -144.699
25 508.241 717.251 5 8.03031 -97.6825 50.2543
26 507.565 719.199 5 9.55342 -92.426 -78.5803
27 507.839 718.78 5 9.09885 -91.0227 -80.1496
28 508.113 718.362 5 8.6493 -91.8168 33.2201
29 508.386 717.943 5 8.20559 -89.6263 -86.7908
30 508.66 717.525 5 7.76872 -92.0564 9.26696
31 507.984 719.472 5 9.36135 -96.408 -171.796
32 508.258 719.054 5 8.89697 -95.759 -148.129
33 508.531 718.635 5 8.43667 -80.378 -44.5731
34 508.805 718.217 5 7.98115 -89.4879 -107.419
35 509.078 717.798 5 7.53127 -104.952 12.3941
36 508.402 719.746 5 9.19249 -92.2338 -54.6547
37 508.676 719.328 5 8.71912 -70.4889 89.9571
38 508.95 718.909 5 8.2489 -111.33 126.828
39 509.223 718.491 5 7.7824 -112.433 100.877
40 509.497 718.072 5 7.32031 -115.42 94.154
