1 514.644 719.84 5 7.99754 -79.1587 35.7115
2 514.371 720.259 5 8.34403 -79.9444 78.4741
3 514.097 720.678 5 8.70545 -93.6568 -7.78675
4 513.824 721.096 5 9.08003 -86.6115 -177.455
5 513.551 721.515 5 9.46621 -91.0458 108.502
6 513.278 721.934 5 9.86262 -97.3403 -75.9028
7 513.004 722.353 5 10.2681 -85.4009 -116.407
8 512.731 722.771 5 10.6815 -85.0985 146.396
9 512.458 723.19 5 11.1021 -100.941 80.4839
10 512.185 723.609 5 11.5291 -110.755 -148.901
11 515.063 720.113 5 8.3725 -79.9546 -99.8104
12 514.789 720.532 5 8.70408 -81.529 -123.431
13 514.516 720.951 5 9.05113 -79.2525 -159.384
14 514.243 721.37 5 9.41197 -78.9219 -148.055
15 513.97 721.788 5 9.78505 -87.0553 -64.7801
16 513.696 722.207 5 10.169 -85.6774 -128.717
17 513.423 722.626 5 10.5627 -86.3252 -150.222
18 513.15 723.045 5 10.9651 -86.8659 -102.818
19 512.877 723.463 5 11.3752 -83.555 -113.246
20 512.603 723.882 5 11.7923 -90.3762 -73.3795
21 515.481 720.387 5 8.75996 -79.512 -159.797
22 515.208 720.805 5 9.07739 -79.3919 -74.8705
23 514.935 721.224 5 9.41069 -79.6584 -32.8218
24 514.662 721.643 5 9.75824 -79.5759 -26.5223
25 514.388 722.062 5 10.1186 -85.5268 -22.7135
26 514.115 722.48 5 10.4903 -87.8856 127.138
27 513.842 722.899 5 10.8724 -92.0652 91.5802
28 513.568 723.318 5 11.2637 -86.5521 78.8342
29 513.295 723.737 5 11.6634 -89.3566 79.1551
30 513.022 724.155 5 12.0705 -88.5602 59.7254
31 515.9 720.66 5 9.15833 -86.167 -145.253
32 515.627 721.079 5 9.46241 -79.4361 104.695
33 515.353 721.497 5 9.7826 -86.4499 -7.85499
34 515.08 721.916 5 10.1174 -81.9241 62.7008
35 514.807 722.335 5 10.4653 -78.243 27.2925
36 514.534 722.754 5 10.8252 -82.6214 68.111
37 514.26 723.172 5 11.1959 -86.665 108.149
38 513.987 723.591 5 11.5763 -79.1741 -158.199
39 516.319 720.933 5 9.56625 -86.3573 135.782
40 516.045 721.352 5 9.85775 -81.2878 -98.2196
41 515.772 721.771 5 10.1655 -82.6119 54.5736
42 515.499 722.189 5 10.4881 -86.7245 -175.359
43 515.226 722.608 5 10.8241 -81.6666 42.8341
44 514.952 723.027 5 11.1725 -96.284 134.816
45 514.679 723.446 5 11.5319 -80.4908 140.651
46 514.406 723.864 5 11.9016 -96.1515 -51.3721
47 516.737 721.206 5 9.98255 -83.137 -96.9931
48 516.464 721.625 5 10.2622 -80.3081 -66.2676
49 516.191 722.044 5 10.5582 -85.3094 76.9002
50 515.918 722.463 5 10.8691 -88.4476 -86.6156
51 515.644 722.881 5 11.1937 -84.3401 122.192
52 515.371 723.3 5 11.5309 -78.5477 14.8175
53 515.098 723.719 5 11.8796 -80.3619 -94.0204
54 514.825 724.138 5 12.2387 -94.6156 29.4407
55 517.156 721.48 5 10.4062 -100.464 147.17
56 516.883 721.898 5 10.6748 -81.831 43.1309
57 516.61 722.317 5 10.9596 -92.9373 44.5395
58 516.336 722.736 5 11.2595 -93.2132 28.5235
59 516.063 723.155 5 11.5732 -88.3086 61.3876
60 515.79 723.573 5 11.8996 -92.9768 139.395
61 515.517 723.992 5 12.2377 -88.6893 80.4512
62 515.243 724.411 5 12.5867 -91.086 144.349
63 517.575 721.753 5 10.8364 -101.604 -55.356
64 517.302 722.172 5 11.0946 -82.4811 -65.182
65 517.028 722.59 5 11.3689 -87.4444 -149.323
66 516.755 723.009 5 11.6582 -88.7114 119.741
67 516.482 723.428 5 11.9614 -92.2392 -80.3646
68 516.209 723.847 5 12.2775 -96.3732 -60.4166
69 515.935 724.265 5 12.6056 -93.2293 -95.6873
70 515.662 724.684 5 12.9446 -86.9579 -166.893
71 517.994 722.026 5 11.2723 -97.2049 -40.6004
72 517.72 722.445 5 11.5208 -99.6786 -41.7457
73 517.447 722.864 5 11.7852 -98.8295 -138.32
74 517.174 723.282 5 12.0645 -108.538 120.544
75 516.901 723.701 5 12.3578 -84.8009 -106.527
76 516.627 724.12 5 12.664 -79.9279 102.961
77 516.354 724.539 5 12.9822 -88.4951 -42.3396
78 516.081 724.957 5 13.3117 -88.7275 163.959
