1 514.644 719.84 5 8.37415 -89.4548 -81.6466
2 514.371 720.259 5 8.7058 -80.6541 -154.448
3 514.097 720.678 5 9.05293 -104.689 162.713
4 513.824 721.096 5 9.41383 -85.9521 145.406
5 513.551 721.515 5 9.78698 -95.9201 77.5814
6 513.278 721.934 5 10.171 -92.8088 18.0433
7 513.004 722.353 5 10.5648 -93.4237 84.3946
8 512.731 722.771 5 10.9672 -90.9269 116.581
9 512.458 723.19 5 11.3773 -102.305 60.1749
10 512.185 723.609 5 11.7944 -106.246 -152.9
11 515.063 720.113 5 8.76153 -94.2013 -158.548
12 514.789 720.532 5 9.07905 -86.2964 -122.386
13 514.516 720.951 5 9.41242 -89.4982 -86.2585
14 514.243 721.37 5 9.76004 -90.3898 -134.701
15 513.97 721.788 5 10.1204 -88.2074 -144.069
16 513.696 722.207 5 10.4923 -84.0899 -149.689
17 513.423 722.626 5 10.8744 -85.4815 178.585
18 513.15 723.045 5 11.2657 -84.587 -174.153
19 512.877 723.463 5 11.6654 -85.728 -165.955
20 512.603 723.882 5 12.0725 -88.1602 -150.288
21 515.481 720.387 5 9.15983 -84.0868 -38.4877
22 515.208 720.805 5 9.46399 -84.3393 -53.8603
23 514.935 721.224 5 9.78427 -85.2389 -56.0913
24 514.662 721.643 5 10.1191 -87.2768 -151.383
25 514.388 722.062 5 10.4671 -98.4276 -113.966
26 514.115 722.48 5 10.8271 -91.1034 -151.256
27 513.842 722.899 5 11.1978 -102.083 105.572
28 513.568 723.318 5 11.5782 -94.1551 -22.4403
29 513.295 723.737 5 11.9674 -98.0085 -93.8221
30 513.022 724.155 5 12.3646 -107.341 -173.425
31 515.9 720.66 5 9.56769 -91.334 -172.781
32 515.627 721.079 5 9.85928 -83.7208 -60.4313
33 515.353 721.497 5 10.1671 -91.2771 -112.894
34 515.08 721.916 5 10.4897 -88.3545 -0.266023
35 514.807 722.335 5 10.8259 -86.9112 -14.792
36 514.534 722.754 5 11.1743 -105.854 2.15652
37 514.26 723.172 5 11.5338 -88.8842 120.184
38 513.987 723.591 5 11.9035 -86.0558 -168.234
39 516.319 720.933 5 9.98393 -83.7521 170.168
40 516.045 721.352 5 10.2637 -96.0158 92.1713
41 515.772 721.771 5 10.5597 -82.5502 -174.228
42 515.499 722.189 5 10.8707 -88.0064 -64.305
43 515.226 722.608 5 11.1954 -101.161 13.5964
44 514.952 723.027 5 11.5326 -83.3957 47.955
45 514.679 723.446 5 11.8814 -97.4201 145.451
46 514.406 723.864 5 12.2406 -98.1345 -129.897
47 516.737 721.206 5 10.4075 -87.5269 -63.4644
48 516.464 721.625 5 10.6762 -93.6583 163.963
49 516.191 722.044 5 10.9611 -93.6783 -118.022
50 515.918 722.463 5 11.261 -84.5974 134.901
51 515.644 722.881 5 11.5748 -90.1622 -159.751
52 515.371 723.3 5 11.9013 -93.8255 -49.1276
53 515.098 723.719 5 12.2395 -93.5074 -150.139
54 514.825 724.138 5 12.5885 -96.1701 -8.60229
55 517.156 721.48 5 10.8377 -81.2438 12.7981
56 516.883 721.898 5 11.0959 -96.0006 -56.7709
57 516.61 722.317 5 11.3703 -87.7182 -148.675
58 516.336 722.736 5 11.6597 -94.668 158.394
59 516.063 723.155 5 11.963 -94.4124 -161.435
60 515.79 723.573 5 12.2792 -84.34 50.3433
61 515.517 723.992 5 12.6073 -86.4101 -95.1245
62 515.243 724.411 5 12.9463 -92.7213 90.8
63 517.575 721.753 5 11.2736 -97.231 70.202
64 517.302 722.172 5 11.5221 -81.1956 -149.432
65 517.028 722.59 5 11.7865 -84.3592 76.078
66 516.755 723.009 5 12.0659 -89.6369 35.7921
67 516.482 723.428 5 12.3593 -95.8494 -29.4942
68 516.209 723.847 5 12.6656 -104.309 -62.6457
69 515.935 724.265 5 12.9839 -91.4583 -151.175
70 515.662 724.684 5 13.3134 -90.6488 145.53
71 517.994 722.026 5 11.7146 -101.847 39.2417
72 517.72 722.445 5 11.9539 -97.2077 30.8512
73 517.447 722.864 5 12.209 -90.2965 -0.944925
74 517.174 723.282 5 12.479 -83.378 -117.61
75 516.901 723.701 5 12.7628 -97.4309 104.78
76 516.627 724.12 5 13.0596 -87.9086 127.551
77 516.354 724.539 5 13.3686 -97.1555 -118.485
78 516.081 724.957 5 13.6888 -91.0031 85.1366
