1 514.644 719.84 5 6.12103 -88.6586 -49.4617
2 514.371 720.259 5 6.56611 -76.1922 167.255
3 514.097 720.678 5 7.01859 -85.0188 110.232
4 513.824 721.096 5 7.47713 -80.5557 151.15
5 513.551 721.515 5 7.94067 -78.0124 -51.3156
6 513.278 721.934 5 8.40839 -88.2131 156.481
7 513.004 722.353 5 8.87963 -85.8571 -156.135
8 512.731 722.771 5 9.35386 -87.5526 142.785
9 512.458 723.19 5 9.83064 -99.5205 -51.3167
10 512.185 723.609 5 10.3096 -109.147 112.824
11 515.063 720.113 5 6.37222 -93.6252 113.832
12 514.789 720.532 5 6.80088 -85.1238 -47.1493
13 514.516 720.951 5 7.2387 -73.6485 31.3815
14 514.243 721.37 5 7.68411 -83.6054 -84.5868
15 513.97 721.788 5 8.13587 -86.2611 58.9
16 513.696 722.207 5 8.59297 -88.6084 115.494
17 513.423 722.626 5 9.05461 -90.609 -160.929
18 513.15 723.045 5 9.52013 -89.5077 -87.3151
19 512.877 723.463 5 9.98898 -100.25 -169.315
20 512.603 723.882 5 10.4607 -89.904 -138.59
21 515.481 720.387 5 6.65156 -72.635 67.9571
22 515.208 720.805 5 7.06329 -74.8282 9.38011
23 514.935 721.224 5 7.48578 -81.1865 5.82028
24 514.662 721.643 5 7.91731 -78.6568 64.7083
25 514.388 722.062 5 8.35647 -83.079 -114.147
26 514.115 722.48 5 8.80212 -82.3619 -138.675
27 513.842 722.899 5 9.25333 -77.3429 -138.196
28 513.568 723.318 5 9.70933 -84.6762 -138.04
29 513.295 723.737 5 10.1695 -83.7246 -168.42
30 513.022 724.155 5 10.6332 -78.5956 -90.2817
31 515.9 720.66 5 6.95568 -75.3663 -38.9705
32 515.627 721.079 5 7.35039 -67.7901 30.5674
33 515.353 721.497 5 7.75726 -62.0522 132.595
34 515.08 721.916 5 8.17447 -70.9575 128.06
35 514.807 722.335 5 8.60051 -74.3113 -165.112
36 514.534 722.754 5 9.03413 -73.0933 165.366
37 514.26 723.172 5 9.4743 -77.0783 51.268
38 513.987 723.591 5 9.92014 -74.2461 -106.744
39 516.319 720.933 5 7.28146 -85.1438 89.7226
40 516.045 721.352 5 7.6594 -75.4588 -53.954
41 515.772 721.771 5 8.05067 -74.1137 -59.9923
42 515.499 722.189 5 8.45341 -67.689 83.3561
43 515.226 722.608 5 8.86605 -68.2485 153.702
44 514.952 723.027 5 9.28729 -71.6403 176.388
45 514.679 723.446 5 9.71599 -72.3824 176.549
46 514.406 723.864 5 10.1512 -87.7856 178.07
47 516.737 721.206 5 7.62612 -75.5903 -29.9969
48 516.464 721.625 5 7.98778 -93.8882 -35.0087
49 516.191 722.044 5 8.3637 -85.0204 148.174
50 515.918 722.463 5 8.75204 -80.5427 123.192
51 515.644 722.881 5 9.15123 -93.4523 -99.7816
52 515.371 723.3 5 9.55991 -79.4795 137.443
53 515.098 723.719 5 9.97691 -66.9736 -159.003
54 514.825 724.138 5 10.4012 -98.3321 2.56887
55 517.156 721.48 5 7.98724 -73.9626 -0.752499
56 516.883 721.898 5 8.33323 -81.2852 -135.206
57 516.61 722.317 5 8.69423 -90.5935 18.2049
58 516.336 722.736 5 9.06843 -85.6889 69.2279
59 516.063 723.155 5 9.45427 -78.9566 -173.547
60 515.79 723.573 5 9.85038 -78.5439 171.851
61 515.517 723.992 5 10.2556 -94.4044 -68.1389
62 515.243 724.411 5 10.6688 -100.495 133.509
63 517.575 721.753 5 8.36266 -79.0729 105.351
64 517.302 722.172 5 8.69373 -81.0321 137.692
65 517.028 722.59 5 9.04034 -85.4262 30.5994
66 516.755 723.009 5 9.40077 -84.1372 -135.941
67 516.482 723.428 5 9.7735 -92.5479 -90.8046
68 516.209 723.847 5 10.1572 -87.2241 -167.108
69 515.935 724.265 5 10.5506 -92.4823 -141.699
70 515.662 724.684 5 10.9527 -81.4976 23.9085
71 517.994 722.026 5 8.75056 -85.3468 -68.3066
72 517.72 722.445 5 9.06747 -81.7839 -131.148
73 517.447 722.864 5 9.40031 -85.4376 117.181
74 517.174 723.282 5 9.74744 -78.1102 -123.353
75 516.901 723.701 5 10.1074 -87.7065 50.8742
76 516.627 724.12 5 10.4788 -78.8338 -81.6192
77 516.354 724.539 5 10.8606 -89.699 -73.2734
78 516.081 724.957 5 11.2517 -89.1298 91.7652
