1 509.951 714.045 5 3.55822 -51.6974 38.0984
2 510.37 714.318 5 3.34594 -54.0398 -5.75869
3 510.79 714.59 5 3.1984 -58.8274 69.6626
4 511.209 714.862 5 3.12476 -52.729 -104.852
5 511.628 715.135 5 3.13026 -53.1759 -122.463
6 512.048 715.407 5 3.21449 -60.2708 -32.756
7 512.467 715.679 5 3.37155 -57.945 -137.181
8 512.886 715.952 5 3.5919 -50.7517 -57.7637
9 513.306 716.224 5 3.86474 -51.3623 -124.217
10 513.725 716.496 5 4.17978 -56.8211 66.3911
11 514.144 716.769 5 4.52824 -56.2444 148.33
12 514.564 717.041 5 4.903 -102.449 -90.627
13 514.983 717.313 5 5.29847 -106.003 -158.746
14 509.679 714.465 5 4.00353 -51.8993 164.259
15 510.098 714.737 5 3.81611 -56.0134 29.7058
16 510.517 715.009 5 3.68742 -67.3768 -148.679
17 510.937 715.282 5 3.62374 -55.4854 -77.0444
18 511.356 715.554 5 3.62848 -57.3882 -135.89
19 511.775 715.826 5 3.70139 -63.5295 -121.055
20 512.195 716.099 5 3.83858 -57.0179 -28.0043
21 512.614 716.371 5 4.0335 -53.6089 85.2116
22 513.033 716.643 5 4.27826 -53.9661 113.524
23 513.453 716.916 5 4.56486 -50.84 31.655
24 513.872 717.188 5 4.88593 -57.6813 179.581
25 514.291 717.46 5 5.23514 -55.2507 -99.1422
26 514.711 717.733 5 5.60724 -74.3984 -105.317
27 509.406 714.884 5 4.46044 -57.8172 178.472
28 509.826 715.156 5 4.29301 -50.5512 59.8182
29 510.245 715.429 5 4.17904 -65.6566 -90.2302
30 510.664 715.701 5 4.12296 -61.3601 -75.5513
31 511.084 715.973 5 4.12713 -58.7718 -135.074
32 511.503 716.246 5 4.19137 -63.0195 -16.8062
33 511.922 716.518 5 4.313 -60.3073 17.6965
34 512.342 716.79 5 4.48736 -53.5809 -154.485
35 512.761 717.063 5 4.70859 -54.7302 -41.3997
36 513.18 717.335 5 4.97044 -51.6253 -69.18
37 513.6 717.607 5 5.26684 -54.884 157.17
38 514.019 717.88 5 5.59232 -53.9096 -48.9627
39 514.438 718.152 5 5.94209 -54.3982 33.8448
40 509.134 715.303 5 4.92574 -65.7965 116.678
41 509.553 715.576 5 4.77465 -58.6236 72.7759
42 509.973 715.848 5 4.67244 -59.3779 149.624
43 510.392 716.12 5 4.62235 -67.9963 -119.527
44 510.811 716.393 5 4.62607 -63.2475 -167.728
45 511.231 716.665 5 4.68347 -69.2084 36.6091
46 511.65 716.937 5 4.79263 -64.0961 76.6573
47 512.069 717.21 5 4.95012 -60.0747 -45.241
48 512.489 717.482 5 5.15152 -51.6676 133.27
49 512.908 717.754 5 5.3919 -56.4703 138.794
50 513.327 718.027 5 5.6663 -50.9372 100.36
51 513.747 718.299 5 5.97004 -51.629 -80.305
52 514.166 718.571 5 6.29887 -54.9404 79.2797
53 508.862 715.723 5 5.39724 -57.3937 140.166
54 509.281 715.995 5 5.25972 -56.692 -164.686
55 509.7 716.267 5 5.16711 -53.2531 106.386
56 510.12 716.54 5 5.12186 -52.301 -118.258
57 510.539 716.812 5 5.12522 -58.8155 -145.524
58 510.958 717.084 5 5.17709 -72.5427 112.347
59 511.378 717.357 5 5.27604 -59.5855 135.519
60 511.797 717.629 5 5.41951 -66.9221 76.7997
61 512.216 717.901 5 5.60406 -54.131 -108.418
62 512.636 718.174 5 5.82579 -56.2173 -6.55609
63 513.055 718.446 5 6.08065 -53.3608 -51.1394
64 513.474 718.718 5 6.36464 -52.3068 -121.291
65 513.894 718.991 5 6.67406 -51.0282 63.1277
66 508.589 716.142 5 5.87346 -62.4679 -24.3535
67 509.009 716.414 5 5.74734 -60.9235 168.66
68 509.428 716.687 5 5.66271 -59.3734 68.7542
69 509.847 716.959 5 5.62145 -56.3343 -130.352
70 510.267 717.231 5 5.62451 -58.7508 162.207
71 510.686 717.504 5 5.67182 -65.5865 14.4374
72 511.105 717.776 5 5.76229 -65.7804 163.165
73 511.525 718.048 5 5.89393 -66.5981 128.105
74 511.944 718.321 5 6.06406 -57.1843 -38.7767
75 512.363 718.593 5 6.26954 -51.2673 133.673
76 512.783 718.865 5 6.50704 -53.3578 -177.897
77 513.202 719.138 5 6.77318 -51.0936 134.244
78 513.621 719.41 5 7.06473 -53.4872 -0.942719
79 510.414 717.923 5 6.1674 -66.7799 -38.3351
80 510.833 718.195 5 6.2507 -54.8716 -150.365
81 511.672 718.74 5 6.52994 -64.1339 117.608
82 512.091 719.012 5 6.7212 -56.2041 -85.9119
83 512.51 719.285 5 6.94326 -56.9485 -10.9332
84 512.93 719.557 5 7.19328 -52.9176 17.676
85 513.349 719.829 5 7.46845 -48.3446 -42.0614
86 510.141 718.342 5 6.66365 -66.3817 91.8938
87 510.561 718.615 5 6.74082 -71.8164 -134.694
88 511.399 719.159 5 7.00053 -66.4024 166.789
89 511.819 719.432 5 7.17926 -54.6108 10.2498
90 512.238 719.704 5 7.38757 -49.7565 -170.368
91 512.657 719.976 5 7.62303 -53.7352 153.896
92 513.077 720.249 5 7.88321 -51.4659 -130.389
93 509.869 718.762 5 7.16041 -71.1161 97.3314
94 510.288 719.034 5 7.23228 -56.0359 -114.423
95 511.127 719.579 5 7.47494 -68.5053 58.7522
96 511.546 719.851 5 7.64259 -67.2946 -162.509
97 511.966 720.123 5 7.83859 -52.8481 -95.6078
98 512.385 720.396 5 8.06089 -52.2944 10.2125
99 512.804 720.668 5 8.30737 -77.4101 145.338
100 509.597 719.181 5 7.6576 -63.7882 124.62
101 510.016 719.453 5 7.72485 -54.2181 -87.3419
102 509.324 719.6 5 8.15513 -64.0944 15.1047
103 509.744 719.873 5 8.21831 -57.659 -34.4542
104 509.052 720.02 5 8.65295 -82.4455 59.1112
105 509.471 720.292 5 8.71251 -62.8028 -7.91356
