1 509.951 714.045 5 4.84068 -55.6445 11.0789
2 510.37 714.318 5 4.46841 -54.8229 -74.3024
3 510.79 714.59 5 4.12324 -55.2229 -113.475
4 511.209 714.862 5 3.81256 -50.0619 25.2234
5 511.628 715.135 5 3.54543 -51.4227 58.7281
6 512.048 715.407 5 3.33235 -55.3148 -39.7139
7 512.467 715.679 5 3.18418 -53.7825 52.6111
8 512.886 715.952 5 3.11022 -54.8283 -72.8362
9 513.306 716.224 5 3.11575 -55.6735 -102.597
10 513.725 716.496 5 3.20037 -54.8457 36.8858
11 514.144 716.769 5 3.3581 -52.3782 -115.465
12 514.564 717.041 5 3.57929 -94.3745 -35.9115
13 514.983 717.313 5 3.85302 -113.477 98.5652
14 509.679 714.465 5 5.17542 -61.2628 58.6385
15 510.098 714.737 5 4.82902 -60.8633 5.82768
16 510.517 715.009 5 4.51153 -52.7048 -157.552
17 510.937 715.282 5 4.22946 -51.1005 -105.493
18 511.356 715.554 5 3.99034 -54.7213 -153.362
19 511.775 715.826 5 3.80227 -53.0954 51.3199
20 512.195 716.099 5 3.67311 -58.9293 57.8053
21 512.614 716.371 5 3.60918 -56.4478 -28.7252
22 513.033 716.643 5 3.61395 -59.7155 -38.4596
23 513.453 716.916 5 3.68715 -55.6264 71.7978
24 513.872 717.188 5 3.82486 -58.1814 -45.6528
25 514.291 717.46 5 4.02045 -55.4549 144.109
26 514.711 717.733 5 4.26597 -63.731 156.864
27 509.406 714.884 5 5.53513 -54.0656 99.9133
28 509.826 715.156 5 5.21269 -53.3073 -60.4906
29 510.245 715.429 5 4.92002 -50.3563 48.7243
30 510.664 715.701 5 4.66273 -52.4677 96.0216
31 511.084 715.973 5 4.44697 -53.5081 -19.2999
32 511.503 716.246 5 4.27902 -56.9355 103.451
33 511.922 716.518 5 4.16467 -57.0251 107.183
34 512.342 716.79 5 4.1084 -59.7802 -26.2618
35 512.761 717.063 5 4.11259 -66.0036 20.4438
36 513.18 717.335 5 4.17706 -58.4832 83.6136
37 513.6 717.607 5 4.2991 -60.0774 65.6737
38 514.019 717.88 5 4.47401 -57.4292 -88.7294
39 514.438 718.152 5 4.69587 -61.8244 -13.2513
40 509.134 715.303 5 5.91527 -52.3994 73.5585
41 509.553 715.576 5 5.6147 -47.7412 -150.86
42 509.973 715.848 5 5.3441 -54.0093 -68.5586
43 510.392 716.12 5 5.10821 -54.1403 -139.908
44 510.811 716.393 5 4.91205 -58.5218 81.0785
45 511.231 716.665 5 4.76054 -58.7495 -175.051
46 511.65 716.937 5 4.65803 -56.6336 112.071
47 512.069 717.21 5 4.60778 -66.4228 -45.3731
48 512.489 717.482 5 4.61152 -72.5163 176.718
49 512.908 717.754 5 4.66911 -61.6384 72.3001
50 513.327 718.027 5 4.7786 -60.2835 129.574
51 513.747 718.299 5 4.93655 -57.8973 2.06257
52 514.166 718.571 5 5.13848 -61.3302 -173.458
53 508.862 715.723 5 6.31215 -50.4356 24.987
54 509.281 715.995 5 6.03139 -51.2061 119.991
55 509.7 716.267 5 5.78032 -52.5432 83.0193
56 510.12 716.54 5 5.56296 -56.2723 17.9476
57 510.539 716.812 5 5.3834 -55.7551 149.665
58 510.958 717.084 5 5.24552 -59.8368 -138.676
59 511.378 717.357 5 5.15266 -63.7251 170.734
60 511.797 717.629 5 5.10729 -67.2883 -63.0337
61 512.216 717.901 5 5.11066 -62.3007 151.922
62 512.636 718.174 5 5.16269 -63.5072 71.0314
63 513.055 718.446 5 5.26192 -63.7435 -167.5
64 513.474 718.718 5 5.40576 -56.6628 81.2521
65 513.894 718.991 5 5.59077 -60.1939 -75.0909
66 508.589 716.142 5 6.72279 -67.0912 -159.986
67 509.009 716.414 5 6.45991 -49.9485 -47.6224
68 509.428 716.687 5 6.22614 -55.6371 -118.59
69 509.847 716.959 5 6.02489 -56.812 101.01
70 510.267 717.231 5 5.8595 -61.1841 -122.477
71 510.686 717.504 5 5.73308 -58.5396 -88.654
72 511.105 717.776 5 5.64825 -63.6726 131.436
73 511.525 718.048 5 5.60688 -70.002 44.0334
74 511.944 718.321 5 5.60996 -67.7425 111.04
75 512.363 718.593 5 5.65739 -65.5161 102.474
76 512.783 718.865 5 5.74809 -60.5814 -128.18
77 513.202 719.138 5 5.88005 -64.2022 -175.663
78 513.621 719.41 5 6.05057 -57.4371 66.8543
79 510.414 717.923 5 6.22262 -56.8559 -60.5893
80 510.833 718.195 5 6.14454 -56.6706 116.705
81 511.672 718.74 5 6.10936 -75.2397 -155.193
82 512.091 719.012 5 6.15295 -58.631 133.922
83 512.51 719.285 5 6.23645 -58.3839 -106.039
84 512.93 719.557 5 6.35828 -60.6606 -98.6415
85 513.349 719.829 5 6.5163 -68.3379 154.144
86 510.141 718.342 5 6.71369 -59.9614 -38.0617
87 510.561 718.615 5 6.6414 -61.3687 150.085
88 511.399 719.159 5 6.60886 -66.542 155.7
89 511.819 719.432 5 6.64918 -59.4311 142.129
90 512.238 719.704 5 6.72651 -62.8027 -100.975
91 512.657 719.976 5 6.83962 -65.5398 -176.319
92 513.077 720.249 5 6.98677 -54.9491 -167.066
93 509.869 718.762 5 7.206 -55.6928 -23.8141
94 510.288 719.034 5 7.13869 -60.9506 -171.416
95 511.127 719.579 5 7.10843 -68.9981 -112.163
96 511.546 719.851 5 7.14593 -71.9818 -32.1515
97 511.966 720.123 5 7.21795 -57.268 -80.0245
98 512.385 720.396 5 7.32347 -64.6288 84.463
99 512.804 720.668 5 7.46108 -54.5431 170.534
100 509.597 719.181 5 7.6993 -54.5999 -13.5123
101 510.016 719.453 5 7.63634 -60.5679 -174.266
102 509.324 719.6 5 8.19341 -54.7475 9.22616
103 509.744 719.873 5 8.13427 -62.0844 -171.412
104 509.052 720.02 5 8.68819 -58.2408 41.3133
105 509.471 720.292 5 8.63245 -64.3212 -178.027
