1 514.644 719.84 5 7.63512 -78.1365 49.3929
2 514.371 720.259 5 7.99716 -81.8825 65.7161
3 514.097 720.678 5 8.37342 -91.88 -33.7349
4 513.824 721.096 5 8.76206 -93.7982 -60.2272
5 513.551 721.515 5 9.16151 -86.2977 37.0923
6 513.278 721.934 5 9.57042 -84.7338 -137.816
7 513.004 722.353 5 9.98761 -85.3053 -108.203
8 512.731 722.771 5 10.4121 -99.7027 -92.1917
9 512.458 723.19 5 10.843 -107.012 11.8848
10 512.185 723.609 5 11.2797 -117.232 80.9349
11 515.063 720.113 5 7.99582 -88.5157 -31.0713
12 514.789 720.532 5 8.34223 -84.5523 -132.609
13 514.516 720.951 5 8.70358 -93.4292 134.679
14 514.243 721.37 5 9.0781 -82.754 150.382
15 513.97 721.788 5 9.46422 -88.1779 -63.9998
16 513.696 722.207 5 9.86058 -97.3634 -34.9483
17 513.423 722.626 5 10.266 -91.947 -53.0872
18 513.15 723.045 5 10.6794 -88.9144 -80.5456
19 512.877 723.463 5 11.1 -92.4304 -28.879
20 512.603 723.882 5 11.5269 -96.5 -32.4194
21 515.481 720.387 5 8.37086 -73.0686 -83.0876
22 515.208 720.805 5 8.70235 -81.8684 -48.3388
23 514.935 721.224 5 9.04933 -79.531 -27.2279
24 514.662 721.643 5 9.4101 -80.9858 2.39173
25 514.388 722.062 5 9.78313 -84.5797 30.1086
26 514.115 722.48 5 10.1671 -83.4762 138.128
27 513.842 722.899 5 10.5607 -90.8658 52.7183
28 513.568 723.318 5 10.963 -87.0513 90.5815
29 513.295 723.737 5 11.3731 -87.7888 88.3448
30 513.022 724.155 5 11.7901 -86.7293 87.9616
31 515.9 720.66 5 8.75839 -81.5605 174.998
32 515.627 721.079 5 9.07574 -79.2389 -65.7813
33 515.353 721.497 5 9.40896 -77.3571 29.7448
34 515.08 721.916 5 9.75644 -76.2549 55.4268
35 514.807 722.335 5 10.1167 -77.5464 59.1555
36 514.534 722.754 5 10.4884 -84.1148 76.9203
37 514.26 723.172 5 10.8705 -90.7636 165.544
38 513.987 723.591 5 11.2617 -76.904 -169.556
39 516.319 720.933 5 9.15683 -94.2713 167.913
40 516.045 721.352 5 9.46082 -84.6407 -0.21257
41 515.772 721.771 5 9.78093 -81.9213 -20.8181
42 515.499 722.189 5 10.1156 -84.6753 157.943
43 515.226 722.608 5 10.4635 -75.366 27.4294
44 514.952 723.027 5 10.8234 -73.5213 102.587
45 514.679 723.446 5 11.194 -80.9637 155.403
46 514.406 723.864 5 11.5743 -95.7442 65.7446
47 516.737 721.206 5 9.56482 -84.4917 -98.2665
48 516.464 721.625 5 9.85623 -87.6746 -128.417
49 516.191 722.044 5 10.1639 -89.1188 82.2823
50 515.918 722.463 5 10.4864 -106.49 -167.02
51 515.644 722.881 5 10.8224 -93.6043 -142.861
52 515.371 723.3 5 11.1707 -96.9908 139.122
53 515.098 723.719 5 11.5301 -79.4939 11.0363
54 514.825 724.138 5 11.8997 -93.3153 122.865
55 517.156 721.48 5 9.98117 -96.1212 141.112
56 516.883 721.898 5 10.2608 -80.0434 35.7572
57 516.61 722.317 5 10.5567 -89.2795 -59.8857
58 516.336 722.736 5 10.8675 -96.154 -86.534
59 516.063 723.155 5 11.1921 -84.4093 160.095
60 515.79 723.573 5 11.5292 -93.5999 130.876
61 515.517 723.992 5 11.8778 -94.7524 14.634
62 515.243 724.411 5 12.2369 -85.0793 40.6229
63 517.575 721.753 5 10.4049 -93.2423 64.1313
64 517.302 722.172 5 10.6734 -84.2895 -88.3222
65 517.028 722.59 5 10.9581 -86.7734 -116.228
66 516.755 723.009 5 11.2579 -86.5484 86.7209
67 516.482 723.428 5 11.5715 -85.233 -3.25334
68 516.209 723.847 5 11.8979 -89.2571 -126.359
69 515.935 724.265 5 12.236 -86.1016 -69.9991
70 515.662 724.684 5 12.5849 -87.2589 -169.963
71 517.994 722.026 5 10.8351 -99.5795 -57.9465
72 517.72 722.445 5 11.0932 -88.2184 -149.35
73 517.447 722.864 5 11.3675 -88.038 20.8414
74 517.174 723.282 5 11.6567 -88.3515 22.3684
75 516.901 723.701 5 11.9599 -85.0667 -104.033
76 516.627 724.12 5 12.2759 -84.1238 103.329
77 516.354 724.539 5 12.6039 -87.7129 -19.9939
78 516.081 724.957 5 12.9428 -84.9157 127.661
