1 509.951 714.045 5 5.23212 -61.1531 119.615
2 510.37 714.318 5 4.83834 -58.1273 18.3421
3 510.79 714.59 5 4.46587 -57.3135 -45.2656
4 511.209 714.862 5 4.12049 -51.2557 -104.803
5 511.628 715.135 5 3.80959 -52.9511 57.0833
6 512.048 715.407 5 3.54223 -52.6987 80.6269
7 512.467 715.679 5 3.32895 -55.6088 -61.7964
8 512.886 715.952 5 3.18062 -51.6396 80.2545
9 513.306 716.224 5 3.10658 -51.3924 -115.509
10 513.725 716.496 5 3.11212 -52.392 -73.3751
11 514.144 716.769 5 3.19684 -55.1754 54.0959
12 514.564 717.041 5 3.35474 -99.1886 -48.4497
13 514.983 717.313 5 3.57613 -106.751 -42.3491
14 509.679 714.465 5 5.54294 -58.7963 112.676
15 510.098 714.737 5 5.17287 -67.2677 68.8974
16 510.517 715.009 5 4.82629 -54.7534 10.3769
17 510.937 715.282 5 4.50861 -54.4602 -165.9
18 511.356 715.554 5 4.22635 -52.4672 -91.2086
19 511.775 715.826 5 3.98704 -55.1024 -131.165
20 512.195 716.099 5 3.79881 -61.0864 56.0642
21 512.614 716.371 5 3.66953 -57.1481 133.771
22 513.033 716.643 5 3.60554 -57.6389 -106.367
23 513.453 716.916 5 3.61032 -54.6165 -64.7873
24 513.872 717.188 5 3.6836 -66.9414 80.2496
25 514.291 717.46 5 3.82143 -57.5474 -17.7054
26 514.711 717.733 5 4.01719 -72.6031 73.6415
27 509.406 714.884 5 5.8799 -52.8627 -159.45
28 509.826 715.156 5 5.53242 -50.7356 117.614
29 510.245 715.429 5 5.20982 -53.3874 -41.2666
30 510.664 715.701 5 4.91698 -51.6852 88.4904
31 511.084 715.973 5 4.65952 -55.6229 84.5915
32 511.503 716.246 5 4.4436 -58.764 -17.6278
33 511.922 716.518 5 4.27552 -60.4222 153.894
34 512.342 716.79 5 4.16108 -61.9623 126.385
35 512.761 717.063 5 4.10476 -61.6915 -149.749
36 513.18 717.335 5 4.10895 -59.8334 -88.5757
37 513.6 717.607 5 4.17348 -58.6919 99.2592
38 514.019 717.88 5 4.29563 -61.1463 75.0748
39 514.438 718.152 5 4.47067 -67.1506 159.548
40 509.134 715.303 5 6.23878 -59.3541 -111.214
41 509.553 715.576 5 5.91243 -54.1216 83.8512
42 509.973 715.848 5 5.61171 -51.1617 -124.174
43 510.392 716.12 5 5.34095 -54.6148 -44.3047
44 510.811 716.393 5 5.10492 -59.9874 -122.559
45 511.231 716.665 5 4.90864 -58.2781 99.112
46 511.65 716.937 5 4.75701 -64.8749 -142.554
47 512.069 717.21 5 4.65442 -62.0232 118.147
48 512.489 717.482 5 4.60414 -59.8051 -115.557
49 512.908 717.754 5 4.60788 -50.8795 -91.363
50 513.327 718.027 5 4.66552 -53.76 112.628
51 513.747 718.299 5 4.7751 -57.3899 -175.688
52 514.166 718.571 5 4.93315 -65.6015 -10.7541
53 508.862 715.723 5 6.616 -49.8845 -108.068
54 509.281 715.995 5 6.30919 -61.9246 68.3625
55 509.7 716.267 5 6.0283 -51.4901 126.843
56 510.12 716.54 5 5.7771 -56.9848 72.4068
57 510.539 716.812 5 5.55961 -62.4675 52.8431
58 510.958 717.084 5 5.37994 -58.5181 -174.853
59 511.378 717.357 5 5.24197 -60.5724 -103.267
60 511.797 717.629 5 5.14905 -61.665 168.686
61 512.216 717.901 5 5.10365 -57.3945 179.117
62 512.636 718.174 5 5.10702 -56.3808 -51.968
63 513.055 718.446 5 5.15908 -55.5916 121.044
64 513.474 718.718 5 5.25839 -56.5838 -150.52
65 513.894 718.991 5 5.40232 -62.8011 141.866
66 508.589 716.142 5 7.0086 -67.1882 83.6374
67 509.009 716.414 5 6.71975 -54.9727 -40.7053
68 509.428 716.687 5 6.45674 -53.5893 -32.8223
69 509.847 716.959 5 6.22286 -54.4972 -106.276
70 510.267 717.231 5 6.0215 -59.6586 106.964
71 510.686 717.504 5 5.85601 -57.5952 -94.2334
72 511.105 717.776 5 5.72952 -61.8154 -79.1666
73 511.525 718.048 5 5.64463 -60.6575 131.555
74 511.944 718.321 5 5.60324 -61.5962 -123.966
75 512.363 718.593 5 5.60632 -60.5286 -45.2999
76 512.783 718.865 5 5.65378 -57.2748 146.653
77 513.202 719.138 5 5.74454 -56.582 -149.612
78 513.621 719.41 5 5.87658 -60.4993 -124.586
79 510.414 717.923 5 6.33577 -62.5735 -58.8403
80 510.833 718.195 5 6.21904 -57.0512 -77.2798
81 511.672 718.74 5 6.1029 -64.4027 -109.419
82 512.091 719.012 5 6.10572 -68.6347 -115.862
83 512.51 719.285 5 6.14934 -56.3316 134.036
84 512.93 719.557 5 6.23288 -61.6299 -122.127
85 513.349 719.829 5 6.35478 -59.5607 -85.9767
86 510.141 718.342 5 6.81844 -62.9349 49.2054
87 510.561 718.615 5 6.71011 -58.5403 -36.509
88 511.399 719.159 5 6.60261 -65.0255 -158.989
89 511.819 719.432 5 6.60522 -64.1773 -105.447
90 512.238 719.704 5 6.64556 -57.1064 134.654
91 512.657 719.976 5 6.72294 -58.8277 -48.1318
92 513.077 720.249 5 6.83611 -56.6423 -6.00691
93 509.869 718.762 5 7.30344 -62.407 20.0717
94 510.288 719.034 5 7.20241 -58.1302 -25.9796
95 511.127 719.579 5 7.10236 -67.8169 -166.913
96 511.546 719.851 5 7.10479 -67.9468 117.26
97 511.966 720.123 5 7.14231 -58.1002 158.302
98 512.385 720.396 5 7.21436 -77.2294 -7.92152
99 512.804 720.668 5 7.31994 -60.3989 -64.3793
100 509.597 719.181 5 7.79033 -56.7204 99.5733
101 510.016 719.453 5 7.6957 -59.3304 -10.4324
102 509.324 719.6 5 8.27879 -55.7167 136.888
103 509.744 719.873 5 8.1898 -60.9493 -2.44076
104 509.052 720.02 5 8.76855 -53.3751 150.662
105 509.471 720.292 5 8.68458 -59.6259 31.2621
