1 514.644 719.84 5 6.37437 -90.1193 47.4773
2 514.371 720.259 5 6.80309 -82.4509 119.594
3 514.097 720.678 5 7.24095 -85.9217 -160.55
4 513.824 721.096 5 7.6864 -89.2167 127.729
5 513.551 721.515 5 8.13819 -83.541 160.206
6 513.278 721.934 5 8.59531 -96.7712 -27.5649
7 513.004 722.353 5 9.05697 -81.4641 89.2771
8 512.731 722.771 5 9.52251 -84.9477 157.489
9 512.458 723.19 5 9.99137 -117.791 71.687
10 512.185 723.609 5 10.4631 -108.139 -178.64
11 515.063 720.113 5 6.65363 -78.977 -115.113
12 514.789 720.532 5 7.06542 -86.4094 168.877
13 514.516 720.951 5 7.48796 -74.6489 -119.428
14 514.243 721.37 5 7.91952 -76.2594 -83.5045
15 513.97 721.788 5 8.35872 -83.8942 -86.0703
16 513.696 722.207 5 8.80441 -85.555 -62.4778
17 513.423 722.626 5 9.25564 -89.9384 -132.074
18 513.15 723.045 5 9.71166 -91.0371 -117.954
19 512.877 723.463 5 10.1718 -92.0959 -89.3053
20 512.603 723.882 5 10.6356 -99.2293 -132.254
21 515.481 720.387 5 6.95765 -70.8053 -165.026
22 515.208 720.805 5 7.35243 -77.189 -96.5994
23 514.935 721.224 5 7.75936 -74.3216 -53.7621
24 514.662 721.643 5 8.17661 -81.5882 31.8638
25 514.388 722.062 5 8.60269 -81.8091 50.531
26 514.115 722.48 5 9.03636 -97.2574 80.0295
27 513.842 722.899 5 9.47655 -93.7302 163.444
28 513.568 723.318 5 9.92242 -90.5532 148.187
29 513.295 723.737 5 10.3732 -86.7852 175.217
30 513.022 724.155 5 10.8283 -93.4612 -178.12
31 515.9 720.66 5 7.28334 -80.0471 41.444
32 515.627 721.079 5 7.66136 -83.6574 97.7179
33 515.353 721.497 5 8.05269 -72.9506 -151.03
34 515.08 721.916 5 8.45548 -75.9235 3.79502
35 514.807 722.335 5 8.86817 -79.5041 0.0569046
36 514.534 722.754 5 9.28945 -80.416 115.495
37 514.26 723.172 5 9.71819 -77.4861 113.702
38 513.987 723.591 5 10.1535 -78.4238 -148.452
39 516.319 720.933 5 7.62792 -83.8433 -163.622
40 516.045 721.352 5 7.98965 -83.9953 -3.32716
41 515.772 721.771 5 8.36564 -77.0205 83.3217
42 515.499 722.189 5 8.75404 -76.0098 139.662
43 515.226 722.608 5 9.15329 -74.3058 -100.571
44 514.952 723.027 5 9.56201 -84.9779 91.7491
45 514.679 723.446 5 9.97905 -79.9515 -43.6249
46 514.406 723.864 5 10.4034 -104.349 -49.4913
47 516.737 721.206 5 7.98895 -88.5181 94.9545
48 516.464 721.625 5 8.33503 -88.1164 117.025
49 516.191 722.044 5 8.6961 -79.9885 133.577
50 515.918 722.463 5 9.07036 -83.486 57.9721
51 515.644 722.881 5 9.45626 -92.0225 -33.7941
52 515.371 723.3 5 9.85242 -75.0806 -59.0832
53 515.098 723.719 5 10.2577 -78.4538 -62.0424
54 514.825 724.138 5 10.6709 -95.4905 133.707
55 517.156 721.48 5 8.3643 -94.3032 -64.8234
56 516.883 721.898 5 8.69545 -80.1898 -176.318
57 516.61 722.317 5 9.04214 -87.7845 21.5915
58 516.336 722.736 5 9.40264 -84.8286 97.8657
59 516.063 723.155 5 9.77543 -95.0577 67.615
60 515.79 723.573 5 10.1591 -85.8813 -3.45656
61 515.517 723.992 5 10.5526 -81.7394 88.2906
62 515.243 724.411 5 10.9548 -88.8364 126.118
63 517.575 721.753 5 8.75212 -101.951 -111.903
64 517.302 722.172 5 9.06912 -105.131 81.4606
65 517.028 722.59 5 9.40204 -80.7986 17.8289
66 516.755 723.009 5 9.74924 -90.0781 -142.676
67 516.482 723.428 5 10.1093 -94.6868 86.8502
68 516.209 723.847 5 10.4808 -89.5475 -141.516
69 515.935 724.265 5 10.8626 -89.3031 -118.415
70 515.662 724.684 5 11.2537 -91.6803 43.3535
71 517.994 722.026 5 9.15084 -97.5814 -142.713
72 517.72 722.445 5 9.45448 -92.2737 -66.3778
73 517.447 722.864 5 9.77428 -96.3317 171.169
74 517.174 723.282 5 10.1087 -89.0777 -128.771
75 516.901 723.701 5 10.4563 -82.1006 36.6903
76 516.627 724.12 5 10.8159 -100.401 95.0168
77 516.354 724.539 5 11.1863 -100.449 43.1384
78 516.081 724.957 5 11.5665 -94.7356 -108.739
