1 505.473 717.831 5 9.56318 -86.0303 -157.331
2 505.747 717.412 5 9.10852 -98.7058 36.9585
3 506.02 716.994 5 8.65885 -85.1072 59.1709
4 506.294 716.575 5 8.215 -87.625 47.8246
5 506.567 716.157 5 7.77798 -95.2521 128.483
6 505.891 718.104 5 9.37131 -86.1082 164.799
7 506.165 717.686 5 8.90685 -93.9702 166.786
8 506.439 717.267 5 8.44646 -101.062 89.2121
9 506.712 716.849 5 7.99083 -93.6658 53.8701
10 506.986 716.43 5 7.54082 -97.9536 111.301
11 506.31 718.378 5 9.20263 -95.8987 35.852
12 506.584 717.96 5 8.72921 -95.5267 -82.0124
13 506.857 717.541 5 8.25891 -88.0576 170.794
14 507.131 717.123 5 7.79232 -93.4622 48.054
15 507.404 716.704 5 7.33014 -93.2348 150.129
16 506.728 718.652 5 9.05844 -98.8306 158.977
17 507.002 718.233 5 8.57706 -91.2353 -47.856
18 507.276 717.815 5 8.09794 -87.91 29.0739
19 507.549 717.396 5 7.6215 -86.5705 -26.4495
20 507.823 716.978 5 7.14828 -85.3009 -166.737
21 507.147 718.925 5 8.93993 -110.863 61.5455
22 507.421 718.507 5 8.45181 -90.8932 111.485
23 507.694 718.088 5 7.96515 -87.2018 -137.603
24 507.968 717.67 5 7.48026 -96.7626 129.122
25 508.241 717.251 5 6.99749 -90.5792 26.841
26 507.565 719.199 5 8.84813 -89.7616 -114.99
27 507.839 718.78 5 8.35464 -93.2904 29.4883
28 508.113 718.362 5 7.86198 -103.207 165.198
29 508.386 717.943 5 7.3703 -104.758 -1.35968
30 508.66 717.525 5 6.87982 -91.876 -92.9587
31 507.984 719.472 5 8.78387 -84.8638 -81.2262
32 508.258 719.054 5 8.28656 -94.9905 -140.61
33 508.531 718.635 5 7.78959 -86.4016 -54.3583
34 508.805 718.217 5 7.29303 -93.1437 97.9656
35 509.078 717.798 5 6.79698 -90.4446 14.396
36 508.402 719.746 5 8.74777 -96.5992 -51.5891
37 508.676 719.328 5 8.24827 -81.9091 -133.151
38 508.95 718.909 5 7.74885 -250 0
39 509.223 718.491 5 7.2495 -250 0
40 509.497 718.072 5 6.75025 -250 0
