1 514.644 719.84 5 5.71277 -76.6999 58.9537
2 514.371 720.259 5 6.18688 -83.4645 -75.4192
3 514.097 720.678 5 6.66477 -76.4901 139.698
4 513.824 721.096 5 7.14569 -85.4525 -42.7407
5 513.551 721.515 5 7.62906 -78.3506 -10.1934
6 513.278 721.934 5 8.11445 -78.9906 112.575
7 513.004 722.353 5 8.60152 -80.2304 126.721
8 512.731 722.771 5 9.08998 -79.8688 11.2284
9 512.458 723.19 5 9.57964 -94.2034 170.969
10 512.185 723.609 5 10.0703 -74.2478 139.077
11 515.063 720.113 5 5.89694 -69.895 170.485
12 514.789 720.532 5 6.35733 -74.2085 -106.793
13 514.516 720.951 5 6.8233 -72.725 -41.7616
14 514.243 721.37 5 7.29377 -71.0539 11.9088
15 513.97 721.788 5 7.76793 -83.4127 163.544
16 513.696 722.207 5 8.24515 -91.1017 16.7671
17 513.423 722.626 5 8.72492 -87.3625 3.74156
18 513.15 723.045 5 9.20684 -74.8129 -5.7436
19 512.877 723.463 5 9.6906 -72.3825 13.6129
20 512.603 723.882 5 10.1759 -92.8766 71.9265
21 515.481 720.387 5 6.11654 -68.0371 -138.51
22 515.208 720.805 5 6.56154 -78.0279 118.804
23 514.935 721.224 5 7.01395 -79.8962 123.272
24 514.662 721.643 5 7.47243 -74.6731 -85.8685
25 514.388 722.062 5 7.93593 -83.7886 -99.5548
26 514.115 722.48 5 8.40361 -78.6181 57.8588
27 513.842 722.899 5 8.87482 -77.0808 170.239
28 513.568 723.318 5 9.34902 -78.76 -67.1966
29 513.295 723.737 5 9.82577 -85.0257 106.65
30 513.022 724.155 5 10.3047 -83.3257 108.196
31 515.9 720.66 5 6.36791 -73.2339 175.676
32 515.627 721.079 5 6.79647 -79.3859 -172.994
33 515.353 721.497 5 7.2342 -87.1166 4.44045
34 515.08 721.916 5 7.67955 -75.5236 39.1281
35 514.807 722.335 5 8.13124 -70.648 59.1803
36 514.534 722.754 5 8.5883 -71.0056 80.5442
37 514.26 723.172 5 9.04989 -68.8556 124.33
38 513.987 723.591 5 9.51537 -74.183 121.134
39 516.319 720.933 5 6.64744 -93.1812 -92.9882
40 516.045 721.352 5 7.05905 -70.6493 13.0178
41 515.772 721.771 5 7.48143 -75.1072 166.747
42 515.499 722.189 5 7.91287 -76.5157 -162.484
43 515.226 722.608 5 8.35196 -69.2369 -23.7506
44 514.952 723.027 5 8.79756 -75.6277 10.1058
45 514.679 723.446 5 9.24872 -77.8513 87.6687
46 514.406 723.864 5 9.70466 -84.8444 -164.757
47 516.737 721.206 5 6.95173 -83.1763 179.071
48 516.464 721.625 5 7.34631 -81.6949 0.674174
49 516.191 722.044 5 7.75307 -87.3575 -135.072
50 515.918 722.463 5 8.17017 -78.996 -108.416
51 515.644 722.881 5 8.59613 -69.5062 -146.539
52 515.371 723.3 5 9.02968 -89.0689 79.1096
53 515.098 723.719 5 9.46979 -74.034 30.5672
54 514.825 724.138 5 9.91557 -98.8611 -122.898
55 517.156 721.48 5 7.27769 -90.0872 -60.3823
56 516.883 721.898 5 7.65549 -95.9931 -40.0219
57 516.61 722.317 5 8.04663 -79.9014 -172.766
58 516.336 722.736 5 8.44926 -82.0942 144.026
59 516.063 723.155 5 8.86181 -72.0053 -143.693
60 515.79 723.573 5 9.28296 -80.0872 31.2356
61 515.517 723.992 5 9.71159 -70.1479 171.166
62 515.243 724.411 5 10.1468 -88.4561 105.395
63 517.575 721.753 5 7.62253 -86.4668 -36.5938
64 517.302 722.172 5 7.98402 -87.7398 152.276
65 517.028 722.59 5 8.35981 -76.7548 77.5482
66 516.755 723.009 5 8.74803 -80.7143 129.734
67 516.482 723.428 5 9.14712 -81.6578 121.858
68 516.209 723.847 5 9.55571 -80.0211 -111.278
69 515.935 724.265 5 9.97262 -73.9372 164.86
70 515.662 724.684 5 10.3969 -78.8806 116.458
71 517.994 722.026 5 7.9838 -64.5976 154.163
72 517.72 722.445 5 8.32964 -77.1925 -42.5813
73 517.447 722.864 5 8.69049 -68.5605 -28.1463
74 517.174 723.282 5 9.06456 -77.6035 -147.482
75 516.901 723.701 5 9.45029 -79.9012 131.469
76 516.627 724.12 5 9.8463 -83.9747 37.1274
77 516.354 724.539 5 10.2514 -74.8624 146.774
78 516.081 724.957 5 10.6646 -80.6021 -43.0545
