1 514.644 719.84 5 6.65569 -86.7002 34.136
2 514.371 720.259 5 7.06754 -96.0768 -167.774
3 514.097 720.678 5 7.49013 -81.4361 50.1188
4 513.824 721.096 5 7.92174 -84.9424 117.34
5 513.551 721.515 5 8.36097 -85.615 -96.0446
6 513.278 721.934 5 8.80669 -96.1393 -133.938
7 513.004 722.353 5 9.25795 -88.1195 -163.662
8 512.731 722.771 5 9.71399 -82.197 123.745
9 512.458 723.19 5 10.1742 -108.899 72.0858
10 512.185 723.609 5 10.6379 -98.6462 67.7041
11 515.063 720.113 5 6.95963 -83.1679 30.4027
12 514.789 720.532 5 7.35447 -82.6394 -141.679
13 514.516 720.951 5 7.76146 -77.9374 -92.3379
14 514.243 721.37 5 8.17876 -80.9207 -155.625
15 513.97 721.788 5 8.60488 -84.4229 -34.2227
16 513.696 722.207 5 9.03858 -83.2511 -67.0916
17 513.423 722.626 5 9.47881 -93.1391 -71.55
18 513.15 723.045 5 9.9247 -89.9889 -85.6867
19 512.877 723.463 5 10.3755 -87.6578 -63.4481
20 512.603 723.882 5 10.8307 -102.238 161.133
21 515.481 720.387 5 7.28523 -73.4939 81.8748
22 515.208 720.805 5 7.66332 -70.9862 77.5305
23 514.935 721.224 5 8.05471 -78.4843 98.4058
24 514.662 721.643 5 8.45756 -73.4934 102.784
25 514.388 722.062 5 8.8703 -82.8663 94.8697
26 514.115 722.48 5 9.29161 -78.9562 169.162
27 513.842 722.899 5 9.72039 -88.0654 153.562
28 513.568 723.318 5 10.1557 -88.4988 114.999
29 513.295 723.737 5 10.5967 -103.808 -117.151
30 513.022 724.155 5 11.0427 -83.8489 -142.44
31 515.9 720.66 5 7.62972 -78.6873 -176.67
32 515.627 721.079 5 7.99153 -89.2051 -144.404
33 515.353 721.497 5 8.36759 -87.5108 -7.35896
34 515.08 721.916 5 8.75605 -76.4405 168.136
35 514.807 722.335 5 9.15534 -77.3877 -168.645
36 514.534 722.754 5 9.56411 -75.5468 148.655
37 514.26 723.172 5 9.98119 -77.9605 -103.585
38 513.987 723.591 5 10.4056 -75.2369 -77.157
39 516.319 720.933 5 7.99067 -90.6541 -142.252
40 516.045 721.352 5 8.33683 -75.6914 28.4058
41 515.772 721.771 5 8.69797 -82.3 -154.148
42 515.499 722.189 5 9.07229 -83.0208 103.871
43 515.226 722.608 5 9.45825 -72.8225 117.178
44 514.952 723.027 5 9.85446 -77.8172 155.619
45 514.679 723.446 5 10.2597 -76.7548 -47.6269
46 514.406 723.864 5 10.6731 -89.176 31.8929
47 516.737 721.206 5 8.36594 -78.0648 -61.921
48 516.464 721.625 5 8.69718 -93.0051 96.0948
49 516.191 722.044 5 9.04394 -80.6901 139.337
50 515.918 722.463 5 9.4045 -97.7391 100.61
51 515.644 722.881 5 9.77735 -77.2107 -91.5679
52 515.371 723.3 5 10.1611 -79.1805 16.1918
53 515.098 723.719 5 10.5546 -79.6345 149.899
54 514.825 724.138 5 10.9568 -84.4663 27.5701
55 517.156 721.48 5 8.75369 -76.0852 -41.4916
56 516.883 721.898 5 9.07078 -83.2678 -127.569
57 516.61 722.317 5 9.40377 -84.7812 -47.4568
58 516.336 722.736 5 9.75104 -87.4212 32.5377
59 516.063 723.155 5 10.1111 -83.3126 -179.682
60 515.79 723.573 5 10.4827 -88.991 -136.69
61 515.517 723.992 5 10.8646 -81.304 -36.9273
62 515.243 724.411 5 11.2557 -89.1908 -163.436
63 517.575 721.753 5 9.15233 -86.4177 109.79
64 517.302 722.172 5 9.45606 -78.5602 74.8524
65 517.028 722.59 5 9.77594 -75.2269 8.09535
66 516.755 723.009 5 10.1104 -82.5578 155.129
67 516.482 723.428 5 10.4581 -96.3483 -68.5828
68 516.209 723.847 5 10.8178 -88.752 98.3937
69 515.935 724.265 5 11.1882 -78.7661 -112.368
70 515.662 724.684 5 11.5684 -85.7115 118.759
71 517.994 722.026 5 9.56051 -100.878 -122.121
72 517.72 722.445 5 9.85166 -89.4087 -94.5907
73 517.447 722.864 5 10.1591 -78.8096 -117.797
74 517.174 723.282 5 10.4814 -76.8328 172.195
75 516.901 723.701 5 10.8172 -88.3055 -34.724
76 516.627 724.12 5 11.1653 -78.6217 -149.377
77 516.354 724.539 5 11.5245 -87.9435 -66.0154
78 516.081 724.957 5 11.894 -90.713 26.5708
