1 505.473 717.831 5 9.3733 -89.9903 62.4185
2 505.747 717.412 5 8.90883 -88.9286 107.527
3 506.02 716.994 5 8.44842 -87.2979 165.96
4 506.294 716.575 5 7.99276 -90.1595 57.4484
5 506.567 716.157 5 7.54273 -83.2348 90.6711
6 505.891 718.104 5 9.20466 -82.3436 -10.4362
7 506.165 717.686 5 8.73122 -84.839 66.0941
8 506.439 717.267 5 8.26092 -88.9119 120.607
9 506.712 716.849 5 7.79431 -86.2232 -56.6317
10 506.986 716.43 5 7.3321 -87.6546 60.7672
11 506.31 718.378 5 9.06051 -85.8128 -110.602
12 506.584 717.96 5 8.57912 -87.7864 68.6443
13 506.857 717.541 5 8.09998 -88.9685 42.9263
14 507.131 717.123 5 7.62353 -83.7285 -5.4961
15 507.404 716.704 5 7.15029 -93.9354 165.015
16 506.728 718.652 5 8.94202 -89.6679 -20.5003
17 507.002 718.233 5 8.45389 -79.8679 45.8102
18 507.276 717.815 5 7.96723 -81.1447 -128.609
19 507.549 717.396 5 7.48233 -82.9311 -93.7152
20 507.823 716.978 5 6.99955 -83.2945 -92.1917
21 507.147 718.925 5 8.85024 -79.0378 -110.732
22 507.421 718.507 5 8.35675 -83.9691 60.9657
23 507.694 718.088 5 7.86408 -80.985 130.898
24 507.968 717.67 5 7.37239 -82.2763 -64.2237
25 508.241 717.251 5 6.88191 -86.5292 -103.877
26 507.565 719.199 5 8.786 -78.321 -59.3506
27 507.839 718.78 5 8.28868 -79.9682 7.06841
28 508.113 718.362 5 7.79171 -85.8089 144.929
29 508.386 717.943 5 7.29515 -84.8643 60.0642
30 508.66 717.525 5 6.79909 -87.2181 135.449
31 507.984 719.472 5 8.7499 -77.816 -134.699
32 508.258 719.054 5 8.25041 -91.224 -47.8047
33 508.531 718.635 5 7.75098 -84.7687 -143.483
34 508.805 718.217 5 7.25163 -94.0372 118.389
35 509.078 717.798 5 6.75238 -87.7169 134.3
36 508.402 719.746 5 8.74229 -75.4858 -125.847
37 508.676 719.328 5 8.24234 -92.5564 -153.043
38 508.95 718.909 5 7.7424 -250 0
39 509.223 718.491 5 7.24246 -250 0
40 509.497 718.072 5 6.74253 -250 0
