1 509.951 714.045 5 3.13568 -69.5355 -139.916
2 510.37 714.318 5 3.14115 -50.4393 -150.693
3 510.79 714.59 5 3.22509 -57.8283 8.9764
4 511.209 714.862 5 3.38165 -63.1032 -173.388
5 511.628 715.135 5 3.60138 -51.0542 -98.0624
6 512.048 715.407 5 3.87354 -47.22 -152.433
7 512.467 715.679 5 4.18792 -56.1396 27.3105
8 512.886 715.952 5 4.53575 -61.3975 46.9528
9 513.306 716.224 5 4.90993 -70.127 -53.2228
10 513.725 716.496 5 5.30488 -61.2441 -149.876
11 514.144 716.769 5 5.7163 -60.0933 -8.0911
12 514.564 717.041 5 6.14089 -103.173 105.362
13 514.983 717.313 5 6.57608 -108.238 23.7875
14 509.679 714.465 5 3.63465 -55.1392 -126.855
15 510.098 714.737 5 3.63938 -53.1785 -109.122
16 510.517 715.009 5 3.71207 -65.517 6.01054
17 510.937 715.282 5 3.84887 -55.38 -38.2552
18 511.356 715.554 5 4.04329 -49.9462 74.943
19 511.775 715.826 5 4.28749 -49.2254 81.3235
20 512.195 716.099 5 4.5735 -49.3729 22.7862
21 512.614 716.371 5 4.894 -50.9912 179.728
22 513.033 716.643 5 5.24268 -53.0993 -138.478
23 513.453 716.916 5 5.61427 -66.3104 131.774
24 513.872 717.188 5 6.00453 -55.893 -18.2394
25 514.291 717.46 5 6.41005 -57.4388 153.416
26 514.711 717.733 5 6.82811 -73.4011 77.8151
27 509.406 714.884 5 4.13388 -57.7914 -142.484
28 509.826 715.156 5 4.13803 -67.497 54.776
29 510.245 715.429 5 4.20211 -62.1342 166.817
30 510.664 715.701 5 4.32343 -56.0622 -18.6097
31 511.084 715.973 5 4.49738 -53.8784 150.769
32 511.503 716.246 5 4.71814 -51.6379 -93.2014
33 511.922 716.518 5 4.97947 -48.1743 -111.44
34 512.342 716.79 5 5.27537 -54.2491 124.306
35 512.761 717.063 5 5.60035 -52.0645 -41.5856
36 513.18 717.335 5 5.94964 -53.7186 22.8108
37 513.6 717.607 5 6.31923 -66.8022 -39.6446
38 514.019 717.88 5 6.70574 -58.7333 124.15
39 514.438 718.152 5 7.10643 -59.0388 -78.899
40 509.134 715.303 5 4.63327 -68.228 -139.223
41 509.553 715.576 5 4.63698 -55.3017 -176.716
42 509.973 715.848 5 4.69425 -56.3368 -59.5877
43 510.392 716.12 5 4.80316 -56.7475 13.5263
44 510.811 716.393 5 4.96031 -57.7468 -57.0662
45 511.231 716.665 5 5.1613 -47.565 69.8367
46 511.65 716.937 5 5.40124 -50.4056 82.5754
47 512.069 717.21 5 5.67519 -49.6575 65.812
48 512.489 717.482 5 5.97847 -50.3068 -82.4753
49 512.908 717.754 5 6.30686 -55.1945 103.494
50 513.327 718.027 5 6.65664 -53.4663 163.121
51 513.747 718.299 5 7.02462 -57.0509 98.6205
52 514.166 718.571 5 7.40808 -60.0304 -115.738
53 508.862 715.723 5 5.13278 -57.3164 173.415
54 509.281 715.995 5 5.13613 -55.0394 -151.436
55 509.7 716.267 5 5.18789 -57.0574 49.8994
56 510.12 716.54 5 5.28664 -57.5597 77.8916
57 510.539 716.812 5 5.42982 -69.4134 -9.29067
58 510.958 717.084 5 5.61403 -53.6064 -136.905
59 511.378 717.357 5 5.83538 -51.7605 -53.7039
60 511.797 717.629 5 6.08983 -48.8833 -73.428
61 512.216 717.901 5 6.37341 -52.5405 -161.859
62 512.636 718.174 5 6.68242 -51.2338 57.749
63 513.055 718.446 5 7.0135 -65.244 -152.939
64 513.474 718.718 5 7.36366 -53.1458 -68.5996
65 513.894 718.991 5 7.73032 -54.0164 -117.239
66 508.589 716.142 5 5.63238 -60.0616 -162.968
67 509.009 716.414 5 5.63543 -59.4236 176.159
68 509.428 716.687 5 5.68265 -60.3284 95.1827
69 509.847 716.959 5 5.77294 -63.5178 -65.0335
70 510.267 717.231 5 5.90434 -66.9184 47.5439
71 510.686 717.504 5 6.07417 -50.4842 -36.0415
72 511.105 717.776 5 6.27933 -49.9284 110.25
73 511.525 718.048 5 6.51646 -50.4406 123.483
74 511.944 718.321 5 6.78223 -47.6676 117.24
75 512.363 718.593 5 7.0734 -52.8663 -10.0533
76 512.783 718.865 5 7.38697 -50.9544 -161.502
77 513.202 719.138 5 7.72022 -56.8608 -55.5139
78 513.621 719.41 5 8.0707 -53.7403 105.772
79 510.414 717.923 5 6.54017 -60.6831 57.8757
80 510.833 718.195 5 6.73113 -52.6823 -126.94
81 511.672 718.74 5 7.20256 -48.2654 -41.4732
82 512.091 719.012 5 7.47738 -50.7531 -82.5983
83 512.51 719.285 5 7.77468 -51.7212 139.976
84 512.93 719.557 5 8.09197 -52.5399 -21.0979
85 513.349 719.829 5 8.427 -51.2957 93.3179
86 510.141 718.342 5 7.01085 -72.4484 13.0736
87 510.561 718.615 5 7.18933 -55.571 -8.54497
88 511.399 719.159 5 7.63251 -54.8241 153.792
89 511.819 719.432 5 7.89237 -49.6063 156.397
90 512.238 719.704 5 8.17459 -51.9835 48.5131
91 512.657 719.976 5 8.47693 -48.6002 -81.3676
92 513.077 720.249 5 8.79731 -64.3862 62.2907
93 509.869 718.762 5 7.48534 -72.8431 99.122
94 510.288 719.034 5 7.65276 -52.6269 80.2172
95 511.127 719.579 5 8.07053 -76.4632 -79.2158
96 511.546 719.851 5 8.31672 -50.6905 -119.15
97 511.966 720.123 5 8.585 -52.1184 -8.72666
98 512.385 720.396 5 8.87336 -51.5504 -168.496
99 512.804 720.668 5 9.17992 -53.8971 -78.9713
100 509.597 719.181 5 7.96295 -66.1607 -145.625
101 510.016 719.453 5 8.12053 -49.8907 -164.706
102 509.324 719.6 5 8.44315 -55.0498 76.4815
103 509.744 719.873 5 8.59193 -54.7246 -26.3508
104 509.052 720.02 5 8.92553 -55.6615 -118.316
105 509.471 720.292 5 9.06639 -59.7244 110.006
