1 509.951 714.045 5 4.12875 -52.3039 -139.314
2 510.37 714.318 5 3.81851 -52.216 -7.26092
3 510.79 714.59 5 3.55182 -53.9755 69.5969
4 511.209 714.862 5 3.33914 -57.9653 -46.5068
5 511.628 715.135 5 3.19129 -57.0219 27.881
6 512.048 715.407 5 3.11749 -55.8682 -93.0486
7 512.467 715.679 5 3.12301 -53.31 -133.644
8 512.886 715.952 5 3.20743 -57.7876 12.3122
9 513.306 716.224 5 3.36482 -53.7745 -160.934
10 513.725 716.496 5 3.58559 -52.3565 -52.987
11 514.144 716.769 5 3.85887 -52.3599 -101.865
12 514.564 717.041 5 4.17437 -94.4373 -173.312
13 514.983 717.313 5 4.52325 -108.921 -106.777
14 509.679 714.465 5 4.51737 -50.2156 144.669
15 510.098 714.737 5 4.23569 -54.331 -113.596
16 510.517 715.009 5 3.99693 -54.5388 -132.045
17 510.937 715.282 5 3.80919 -66.2202 46.6412
18 511.356 715.554 5 3.68026 -65.3358 42.1023
19 511.775 715.826 5 3.61646 -55.8742 -76.7605
20 512.195 716.099 5 3.62122 -56.6993 -101.33
21 512.614 716.371 5 3.69427 -65.4465 -3.00183
22 513.033 716.643 5 3.83172 -58.246 -47.3249
23 513.453 716.916 5 4.02697 -55.802 108.188
24 513.872 717.188 5 4.27211 -53.515 123.794
25 514.291 717.46 5 4.5591 -54.0867 58.5111
26 514.711 717.733 5 4.88055 -65.4292 39.8655
27 509.406 714.884 5 4.92612 -52.9097 53.1292
28 509.826 715.156 5 4.66916 -53.2812 56.4298
29 510.245 715.429 5 4.45371 -61.06 -83.1711
30 510.664 715.701 5 4.28602 -64.681 67.8808
31 511.084 715.973 5 4.17185 -60.5651 50.6184
32 511.503 716.246 5 4.11568 -57.7567 -85.8772
33 511.922 716.518 5 4.11986 -59.171 -92.3018
34 512.342 716.79 5 4.18422 -56.9322 57.3678
35 512.761 717.063 5 4.30605 -59.3711 49.3208
36 513.18 717.335 5 4.48068 -56.409 -147.376
37 513.6 717.607 5 4.70223 -52.5823 -56.9321
38 514.019 717.88 5 4.96441 -51.8237 -70.677
39 514.438 718.152 5 5.26116 -58.0111 -154.888
40 509.134 715.303 5 5.35039 -56.0341 -83.5071
41 509.553 715.576 5 5.11479 -53.8014 155.86
42 509.973 715.848 5 4.9189 -54.4985 87.9723
43 510.392 716.12 5 4.7676 -58.7871 107.622
44 510.811 716.393 5 4.66523 -58.7641 140.415
45 511.231 716.665 5 4.61507 -55.7588 -120.159
46 511.65 716.937 5 4.61879 -55.5988 -81.3686
47 512.069 717.21 5 4.67629 -59.6728 84.446
48 512.489 717.482 5 4.78562 -58.9557 103.075
49 512.908 717.754 5 4.94334 -54.7196 -27.701
50 513.327 718.027 5 5.145 -57.3602 94.0768
51 513.747 718.299 5 5.38567 -51.8449 156.581
52 514.166 718.571 5 5.66038 -52.4011 115.14
53 508.862 715.723 5 5.78677 -51.4189 84.2694
54 509.281 715.995 5 5.56966 -54.1284 -9.6702
55 509.7 716.267 5 5.39032 -59.0127 99.6392
56 510.12 716.54 5 5.25262 -65.3428 -167.819
57 510.539 716.812 5 5.15989 -58.633 110.411
58 510.958 717.084 5 5.11457 -56.9923 -89.1551
59 511.378 717.357 5 5.11794 -78.6782 -85.5014
60 511.797 717.629 5 5.16989 -56.9626 106.443
61 512.216 717.901 5 5.26898 -58.9361 144.232
62 512.636 718.174 5 5.41263 -59.4375 57.3569
63 513.055 718.446 5 5.59741 -55.6559 -137.771
64 513.474 718.718 5 5.8194 -51.2258 -19.4589
65 513.894 718.991 5 6.07453 -53.7664 -23.844
66 508.589 716.142 5 6.23271 -50.7284 -152.704
67 509.009 716.414 5 6.03168 -61.7595 51.3894
68 509.428 716.687 5 5.86648 -61.9756 139.057
69 509.847 716.959 5 5.74021 -57.9953 -144.96
70 510.267 717.231 5 5.65548 -61.7789 172.362
71 510.686 717.504 5 5.61417 -58.8022 -118.185
72 511.105 717.776 5 5.61723 -59.0823 -150.707
73 511.525 718.048 5 5.66461 -62.3709 137.147
74 511.944 718.321 5 5.75519 -60.8799 170.248
75 512.363 718.593 5 5.88699 -60.8179 139.572
76 512.783 718.865 5 6.05731 -54.8356 7.90137
77 513.202 719.138 5 6.26303 -53.3701 142.27
78 513.621 719.41 5 6.50076 -55.8671 178.549
79 510.414 717.923 5 6.11383 -58.5058 -159.319
80 510.833 718.195 5 6.11665 -61.8002 -101.128
81 511.672 718.74 5 6.24357 -60.5635 -136.534
82 512.091 719.012 5 6.36527 -58.8675 -138.855
83 512.51 719.285 5 6.52312 -56.0264 90.2994
84 512.93 719.557 5 6.71457 -54.2361 -118.797
85 513.349 719.829 5 6.93685 -48.4525 -9.08487
86 510.141 718.342 5 6.61354 -67.7955 -101.47
87 510.561 718.615 5 6.61615 -60.3286 -76.9934
88 511.399 719.159 5 6.73366 -58.0396 -82.1812
89 511.819 719.432 5 6.84665 -63.5415 -54.5348
90 512.238 719.704 5 6.99365 -57.9233 -161.681
91 512.657 719.976 5 7.17255 -51.3189 78.2959
92 513.077 720.249 5 7.38106 -48.2433 152.676
93 509.869 718.762 5 7.1133 -62.837 -110.289
94 510.288 719.034 5 7.11572 -61.817 -97.9047
95 511.127 719.579 5 7.22511 -67.8677 -116.222
96 511.546 719.851 5 7.33053 -58.4937 -137.491
97 511.966 720.123 5 7.46801 -53.1918 -80.1142
98 512.385 720.396 5 7.63581 -58.2563 107.536
99 512.804 720.668 5 7.83199 -52.1208 -148.709
100 509.597 719.181 5 7.61308 -67.7819 146.916
101 510.016 719.453 5 7.61534 -68.2891 -71.8569
102 509.324 719.6 5 8.11289 -68.0816 148.939
103 509.744 719.873 5 8.11501 -67.6681 -140.958
104 509.052 720.02 5 8.61273 -66.9841 -129.528
105 509.471 720.292 5 8.61473 -64.3562 -130.017
