1 514.644 719.84 5 8.7631 -90.0534 167.866
2 514.371 720.259 5 9.0807 -85.5989 177.82
3 514.097 720.678 5 9.41416 -89.7398 120.391
4 513.824 721.096 5 9.76184 -93.1957 81.6432
5 513.551 721.515 5 10.1223 -96.5148 59.6004
6 513.278 721.934 5 10.4942 -92.4837 -106.457
7 513.004 722.353 5 10.8764 -97.7653 -159.883
8 512.731 722.771 5 11.2678 -90.4652 -117.507
9 512.458 723.19 5 11.6675 -99.3944 51.8034
10 512.185 723.609 5 12.0746 -103.624 25.7895
11 515.063 720.113 5 9.16133 -82.0763 2.35814
12 514.789 720.532 5 9.46558 -86.3813 -51.2356
13 514.516 720.951 5 9.78593 -82.1779 -36.8609
14 514.243 721.37 5 10.1209 -86.9914 3.56272
15 513.97 721.788 5 10.4689 -85.8064 22.5871
16 513.696 722.207 5 10.8289 -93.8647 17.4039
17 513.423 722.626 5 11.1997 -94.6759 18.4054
18 513.15 723.045 5 11.5802 -93.9437 -54.1311
19 512.877 723.463 5 11.9694 -96.1484 -34.4892
20 512.603 723.882 5 12.3667 -99.1686 -16.0346
21 515.481 720.387 5 9.56913 -81.937 0.273718
22 515.208 720.805 5 9.8608 -82.2178 66.4923
23 514.935 721.224 5 10.1687 -87.9399 66.6946
24 514.662 721.643 5 10.4914 -81.6692 102.036
25 514.388 722.062 5 10.8276 -96.1992 115.609
26 514.115 722.48 5 11.1761 -99.3569 124.516
27 513.842 722.899 5 11.5357 -107.376 -143.832
28 513.568 723.318 5 11.9054 -93.9447 147.226
29 513.295 723.737 5 12.2844 -92.6515 69.4625
30 513.022 724.155 5 12.6717 -89.663 178.248
31 515.9 720.66 5 9.9853 -89.5245 -86.6432
32 515.627 721.079 5 10.2652 -93.6578 -136.065
33 515.353 721.497 5 10.5613 -89.0288 -20.4359
34 515.08 721.916 5 10.8723 -87.7177 115.194
35 514.807 722.335 5 11.1971 -95.304 -168.476
36 514.534 722.754 5 11.5344 -87.948 -175.535
37 514.26 723.172 5 11.8832 -94.8839 -58.1788
38 513.987 723.591 5 12.2424 -103.675 35.9842
39 516.319 720.933 5 10.4089 -82.3727 79.2548
40 516.045 721.352 5 10.6776 -87.2921 -178.14
41 515.772 721.771 5 10.9626 -79.4843 -171.233
42 515.499 722.189 5 11.2626 -87.0813 -47.1384
43 515.226 722.608 5 11.5764 -92.2006 51.0091
44 514.952 723.027 5 11.903 -94.4564 -97.0624
45 514.679 723.446 5 12.2412 -91.1202 2.10438
46 514.406 723.864 5 12.5903 -97.1669 -166.111
47 516.737 721.206 5 10.8389 -90.6595 115.071
48 516.464 721.625 5 11.0973 -83.556 -79.6496
49 516.191 722.044 5 11.3718 -87.1298 -90.3692
50 515.918 722.463 5 11.6612 -90.7807 -24.7747
51 515.644 722.881 5 11.9646 -88.8389 -119.063
52 515.371 723.3 5 12.2808 -87.3037 128.264
53 515.098 723.719 5 12.609 -91.4086 69.5461
54 514.825 724.138 5 12.9481 -97.1018 -0.219023
55 517.156 721.48 5 11.2748 -83.3455 33.9438
56 516.883 721.898 5 11.5234 -87.2265 -64.4825
57 516.61 722.317 5 11.7879 -87.2273 52.8358
58 516.336 722.736 5 12.0674 -89.5786 12.4284
59 516.063 723.155 5 12.3608 -91.463 73.3419
60 515.79 723.573 5 12.6671 -100.418 107.264
61 515.517 723.992 5 12.9855 -87.8634 -111.846
62 515.243 724.411 5 13.3151 -92.1174 -92.5824
63 517.575 721.753 5 11.7157 -96.1614 -127.621
64 517.302 722.172 5 11.9552 -90.9026 154.609
65 517.028 722.59 5 12.2104 -86.0326 94.3894
66 516.755 723.009 5 12.4804 -86.5775 -128.701
67 516.482 723.428 5 12.7643 -86.6335 -178.106
68 516.209 723.847 5 13.0612 -105.75 -140.814
69 515.935 724.265 5 13.3702 -96.461 -0.724658
70 515.662 724.684 5 13.6905 -98.5585 -118.458
71 517.994 722.026 5 12.1613 -95.3487 2.70238
72 517.72 722.445 5 12.3921 -104.96 -34.4476
73 517.447 722.864 5 12.6385 -90.5453 24.7724
74 517.174 723.282 5 12.8995 -87.3352 -85.5356
75 516.901 723.701 5 13.1744 -88.3692 123.885
76 516.627 724.12 5 13.4623 -83.2973 -100.995
77 516.354 724.539 5 13.7623 -87.1763 -100.377
78 516.081 724.957 5 14.0736 -103.556 -35.4147
