1 505.473 717.831 5 10.0073 -93.7181 -148.463
2 505.747 717.412 5 9.57396 -95.203 146.385
3 506.02 716.994 5 9.14743 -93.2817 -128.013
4 506.294 716.575 5 8.72871 -91.0782 94.1786
5 506.567 716.157 5 8.31897 -91.4282 -140.105
6 505.891 718.104 5 9.77306 -98.6715 78.6353
7 506.165 717.686 5 9.32886 -92.627 -168.945
8 506.439 717.267 5 8.89059 -92.8172 90.1307
9 506.712 716.849 5 8.45916 -102.15 -64.6481
10 506.986 716.43 5 8.03569 -92.2009 37.1949
11 506.31 718.378 5 9.55927 -104.639 14.8339
12 506.584 717.96 5 9.10465 -92.709 54.0453
13 506.857 717.541 5 8.65503 -105.777 -159.391
14 507.131 717.123 5 8.21124 -90.4748 18.7048
15 507.404 716.704 5 7.77427 -95.8293 158.058
16 506.728 718.652 5 9.36732 -109.131 -84.4082
17 507.002 718.233 5 8.9029 -102.361 74.9547
18 507.276 717.815 5 8.44254 -90.715 -94.6647
19 507.549 717.396 5 7.98695 -95.538 65.6567
20 507.823 716.978 5 7.537 -93.2422 -63.389
21 507.147 718.925 5 9.19857 -95.5795 -17.1149
22 507.421 718.507 5 8.72517 -92.6807 -90.411
23 507.694 718.088 5 8.25491 -95.5731 -46.5959
24 507.968 717.67 5 7.78835 -97.6792 144.131
25 508.241 717.251 5 7.32621 -100.199 -114.928
26 507.565 719.199 5 9.05432 -92.9205 120.729
27 507.839 718.78 5 8.57296 -88.951 129.162
28 508.113 718.362 5 8.09386 -86.5407 55.0586
29 508.386 717.943 5 7.61744 -92.7425 72.1563
30 508.66 717.525 5 7.14425 -93.6248 -42.0236
31 507.984 719.472 5 8.93576 -88.072 -43.1545
32 508.258 719.054 5 8.44764 -89.2606 -114.619
33 508.531 718.635 5 7.961 -90.7355 -139.528
34 508.805 718.217 5 7.47612 -103.382 -69.9066
35 509.078 717.798 5 6.99338 -96.9273 -88.0036
36 508.402 719.746 5 8.84391 -90.2466 -111.877
37 508.676 719.328 5 8.35043 -88.3076 -45.2201
38 508.95 718.909 5 7.85777 -186.228 95.0896
39 509.223 718.491 5 7.3661 -250 0
40 509.497 718.072 5 6.87563 -191.867 -105.513
