1 505.473 717.831 5 10.5279 -87.9125 19.7751
2 505.747 717.412 5 10.1171 -88.3218 -86.5341
3 506.02 716.994 5 9.7147 -89.8924 126.874
4 506.294 716.575 5 9.32172 -109.068 -81.7896
5 506.567 716.157 5 8.93945 -87.9994 141.314
6 505.891 718.104 5 10.2569 -96.0213 68.467
7 506.165 717.686 5 9.8348 -95.6933 116.666
8 506.439 717.267 5 9.42032 -92.5445 -63.5877
9 506.712 716.849 5 9.01452 -97.4423 -74.5369
10 506.986 716.43 5 8.61863 -91.6366 59.4676
11 506.31 718.378 5 10.0036 -93.3572 -12.7494
12 506.584 717.96 5 9.57028 -101.367 -173.555
13 506.857 717.541 5 9.14382 -105.163 -19.6491
14 507.131 717.123 5 8.72517 -113.381 -165.466
15 507.404 716.704 5 8.31551 -88.2048 -65.4238
16 506.728 718.652 5 9.76924 -92.8579 177.748
17 507.002 718.233 5 9.32509 -91.3511 150.633
18 507.276 717.815 5 8.88687 -92.9025 175.207
19 507.549 717.396 5 8.4555 -91.2916 -140.488
20 507.823 716.978 5 8.03211 -91.342 35.056
21 507.147 718.925 5 9.55537 -84.9808 134.572
22 507.421 718.507 5 9.10078 -78.9338 35.1689
23 507.694 718.088 5 8.65121 -91.7526 20.1627
24 507.968 717.67 5 8.20747 -85.4241 71.4983
25 508.241 717.251 5 7.77057 -81.2183 87.7709
26 507.565 719.199 5 9.36334 -97.8107 39.2264
27 507.839 718.78 5 8.89895 -90.1975 -9.00397
28 508.113 718.362 5 8.43863 -90.0831 59.3069
29 508.386 717.943 5 7.98308 -117.22 -101.587
30 508.66 717.525 5 7.53318 -87.3589 28.229
31 507.984 719.472 5 9.19452 -101.006 -154.928
32 508.258 719.054 5 8.72114 -97.784 36.7475
33 508.531 718.635 5 8.25091 -85.8515 1.11388
34 508.805 718.217 5 7.78438 -87.1075 -18.2982
35 509.078 717.798 5 7.32228 -104.553 103.552
36 508.402 719.746 5 9.0502 -77.178 -10.5083
37 508.676 719.328 5 8.56886 -86.3428 126.761
38 508.95 718.909 5 8.08977 -113.067 -88.3928
39 509.223 718.491 5 7.61338 -122.264 -46.5481
40 509.497 718.072 5 7.14022 -250 0
