1 514.644 719.84 5 5.89927 -82.0424 -95.4886
2 514.371 720.259 5 6.35969 -77.6688 -80.9054
3 514.097 720.678 5 6.82568 -84.5169 3.15098
4 513.824 721.096 5 7.29618 -74.2369 171.616
5 513.551 721.515 5 7.77036 -77.6469 -1.91325
6 513.278 721.934 5 8.24759 -89.442 -4.16183
7 513.004 722.353 5 8.72737 -89.8314 151.961
8 512.731 722.771 5 9.2093 -82.4299 -7.88096
9 512.458 723.19 5 9.69306 -98.6101 -126.944
10 512.185 723.609 5 10.1784 -97.2122 -134.327
11 515.063 720.113 5 6.11879 -84.7714 172.175
12 514.789 720.532 5 6.56383 -73.5179 92.9117
13 514.516 720.951 5 7.01627 -76.9167 141.006
14 514.243 721.37 5 7.47478 -76.7288 171.002
15 513.97 721.788 5 7.9383 -89.2226 -99.6581
16 513.696 722.207 5 8.406 -80.1687 143.738
17 513.423 722.626 5 8.87723 -82.1076 125.603
18 513.15 723.045 5 9.35144 -83.1581 119.894
19 512.877 723.463 5 9.82821 -80.9675 149.904
20 512.603 723.882 5 10.3072 -84.8285 155.346
21 515.481 720.387 5 6.37006 -69.7755 165.923
22 515.208 720.805 5 6.79867 -64.8489 -114.432
23 514.935 721.224 5 7.23645 -72.2361 2.73995
24 514.662 721.643 5 7.68183 -84.8971 -124.332
25 514.388 722.062 5 8.13356 -77.447 -31.0116
26 514.115 722.48 5 8.59064 -77.0971 -168.473
27 513.842 722.899 5 9.05225 -73.2528 -117.261
28 513.568 723.318 5 9.51775 -75.9224 -118.246
29 513.295 723.737 5 9.98658 -77.7622 -128.727
30 513.022 724.155 5 10.4583 -72.0689 -100.856
31 515.9 720.66 5 6.6495 -75.9308 -29.1069
32 515.627 721.079 5 7.06117 -67.7614 79.7343
33 515.353 721.497 5 7.48361 -70.1142 160.778
34 515.08 721.916 5 7.91509 -68.336 -129.795
35 514.807 722.335 5 8.35422 -70.4558 -111.631
36 514.534 722.754 5 8.79984 -88.1202 117.842
37 514.26 723.172 5 9.25102 -82.9391 -132.978
38 513.987 723.591 5 9.70699 -68.1001 -24.5626
39 516.319 720.933 5 6.95371 -89.734 -33.9998
40 516.045 721.352 5 7.34835 -84.8189 106.148
41 515.772 721.771 5 7.75516 -77.3059 -113.767
42 515.499 722.189 5 8.17232 -74.5843 102.6
43 515.226 722.608 5 8.59832 -77.1536 -98.6421
44 514.952 723.027 5 9.03191 -87.8232 171.804
45 514.679 723.446 5 9.47204 -70.2188 -15.7525
46 514.406 723.864 5 9.91786 -96.9771 -97.6239
47 516.737 721.206 5 7.27957 -83.1213 159.291
48 516.464 721.625 5 7.65744 -78.0639 -106.479
49 516.191 722.044 5 8.04865 -74.658 73.3794
50 515.918 722.463 5 8.45133 -79.6662 98.2249
51 515.644 722.881 5 8.86393 -74.8652 -16.5644
52 515.371 723.3 5 9.28512 -75.5068 83.9579
53 515.098 723.719 5 9.71379 -81.8669 -118.802
54 514.825 724.138 5 10.149 -90.6122 128.577
55 517.156 721.48 5 7.62433 -82.314 19.2447
56 516.883 721.898 5 7.9859 -80.1662 121.234
57 516.61 722.317 5 8.36175 -79.4422 66.5099
58 516.336 722.736 5 8.75004 -86.0135 -31.9513
59 516.063 723.155 5 9.14918 -88.5246 5.51965
60 515.79 723.573 5 9.55781 -92.9468 138.826
61 515.517 723.992 5 9.97476 -82.055 -109.233
62 515.243 724.411 5 10.399 -88.1878 84.6154
63 517.575 721.753 5 7.98552 -91.6333 -9.21406
64 517.302 722.172 5 8.33143 -93.6643 -133.923
65 517.028 722.59 5 8.69236 -83.8183 -17.6901
66 516.755 723.009 5 9.06649 -88.4417 -160.904
67 516.482 723.428 5 9.45228 -83.4883 -144.928
68 516.209 723.847 5 9.84834 -90.4354 -55.2117
69 515.935 724.265 5 10.2535 -86.9478 -113.149
70 515.662 724.684 5 10.6667 -85.0821 155.199
71 517.994 722.026 5 8.36102 -86.8027 -25.9634
72 517.72 722.445 5 8.692 -85.5774 -56.7542
73 517.447 722.864 5 9.03854 -84.7835 -156.894
74 517.174 723.282 5 9.39891 -84.7301 130.541
75 516.901 723.701 5 9.77158 -83.8602 -35.9122
76 516.627 724.12 5 10.1552 -91.0085 -23.2979
77 516.354 724.539 5 10.5486 -83.9134 -179.41
78 516.081 724.957 5 10.9506 -97.0139 -133.058
