1 509.951 714.045 5 3.82149 -50.0302 -22.835
2 510.37 714.318 5 3.55502 -56.0637 81.8198
3 510.79 714.59 5 3.34254 -57.8786 -25.2006
4 511.209 714.862 5 3.19484 -65.31 -18.5884
5 511.628 715.135 5 3.12113 -51.664 -93.0944
6 512.048 715.407 5 3.12664 -60.4599 -91.5319
7 512.467 715.679 5 3.21096 -59.6848 -7.10305
8 512.886 715.952 5 3.36819 -54.3173 -156.267
9 513.306 716.224 5 3.58875 -52.2192 -39.3813
10 513.725 716.496 5 3.8618 -50.521 -116.035
11 514.144 716.769 5 4.17707 -55.0949 83.9114
12 514.564 717.041 5 4.52575 -96.9421 -25.3579
13 514.983 717.313 5 4.90069 -99.259 94.499
14 509.679 714.465 5 4.2388 -53.8378 -134.559
15 510.098 714.737 5 4.00023 -49.9862 157.667
16 510.517 715.009 5 3.81265 -62.4363 33.5663
17 510.937 715.282 5 3.68384 -58.5907 72.4026
18 511.356 715.554 5 3.6201 -53.9653 -87.5911
19 511.775 715.826 5 3.62485 -58.7747 -116.992
20 512.195 716.099 5 3.69783 -63.5454 17.2467
21 512.614 716.371 5 3.83515 -52.9105 -35.6147
22 513.033 716.643 5 4.03023 -51.7067 116.71
23 513.453 716.916 5 4.27519 -52.961 107.92
24 513.872 717.188 5 4.56198 -53.7821 14.9723
25 514.291 717.46 5 4.88324 -55.7918 -149.813
26 514.711 717.733 5 5.23263 -67.2803 162.682
27 509.406 714.884 5 4.67238 -53.5 66.855
28 509.826 715.156 5 4.45708 -58.8486 -87.0686
29 510.245 715.429 5 4.28952 -57.5678 8.77396
30 510.664 715.701 5 4.17545 -60.9335 18.6465
31 511.084 715.973 5 4.11932 -55.1221 -75.2398
32 511.503 716.246 5 4.12349 -65.9629 -179.624
33 511.922 716.518 5 4.18779 -62.3121 66.0649
34 512.342 716.79 5 4.30953 -54.4698 4.7159
35 512.761 717.063 5 4.48402 -55.3102 -119.972
36 513.18 717.335 5 4.70541 -53.9745 -41.6372
37 513.6 717.607 5 4.96742 -53.1832 -100.435
38 514.019 717.88 5 5.264 -50.2243 168.291
39 514.438 718.152 5 5.58965 -57.9452 -47.4963
40 509.134 715.303 5 5.11808 -54.5674 156.987
41 509.553 715.576 5 4.92232 -54.3201 126.282
42 509.973 715.848 5 4.77112 -56.4522 108.263
43 510.392 716.12 5 4.66884 -57.1329 88.261
44 510.811 716.393 5 4.61871 -58.0133 -125.733
45 511.231 716.665 5 4.62243 -59.7801 -139.787
46 511.65 716.937 5 4.67988 -62.4766 49.6756
47 512.069 717.21 5 4.78912 -59.0451 106.517
48 512.489 717.482 5 4.94673 -59.51 -18.608
49 512.908 717.754 5 5.14826 -52.7067 127.733
50 513.327 718.027 5 5.38878 -51.094 141.778
51 513.747 718.299 5 5.66334 -50.3201 80.5209
52 514.166 718.571 5 5.96723 -51.2897 -58.5189
53 508.862 715.723 5 5.57301 -57.3411 -58.5175
54 509.281 715.995 5 5.39378 -60.9794 127.602
55 509.7 716.267 5 5.25617 -64.0834 -176.548
56 510.12 716.54 5 5.1635 -71.0718 50.195
57 510.539 716.812 5 5.11822 -54.1919 -124.291
58 510.958 717.084 5 5.12158 -57.1899 -114.087
59 511.378 717.357 5 5.17349 -62.7509 34.8733
60 511.797 717.629 5 5.27251 -60.468 120.47
61 512.216 717.901 5 5.41607 -59.679 41.8127
62 512.636 718.174 5 5.60073 -58.134 -104.342
63 513.055 718.446 5 5.8226 -55.4458 -21.8199
64 513.474 718.718 5 6.07759 -51.9552 -33.833
65 513.894 718.991 5 6.36172 -50.7395 -123.746
66 508.589 716.142 5 6.03507 -54.9899 74.9568
67 509.009 716.414 5 5.86997 -65.15 12.1639
68 509.428 716.687 5 5.74378 -62.6756 -142.977
69 509.847 716.959 5 5.6591 -55.8164 131.683
70 510.267 717.231 5 5.61781 -57.5189 -102.247
71 510.686 717.504 5 5.62087 -59.3543 -103.541
72 511.105 717.776 5 5.66821 -58.7926 112.214
73 511.525 718.048 5 5.75874 -60.6099 171.225
74 511.944 718.321 5 5.89046 -56.7374 164.685
75 512.363 718.593 5 6.06068 -61.0605 16.0776
76 512.783 718.865 5 6.26628 -53.1135 134.167
77 513.202 719.138 5 6.5039 -52.0862 172.762
78 513.621 719.41 5 6.77017 -47.5313 164.796
79 510.414 717.923 5 6.12029 -56.6489 -115.682
80 510.833 718.195 5 6.16379 -55.9948 83.502
81 511.672 718.74 5 6.36876 -58.4234 -127.901
82 512.091 719.012 5 6.52653 -61.31 94.4897
83 512.51 719.285 5 6.71789 -54.0462 -85.5707
84 512.93 719.557 5 6.94006 -50.4858 -21.6208
85 513.349 719.829 5 7.19019 -58.1477 58.4834
86 510.141 718.342 5 6.61979 -60.1124 -131.786
87 510.561 718.615 5 6.66003 -59.448 101.981
88 511.399 719.159 5 6.85017 -61.0976 -96.6256
89 511.819 719.432 5 6.99709 -59.6334 -158.107
90 512.238 719.704 5 7.17591 -53.3689 60.6817
91 512.657 719.976 5 7.38431 -57.0803 -117.097
92 513.077 720.249 5 7.61988 -54.9632 134.129
93 509.869 718.762 5 7.11936 -59.5279 -146.708
94 510.288 719.034 5 7.15679 -61.3651 111.289
95 511.127 719.579 5 7.33406 -61.3185 -29.0786
96 511.546 719.851 5 7.47147 -60.5829 179.262
97 511.966 720.123 5 7.6392 -52.1767 105.442
98 512.385 720.396 5 7.83529 -53.6795 -92.6695
99 512.804 720.668 5 8.05768 -48.7542 -123.862
100 509.597 719.181 5 7.61898 -60.2962 -120.251
101 510.016 719.453 5 7.65398 -59.9244 135.448
102 509.324 719.6 5 8.11866 -63.8804 -120.571
103 509.744 719.873 5 8.1515 -64.7098 108.77
104 509.052 720.02 5 8.61837 -60.8159 -111.099
105 509.471 720.292 5 8.64932 -69.9537 63.0164
