1 505.473 717.831 5 11.1143 -88.8534 55.0755
2 505.747 717.412 5 10.7262 -91.0702 3.26165
3 506.02 716.994 5 10.3477 -85.579 -149.02
4 506.294 716.575 5 9.97991 -87.0491 -158.651
5 506.567 716.157 5 9.62404 -81.1939 26.5946
6 505.891 718.104 5 10.8118 -89.3679 20.0563
7 506.165 717.686 5 10.4124 -95.391 121.503
8 506.439 717.267 5 10.0221 -89.7389 -126.263
9 506.712 716.849 5 9.64187 -94.3519 158.018
10 506.986 716.43 5 9.27303 -96.8912 6.4995
11 506.31 718.378 5 10.5244 -77.7874 45.3021
12 506.584 717.96 5 10.1136 -86.4455 -41.2948
13 506.857 717.541 5 9.71129 -81.9062 -149.99
14 507.131 717.123 5 9.31841 -82.9 -66.937
15 507.404 716.704 5 8.93622 -92.9512 42.6657
16 506.728 718.652 5 10.2533 -93.0015 62.0303
17 507.002 718.233 5 9.83122 -86.5489 109.318
18 507.276 717.815 5 9.41681 -82.2587 110.404
19 507.549 717.396 5 9.01109 -83.3526 -132.613
20 507.823 716.978 5 8.61528 -84.6539 55.3477
21 507.147 718.925 5 9.99982 -92.1037 9.87977
22 507.421 718.507 5 9.5666 -91.5719 35.1629
23 507.694 718.088 5 9.1402 -82.659 139.978
24 507.968 717.67 5 8.72162 -87.641 66.7683
25 508.241 717.251 5 8.31205 -89.5871 2.37253
26 507.565 719.199 5 9.76542 -94.7264 15.0876
27 507.839 718.78 5 9.32131 -90.3175 31.9288
28 508.113 718.362 5 8.88315 -80.6226 107.129
29 508.386 717.943 5 8.45185 -114.222 92.0108
30 508.66 717.525 5 8.02852 -80.2618 -9.18413
31 507.984 719.472 5 9.55146 -83.6986 27.6824
32 508.258 719.054 5 9.09692 -82.9805 -66.5347
33 508.531 718.635 5 8.64739 -84.2781 40.2809
34 508.805 718.217 5 8.2037 -105.115 146.172
35 509.078 717.798 5 7.76687 -107.974 -99.2401
36 508.402 719.746 5 9.35935 -77.0382 -59.3269
37 508.676 719.328 5 8.89499 -66.5693 51.2997
38 508.95 718.909 5 8.43471 -250 0
39 509.223 718.491 5 7.97921 -123.531 -96.5053
40 509.497 718.072 5 7.52936 -120.532 126.694
