1 509.951 714.045 5 6.06306 -55.733 -25.3349
2 510.37 714.318 5 5.63872 -59.8383 -118.61
3 510.79 714.59 5 5.22778 -62.9447 153.235
4 511.209 714.862 5 4.83365 -61.6579 3.12112
5 511.628 715.135 5 4.4608 -54.3993 -13.9509
6 512.048 715.407 5 4.115 -55.0277 -113.922
7 512.467 715.679 5 3.80364 -54.7239 60.8415
8 512.886 715.952 5 3.53584 -55.8209 88.6649
9 513.306 716.224 5 3.32215 -52.344 -40.0259
10 513.725 716.496 5 3.17351 -54.7927 93.9371
11 514.144 716.769 5 3.09931 -53.3738 -17.3031
12 514.564 717.041 5 3.10487 -92.9957 -24.3777
13 514.983 717.313 5 3.18978 -98.4133 -74.8937
14 509.679 714.465 5 6.33265 -70.0029 114.64
15 510.098 714.737 5 5.92765 -59.1871 112.503
16 510.517 715.009 5 5.53819 -56.0482 91.8442
17 510.937 715.282 5 5.16779 -58.4508 81.6521
18 511.356 715.554 5 4.82084 -54.5927 28.3034
19 511.775 715.826 5 4.50278 -52.8037 -176.931
20 512.195 716.099 5 4.22013 -55.2182 -65.3907
21 512.614 716.371 5 3.98045 -52.4994 -148.062
22 513.033 716.643 5 3.7919 -57.7773 105.454
23 513.453 716.916 5 3.66238 -59.1936 146.207
24 513.872 717.188 5 3.59826 -53.1139 -25.4883
25 514.291 717.46 5 3.60305 -64.8862 -39.4374
26 514.711 717.733 5 3.67648 -70.0607 -27.2762
27 509.406 714.884 5 6.62905 -56.1847 -120.552
28 509.826 715.156 5 6.2433 -52.7935 -92.4083
29 510.245 715.429 5 5.8748 -51.0344 -137.129
30 510.664 715.701 5 5.52701 -56.9342 141.53
31 511.084 715.973 5 5.20407 -52.0632 -29.9703
32 511.503 716.246 5 4.91089 -55.1117 93.2871
33 511.922 716.518 5 4.6531 -53.3306 56.0768
34 512.342 716.79 5 4.43687 -55.6146 11.1945
35 512.761 717.063 5 4.26852 -54.4288 148.442
36 513.18 717.335 5 4.15389 -65.9113 153.34
37 513.6 717.607 5 4.09748 -54.356 -21.7967
38 514.019 717.88 5 4.10168 -66.3415 -33.2041
39 514.438 718.152 5 4.16633 -70.8751 67.8781
40 509.134 715.303 5 6.94882 -54.5405 24.5893
41 509.553 715.576 5 6.58184 -54.852 28.9771
42 509.973 715.848 5 6.23339 -69.6388 128.408
43 510.392 716.12 5 5.90674 -53.8566 84.7059
44 510.811 716.393 5 5.60572 -53.5193 -102.043
45 511.231 716.665 5 5.33466 -50.2501 -83.0346
46 511.65 716.937 5 5.09834 -51.9654 -122.637
47 512.069 717.21 5 4.9018 -56.3836 123.82
48 512.489 717.482 5 4.74996 -56.8778 -125.075
49 512.908 717.754 5 4.64721 -63.203 -160.512
50 513.327 718.027 5 4.59686 -60.0127 -39.7462
51 513.747 718.299 5 4.60061 -61.1474 -7.93669
52 514.166 718.571 5 4.65834 -70.1738 -117.26
53 508.862 715.723 5 7.28889 -54.0939 126.273
54 509.281 715.995 5 6.93991 -65.2843 62.1473
55 509.7 716.267 5 6.61036 -53.6931 -99.8122
56 510.12 716.54 5 6.30329 -58.9756 63.6116
57 510.539 716.812 5 6.02212 -52.3637 127.814
58 510.958 717.084 5 5.77065 -52.3513 100.733
59 511.378 717.357 5 5.55292 -53.6364 21.1569
60 511.797 717.629 5 5.37303 -61.2756 -175.531
61 512.216 717.901 5 5.23487 -62.3696 -103.61
62 512.636 718.174 5 5.14183 -62.1172 -152.031
63 513.055 718.446 5 5.09636 -57.1954 3.61909
64 513.474 718.718 5 5.09975 -69.5006 -12.3782
65 513.894 718.991 5 5.15188 -79.1243 68.7532
66 508.589 716.142 5 7.64655 -53.3032 160.809
67 509.009 716.414 5 7.31466 -51.6793 -2.58024
68 509.428 716.687 5 7.00277 -59.7775 -144.687
69 509.847 716.959 5 6.71366 -59.7841 12.8592
70 510.267 717.231 5 6.4504 -47.5925 -19.9575
71 510.686 717.504 5 6.21629 -51.9379 -99.3459
72 511.105 717.776 5 6.01471 -58.5644 148.127
73 511.525 718.048 5 5.84904 -60.2803 -120.783
74 511.944 718.321 5 5.72239 -64.4797 -50.0517
75 512.363 718.593 5 5.63739 -73.0978 -99.7092
76 512.783 718.865 5 5.59596 -72.6186 -14.5126
77 513.202 719.138 5 5.59904 -57.5634 -13.3213
78 513.621 719.41 5 5.64657 -76.3974 -35.9161
79 510.414 717.923 5 6.66963 -54.3037 51.8785
80 510.833 718.195 5 6.48217 -63.4966 -112.597
81 511.672 718.74 5 6.21189 -57.2954 -25.7878
82 512.091 719.012 5 6.13368 -59.9673 -132.485
83 512.51 719.285 5 6.09561 -64.8724 -55.4848
84 512.93 719.557 5 6.09844 -62.0467 -3.01499
85 513.349 719.829 5 6.14211 -67.7585 153.871
86 510.141 718.342 5 7.12922 -55.7156 -113.779
87 510.561 718.615 5 6.95416 -61.7992 -24.8283
88 511.399 719.159 5 6.70293 -56.8937 -20.2597
89 511.819 719.432 5 6.63052 -60.5942 -155.393
90 512.238 719.704 5 6.59533 -74.2995 -170.565
91 512.657 719.976 5 6.59794 -59.1449 -13.0757
92 513.077 720.249 5 6.63832 -73.9238 -47.0721
93 509.869 718.762 5 7.59392 -68.9702 76.6317
94 510.288 719.034 5 7.42981 -60.9189 75.5678
95 511.127 719.579 5 7.19522 -62.061 37.2565
96 511.546 719.851 5 7.12781 -65.0468 145.083
97 511.966 720.123 5 7.09508 -69.1537 -103.226
98 512.385 720.396 5 7.09751 -61.3775 -28.2439
99 512.804 720.668 5 7.13506 -67.99 53.249
100 509.597 719.181 5 8.06284 -69.5961 176.206
101 510.016 719.453 5 7.90847 -56.3822 -30.5277
102 509.324 719.6 5 8.53529 -64.1119 -134.653
103 509.744 719.873 5 8.38962 -58.4813 98.4382
104 509.052 720.02 5 9.01072 -75.7934 76.0759
105 509.471 720.292 5 8.87285 -59.3219 -136.15
