1 505.473 717.831 5 9.77497 -92.716 94.4352
2 505.747 717.412 5 9.33075 -91.9248 58.5063
3 506.02 716.994 5 8.89245 -89.9317 106.676
4 506.294 716.575 5 8.46099 -90.8667 4.30304
5 506.567 716.157 5 8.03748 -93.1343 -1.34553
6 505.891 718.104 5 9.56123 -96.7233 20.9661
7 506.165 717.686 5 9.10658 -89.9758 13.4258
8 506.439 717.267 5 8.65694 -104.996 -102.6
9 506.712 716.849 5 8.21312 -101.713 59.552
10 506.986 716.43 5 7.77612 -94.3764 -89.8002
11 506.31 718.378 5 9.36932 -99.656 106.445
12 506.584 717.96 5 8.90488 -97.2167 -12.3455
13 506.857 717.541 5 8.4445 -93.889 -83.7929
14 507.131 717.123 5 7.98889 -89.4919 103.678
15 507.404 716.704 5 7.53891 -94.814 -70.5924
16 506.728 718.652 5 9.2006 -92.1324 21.5771
17 507.002 718.233 5 8.72719 -97.823 -45.9539
18 507.276 717.815 5 8.25691 -107.533 145.761
19 507.549 717.396 5 7.79034 -89.2413 162.087
20 507.823 716.978 5 7.32817 -86.5919 161.384
21 507.147 718.925 5 9.05638 -97.2264 126.794
22 507.421 718.507 5 8.57501 -101.217 -82.2347
23 507.694 718.088 5 8.0959 -89.9529 50.7322
24 507.968 717.67 5 7.61947 -88.3436 48.0873
25 508.241 717.251 5 7.14627 -100.574 -159.525
26 507.565 719.199 5 8.93785 -95.1828 100.899
27 507.839 718.78 5 8.44972 -101.438 -81.8489
28 508.113 718.362 5 7.96308 -89.7894 -47.871
29 508.386 717.943 5 7.47819 -90.6699 -106.594
30 508.66 717.525 5 6.99544 -95.5456 44.335
31 507.984 719.472 5 8.84602 -90.8435 -154.957
32 508.258 719.054 5 8.35253 -92.2488 162.984
33 508.531 718.635 5 7.85987 -93.6886 -2.12802
34 508.805 718.217 5 7.3682 -103.616 144.838
35 509.078 717.798 5 6.87773 -99.0468 -136.457
36 508.402 719.746 5 8.78175 -86.3093 52.8765
37 508.676 719.328 5 8.28443 -79.4113 -15.3377
38 508.95 718.909 5 7.78746 -250 0
39 509.223 718.491 5 7.29091 -250 0
40 509.497 718.072 5 6.79486 -194.481 28.143
