1 505.473 717.831 5 10.2587 -100.521 -98.376
2 505.747 717.412 5 9.83659 -93.284 35.2922
3 506.02 716.994 5 9.42207 -97.0655 55.5137
4 506.294 716.575 5 9.01623 -94.8491 -158.246
5 506.567 716.157 5 8.6203 -96.3604 83.9663
6 505.891 718.104 5 10.0054 -103.579 -85.4083
7 506.165 717.686 5 9.57212 -101.765 139.438
8 506.439 717.267 5 9.14562 -94.8865 110.395
9 506.712 716.849 5 8.72694 -97.2924 45.2327
10 506.986 716.43 5 8.31724 -91.6407 -171.12
11 506.31 718.378 5 9.77115 -100.599 15.2132
12 506.584 717.96 5 9.32697 -107.67 100.292
13 506.857 717.541 5 8.88873 -85.2397 104.591
14 507.131 717.123 5 8.45733 -96.5736 81.1039
15 507.404 716.704 5 8.0339 -92.6603 69.0662
16 506.728 718.652 5 9.55732 -92.6854 -64.5586
17 507.002 718.233 5 9.10272 -97.5899 -2.25326
18 507.276 717.815 5 8.65312 -99.7411 -5.3182
19 507.549 717.396 5 8.20935 -90.4058 48.258
20 507.823 716.978 5 7.77242 -104.653 101.314
21 507.147 718.925 5 9.36533 -90.3731 -111.944
22 507.421 718.507 5 8.90092 -94.4466 -149.681
23 507.694 718.088 5 8.44058 -93.4194 69.9003
24 507.968 717.67 5 7.98502 -92.4505 172.93
25 508.241 717.251 5 7.53509 -90.6436 -173.647
26 507.565 719.199 5 9.19654 -88.1341 -17.8669
27 507.839 718.78 5 8.72316 -85.8222 -27.4014
28 508.113 718.362 5 8.25291 -81.3855 -71.3972
29 508.386 717.943 5 7.78637 -90.565 -123.723
30 508.66 717.525 5 7.32424 -84.9837 38.1082
31 507.984 719.472 5 9.05226 -89.318 -65.6643
32 508.258 719.054 5 8.57091 -94.5356 -140.509
33 508.531 718.635 5 8.09182 -98.3115 105.771
34 508.805 718.217 5 7.61541 -96.6332 -15.3178
35 509.078 717.798 5 7.14224 -105.037 176.365
36 508.402 719.746 5 8.93367 -83.584 121.071
37 508.676 719.328 5 8.44556 -87.645 136.495
38 508.95 718.909 5 7.95893 -183.628 127.983
39 509.223 718.491 5 7.47406 -164.001 65.0177
40 509.497 718.072 5 6.99132 -250 0
