1 514.644 719.84 5 6.9616 -92.9643 145.74
2 514.371 720.259 5 7.35652 -87.6508 122.006
3 514.097 720.678 5 7.76355 -93.362 -25.9322
4 513.824 721.096 5 8.18091 -92.2744 49.2374
5 513.551 721.515 5 8.60707 -110.186 -121.122
6 513.278 721.934 5 9.0408 -98.2983 23.7178
7 513.004 722.353 5 9.48106 -88.9745 -27.605
8 512.731 722.771 5 9.92699 -97.3592 129.518
9 512.458 723.19 5 10.3778 -120.032 -102.316
10 512.185 723.609 5 10.833 -106.175 -108.731
11 515.063 720.113 5 7.28711 -114.408 -17.0752
12 514.789 720.532 5 7.66528 -90.2609 -63.7379
13 514.516 720.951 5 8.05673 -82.372 -107.384
14 514.243 721.37 5 8.45963 -82.9764 -129.105
15 513.97 721.788 5 8.87242 -87.6711 -29.8624
16 513.696 722.207 5 9.29378 -90.9972 -51.0882
17 513.423 722.626 5 9.72259 -99.5421 -121.865
18 513.15 723.045 5 10.1579 -98.2426 -122.233
19 512.877 723.463 5 10.5989 -90.2304 -72.3087
20 512.603 723.882 5 11.045 -94.8996 -90.9332
21 515.481 720.387 5 7.63152 -70.7359 -109.709
22 515.208 720.805 5 7.99341 -82.9742 3.64754
23 514.935 721.224 5 8.36953 -87.0563 -6.81767
24 514.662 721.643 5 8.75805 -84.2378 27.326
25 514.388 722.062 5 9.1574 -83.9201 19.7296
26 514.115 722.48 5 9.56621 -91.5119 -172.046
27 513.842 722.899 5 9.98333 -109.847 -175.747
28 513.568 723.318 5 10.4078 -100.653 60.0405
29 513.295 723.737 5 10.8386 -107.717 172.982
30 513.022 724.155 5 11.2752 -93.0007 16.6333
31 515.9 720.66 5 7.99239 -90.9748 17.0057
32 515.627 721.079 5 8.33863 -72.8033 -90.0497
33 515.353 721.497 5 8.69984 -74.6193 -6.5034
34 515.08 721.916 5 9.07423 -77.0411 -6.34902
35 514.807 722.335 5 9.46024 -85.1725 6.67224
36 514.534 722.754 5 9.8565 -81.0579 87.6744
37 514.26 723.172 5 10.2618 -94.2037 104.43
38 513.987 723.591 5 10.6752 -79.1689 -166.523
39 516.319 720.933 5 8.36758 -99.9431 -34.3562
40 516.045 721.352 5 8.6989 -93.2165 -65.0143
41 515.772 721.771 5 9.04573 -97.6268 130.588
42 515.499 722.189 5 9.40637 -82.6573 -156.88
43 515.226 722.608 5 9.77927 -74.4673 -9.36893
44 514.952 723.027 5 10.1631 -79.8544 53.5984
45 514.679 723.446 5 10.5567 -77.3697 70.6582
46 514.406 723.864 5 10.9589 -85.9336 -162.837
47 516.737 721.206 5 8.75526 -85.0973 -28.4619
48 516.464 721.625 5 9.07243 -104.43 77.3598
49 516.191 722.044 5 9.4055 -99.2596 32.2954
50 515.918 722.463 5 9.75284 -101.514 -74.7738
51 515.644 722.881 5 10.113 -102.758 -19.3031
52 515.371 723.3 5 10.4846 -90.6449 -84.7201
53 515.098 723.719 5 10.8665 -89.2129 -13.5752
54 514.825 724.138 5 11.2577 -105.778 133.784
55 517.156 721.48 5 9.15383 -86.3743 83.8925
56 516.883 721.898 5 9.45765 -86.6321 -178.405
57 516.61 722.317 5 9.77761 -98.4026 -77.7416
58 516.336 722.736 5 10.1122 -97.8521 107.82
59 516.063 723.155 5 10.4599 -88.682 120.818
60 515.79 723.573 5 10.8197 -86.3654 52.4254
61 515.517 723.992 5 11.1901 -87.2592 154.584
62 515.243 724.411 5 11.5704 -95.0889 156.718
63 517.575 721.753 5 9.56195 -88.93 -23.7907
64 517.302 722.172 5 9.85319 -85.4232 -136.494
65 517.028 722.59 5 10.1607 -86.5584 74.3697
66 516.755 723.009 5 10.483 -87.3125 -115.946
67 516.482 723.428 5 10.8189 -96.1984 167.234
68 516.209 723.847 5 11.1671 -94.9568 -166.134
69 515.935 724.265 5 11.5264 -96.1139 -132.428
70 515.662 724.684 5 11.8959 -84.9579 80.7089
71 517.994 722.026 5 9.97842 -95.8127 -46.0671
72 517.72 722.445 5 10.2578 -104.407 -12.3034
73 517.447 722.864 5 10.5536 -108.532 28.0236
74 517.174 723.282 5 10.8643 -91.1692 -102.413
75 516.901 723.701 5 11.1887 -106.776 27.6764
76 516.627 724.12 5 11.5257 -92.7928 -67.3673
77 516.354 724.539 5 11.8742 -91.2677 -32.0134
78 516.081 724.957 5 12.2332 -92.2954 12.3065
