1 505.473 717.831 5 9.06463 -92.0825 24.0663
2 505.747 717.412 5 8.58322 -98.2912 82.7083
3 506.02 716.994 5 8.10407 -96.8665 -167.786
4 506.294 716.575 5 7.62759 -89.1114 1.802
5 506.567 716.157 5 7.15432 -84.7486 -19.6117
6 505.891 718.104 5 8.9462 -93.4335 43.3099
7 506.165 717.686 5 8.45805 -91.6648 49.4566
8 506.439 717.267 5 7.97138 -89.8299 160.561
9 506.712 716.849 5 7.48646 -86.2048 -173.625
10 506.986 716.43 5 7.00367 -93.5927 -174.163
11 506.31 718.378 5 8.85446 -86.2392 -92.0451
12 506.584 717.96 5 8.36096 -93.0428 -137.304
13 506.857 717.541 5 7.86828 -97.787 15.0597
14 507.131 717.123 5 7.37659 -87.4724 -53.2737
15 507.404 716.704 5 6.8861 -82.2492 -88.1964
16 506.728 718.652 5 8.79025 -85.109 15.8889
17 507.002 718.233 5 8.29293 -80.8967 -15.7057
18 507.276 717.815 5 7.79595 -84.0985 137.422
19 507.549 717.396 5 7.29939 -81.0916 172.498
20 507.823 716.978 5 6.80333 -97.9932 87.2215
21 507.147 718.925 5 8.75417 -87.2 7.6949
22 507.421 718.507 5 8.25467 -83.1951 -28.5696
23 507.694 718.088 5 7.75525 -80.1922 -11.9927
24 507.968 717.67 5 7.2559 -83.4062 -35.007
25 508.241 717.251 5 6.75665 -83.0565 154.934
26 507.565 719.199 5 8.74656 -94.371 19.2782
27 507.839 718.78 5 8.24661 -83.3533 -64.5394
28 508.113 718.362 5 7.74667 -92.6552 -159.248
29 508.386 717.943 5 7.24673 -91.0104 5.69716
30 508.66 717.525 5 6.7468 -78.2971 -140.878
31 507.984 719.472 5 8.76752 -76.4502 72.1119
32 508.258 719.054 5 8.26883 -87.6798 -24.318
33 508.531 718.635 5 7.77032 -75.9191 -166.269
34 508.805 718.217 5 7.272 -96.1912 101.699
35 509.078 717.798 5 6.77394 -96.5154 105.174
36 508.402 719.746 5 8.81682 -75.7167 152.749
37 508.676 719.328 5 8.32109 -68.5016 102.646
38 508.95 718.909 5 7.8259 -250 0
39 509.223 718.491 5 7.33137 -250 0
40 509.497 718.072 5 6.83763 -250 0
