1 509.951 714.045 5 3.20551 -60.1467 -145.01
2 510.37 714.318 5 3.13204 -57.2992 -143.153
3 510.79 714.59 5 3.13752 -51.4883 -146.874
4 511.209 714.862 5 3.22156 -53.5232 -50.8894
5 511.628 715.135 5 3.37828 -61.6275 163.163
6 512.048 715.407 5 3.59822 -59.6492 -85.4138
7 512.467 715.679 5 3.8706 -48.799 -133.818
8 512.886 715.952 5 4.18521 -50.5976 22.1683
9 513.306 716.224 5 4.53325 -54.6898 70.5346
10 513.725 716.496 5 4.90762 -65.21 -107.327
11 514.144 716.769 5 5.30274 -63.4016 -172.369
12 514.564 717.041 5 5.71432 -103.111 -22.0258
13 514.983 717.313 5 6.13904 -127.732 -117.675
14 509.679 714.465 5 3.69458 -57.4012 -1.7491
15 510.098 714.737 5 3.63102 -57.0704 -21.8907
16 510.517 715.009 5 3.63575 -54.8276 -135.81
17 510.937 715.282 5 3.70851 -80.1007 -117.939
18 511.356 715.554 5 3.84544 -55.2076 -24.1089
19 511.775 715.826 5 4.04002 -51.5826 110.436
20 512.195 716.099 5 4.28441 -64.4565 83.4642
21 512.614 716.371 5 4.57062 -53.0705 9.07519
22 513.033 716.643 5 4.89131 -49.7844 169.216
23 513.453 716.916 5 5.24016 -50.4525 -135.253
24 513.872 717.188 5 5.61192 -68.9088 8.40434
25 514.291 717.46 5 6.00234 -59.9579 -16.476
26 514.711 717.733 5 6.408 -72.3745 21.1109
27 509.406 714.884 5 4.18623 -60.0591 51.511
28 509.826 715.156 5 4.13024 -55.8876 -147.266
29 510.245 715.429 5 4.1344 -53.7141 166.191
30 510.664 715.701 5 4.19853 -74.768 12.7302
31 511.084 715.973 5 4.31996 -53.0137 -30.769
32 511.503 716.246 5 4.49404 -53.8748 131.861
33 511.922 716.518 5 4.71495 -55.8157 -52.7689
34 512.342 716.79 5 4.97646 -49.8897 -75.0325
35 512.761 717.063 5 5.27253 -52.2743 126.853
36 513.18 717.335 5 5.59767 -56.0883 -30.2758
37 513.6 717.607 5 5.94713 -52.7069 9.35711
38 514.019 717.88 5 6.31686 -66.2285 -8.38842
39 514.438 718.152 5 6.70351 -59.317 122.485
40 509.134 715.303 5 4.67965 -66.2705 113.637
41 509.553 715.576 5 4.62963 -63.5289 -30.2565
42 509.973 715.848 5 4.63334 -58.2384 133.606
43 510.392 716.12 5 4.69066 -56.6722 -40.4217
44 510.811 716.393 5 4.79965 -55.83 54.9603
45 511.231 716.665 5 4.95692 -57.316 -107.578
46 511.65 716.937 5 5.15804 -51.9747 67.8763
47 512.069 717.21 5 5.39813 -55.1823 72.7308
48 512.489 717.482 5 5.67223 -51.9958 91.1297
49 512.908 717.754 5 5.97566 -49.466 -85.5856
50 513.327 718.027 5 6.3042 -59.9255 34.9875
51 513.747 718.299 5 6.65412 -51.5261 139.37
52 514.166 718.571 5 7.02223 -58.3306 121.725
53 508.862 715.723 5 5.17433 -63.983 86.9096
54 509.281 715.995 5 5.12914 -55.545 -179.943
55 509.7 716.267 5 5.13249 -52.2201 -144.775
56 510.12 716.54 5 5.18429 -65.6478 170.523
57 510.539 716.812 5 5.28311 -54.7518 54.6628
58 510.958 717.084 5 5.42638 -58.8746 -11.9475
59 511.378 717.357 5 5.6107 -54.0824 -153.89
60 511.797 717.629 5 5.83218 -56.7496 -28.9666
61 512.216 717.901 5 6.08677 -53.7016 -23.6695
62 512.636 718.174 5 6.37049 -54.7063 -115.95
63 513.055 718.446 5 6.67963 -48.8417 61.512
64 513.474 718.718 5 7.01084 -55.7487 122.113
65 513.894 718.991 5 7.36113 -54.2982 -90.3168
66 508.589 716.142 5 5.66995 -59.8537 85.6861
67 509.009 716.414 5 5.62874 -56.3498 -158.717
68 509.428 716.687 5 5.63179 -66.0794 62.9758
69 509.847 716.959 5 5.67904 -54.0515 98.1544
70 510.267 717.231 5 5.76939 -72.8791 164.805
71 510.686 717.504 5 5.90087 -54.6802 153.08
72 511.105 717.776 5 6.0708 -54.5667 -29.7701
73 511.525 718.048 5 6.27606 -51.8594 111.449
74 511.944 718.321 5 6.51332 -56.9425 124.349
75 512.363 718.593 5 6.77921 -51.0437 144.632
76 512.783 718.865 5 7.07051 -53.1698 2.42407
77 513.202 719.138 5 7.38421 -51.1881 -152.453
78 513.621 719.41 5 7.71757 -50.4985 -63.1038
79 510.414 717.923 5 6.37925 -52.9538 -166.887
80 510.833 718.195 5 6.53676 -55.4818 33.105
81 511.672 718.74 5 6.94967 -62.7305 -15.2698
82 512.091 719.012 5 7.19947 -54.7132 -21.6719
83 512.51 719.285 5 7.47441 -53.8748 -39.0089
84 512.93 719.557 5 7.77182 -48.2902 138.489
85 513.349 719.829 5 8.08922 -60.5718 -23.8171
86 510.141 718.342 5 6.86072 -60.81 -66.2553
87 510.561 718.615 5 7.00741 -65.6161 119.419
88 511.399 719.159 5 7.39409 -56.9309 149.19
89 511.819 719.432 5 7.62935 -58.2472 175.1
90 512.238 719.704 5 7.88932 -54.8605 176.099
91 512.657 719.976 5 8.17164 -59.0805 43.5897
92 513.077 720.249 5 8.47408 -52.9587 -102.524
93 509.869 718.762 5 7.34466 -70.7513 -55.3096
94 510.288 719.034 5 7.48187 -58.9174 -58.3101
95 511.127 719.579 5 7.8452 -77.7754 -103.377
96 511.546 719.851 5 8.06731 -57.7727 -98.3418
97 511.966 720.123 5 8.3136 -55.7849 8.38039
98 512.385 720.396 5 8.58198 -51.9331 -12.379
99 512.804 720.668 5 8.87044 -53.1151 87.2315
100 509.597 719.181 5 7.83062 -72.046 126.046
101 510.016 719.453 5 7.95946 -52.2667 26.2817
102 509.324 719.6 5 8.31825 -60.7075 8.07778
103 509.744 719.873 5 8.43965 -60.7572 152.49
104 509.052 720.02 5 8.80726 -61.2433 95.4317
105 509.471 720.292 5 8.92201 -64.5371 -160.004
