1 514.644 719.84 5 4.10311 -64.7782 95.8646
2 514.371 720.259 5 4.16901 -62.5063 125.389
3 514.097 720.678 5 4.29251 -54.4612 60.1943
4 513.824 721.096 5 4.46886 -51.1784 -95.711
5 513.551 721.515 5 4.6921 -64.3156 27.7933
6 513.278 721.934 5 4.95589 -76.4201 -63.4693
7 513.004 722.353 5 5.25413 -76.0698 165.6
8 512.731 722.771 5 5.58131 -56.0674 -102.102
9 512.458 723.19 5 5.93263 -84.9659 163.875
10 512.185 723.609 5 6.30406 -81.2395 69.2319
11 515.063 720.113 5 4.60196 -67.1027 -135.082
12 514.789 720.532 5 4.66081 -69.0826 123.14
13 514.516 720.951 5 4.7716 -52.9806 150.269
14 514.243 721.37 5 4.93084 -59.8524 16.021
15 513.97 721.788 5 5.13403 -74.5114 35.502
16 513.696 722.207 5 5.37618 -74.2737 87.0018
17 513.423 722.626 5 5.65229 -91.0379 -133.336
18 513.15 723.045 5 5.95764 -71.5843 -90.2712
19 512.877 723.463 5 6.28797 -77.0484 113.39
20 512.603 723.882 5 6.63955 -70.7078 157.203
21 515.481 720.387 5 5.10103 -64.0627 122.08
22 515.208 720.805 5 5.15418 -54.4118 173.532
23 514.935 721.224 5 5.25458 -53.44 -148.378
24 514.662 721.643 5 5.3996 -55.1278 157.426
25 514.388 722.062 5 5.58577 -66.959 39.1185
26 514.115 722.48 5 5.80912 -75.8896 32.0298
27 513.842 722.899 5 6.06555 -60.8005 29.006
28 513.568 723.318 5 6.35106 -74.0663 15.7947
29 513.295 723.737 5 6.66191 -68.5175 95.2536
30 513.022 724.155 5 6.99472 -83.7567 -14.4851
31 515.9 720.66 5 5.60027 -80.0858 -147.915
32 515.627 721.079 5 5.64872 -66.2911 -157.147
33 515.353 721.497 5 5.74048 -57.394 -98.0003
34 515.08 721.916 5 5.87352 -54.8946 -151.436
35 514.807 722.335 5 6.0451 -53.4843 73.6767
36 514.534 722.754 5 6.25207 -69.0337 172.06
37 514.26 723.172 5 6.49102 -70.3302 110.379
38 513.987 723.591 5 6.75858 -76.5582 -77.4939
39 516.319 720.933 5 6.09963 -71.285 59.7101
40 516.045 721.352 5 6.14415 -69.9463 -165.599
41 515.772 721.771 5 6.22862 -59.1685 -41.6514
42 515.499 722.189 5 6.35143 -53.7397 -52.9828
43 515.226 722.608 5 6.51044 -58.2911 -83.6283
44 514.952 723.027 5 6.70305 -67.8494 84.7942
45 514.679 723.446 5 6.92646 -68.6927 177.614
46 514.406 723.864 5 7.17781 -107.863 76.0738
47 516.737 721.206 5 6.59909 -57.7164 146.622
48 516.464 721.625 5 6.64026 -70.114 -53.2919
49 516.191 722.044 5 6.71849 -59.3216 -18.7333
50 515.918 722.463 5 6.83251 -60.328 18.5467
51 515.644 722.881 5 6.98056 -61.764 -21.5439
52 515.371 723.3 5 7.16054 -56.4908 106.792
53 515.098 723.719 5 7.3701 -69.5475 -17.4338
54 514.825 724.138 5 7.6068 -124.571 155.485
55 517.156 721.48 5 7.09863 -53.9504 -150.337
56 516.883 721.898 5 7.13692 -61.0957 -57.2267
57 516.61 722.317 5 7.20976 -69.8432 -69.3555
58 516.336 722.736 5 7.31613 -63.7872 76.6271
59 516.063 723.155 5 7.45458 -59.0447 -22.2303
60 515.79 723.573 5 7.62337 -61.4838 -113.386
61 515.517 723.992 5 7.82054 -74.3852 -120.074
62 515.243 724.411 5 8.044 -127.664 -86.304
63 517.575 721.753 5 7.59822 -66.8505 -83.7245
64 517.302 722.172 5 7.63401 -61.3144 -110.46
65 517.028 722.59 5 7.70215 -69.8476 87.8085
66 516.755 723.009 5 7.80181 -62.3378 121.015
67 516.482 723.428 5 7.93179 -56.5779 68.6574
68 516.209 723.847 5 8.09063 -65.7882 -1.48835
69 515.935 724.265 5 8.27668 -58.9832 -170.826
70 515.662 724.684 5 8.48814 -81.4289 -26.9037
71 517.994 722.026 5 8.09787 -71.7893 -63.868
72 517.72 722.445 5 8.13145 -62.1534 -100.609
73 517.447 722.864 5 8.19546 -65.7473 18.2289
74 517.174 723.282 5 8.28919 -64.6843 -166.654
75 516.901 723.701 5 8.41164 -59.1035 137.135
76 516.627 724.12 5 8.56159 -62.073 132.035
77 516.354 724.539 5 8.73761 -63.3496 -5.27059
78 516.081 724.957 5 8.93817 -75.4395 -86.7433
