1 505.473 717.831 5 5.63279 -67.5004 -178.055
2 505.747 717.412 5 5.37124 -68.2521 -93.6183
3 506.02 716.994 5 5.14511 -87.2699 161.289
4 506.294 716.575 5 4.95924 -70.871 -94.9754
5 506.567 716.157 5 4.81829 -74.5642 15.3707
6 505.891 718.104 5 5.22436 -62.986 168.603
7 506.165 717.686 5 4.94124 -62.9597 -36.9022
8 506.439 717.267 5 4.69444 -70.5795 -55.5892
9 506.712 716.849 5 4.48995 -71.7882 7.40285
10 506.986 716.43 5 4.33377 -72.3531 153.512
11 506.31 718.378 5 4.83318 -70.2228 53.5749
12 506.584 717.96 5 4.52565 -91.1115 20.7498
13 506.857 717.541 5 4.25481 -62.8444 130.594
14 507.131 717.123 5 4.02806 -71.0936 75.1257
15 507.404 716.704 5 3.85321 -76.7866 176.891
16 506.728 718.652 5 4.46377 -63.7149 -83.6931
17 507.002 718.233 5 4.12882 -75.2665 125.713
18 507.276 717.815 5 3.83002 -67.4764 -99.6608
19 507.549 717.396 5 3.57644 -56.0646 -58.1564
20 507.823 716.978 5 3.37829 -64.4165 143.102
21 507.147 718.925 5 4.122 -70.4218 114.884
22 507.421 718.507 5 3.75669 -60.1537 -167.968
23 507.694 718.088 5 3.42559 -58.505 -178.123
24 507.968 717.67 5 3.13951 -58.1445 123.644
25 508.241 717.251 5 2.91178 -61.0972 147.743
26 507.565 719.199 5 3.81529 -60.9766 29.6837
27 507.839 718.78 5 3.41736 -61.9224 19.7759
28 508.113 718.362 5 3.04964 -69.3633 166.71
29 508.386 717.943 5 2.72437 -71.6956 -62.1873
30 508.66 717.525 5 2.45847 -62.5674 37.5502
31 507.984 719.472 5 3.55276 -62.2195 -118.34
32 508.258 719.054 5 3.12154 -69.2054 -77.9565
33 508.531 718.635 5 2.71402 -87.8026 107.751
34 508.805 718.217 5 2.34261 -70.5496 90.1113
35 509.078 717.798 5 2.02724 -66.7182 165.476
36 508.402 719.746 5 3.34481 -52.8359 -167.602
37 508.676 719.328 5 2.88264 -55.5554 115.528
38 508.95 718.909 5 2.43547 -62.1406 -142.114
39 509.223 718.491 5 2.01331 -70.6129 -164.245
40 509.497 718.072 5 1.63565 -57.5935 -48.2114
