1 509.951 714.045 5 6.5192 -60.1994 12.1461
2 510.37 714.318 5 6.10328 -51.8081 70.5437
3 510.79 714.59 5 5.70088 -54.4495 75.5017
4 511.209 714.862 5 5.31507 -54.2804 -158.413
5 511.628 715.135 5 4.94975 -50.0109 84.8393
6 512.048 715.407 5 4.60977 -48.3412 28.9518
7 512.467 715.679 5 4.30116 -54.2036 -91.8322
8 512.886 715.952 5 4.03113 -48.0714 -137.425
9 513.306 716.224 5 3.80789 -52.2157 123.309
10 513.725 716.496 5 3.64005 -48.1139 -23.8014
11 514.144 716.769 5 3.53553 -47.6947 -147.783
12 514.564 717.041 5 3.5 -49.2851 150.375
13 514.983 717.313 5 3.53553 -58.2415 71.7645
14 509.679 714.465 5 6.26498 -49.4909 -132.546
15 510.098 714.737 5 5.83095 -46.7697 96.6665
16 510.517 715.009 5 5.40833 -49.9234 -67.8047
17 510.937 715.282 5 5 -59.762 -82.2842
18 511.356 715.554 5 4.60977 -51.6322 56.2207
19 511.775 715.826 5 4.24264 -52.7261 -5.06009
20 512.195 716.099 5 3.90512 -54.687 -86.0756
21 512.614 716.371 5 3.60555 -50.8586 43.2449
22 513.033 716.643 5 3.3541 -44.2656 57.1502
23 513.453 716.916 5 3.16228 -54.6261 -141.786
24 513.872 717.188 5 3.04138 -50.2969 -129.444
25 514.291 717.46 5 3 -47.7536 58.4286
26 514.711 717.733 5 3.04138 -57.1663 -130.512
27 509.406 714.884 5 6.04152 -50.5275 -98.2978
28 509.826 715.156 5 5.59017 -55.8633 -174.187
29 510.245 715.429 5 5.14782 -50.3695 -113.064
30 510.664 715.701 5 4.71699 -50.9114 60.2957
31 511.084 715.973 5 4.30116 -54.0867 -122.192
32 511.503 716.246 5 3.90512 -53.0076 -136.739
33 511.922 716.518 5 3.53553 -45.9168 -78.9379
34 512.342 716.79 5 3.20156 -46.0641 119.889
35 512.761 717.063 5 2.91548 -51.5447 -159.743
36 513.18 717.335 5 2.69258 -45.5563 139.954
37 513.6 717.607 5 2.54951 -51.7938 -131.151
38 514.019 717.88 5 2.5 -47.2421 77.3904
39 514.438 718.152 5 2.54951 -48.7528 -153.903
40 509.134 715.303 5 5.85235 -50.3508 53.5973
41 509.553 715.576 5 5.38516 -50.5628 14.7011
42 509.973 715.848 5 4.92443 -49.5737 -102.611
43 510.392 716.12 5 4.47214 -56.5886 146.451
44 510.811 716.393 5 4.03113 -47.1166 -142.191
45 511.231 716.665 5 3.60555 -46.966 75.958
46 511.65 716.937 5 3.20156 -53.7107 2.31241
47 512.069 717.21 5 2.82843 -42.0918 142.22
48 512.489 717.482 5 2.5 -47.1591 7.47644
49 512.908 717.754 5 2.23607 -45.9518 50.2329
50 513.327 718.027 5 2.06155 -46.0647 161.835
51 513.747 718.299 5 2 -49.3752 4.28779
52 514.166 718.571 5 2.06155 -53.9088 66.59
53 508.862 715.723 5 5.70088 -62.182 -38.8843
54 509.281 715.995 5 5.22015 -59.5577 35.2042
55 509.7 716.267 5 4.74342 -53.7588 1.98043
56 510.12 716.54 5 4.272 -52.1525 -75.6786
57 510.539 716.812 5 3.80789 -50.2117 -167.023
58 510.958 717.084 5 3.3541 -51.8617 66.092
59 511.378 717.357 5 2.91548 -57.0676 124.294
60 511.797 717.629 5 2.5 -44.6725 12.9168
61 512.216 717.901 5 2.12132 -48.152 -15.514
62 512.636 718.174 5 1.80278 -45.3377 -179.042
63 513.055 718.446 5 1.58114 -45.2974 111.993
64 513.474 718.718 5 1.5 -43.5907 14.3833
65 513.894 718.991 5 1.58114 -43.7202 81.5789
66 508.589 716.142 5 5.59017 -62.6994 -93.5574
67 509.009 716.414 5 5.09902 -62.8144 -53.7571
68 509.428 716.687 5 4.60977 -59.9318 -48.7284
69 509.847 716.959 5 4.12311 -47.0567 -114.427
70 510.267 717.231 5 3.64006 -52.3607 -168.69
71 510.686 717.504 5 3.16228 -53.6298 177.962
72 511.105 717.776 5 2.69258 -43.3059 154.911
73 511.525 718.048 5 2.23607 -45.4695 50.6113
74 511.944 718.321 5 1.80278 -51.6215 -156.971
75 512.363 718.593 5 1.41421 -43.3956 -99.9344
76 512.783 718.865 5 1.11803 -42.3457 -2.45806
77 513.202 719.138 5 1 -40.1091 25.1504
78 513.621 719.41 5 1.11803 -37.1726 19.5004
79 510.414 717.923 5 3.04138 -51.2155 113.493
80 510.833 718.195 5 2.54951 -74.9775 -51.0623
81 511.672 718.74 5 1.58114 -45.3669 97.3781
82 512.091 719.012 5 1.11803 -37.9985 8.47209
83 512.51 719.285 5 0.707107 -39.0669 116.326
84 512.93 719.557 5 0.5 -35.059 6.32023
85 513.349 719.829 5 0.707107 -35.2323 124.536
86 510.141 718.342 5 3 -52.5205 -167.318
87 510.561 718.615 5 2.5 -53.7799 -110.526
88 511.399 719.159 5 1.5 -40.2225 24.175
89 511.819 719.432 5 1 -38.297 8.64019
90 512.238 719.704 5 0.5 -34.7932 5.62052
91 512.657 719.976 5 0 -48.0473 61.7387
92 513.077 720.249 5 0.5 -35.6455 33.0488
93 509.869 718.762 5 3.04138 -55.5324 74.3322
94 510.288 719.034 5 2.54951 -51.5071 77.8429
95 511.127 719.579 5 1.58114 -60.7469 15.6529
96 511.546 719.851 5 1.11803 -43.1482 -98.0898
97 511.966 720.123 5 0.707107 -32.9067 132.388
98 512.385 720.396 5 0.5 -34.1286 15.3002
99 512.804 720.668 5 0.707107 -39.6949 11.0353
100 509.597 719.181 5 3.16228 -64.6881 -130.605
101 510.016 719.453 5 2.69258 -65.0236 -50.7907
102 509.324 719.6 5 3.3541 -59.3166 103.531
103 509.744 719.873 5 2.91548 -56.0123 -144.863
104 509.052 720.02 5 3.60555 -58.6971 106.421
105 509.471 720.292 5 3.20156 -55.2932 -39.9463
