1 505.473 717.831 5 7.32856 -72.4062 137.331
2 505.747 717.412 5 7.02329 -72.7949 -33.8747
3 506.02 716.994 5 6.74133 -72.6288 51.777
4 506.294 716.575 5 6.48571 -68.0481 23.8827
5 506.567 716.157 5 6.25966 -78.5746 108.835
6 505.891 718.104 5 6.94823 -72.2863 8.2768
7 506.165 717.686 5 6.62547 -68.7891 -15.1435
8 506.439 717.267 5 6.32579 -66.4062 -178.817
9 506.712 716.849 5 6.05265 -65.5046 -166.222
10 506.986 716.43 5 5.80977 -78.4234 126.207
11 506.31 718.378 5 6.58392 -68.9807 114.073
12 506.584 717.96 5 6.24235 -68.1444 166.804
13 506.857 717.541 5 5.92333 -77.5356 -130.768
14 507.131 717.123 5 5.6307 -72.2622 -68.8745
15 507.404 716.704 5 5.36876 -64.9847 -49.6712
16 506.728 718.652 5 6.23845 -64.2518 69.7367
17 507.002 718.233 5 5.87683 -70.3453 -142.079
18 507.276 717.815 5 5.53679 -61.3486 28.9016
19 507.549 717.396 5 5.22254 -63.2288 108.828
20 507.823 716.978 5 4.93901 -68.3015 153.424
21 507.147 718.925 5 5.9151 -74.6434 63.7211
22 507.421 718.507 5 5.53238 -72.7943 -135.098
23 507.694 718.088 5 5.16974 -73.6604 106.307
24 507.968 717.67 5 4.83167 -66.0852 -127.523
25 508.241 717.251 5 4.52371 -63.0588 -45.2432
26 507.565 719.199 5 5.6177 -69.4358 116.279
27 507.839 718.78 5 5.2132 -68.3452 77.8979
28 508.113 718.362 5 4.82663 -80.37 21.197
29 508.386 717.943 5 4.46265 -64.9984 -140.605
30 508.66 717.525 5 4.12724 -67.392 89.5398
31 507.984 719.472 5 5.35058 -65.9138 99.0804
32 508.258 719.054 5 4.92419 -66.5236 -43.9381
33 508.531 718.635 5 4.51292 -70.2959 -103.437
34 508.805 718.217 5 4.12133 -64.9269 -175.829
35 509.078 717.798 5 3.75557 -68.2944 -12.1692
36 508.402 719.746 5 5.11848 -67.8251 83.5598
37 508.676 719.328 5 4.67095 -66.7947 90.5503
38 508.95 718.909 5 4.23517 -73.3169 -88.8156
39 509.223 718.491 5 3.81517 -61.4006 -68.8353
40 509.497 718.072 5 3.41679 -76.8908 -73.4927
