1 505.473 717.831 5 6.5818 -64.0115 -126.704
2 505.747 717.412 5 6.24036 -65.6751 -170.996
3 506.02 716.994 5 5.92148 -70.0811 -43.1904
4 506.294 716.575 5 5.62902 -65.8798 -6.67183
5 506.567 716.157 5 5.36729 -67.9164 -19.3074
6 505.891 718.104 5 6.23621 -60.837 -171.353
7 506.165 717.686 5 5.87471 -64.1834 156.026
8 506.439 717.267 5 5.53481 -60.5181 12.0352
9 506.712 716.849 5 5.22073 -60.9877 100.234
10 506.986 716.43 5 4.9374 -63.4861 176.465
11 506.31 718.378 5 5.91274 -64.7868 79.0917
12 506.584 717.96 5 5.53013 -62.243 59.7211
13 506.857 717.541 5 5.16762 -63.69 -3.00864
14 507.131 717.123 5 4.82972 -66.597 -124.327
15 507.404 716.704 5 4.52196 -62.2218 -37.294
16 506.728 718.652 5 5.61521 -57.8786 -142.983
17 507.002 718.233 5 5.21081 -67.6371 -84.9717
18 507.276 717.815 5 4.82436 -57.4683 -39.9146
19 507.549 717.396 5 4.46053 -60.9934 -111.77
20 507.823 716.978 5 4.12532 -63.6211 78.0096
21 507.147 718.925 5 5.34797 -63.652 133.284
22 507.421 718.507 5 4.92165 -66.2083 76.1486
23 507.694 718.088 5 4.5105 -64.1852 174.325
24 507.968 717.67 5 4.11904 -58.2799 154.779
25 508.241 717.251 5 3.75345 -59.2498 98.1559
26 507.565 719.199 5 5.11575 -66.1721 72.4159
27 507.839 718.78 5 4.66828 -70.7582 95.177
28 508.113 718.362 5 4.23258 -66.1798 -141.837
29 508.386 717.943 5 3.8127 -58.3944 3.39186
30 508.66 717.525 5 3.41447 -58.3235 38.0591
31 507.984 719.472 5 4.92352 -77.131 -71.7267
32 508.258 719.054 5 4.45679 -84.2976 -41.1872
33 508.531 718.635 5 3.99811 -68.8432 -22.2571
34 508.805 718.217 5 3.55061 -68.5782 -115.824
35 509.078 717.798 5 3.11909 -70.6364 -124.428
36 508.402 719.746 5 4.77611 -59.0463 22.4463
37 508.676 719.328 5 4.29339 -61.2914 74.2929
38 508.95 718.909 5 3.81511 -102.525 -132.94
39 509.223 718.491 5 3.3432 -69.2597 -171.59
40 509.497 718.072 5 2.88078 -75.9199 -149.393
