1 509.951 714.045 5 5.02494 -47.7755 -113.592
2 510.37 714.318 5 4.52769 -51.1473 -159.881
3 510.79 714.59 5 4.03113 -50.4046 -0.250089
4 511.209 714.862 5 3.53553 -43.8807 -79.0113
5 511.628 715.135 5 3.04138 -47.476 -167.248
6 512.048 715.407 5 2.54951 -52.9827 -51.2003
7 512.467 715.679 5 2.06155 -48.9105 90.4374
8 512.886 715.952 5 1.58114 -47.74 88.0849
9 513.306 716.224 5 1.11803 -40.092 12.7663
10 513.725 716.496 5 0.707107 -35.8729 115.445
11 514.144 716.769 5 0.5 -32.8449 -7.69559
12 514.564 717.041 5 0.707107 -39.1336 -47.6172
13 514.983 717.313 5 1.11803 -55.6168 116.072
14 509.679 714.465 5 5 -47.329 31.4282
15 510.098 714.737 5 4.5 -44.5472 -23.9929
16 510.517 715.009 5 4 -53.2261 5.28035
17 510.937 715.282 5 3.5 -47.7726 0.73736
18 511.356 715.554 5 3 -74.4356 43.6349
19 511.775 715.826 5 2.5 -53.5145 19.8053
20 512.195 716.099 5 2 -48.1593 33.7968
21 512.614 716.371 5 1.5 -49.0236 0.289128
22 513.033 716.643 5 1 -39.4773 41.989
23 513.453 716.916 5 0.5 -35.5931 2.15542
24 513.872 717.188 5 0 -48.5633 -36.0568
25 514.291 717.46 5 0.5 -34.3008 -4.56305
26 514.711 717.733 5 1 -41.6668 1.22688
27 509.406 714.884 5 5.02494 -49.8373 -114.562
28 509.826 715.156 5 4.52769 -52.602 -42.8617
29 510.245 715.429 5 4.03113 -49.4218 -158.161
30 510.664 715.701 5 3.53553 -49.1489 -90.6616
31 511.084 715.973 5 3.04138 -45.0899 -119.612
32 511.503 716.246 5 2.54951 -47.263 -158.343
33 511.922 716.518 5 2.06155 -46.6304 150.362
34 512.342 716.79 5 1.58114 -44.9663 128.795
35 512.761 717.063 5 1.11803 -45.6039 50.7805
36 513.18 717.335 5 0.707107 -37.5373 125.847
37 513.6 717.607 5 0.5 -32.9769 -9.73403
38 514.019 717.88 5 0.707107 -37.6525 127.894
39 514.438 718.152 5 1.11803 -39.6655 4.66613
40 509.134 715.303 5 5.09902 -63.705 -5.66387
41 509.553 715.576 5 4.60977 -46.839 7.17328
42 509.973 715.848 5 4.12311 -47.2212 20.9096
43 510.392 716.12 5 3.64006 -49.3901 -24.9059
44 510.811 716.393 5 3.16228 -47.2045 -97.5121
45 511.231 716.665 5 2.69258 -43.5653 -178.084
46 511.65 716.937 5 2.23607 -48.6068 57.8944
47 512.069 717.21 5 1.80278 -43.4269 170.103
48 512.489 717.482 5 1.41421 -40.8003 -110.448
49 512.908 717.754 5 1.11803 -41.3537 3.40177
50 513.327 718.027 5 1 -37.7201 -9.24519
51 513.747 718.299 5 1.11803 -42.6372 14.3674
52 514.166 718.571 5 1.41421 -43.2136 -128.172
53 508.862 715.723 5 5.22015 -47.1356 91.6282
54 509.281 715.995 5 4.74342 -55.9548 143.774
55 509.7 716.267 5 4.272 -57.6915 -136.78
56 510.12 716.54 5 3.80789 -48.6446 166.524
57 510.539 716.812 5 3.3541 -49.5026 35.9102
58 510.958 717.084 5 2.91548 -51.9592 -113.88
59 511.378 717.357 5 2.5 -43.2834 0.906302
60 511.797 717.629 5 2.12132 -50.3218 -1.61845
61 512.216 717.901 5 1.80278 -47.8962 -148.696
62 512.636 718.174 5 1.58114 -44.6881 134.452
63 513.055 718.446 5 1.5 -42.9114 -27.344
64 513.474 718.718 5 1.58114 -46.4816 115.361
65 513.894 718.991 5 1.80278 -47.0295 -138.987
66 508.589 716.142 5 5.38516 -51.9939 -13.9419
67 509.009 716.414 5 4.92443 -49.9406 -123.058
68 509.428 716.687 5 4.47214 -62.6571 31.3733
69 509.847 716.959 5 4.03113 -55.4651 -66.7262
70 510.267 717.231 5 3.60555 -52.7522 21.7772
71 510.686 717.504 5 3.20156 -44.3322 154.296
72 511.105 717.776 5 2.82843 -43.2342 119.249
73 511.525 718.048 5 2.5 -45.7975 8.87967
74 511.944 718.321 5 2.23607 -44.9411 29.1253
75 512.363 718.593 5 2.06155 -46.0281 -168.905
76 512.783 718.865 5 2 -42.3343 -36.4074
77 513.202 719.138 5 2.06155 -47.6549 178.481
78 513.621 719.41 5 2.23607 -43.2204 57.7893
79 510.414 717.923 5 3.53553 -46.405 -80.45
80 510.833 718.195 5 3.20156 -50.1913 178.424
81 511.672 718.74 5 2.69258 -54.0585 133.544
82 512.091 719.012 5 2.54951 -43.2113 -125.85
83 512.51 719.285 5 2.5 -55.1923 -44.3641
84 512.93 719.557 5 2.54951 -48.0504 -132.001
85 513.349 719.829 5 2.69258 -46.162 136.872
86 510.141 718.342 5 3.90512 -48.5874 -174.294
87 510.561 718.615 5 3.60555 -47.9454 59.716
88 511.399 719.159 5 3.16228 -46.347 -50.5774
89 511.819 719.432 5 3.04138 -42.2547 -126.494
90 512.238 719.704 5 3 -51.1921 -91.886
91 512.657 719.976 5 3.04138 -47.711 -107.246
92 513.077 720.249 5 3.16228 -54.9106 -36.0946
93 509.869 718.762 5 4.30116 -63.3016 -92.5521
94 510.288 719.034 5 4.03113 -58.6747 105.283
95 511.127 719.579 5 3.64006 -51.6045 -126.297
96 511.546 719.851 5 3.53553 -49.9495 95.8188
97 511.966 720.123 5 3.5 -51.6073 -58.8712
98 512.385 720.396 5 3.53553 -45.6687 -124.292
99 512.804 720.668 5 3.64006 -58.2279 -152.894
100 509.597 719.181 5 4.71699 -48.2396 61.6497
101 510.016 719.453 5 4.47214 -50.632 -124.443
102 509.324 719.6 5 5.14782 -61.7951 -117.327
103 509.744 719.873 5 4.92443 -58.1652 -155.972
104 509.052 720.02 5 5.59017 -53.5732 11.948
105 509.471 720.292 5 5.38517 -54.2685 127.666
