1 514.644 719.84 5 6.14467 -67.861 21.987
2 514.371 720.259 5 6.22877 -63.3748 -69.4752
3 514.097 720.678 5 6.35124 -66.5562 -125.431
4 513.824 721.096 5 6.50991 -57.7102 -179.858
5 513.551 721.515 5 6.70221 -64.3529 -175.802
6 513.278 721.934 5 6.92534 -63.5688 33.2545
7 513.004 722.353 5 7.17642 -77.6998 43.6172
8 512.731 722.771 5 7.45263 -69.133 150.447
9 512.458 723.19 5 7.75128 -85.1284 -75.5868
10 512.185 723.609 5 8.06988 -82.6848 155.897
11 515.063 720.113 5 6.64082 -64.9523 6.49904
12 514.789 720.532 5 6.71872 -64.7592 -63.146
13 514.516 720.951 5 6.83241 -60.2246 -29.8136
14 514.243 721.37 5 6.98015 -57.5599 -104.996
15 513.97 721.788 5 7.15983 -88.7123 -124.053
16 513.696 722.207 5 7.36912 -85.7978 -45.3382
17 513.423 722.626 5 7.60556 -87.278 52.0328
18 513.15 723.045 5 7.86672 -72.8851 -132.319
19 512.877 723.463 5 8.15021 -77.3488 -40.4692
20 512.603 723.882 5 8.45379 -86.3711 2.43195
21 515.481 720.387 5 7.13751 -60.6407 47.9922
22 515.208 720.805 5 7.21005 -60.5522 68.48
23 514.935 721.224 5 7.31611 -56.5758 58.4018
24 514.662 721.643 5 7.45427 -62.5826 33.6594
25 514.388 722.062 5 7.62278 -63.5377 28.3447
26 514.115 722.48 5 7.81968 -77.9096 102.866
27 513.842 722.899 5 8.04289 -77.9928 -168.838
28 513.568 723.318 5 8.29028 -73.554 -79.8833
29 513.295 723.737 5 8.55976 -75.3215 -61.525
30 513.022 724.155 5 8.8493 -86.1023 -154.123
31 515.9 720.66 5 7.63464 -65.4765 -136.529
32 515.627 721.079 5 7.70249 -70.0719 154.34
33 515.353 721.497 5 7.80186 -61.0085 128.782
34 515.08 721.916 5 7.93156 -66.9328 104.821
35 514.807 722.335 5 8.09014 -66.2028 -93.029
36 514.534 722.754 5 8.27593 -64.3347 164.385
37 514.26 723.172 5 8.48715 -73.9882 -162.882
38 513.987 723.591 5 8.72195 -68.2893 -149.679
39 516.319 720.933 5 8.13211 -62.0363 37.1349
40 516.045 721.352 5 8.19585 -64.584 151.238
41 515.772 721.771 5 8.28931 -65.5528 171.551
42 515.499 722.189 5 8.4115 -71.1927 154.022
43 515.226 722.608 5 8.56119 -60.6353 40.7962
44 514.952 723.027 5 8.73697 -72.6682 -5.82631
45 514.679 723.446 5 8.9373 -83.6464 -66.8662
46 514.406 723.864 5 9.16057 -121.003 53.1781
47 516.737 721.206 5 8.62988 -60.5657 113.65
48 516.464 721.625 5 8.68997 -60.7685 -109.385
49 516.191 722.044 5 8.77817 -60.7567 172.098
50 515.918 722.463 5 8.89364 -60.8895 -179.507
51 515.644 722.881 5 9.03535 -62.5817 154.272
52 515.371 723.3 5 9.20208 -70.8075 -138.237
53 515.098 723.719 5 9.39249 -69.3063 147.043
54 514.825 724.138 5 9.60518 -117.98 -171.068
55 517.156 721.48 5 9.12789 -65.6003 169.994
56 516.883 721.898 5 9.18472 -72.5572 95.8577
57 516.61 722.317 5 9.26821 -60.4097 126.744
58 516.336 722.736 5 9.37766 -65.3806 -55.306
59 516.063 723.155 5 9.51216 -64.2617 -136.544
60 515.79 723.573 5 9.67067 -64.4764 109.288
61 515.517 723.992 5 9.85203 -74.0667 -48.5949
62 515.243 724.411 5 10.055 -124.408 -108.823
63 517.575 721.753 5 9.62611 -71.2917 76.981
64 517.302 722.172 5 9.68002 -66.7997 144.462
65 517.028 722.59 5 9.75927 -72.0859 -81.2737
66 516.755 723.009 5 9.86327 -62.5845 -77.7124
67 516.482 723.428 5 9.99123 -61.8225 -105.94
68 516.209 723.847 5 10.1423 -63.2059 -129.369
69 515.935 724.265 5 10.3153 -70.6456 -38.1861
70 515.662 724.684 5 10.5094 -71.6704 49.8372
71 517.994 722.026 5 10.1245 -65.5825 85.5401
72 517.72 722.445 5 10.1758 -73.5061 -168.338
73 517.447 722.864 5 10.2512 -62.0266 122.028
74 517.174 723.282 5 10.3502 -65.7567 4.77932
75 516.901 723.701 5 10.4723 -63.905 0.36417
76 516.627 724.12 5 10.6164 -61.3691 -82.3371
77 516.354 724.539 5 10.7819 -63.688 12.4445
78 516.081 724.957 5 10.9677 -75.915 108.668
