1 514.644 719.84 5 1.99104 -46.6637 -100.879
2 514.371 720.259 5 1.73632 -42.7686 -121.833
3 514.097 720.678 5 1.60167 -43.7103 -4.90591
4 513.824 721.096 5 1.61738 -63.7453 -127.499
5 513.551 721.515 5 1.77946 -58.3485 8.10826
6 513.278 721.934 5 2.05354 -62.2907 -121.229
7 513.004 722.353 5 2.40158 -63.5145 66.8761
8 512.731 722.771 5 2.79609 -73.7555 114.056
9 512.458 723.19 5 3.22004 -88.2467 125.808
10 512.185 723.609 5 3.66322 -75.784 99.4033
11 515.063 720.113 5 2.40904 -47.7523 43.2743
12 514.789 720.532 5 2.20318 -47.7037 -18.7969
13 514.516 720.951 5 2.09871 -44.4418 -20.7656
14 514.243 721.37 5 2.11071 -61.717 28.7052
15 513.97 721.788 5 2.23733 -62.3343 -27.0029
16 513.696 722.207 5 2.46094 -64.3044 79.5698
17 513.423 722.626 5 2.75804 -67.0038 176.961
18 513.15 723.045 5 3.10762 -67.6226 -16.1194
19 512.877 723.463 5 3.49398 -76.5434 -7.40542
20 512.603 723.882 5 3.9062 -82.9976 40.9644
21 515.481 720.387 5 2.85354 -49.1767 -114.088
22 515.208 720.805 5 2.68202 -49.6941 33.5609
23 514.935 721.224 5 2.59688 -60.1001 31.5585
24 514.662 721.643 5 2.60659 -53.957 104.416
25 514.388 722.062 5 2.71014 -57.026 -99.3393
26 514.115 722.48 5 2.89749 -68.7799 -1.74512
27 513.842 722.899 5 3.15372 -74.6354 -94.8066
28 513.568 723.318 5 3.4636 -67.1416 117.422
29 513.295 723.737 5 3.81406 -72.7703 87.8573
30 513.022 724.155 5 4.19495 -79.5873 136.075
31 515.9 720.66 5 3.31389 -50.3872 -28.1621
32 515.627 721.079 5 3.1674 -53.867 138.055
33 515.353 721.497 5 3.09564 -55.7912 36.3494
34 515.08 721.916 5 3.10379 -61.7782 25.7849
35 514.807 722.335 5 3.19125 -61.8346 -114.354
36 514.534 722.754 5 3.35181 -65.0478 -45.0119
37 514.26 723.172 5 3.57564 -64.9488 -9.83903
38 513.987 723.591 5 3.85172 -74.5178 -98.3165
39 516.319 720.933 5 3.78432 -58.0234 51.6518
40 516.045 721.352 5 3.65672 -51.1044 153.434
41 515.772 721.771 5 3.59474 -57.0758 -15.539
42 515.499 722.189 5 3.60177 -59.7792 -141.354
43 515.226 722.608 5 3.6774 -60.747 -12.197
44 514.952 723.027 5 3.81757 -53.3708 -3.09423
45 514.679 723.446 5 4.01552 -69.0908 112.714
46 514.406 723.864 5 4.26321 -109.009 -11.4645
47 516.737 721.206 5 4.26149 -56.406 -134.289
48 516.464 721.625 5 4.1486 -58.7216 136.135
49 516.191 722.044 5 4.09407 -60.1257 -38.311
50 515.918 722.463 5 4.10024 -67.7713 13.7856
51 515.644 722.881 5 4.16683 -58.6316 113.354
52 515.371 723.3 5 4.29104 -55.2563 -14.8836
53 515.098 723.719 5 4.46806 -57.8103 142.146
54 514.825 724.138 5 4.69192 -144.314 11.4912
55 517.156 721.48 5 4.74336 -61.4275 51.2731
56 516.883 721.898 5 4.6422 -54.6298 73.5039
57 516.61 722.317 5 4.59354 -72.3283 -120.786
58 516.336 722.736 5 4.59904 -68.7922 -97.9714
59 516.063 723.155 5 4.65851 -62.8742 -168.56
60 515.79 723.573 5 4.76993 -71.2969 -53.2714
61 515.517 723.992 5 4.92979 -57.696 125.778
62 515.243 724.411 5 5.13355 -119.705 43.8051
63 517.575 721.753 5 5.22864 -54.3835 -91.6602
64 517.302 722.172 5 5.13705 -60.5096 -123.537
65 517.028 722.59 5 5.09311 -58.5376 -19.0048
66 516.755 723.009 5 5.09807 -57.1367 -21.9208
67 516.482 723.428 5 5.15179 -73.9031 -48.7051
68 516.209 723.847 5 5.25276 -66.3843 160.299
69 515.935 724.265 5 5.39833 -63.1828 -174.201
70 515.662 724.684 5 5.58503 -60.9523 -100.009
71 517.994 722.026 5 5.71646 -47.5661 -62.296
72 517.72 722.445 5 5.6328 -52.3289 107.83
73 517.447 722.864 5 5.59276 -57.7506 93.345
74 517.174 723.282 5 5.59728 -57.8835 -7.43077
75 516.901 723.701 5 5.64625 -66.4177 161.116
76 516.627 724.12 5 5.73852 -74.0302 -87.378
77 516.354 724.539 5 5.87207 -66.8085 7.06676
78 516.081 724.957 5 6.04415 -67.521 -6.6572
