1 514.644 719.84 5 5.19204 -100.839 165.422
2 514.371 720.259 5 4.89922 -87.2238 -34.2147
3 514.097 720.678 5 4.64192 -87.4545 162.484
4 513.824 721.096 5 4.42634 -88.8692 20.6364
5 513.551 721.515 5 4.25882 -81.9712 49.2823
6 513.278 721.934 5 4.14519 -69.2985 -137.227
7 513.004 722.353 5 4.08995 -71.0548 77.6347
8 512.731 722.771 5 4.09546 -73.5961 -68.6222
9 512.458 723.19 5 4.16147 -96.0753 -19.854
10 512.185 723.609 5 4.2852 -85.9325 -142.108
11 515.063 720.113 5 5.59393 -90.3302 91.2322
12 514.789 720.532 5 5.32327 -93.7501 96.53
13 514.516 720.951 5 5.08746 -97.9069 -140.777
14 514.243 721.37 5 4.89155 -92.5357 78.0933
15 513.97 721.788 5 4.7405 -94.0409 1.23045
16 513.696 722.207 5 4.63869 -79.1639 160.142
17 513.423 722.626 5 4.58939 -88.0349 -35.8012
18 513.15 723.045 5 4.5943 -81.0621 173.621
19 512.877 723.463 5 4.65324 -95.1807 -47.9142
20 512.603 723.882 5 4.76421 -95.0105 -99.999
21 515.481 720.387 5 6.01057 -87.4167 160.753
22 515.208 720.805 5 5.75951 -104.659 -63.0985
23 514.935 721.224 5 5.5423 -91.5598 99.6412
24 514.662 721.643 5 5.36303 -89.1355 114.345
25 514.388 722.062 5 5.22563 -83.2774 131.031
26 514.115 722.48 5 5.13344 -84.3409 -2.10723
27 513.842 722.899 5 5.08894 -87.3095 54.2071
28 513.568 723.318 5 5.09337 -89.0855 58.1886
29 513.295 723.737 5 5.1466 -93.3773 -124.304
30 513.022 724.155 5 5.24715 -94.3679 90.0094
31 515.9 720.66 5 6.43908 -86.694 71.6562
32 515.627 721.079 5 6.20538 -97.2236 75.1471
33 515.353 721.497 5 6.00432 -90.3404 40.9012
34 515.08 721.916 5 5.83926 -90.8848 89.3521
35 514.807 722.335 5 5.71332 -90.5203 -77.2852
36 514.534 722.754 5 5.62913 -88.6483 162.242
37 514.26 723.172 5 5.58857 -85.8707 174.222
38 513.987 723.591 5 5.5926 -90.6154 -166.099
39 516.319 720.933 5 6.87725 -91.5989 -158.719
40 516.045 721.352 5 6.65895 -90.9647 -171.191
41 515.772 721.771 5 6.47199 -97.8192 163.729
42 515.499 722.189 5 6.31916 -88.7766 138.179
43 515.226 722.608 5 6.20297 -85.5889 59.146
44 514.952 723.027 5 6.12551 -77.8518 -136.756
45 514.679 723.446 5 6.08826 -81.9569 -36.706
46 514.406 723.864 5 6.09196 -250 0
47 516.737 721.206 5 7.32334 -88.8252 -99.7219
48 516.464 721.625 5 7.11874 -91.3319 84.0332
49 516.191 722.044 5 6.94417 -91.4572 -142.886
50 515.918 722.463 5 6.80195 -96.2804 100.711
51 515.644 722.881 5 6.69415 -87.0339 -149.663
52 515.371 723.3 5 6.62244 -88.4431 -27.5894
53 515.098 723.719 5 6.588 -84.8411 36.7614
54 514.825 724.138 5 6.59142 -250 0
55 517.156 721.48 5 7.776 -94.8155 62.4033
56 516.883 721.898 5 7.58362 -83.7289 -60.1447
57 516.61 722.317 5 7.41999 -87.525 -128.662
58 516.336 722.736 5 7.28707 -97.6151 115.523
59 516.063 723.155 5 7.18655 -92.8694 95.8179
60 515.79 723.573 5 7.1198 -91.8455 105.082
61 515.517 723.992 5 7.08778 -85.7542 152.068
62 515.243 724.411 5 7.09096 -250 0
63 517.575 721.753 5 8.23413 -93.4635 66.2716
64 517.302 722.172 5 8.0527 -85.2472 -11.2661
65 517.028 722.59 5 7.8988 -85.2545 90.9313
66 516.755 723.009 5 7.77407 -93.5952 -33.5529
67 516.482 723.428 5 7.67993 -93.8983 -64.1005
68 516.209 723.847 5 7.6175 -85.8083 -12.0627
69 515.935 724.265 5 7.58758 -88.7115 44.0725
70 515.662 724.684 5 7.59055 -100.433 -77.8106
71 517.994 722.026 5 8.69688 -94.9712 -145.087
72 517.72 722.445 5 8.52531 -103.712 167.106
73 517.447 722.864 5 8.38009 -91.2831 59.0392
74 517.174 723.282 5 8.26263 -101.205 -87.5199
75 516.901 723.701 5 8.17411 -93.2853 136.707
76 516.627 724.12 5 8.11549 -99.1221 90.4989
77 516.354 724.539 5 8.08741 -89.2552 -128.038
78 516.081 724.957 5 8.0902 -90.7993 -147.178
