1 509.951 714.045 5 5 -48.3194 -66.5156
2 510.37 714.318 5 4.5 -47.8718 -62.397
3 510.79 714.59 5 4 -49.1324 -22.3989
4 511.209 714.862 5 3.5 -50.3494 19.3337
5 511.628 715.135 5 3 -43.3216 4.07994
6 512.048 715.407 5 2.5 -43.8294 7.80263
7 512.467 715.679 5 2 -41.5286 -9.59878
8 512.886 715.952 5 1.5 -36.8234 -65.3546
9 513.306 716.224 5 1 -40.4609 -21.7796
10 513.725 716.496 5 0.5 -31.2566 3.57429
11 514.144 716.769 5 0 -34.5692 -8.68364
12 514.564 717.041 5 0.5 -35.8162 -174.338
13 514.983 717.313 5 1 -44.7078 -117.536
14 509.679 714.465 5 5.02494 -43.5247 -104.642
15 510.098 714.737 5 4.52769 -43.8081 -135.77
16 510.517 715.009 5 4.03113 -58.5852 -110.082
17 510.937 715.282 5 3.53553 -44.9011 -95.4362
18 511.356 715.554 5 3.04138 -46.7683 -134.597
19 511.775 715.826 5 2.54951 -43.5439 -100.607
20 512.195 716.099 5 2.06155 -44.1442 144.394
21 512.614 716.371 5 1.58114 -45.4482 117.607
22 513.033 716.643 5 1.11803 -41.9833 10.9111
23 513.453 716.916 5 0.707107 -35.7511 118.297
24 513.872 717.188 5 0.5 -32.8078 -8.67143
25 514.291 717.46 5 0.707107 -38.7801 129.525
26 514.711 717.733 5 1.11803 -41.8921 18.3906
27 509.406 714.884 5 5.09902 -45.0616 106.022
28 509.826 715.156 5 4.60977 -46.3196 33.4243
29 510.245 715.429 5 4.12311 -48.6719 -1.63522
30 510.664 715.701 5 3.64006 -46.587 -59.3485
31 511.084 715.973 5 3.16228 -47.0662 -151.594
32 511.503 716.246 5 2.69258 -43.6169 177.962
33 511.922 716.518 5 2.23607 -46.6011 57.4553
34 512.342 716.79 5 1.80278 -40.8591 -162.672
35 512.761 717.063 5 1.41421 -44.0157 -157.017
36 513.18 717.335 5 1.11803 -41.3811 17.0749
37 513.6 717.607 5 1 -37.7589 -27.8005
38 514.019 717.88 5 1.11803 -42.6989 6.14487
39 514.438 718.152 5 1.41421 -44.1498 -116.24
40 509.134 715.303 5 5.22015 -47.1981 96.0883
41 509.553 715.576 5 4.74342 -45.9736 21.0702
42 509.973 715.848 5 4.272 -58.0752 -68.8378
43 510.392 716.12 5 3.80789 -50.9387 -125.544
44 510.811 716.393 5 3.3541 -51.9903 -24.3464
45 511.231 716.665 5 2.91548 -47.9829 -113.757
46 511.65 716.937 5 2.5 -47.0834 28.8059
47 512.069 717.21 5 2.12132 -45.7583 -14.5675
48 512.489 717.482 5 1.80278 -41.1246 -158.373
49 512.908 717.754 5 1.58114 -44.1609 164.041
50 513.327 718.027 5 1.5 -43.765 -26.0098
51 513.747 718.299 5 1.58114 -47.3283 129.711
52 514.166 718.571 5 1.80278 -52.4632 168.934
53 508.862 715.723 5 5.38516 -55.017 -148.243
54 509.281 715.995 5 4.92443 -53.8927 -56.9052
55 509.7 716.267 5 4.47214 -48.7142 55.4441
56 510.12 716.54 5 4.03113 -57.4086 -28.6031
57 510.539 716.812 5 3.60555 -50.675 56.8695
58 510.958 717.084 5 3.20156 -46.6252 150.125
59 511.378 717.357 5 2.82843 -42.4503 147.7
60 511.797 717.629 5 2.5 -48.4391 32.1695
61 512.216 717.901 5 2.23607 -52.0031 -22.6181
62 512.636 718.174 5 2.06155 -41.6254 -138.074
63 513.055 718.446 5 2 -43.1994 -28.9187
64 513.474 718.718 5 2.06155 -46.8241 -177.258
65 513.894 718.991 5 2.23607 -45.4237 17.4955
66 508.589 716.142 5 5.59017 -49.3687 115.607
67 509.009 716.414 5 5.14782 -52.0586 -129.196
68 509.428 716.687 5 4.71699 -49.9127 166.584
69 509.847 716.959 5 4.30116 -51.5641 154.019
70 510.267 717.231 5 3.90512 -51.4508 -95.4889
71 510.686 717.504 5 3.53553 -51.3971 -97.8858
72 511.105 717.776 5 3.20156 -51.9645 161.584
73 511.525 718.048 5 2.91548 -46.1901 -128.788
74 511.944 718.321 5 2.69258 -45.9766 165.074
75 512.363 718.593 5 2.54951 -46.754 -122.495
76 512.783 718.865 5 2.5 -46.6348 -30.0087
77 513.202 719.138 5 2.54951 -47.648 -112.123
78 513.621 719.41 5 2.69258 -44.5051 131.16
79 510.414 717.923 5 3.90512 -50.6394 -94.9143
80 510.833 718.195 5 3.60555 -46.4836 100.666
81 511.672 718.74 5 3.16228 -55.8551 -52.8294
82 512.091 719.012 5 3.04138 -46.2622 -105.583
83 512.51 719.285 5 3 -46.829 -61.9557
84 512.93 719.557 5 3.04138 -44.3764 -125.232
85 513.349 719.829 5 3.16228 -54.4912 10.7448
86 510.141 718.342 5 4.30116 -56.7363 103.061
87 510.561 718.615 5 4.03113 -51.0463 -101.372
88 511.399 719.159 5 3.64005 -46.4559 15.5426
89 511.819 719.432 5 3.53553 -43.6851 -106.133
90 512.238 719.704 5 3.5 -47.4454 -47.5943
91 512.657 719.976 5 3.53553 -45.5405 -129.811
92 513.077 720.249 5 3.64005 -57.8324 -114.346
93 509.869 718.762 5 4.71699 -47.1752 114.448
94 510.288 719.034 5 4.47214 -54.6917 -69.8816
95 511.127 719.579 5 4.12311 -45.9916 -22.6675
96 511.546 719.851 5 4.03113 -52.8427 66.8783
97 511.966 720.123 5 4 -48.0257 -84.4022
98 512.385 720.396 5 4.03113 -49.6679 -96.2373
99 512.804 720.668 5 4.12311 -47.0635 -55.2676
100 509.597 719.181 5 5.14782 -44.227 -42.3966
101 510.016 719.453 5 4.92443 -58.7376 166.202
102 509.324 719.6 5 5.59017 -54.9888 110.946
103 509.744 719.873 5 5.38517 -59.5601 166.639
104 509.052 720.02 5 6.04152 -56.3778 26.291
105 509.471 720.292 5 5.85235 -52.6155 27.0533
