1 514.644 719.84 5 7.09835 -65.8824 85.3445
2 514.371 720.259 5 7.13618 -65.3246 -144.248
3 514.097 720.678 5 7.20857 -56.9109 -41.316
4 513.824 721.096 5 7.31451 -65.4275 66.3698
5 513.551 721.515 5 7.45255 -63.1041 71.2075
6 513.278 721.934 5 7.62096 -81.7861 35.2222
7 513.004 722.353 5 7.81776 -77.9113 5.08034
8 512.731 722.771 5 8.04089 -81.9239 18.2137
9 512.458 723.19 5 8.28821 -86.8787 174.489
10 512.185 723.609 5 8.55762 -85.8429 -108.486
11 515.063 720.113 5 7.59796 -59.4983 68.6894
12 514.789 720.532 5 7.63332 -61.2934 -86.267
13 514.516 720.951 5 7.70104 -60.1455 29.6945
14 514.243 721.37 5 7.80029 -56.6301 87.4564
15 513.97 721.788 5 7.92988 -82.0607 146.834
16 513.696 722.207 5 8.08835 -84.6648 -33.5147
17 513.423 722.626 5 8.27405 -75.4287 -172.416
18 513.15 723.045 5 8.48519 -81.022 139.594
19 512.877 723.463 5 8.71991 -79.7128 22.282
20 512.603 723.882 5 8.97638 -85.9272 154.969
21 515.481 720.387 5 8.09762 -69.2086 77.7595
22 515.208 720.805 5 8.13081 -55.2061 -148.888
23 514.935 721.224 5 8.19442 -58.5165 46.217
24 514.662 721.643 5 8.28776 -63.3248 166.282
25 514.388 722.062 5 8.40984 -62.1174 -138.994
26 514.115 722.48 5 8.55944 -72.2109 -28.4896
27 513.842 722.899 5 8.73513 -69.2815 26.6989
28 513.568 723.318 5 8.93537 -82.3824 -119.537
29 513.295 723.737 5 9.15857 -103.936 -128.762
30 513.022 724.155 5 9.40308 -98.9355 -116.686
31 515.9 720.66 5 8.59733 -72.2569 -171.795
32 515.627 721.079 5 8.62859 -61.0818 -113.641
33 515.353 721.497 5 8.68855 -61.1288 45.416
34 515.08 721.916 5 8.77664 -63.2618 -161.61
35 514.807 722.335 5 8.89202 -67.6487 137.02
36 514.534 722.754 5 9.03363 -63.3835 -9.69669
37 514.26 723.172 5 9.20027 -72.9482 156.716
38 513.987 723.591 5 9.3906 -80.6942 -112.578
39 516.319 720.933 5 9.09706 -57.6355 130.992
40 516.045 721.352 5 9.12661 -64.6647 56.2757
41 515.772 721.771 5 9.18333 -57.4207 61.514
42 515.499 722.189 5 9.26671 -65.2933 -133.519
43 515.226 722.608 5 9.37606 -88.4536 -18.983
44 514.952 723.027 5 9.51046 -73.8692 -28.0319
45 514.679 723.446 5 9.66889 -65.0806 119.508
46 514.406 723.864 5 9.85017 -115.47 134.042
47 516.737 721.206 5 9.59682 -61.0398 144.452
48 516.464 721.625 5 9.62484 -59.5302 -58.6647
49 516.191 722.044 5 9.67863 -60.6586 83.4674
50 515.918 722.463 5 9.75779 -70.3856 -78.0301
51 515.644 722.881 5 9.86169 -64.0934 -178.524
52 515.371 723.3 5 9.98956 -71.4525 124.628
53 515.098 723.719 5 10.1405 -73.3011 94.4908
54 514.825 724.138 5 10.3135 -116.935 -169.116
55 517.156 721.48 5 10.0966 -60.5117 179.89
56 516.883 721.898 5 10.1232 -68.5964 175.375
57 516.61 722.317 5 10.1744 -59.0436 100.765
58 516.336 722.736 5 10.2497 -60.4415 -77.3269
59 516.063 723.155 5 10.3487 -61.5305 -116.134
60 515.79 723.573 5 10.4706 -79.9428 -103.895
61 515.517 723.992 5 10.6147 -72.6188 -99.9629
62 515.243 724.411 5 10.7801 -142.18 -37.4338
63 517.575 721.753 5 10.5964 -63.1108 -129.815
64 517.302 722.172 5 10.6218 -65.3121 -171.367
65 517.028 722.59 5 10.6706 -67.2584 15.5967
66 516.755 723.009 5 10.7424 -60.9494 -74.2372
67 516.482 723.428 5 10.8369 -66.0359 81.1721
68 516.209 723.847 5 10.9534 -75.3112 -81.1362
69 515.935 724.265 5 11.0912 -79.9665 154.687
70 515.662 724.684 5 11.2496 -82.1914 39.0543
71 517.994 722.026 5 11.0962 -68.5841 177.894
72 517.72 722.445 5 11.1205 -65.6986 -112.783
73 517.447 722.864 5 11.1671 -65.9603 126.852
74 517.174 723.282 5 11.2357 -60.1611 -85.6429
75 516.901 723.701 5 11.3261 -58.2545 108.026
76 516.627 724.12 5 11.4376 -68.0476 79.2619
77 516.354 724.539 5 11.5697 -86.7944 -160.04
78 516.081 724.957 5 11.7216 -85.8772 151.45
