1 509.951 714.045 5 4.60977 -47.9038 -4.71344
2 510.37 714.318 5 4.12311 -52.6011 -5.201
3 510.79 714.59 5 3.64006 -47.7847 -29.883
4 511.209 714.862 5 3.16228 -47.7291 -165.468
5 511.628 715.135 5 2.69258 -45.0275 155.987
6 512.048 715.407 5 2.23607 -47.6147 56.8221
7 512.467 715.679 5 1.80278 -41.1006 -177.641
8 512.886 715.952 5 1.41421 -45.5246 -160.965
9 513.306 716.224 5 1.11803 -48.9801 26.1615
10 513.725 716.496 5 1 -37.9881 -8.44474
11 514.144 716.769 5 1.11803 -42.8126 24.3948
12 514.564 717.041 5 1.41421 -47.0442 74.0057
13 514.983 717.313 5 1.80278 -49.0633 5.6583
14 509.679 714.465 5 4.52769 -52.1913 -75.4431
15 510.098 714.737 5 4.03113 -47.4712 -141.59
16 510.517 715.009 5 3.53553 -43.7002 -100.937
17 510.937 715.282 5 3.04138 -46.6158 -109.968
18 511.356 715.554 5 2.54951 -46.0593 -145.497
19 511.775 715.826 5 2.06155 -51.2438 178.503
20 512.195 716.099 5 1.58114 -44.1761 94.1481
21 512.614 716.371 5 1.11803 -42.3447 53.8914
22 513.033 716.643 5 0.707107 -35.7342 134.007
23 513.453 716.916 5 0.5 -32.4364 -2.58207
24 513.872 717.188 5 0.707107 -37.0793 126.3
25 514.291 717.46 5 1.11803 -40.0847 23.213
26 514.711 717.733 5 1.58114 -53.9747 132.965
27 509.406 714.884 5 4.5 -46.9936 -35.1625
28 509.826 715.156 5 4 -44.8466 3.29483
29 510.245 715.429 5 3.5 -46.1461 4.26776
30 510.664 715.701 5 3 -48.4863 -3.96707
31 511.084 715.973 5 2.5 -50.0497 0.697687
32 511.503 716.246 5 2 -46.2099 -15.5938
33 511.922 716.518 5 1.5 -43.7946 11.6757
34 512.342 716.79 5 1 -38.6749 -5.40988
35 512.761 717.063 5 0.5 -35.8483 1.73364
36 513.18 717.335 5 0 -53.228 83.5876
37 513.6 717.607 5 0.5 -35.6401 -13.6962
38 514.019 717.88 5 1 -38.0383 -2.68359
39 514.438 718.152 5 1.5 -42.3076 0.283211
40 509.134 715.303 5 4.52769 -49.2377 -153.675
41 509.553 715.576 5 4.03113 -47.6339 -148.461
42 509.973 715.848 5 3.53553 -59.9231 -103.302
43 510.392 716.12 5 3.04138 -51.0423 -77.2497
44 510.811 716.393 5 2.54951 -57.7161 -108.201
45 511.231 716.665 5 2.06155 -52.2132 -152.505
46 511.65 716.937 5 1.58114 -44.9323 115.615
47 512.069 717.21 5 1.11803 -39.0653 7.49033
48 512.489 717.482 5 0.707107 -35.7138 135.315
49 512.908 717.754 5 0.5 -32.8253 0.900474
50 513.327 718.027 5 0.707107 -36.342 129.363
51 513.747 718.299 5 1.11803 -38.2502 4.51758
52 514.166 718.571 5 1.58114 -42.8821 132.964
53 508.862 715.723 5 4.60977 -53.5731 -32.2797
54 509.281 715.995 5 4.12311 -48.7201 -10.3667
55 509.7 716.267 5 3.64006 -48.6307 -30.365
56 510.12 716.54 5 3.16228 -43.496 -108.16
57 510.539 716.812 5 2.69258 -47.1178 146.602
58 510.958 717.084 5 2.23607 -44.1328 41.1622
59 511.378 717.357 5 1.80278 -42.7615 -141.685
60 511.797 717.629 5 1.41421 -43.0726 -103.724
61 512.216 717.901 5 1.11803 -43.3008 21.523
62 512.636 718.174 5 1 -36.9263 -7.56032
63 513.055 718.446 5 1.11803 -41.8082 3.38026
64 513.474 718.718 5 1.41421 -44.4567 -99.5956
65 513.894 718.991 5 1.80278 -42.8176 -136.645
66 508.589 716.142 5 4.74342 -52.0617 51.2533
67 509.009 716.414 5 4.272 -53.8973 -76.0521
68 509.428 716.687 5 3.80789 -53.9479 176.954
69 509.847 716.959 5 3.3541 -47.1338 31.1868
70 510.267 717.231 5 2.91548 -48.643 -106.864
71 510.686 717.504 5 2.5 -48.1332 -1.94176
72 511.105 717.776 5 2.12132 -48.0325 5.36808
73 511.525 718.048 5 1.80278 -46.0072 -142.229
74 511.944 718.321 5 1.58114 -43.462 134.993
75 512.363 718.593 5 1.5 -39.9259 -5.49514
76 512.783 718.865 5 1.58114 -51.4506 133.331
77 513.202 719.138 5 1.80278 -47.1184 -169.115
78 513.621 719.41 5 2.12132 -45.4941 20.4175
79 510.414 717.923 5 2.82843 -52.0426 150.164
80 510.833 718.195 5 2.5 -45.3126 38.8554
81 511.672 718.74 5 2.06155 -51.0799 174.802
82 512.091 719.012 5 2 -39.9374 -14.0334
83 512.51 719.285 5 2.06155 -42.8369 -170.88
84 512.93 719.557 5 2.23607 -47.2933 31.2088
85 513.349 719.829 5 2.5 -47.1939 8.90926
86 510.141 718.342 5 3.20156 -54.1693 26.9834
87 510.561 718.615 5 2.91548 -53.7301 -85.547
88 511.399 719.159 5 2.54951 -51.3969 177.72
89 511.819 719.432 5 2.5 -43.2774 -10.8592
90 512.238 719.704 5 2.54951 -49.773 -145.047
91 512.657 719.976 5 2.69258 -46.2267 131.059
92 513.077 720.249 5 2.91548 -44.5334 -153.692
93 509.869 718.762 5 3.60555 -47.4898 53.7167
94 510.288 719.034 5 3.3541 -69.2837 17.5058
95 511.127 719.579 5 3.04138 -48.5257 -128.237
96 511.546 719.851 5 3 -59.8001 145.564
97 511.966 720.123 5 3.04138 -46.7098 -133.015
98 512.385 720.396 5 3.16228 -56.9805 146.678
99 512.804 720.668 5 3.3541 -60.8056 162.553
100 509.597 719.181 5 4.03113 -53.8045 -108.992
101 510.016 719.453 5 3.80789 -53.7104 58.3011
102 509.324 719.6 5 4.47214 -53.875 165.224
103 509.744 719.873 5 4.272 -50.3319 37.6161
104 509.052 720.02 5 4.92443 -53.5593 -86.4018
105 509.471 720.292 5 4.74342 -55.7231 19.5731
