1 509.951 714.045 5 1.11803 -40.9825 13.2406
2 510.37 714.318 5 1 -37.413 -1.52182
3 510.79 714.59 5 1.11803 -43.4698 14.8621
4 511.209 714.862 5 1.41421 -46.3304 -156.228
5 511.628 715.135 5 1.80278 -41.9158 -156.419
6 512.048 715.407 5 2.23607 -43.3742 65.6128
7 512.467 715.679 5 2.69258 -41.7514 139.949
8 512.886 715.952 5 3.16228 -45.414 -135.177
9 513.306 716.224 5 3.64006 -45.7107 -42.7214
10 513.725 716.496 5 4.12311 -52.5425 -131.202
11 514.144 716.769 5 4.60977 -46.8928 43.5071
12 514.564 717.041 5 5.09902 -49.4974 -121.7
13 514.983 717.313 5 5.59017 -47.3543 14.7786
14 509.679 714.465 5 0.707107 -36.9113 123.947
15 510.098 714.737 5 0.5 -33.956 2.50037
16 510.517 715.009 5 0.707107 -37.5125 135.248
17 510.937 715.282 5 1.11803 -46.7345 8.37579
18 511.356 715.554 5 1.58114 -46.4005 99.0454
19 511.775 715.826 5 2.06155 -54.174 163.022
20 512.195 716.099 5 2.54951 -48.0228 -102.329
21 512.614 716.371 5 3.04138 -42.0899 -98.3364
22 513.033 716.643 5 3.53553 -45.7654 -128.098
23 513.453 716.916 5 4.03113 -48.7415 -105.316
24 513.872 717.188 5 4.52769 -51.6536 -28.1851
25 514.291 717.46 5 5.02494 -50.4896 -147.603
26 514.711 717.733 5 5.52268 -52.9343 -45.7394
27 509.406 714.884 5 0.5 -33.9052 -4.90368
28 509.826 715.156 5 0 -50.0829 37.4622
29 510.245 715.429 5 0.5 -33.3937 -4.73377
30 510.664 715.701 5 1 -39.7759 -3.07322
31 511.084 715.973 5 1.5 -41.1827 11.0037
32 511.503 716.246 5 2 -45.2337 11.213
33 511.922 716.518 5 2.5 -55.482 -1.21708
34 512.342 716.79 5 3 -46.5978 -4.77947
35 512.761 717.063 5 3.5 -46.6048 -0.955826
36 513.18 717.335 5 4 -44.7131 6.54359
37 513.6 717.607 5 4.5 -45.9731 -12.0276
38 514.019 717.88 5 5 -55.0543 -104.865
39 514.438 718.152 5 5.5 -50.297 22.3351
40 509.134 715.303 5 0.707107 -37.0828 120.064
41 509.553 715.576 5 0.5 -34.8305 4.79108
42 509.973 715.848 5 0.707107 -38.6396 111.173
43 510.392 716.12 5 1.11803 -39.1526 12.8611
44 510.811 716.393 5 1.58114 -47.0742 167.176
45 511.231 716.665 5 2.06155 -48.9677 -95.2825
46 511.65 716.937 5 2.54951 -48.629 -111.615
47 512.069 717.21 5 3.04138 -50.7846 -100.145
48 512.489 717.482 5 3.53553 -53.6647 -98.5633
49 512.908 717.754 5 4.03113 -48.4235 -151.13
50 513.327 718.027 5 4.52769 -50.4967 -128.163
51 513.747 718.299 5 5.02494 -59.9541 149.899
52 514.166 718.571 5 5.52268 -48.2566 -0.41687
53 508.862 715.723 5 1.11803 -37.8583 14.547
54 509.281 715.995 5 1 -37.8716 3.98443
55 509.7 716.267 5 1.11803 -40.2204 5.09754
56 510.12 716.54 5 1.41421 -42.6339 -100.394
57 510.539 716.812 5 1.80278 -46.591 -168.305
58 510.958 717.084 5 2.23607 -44.6867 60.1169
59 511.378 717.357 5 2.69258 -52.8557 157.208
60 511.797 717.629 5 3.16228 -49.2697 -75.2852
61 512.216 717.901 5 3.64006 -51.5948 -56.3449
62 512.636 718.174 5 4.12311 -46.642 -58.188
63 513.055 718.446 5 4.60977 -50.5774 -22.4394
64 513.474 718.718 5 5.09902 -48.1103 -17.7351
65 513.894 718.991 5 5.59017 -57.392 -86.7059
66 508.589 716.142 5 1.58114 -45.6382 133.699
67 509.009 716.414 5 1.5 -41.1502 2.79168
68 509.428 716.687 5 1.58114 -50.764 123.673
69 509.847 716.959 5 1.80278 -42.9551 -146.373
70 510.267 717.231 5 2.12132 -45.1344 -11.6937
71 510.686 717.504 5 2.5 -55.2697 -59.2785
72 511.105 717.776 5 2.91548 -51.0802 -86.4975
73 511.525 718.048 5 3.3541 -45.9519 41.5852
74 511.944 718.321 5 3.80789 -49.7122 165.532
75 512.363 718.593 5 4.272 -53.0894 -24.7105
76 512.783 718.865 5 4.74342 -51.5964 13.9486
77 513.202 719.138 5 5.22015 -48.2094 45.4151
78 513.621 719.41 5 5.70088 -48.8559 97.6729
79 510.414 717.923 5 2.82843 -49.9872 158.675
80 510.833 718.195 5 3.20156 -45.5337 141.495
81 511.672 718.74 5 4.03113 -50.6433 -98.9239
82 512.091 719.012 5 4.47214 -52.1355 73.7762
83 512.51 719.285 5 4.92443 -54.3483 -114.353
84 512.93 719.557 5 5.38516 -52.0175 -1.02141
85 513.349 719.829 5 5.85235 -68.2833 62.3517
86 510.141 718.342 5 3.20156 -57.2937 -39.199
87 510.561 718.615 5 3.53553 -49.6736 -93.3287
88 511.399 719.159 5 4.30116 -49.9479 84.366
89 511.819 719.432 5 4.71699 -58.0702 14.8935
90 512.238 719.704 5 5.14782 -51.3286 -28.2882
91 512.657 719.976 5 5.59017 -52.6734 160.176
92 513.077 720.249 5 6.04152 -46.3312 -135.628
93 509.869 718.762 5 3.60555 -57.7272 107.673
94 510.288 719.034 5 3.90512 -62.2538 38.1786
95 511.127 719.579 5 4.60977 -51.9703 -112.528
96 511.546 719.851 5 5 -52.9122 157.444
97 511.966 720.123 5 5.40833 -61.7683 137.347
98 512.385 720.396 5 5.83095 -58.3641 -141.199
99 512.804 720.668 5 6.26498 -49.9629 -157.997
100 509.597 719.181 5 4.03113 -62.5851 -11.1151
101 510.016 719.453 5 4.30116 -56.7594 111.153
102 509.324 719.6 5 4.47214 -59.1963 -7.78037
103 509.744 719.873 5 4.71699 -53.8789 -163.259
104 509.052 720.02 5 4.92443 -57.0026 69.2332
105 509.471 720.292 5 5.14782 -61.5911 -16.3134
