1 505.473 717.831 5 7.17103 -75.6939 72.405
2 505.747 717.412 5 6.93116 -89.0897 156.608
3 506.02 716.994 5 6.72 -70.7732 12.1819
4 506.294 716.575 5 6.54032 -70.3586 20.4765
5 506.567 716.157 5 6.39478 -79.2688 23.0075
6 505.891 718.104 5 6.74469 -70.6955 93.8409
7 506.165 717.686 5 6.48908 -80.7812 67.3753
8 506.439 717.267 5 6.26303 -87.527 84.4647
9 506.712 716.849 5 6.06984 -77.5841 -123.523
10 506.986 716.43 5 5.91272 -72.8629 59.3254
11 506.31 718.378 5 6.32913 -67.7633 97.3987
12 506.584 717.96 5 6.05602 -85.8117 162.941
13 506.857 717.541 5 5.81315 -74.3219 52.2968
14 507.131 717.123 5 5.60447 -74.791 -91.8627
15 507.404 716.704 5 5.43392 -70.5336 -22.7648
16 506.728 718.652 5 5.92664 -67.3311 101.176
17 507.002 718.233 5 5.63405 -69.9375 -134.809
18 507.276 717.815 5 5.37214 -65.4749 112.88
19 507.549 717.396 5 5.1456 -68.9585 -153.453
20 507.823 716.978 5 4.95929 -77.4377 161.405
21 507.147 718.925 5 5.54006 -72.028 74.1283
22 507.421 718.507 5 5.22586 -79.079 -129.55
23 507.694 718.088 5 4.94237 -63.6373 63.8628
24 507.968 717.67 5 4.69514 -67.1383 -82.095
25 508.241 717.251 5 4.49018 -69.9346 -54.3711
26 507.565 719.199 5 5.17295 -72.4867 -166.515
27 507.839 718.78 5 4.83495 -75.1372 -10.7882
28 508.113 718.362 5 4.52704 -69.2593 1.98456
29 508.386 717.943 5 4.25576 -82.0697 17.0179
30 508.66 717.525 5 4.02851 -72.6506 19.9062
31 507.984 719.472 5 4.82975 -75.6755 130.22
32 508.258 719.054 5 4.46586 -80.3647 79.9378
33 508.531 718.635 5 4.13053 -73.4326 -118.617
34 508.805 718.217 5 3.83127 -82.7209 -98.2444
35 509.078 717.798 5 3.57715 -68.9755 -6.48835
36 508.402 719.746 5 4.51594 -80.6006 17.7279
37 508.676 719.328 5 4.12445 -85.5538 98.2095
38 508.95 718.909 5 3.75878 -71.3983 56.359
39 509.223 718.491 5 3.42721 -65.7408 36.7134
40 509.497 718.072 5 3.14057 -67.5112 148.278
