1 509.951 714.045 5 6.0208 -48.4844 -47.6783
2 510.37 714.318 5 5.52268 -48.094 -88.0458
3 510.79 714.59 5 5.02494 -49.0328 -133.971
4 511.209 714.862 5 4.52769 -51.5063 -99.4122
5 511.628 715.135 5 4.03113 -55.3992 -28.1222
6 512.048 715.407 5 3.53553 -50.8488 -75.7129
7 512.467 715.679 5 3.04138 -57.4061 -130.956
8 512.886 715.952 5 2.54951 -44.6251 -108.144
9 513.306 716.224 5 2.06155 -48.3893 -172.36
10 513.725 716.496 5 1.58114 -50.8967 111.429
11 514.144 716.769 5 1.11803 -42.4658 17.5392
12 514.564 717.041 5 0.707107 -37.0209 -64.819
13 514.983 717.313 5 0.5 -37.6428 -164.022
14 509.679 714.465 5 6 -52.3546 -42.3575
15 510.098 714.737 5 5.5 -59.8168 23.1215
16 510.517 715.009 5 5 -50.52 46.8988
17 510.937 715.282 5 4.5 -49.3592 -74.6332
18 511.356 715.554 5 4 -56.3223 -71.8098
19 511.775 715.826 5 3.5 -45.3688 -26.394
20 512.195 716.099 5 3 -48.7176 19.725
21 512.614 716.371 5 2.5 -50.9821 -0.172232
22 513.033 716.643 5 2 -47.0068 3.95932
23 513.453 716.916 5 1.5 -44.3557 -21.5833
24 513.872 717.188 5 1 -42.145 23.6413
25 514.291 717.46 5 0.5 -34.1205 11.0084
26 514.711 717.733 5 0 -39.7721 128.43
27 509.406 714.884 5 6.0208 -54.3919 -163.09
28 509.826 715.156 5 5.52268 -52.2631 -60.5493
29 510.245 715.429 5 5.02494 -51.7753 -166.068
30 510.664 715.701 5 4.52769 -58.2475 -35.6939
31 511.084 715.973 5 4.03113 -46.0949 -119.213
32 511.503 716.246 5 3.53553 -49.9355 -144.259
33 511.922 716.518 5 3.04138 -52.9732 -179.053
34 512.342 716.79 5 2.54951 -54.3451 -125.962
35 512.761 717.063 5 2.06155 -47.9117 -165.175
36 513.18 717.335 5 1.58114 -49.1497 -178.277
37 513.6 717.607 5 1.11803 -40.0208 15.4585
38 514.019 717.88 5 0.707107 -37.4338 134.393
39 514.438 718.152 5 0.5 -35.9516 23.4218
40 509.134 715.303 5 6.08276 -52.9506 120.165
41 509.553 715.576 5 5.59017 -48.2369 55.1636
42 509.973 715.848 5 5.09902 -56.837 100.193
43 510.392 716.12 5 4.60977 -59.472 23.5076
44 510.811 716.393 5 4.12311 -50.9311 28.7876
45 511.231 716.665 5 3.64006 -56.6114 -21.5847
46 511.65 716.937 5 3.16228 -51.2564 -135.232
47 512.069 717.21 5 2.69258 -53.3547 150.268
48 512.489 717.482 5 2.23607 -41.5818 17.5131
49 512.908 717.754 5 1.80278 -44.5463 -126.984
50 513.327 718.027 5 1.41421 -43.3713 -124.476
51 513.747 718.299 5 1.11803 -39.4613 1.84811
52 514.166 718.571 5 1 -40.9297 18.2971
53 508.862 715.723 5 6.18466 -51.3163 -166.671
54 509.281 715.995 5 5.70088 -59.2814 139.004
55 509.7 716.267 5 5.22015 -54.7414 66.2658
56 510.12 716.54 5 4.74342 -49.2402 14.2278
57 510.539 716.812 5 4.272 -58.5565 -46.6652
58 510.958 717.084 5 3.80789 -50.2388 168.106
59 511.378 717.357 5 3.3541 -46.7335 56.9682
60 511.797 717.629 5 2.91548 -53.769 -129.133
61 512.216 717.901 5 2.5 -47.8283 16.7808
62 512.636 718.174 5 2.12132 -47.8971 14.3251
63 513.055 718.446 5 1.80278 -47.1069 -140.593
64 513.474 718.718 5 1.58114 -48.7526 90.7172
65 513.894 718.991 5 1.5 -45.1396 39.4506
66 508.589 716.142 5 6.32456 -53.7602 165.345
67 509.009 716.414 5 5.85235 -63.2485 -47.5031
68 509.428 716.687 5 5.38516 -55.7106 -5.51379
69 509.847 716.959 5 4.92443 -48.4071 -153.067
70 510.267 717.231 5 4.47214 -50.0252 87.1146
71 510.686 717.504 5 4.03113 -44.5395 -98.4059
72 511.105 717.776 5 3.60555 -57.0576 33.0326
73 511.525 718.048 5 3.20156 -47.0721 157.042
74 511.944 718.321 5 2.82843 -45.67 128.43
75 512.363 718.593 5 2.5 -49.2946 7.5333
76 512.783 718.865 5 2.23607 -43.8447 18.3363
77 513.202 719.138 5 2.06155 -57.1324 169.819
78 513.621 719.41 5 2 -51.5753 7.4583
79 510.414 717.923 5 4.30116 -56.2195 -167.593
80 510.833 718.195 5 3.90512 -49.1531 -121.207
81 511.672 718.74 5 3.20156 -65.7393 174.083
82 512.091 719.012 5 2.91548 -49.4664 -94.2003
83 512.51 719.285 5 2.69258 -51.0297 112.076
84 512.93 719.557 5 2.54951 -60.3421 -19.4862
85 513.349 719.829 5 2.5 -44.1724 34.9439
86 510.141 718.342 5 4.60977 -52.9453 38.105
87 510.561 718.615 5 4.24264 -52.1906 -91.4046
88 511.399 719.159 5 3.60555 -46.5948 95.0359
89 511.819 719.432 5 3.3541 -47.7353 17.203
90 512.238 719.704 5 3.16228 -54.3636 -95.5484
91 512.657 719.976 5 3.04138 -57.8254 -69.8426
92 513.077 720.249 5 3 -57.0203 129.616
93 509.869 718.762 5 4.94975 -68.3444 -33.4788
94 510.288 719.034 5 4.60977 -58.9916 -69.5056
95 511.127 719.579 5 4.03113 -58.7488 -125.987
96 511.546 719.851 5 3.80789 -47.0222 66.232
97 511.966 720.123 5 3.64006 -56.8047 37.0765
98 512.385 720.396 5 3.53553 -63.8504 -52.5779
99 512.804 720.668 5 3.5 -47.0736 -113.583
100 509.597 719.181 5 5.31507 -55.7337 -40.4971
101 510.016 719.453 5 5 -60.535 -41.5096
102 509.324 719.6 5 5.70088 -71.2357 67.1811
103 509.744 719.873 5 5.40833 -58.1827 57.8166
104 509.052 720.02 5 6.10328 -64.3687 -36.0966
105 509.471 720.292 5 5.83095 -60.2494 -7.58762
