1 505.473 717.831 5 7.18607 -73.7426 -36.1339
2 505.747 717.412 5 7.01822 -83.1583 80.1565
3 506.02 716.994 5 6.88268 -76.5616 96.1525
4 506.294 716.575 5 6.78138 -77.2259 30.5404
5 506.567 716.157 5 6.71588 -59.3497 -35.1491
6 505.891 718.104 5 6.72337 -69.7986 117.075
7 506.165 717.686 5 6.54367 -83.1807 -141.68
8 506.439 717.267 5 6.39808 -75.6132 139.951
9 506.712 716.849 5 6.28898 -59.3633 174.643
10 506.986 716.43 5 6.21829 -61.2473 -58.0898
11 506.31 718.378 5 6.2664 -70.7788 157.898
12 506.584 717.96 5 6.07319 -71.0868 32.0902
13 506.857 717.541 5 5.91604 -62.6003 69.6531
14 507.131 717.123 5 5.79788 -62.9698 -127.767
15 507.404 716.704 5 5.72113 -61.2875 -69.1976
16 506.728 718.652 5 5.81652 -72.0511 132.322
17 507.002 718.233 5 5.60784 -68.7493 -51.3776
18 507.276 717.815 5 5.43725 -56.6787 81.6591
19 507.549 717.396 5 5.30844 -57.2147 -173.743
20 507.823 716.978 5 5.2245 -68.103 -3.89121
21 507.147 718.925 5 5.37551 -71.6486 132.754
22 507.421 718.507 5 5.14898 -54.6165 -42.1489
23 507.694 718.088 5 4.96264 -58.2363 62.8014
24 507.968 717.67 5 4.82117 -73.1004 -172.73
25 508.241 717.251 5 4.72859 -74.7106 56.2388
26 507.565 719.199 5 4.94573 -52.4195 173.59
27 507.839 718.78 5 4.69852 -57.5157 -63.17
28 508.113 718.362 5 4.49354 -68.9667 32.6979
29 508.386 717.943 5 4.3368 -73.9274 -121.552
30 508.66 717.525 5 4.23363 -69.8458 22.0872
31 507.984 719.472 5 4.53038 -56.0561 171.019
32 508.258 719.054 5 4.25913 -68.2985 -126.125
33 508.531 718.635 5 4.03188 -75.7302 -19.4834
34 508.805 718.217 5 3.85641 -84.0263 -136.239
35 509.078 717.798 5 3.74002 -73.7751 55.6262
36 508.402 719.746 5 4.13382 -48.1837 117.099
37 508.676 719.328 5 3.83462 -68.1867 -13.15
38 508.95 718.909 5 3.58053 -69.8708 101.423
39 509.223 718.491 5 3.38172 -65.9074 143.977
40 509.497 718.072 5 3.24837 -68.1414 -135.553
