1 514.644 719.84 5 4.93351 -70.8275 -27.3157
2 514.371 720.259 5 5.13648 -72.1367 150.433
3 514.097 720.678 5 5.37842 -50.8101 -159.495
4 513.824 721.096 5 5.65433 -52.2838 140.145
5 513.551 721.515 5 5.95948 -63.5713 -174.56
6 513.278 721.934 5 6.28962 -78.8196 -125.522
7 513.004 722.353 5 6.64103 -85.8814 135.661
8 512.731 722.771 5 7.01051 -73.0967 71.5772
9 512.458 723.19 5 7.39535 -84.1598 19.7871
10 512.185 723.609 5 7.79328 -68.7424 -0.197224
11 515.063 720.113 5 5.40234 -82.3463 -162.68
12 514.789 720.532 5 5.58831 -64.1193 124.002
13 514.516 720.951 5 5.81147 -56.0706 43.3315
14 514.243 721.37 5 6.06772 -52.2383 10.3654
15 513.97 721.788 5 6.35304 -69.926 -71.6899
16 513.696 722.207 5 6.66372 -75.097 43.1097
17 513.423 722.626 5 6.99636 -78.5825 103.221
18 513.15 723.045 5 7.34799 -74.1751 65.4088
19 512.877 723.463 5 7.71602 -85.5069 132.863
20 512.603 723.882 5 8.09821 -98.1638 -76.8265
21 515.481 720.387 5 5.87631 -57.8925 -151.714
22 515.208 720.805 5 6.04773 -59.1975 -150.626
23 514.935 721.224 5 6.25452 -65.6583 -142.457
24 514.662 721.643 5 6.4933 -52.2218 -118.946
25 514.388 722.062 5 6.76069 -53.4572 -147.139
26 514.115 722.48 5 7.05343 -77.6203 92.2256
27 513.842 722.899 5 7.3685 -68.3717 -64.4707
28 513.568 723.318 5 7.70317 -78.9347 -77.954
29 513.295 723.737 5 8.05498 -72.0453 137.781
30 513.022 724.155 5 8.4218 -88.3747 167.293
31 515.9 720.66 5 6.35428 -54.3659 23.0177
32 515.627 721.079 5 6.51313 -61.7334 17.5557
33 515.353 721.497 5 6.70558 -58.2095 -26.3236
34 515.08 721.916 5 6.92883 -56.8229 80.1225
35 514.807 722.335 5 7.18002 -50.8941 76.404
36 514.534 722.754 5 7.45632 -73.8009 -39.0857
37 514.26 723.172 5 7.75504 -71.4601 159.746
38 513.987 723.591 5 8.0737 -78.5423 153.492
39 516.319 720.933 5 6.8354 -55.2722 -108.215
40 516.045 721.352 5 6.98331 -58.8165 162.63
41 515.772 721.771 5 7.16314 -70.5824 -178.328
42 515.499 722.189 5 7.37255 -56.7744 127.082
43 515.226 722.608 5 7.60911 -55.8705 -72.5882
44 514.952 723.027 5 7.87035 -52.1374 -108.023
45 514.679 723.446 5 8.15392 -65.4044 -37.1893
46 514.406 723.864 5 8.45756 -108.666 -72.7296
47 516.737 721.206 5 7.31904 -62.6443 -45.6602
48 516.464 721.625 5 7.45737 -57.0796 42.1819
49 516.191 722.044 5 7.62603 -69.5557 33.018
50 515.918 722.463 5 7.82306 -64.3913 -133.837
51 515.644 722.881 5 8.04638 -58.34 147.317
52 515.371 723.3 5 8.29387 -55.4114 120.779
53 515.098 723.719 5 8.56342 -69.1207 27.7437
54 514.825 724.138 5 8.85303 -110.738 27.314
55 517.156 721.48 5 7.80475 -67.2211 -18.7861
56 516.883 721.898 5 7.93462 -64.7193 -178.171
57 516.61 722.317 5 8.09334 -63.3099 -104.02
58 516.336 722.736 5 8.27926 -75.3452 174.455
59 516.063 723.155 5 8.49059 -69.14 -12.6115
60 515.79 723.573 5 8.72548 -57.6117 -41.2884
61 515.517 723.992 5 8.98209 -56.3716 -41.1181
62 515.243 724.411 5 9.25861 -113.243 92.0189
63 517.575 721.753 5 8.29216 -75.7751 49.4641
64 517.302 722.172 5 8.41451 -64.6376 45.8501
65 517.028 722.59 5 8.56434 -63.3634 93.3977
66 516.755 723.009 5 8.74024 -63.3472 74.4267
67 516.482 723.428 5 8.94068 -65.8682 -24.4709
68 516.209 723.847 5 9.16405 -61.6851 113.315
69 515.935 724.265 5 9.40871 -54.9924 155.503
70 515.662 724.684 5 9.67304 -73.0394 141.474
71 517.994 722.026 5 8.78099 -85.249 57.4615
72 517.72 722.445 5 8.89661 -63.3001 72.392
73 517.447 722.864 5 9.03846 -63.2513 -47.6099
74 517.174 723.282 5 9.20531 -67.9685 -72.0388
75 516.901 723.701 5 9.39583 -67.0997 135.462
76 516.627 724.12 5 9.60862 -63.9799 144.996
77 516.354 724.539 5 9.84223 -66.5676 6.19912
78 516.081 724.957 5 10.0952 -57.7407 -41.6366
