1 505.473 717.831 5 7.64799 -68.0584 83.0403
2 505.747 717.412 5 7.28781 -70.4653 -0.67859
3 506.02 716.994 5 6.94497 -69.9012 -85.3565
4 506.294 716.575 5 6.62216 -70.8105 45.8692
5 506.567 716.157 5 6.32245 -70.816 -1.23746
6 505.891 718.104 5 7.31881 -63.6137 -45.4838
7 506.165 717.686 5 6.94157 -72.4085 -68.5204
8 506.439 717.267 5 6.58071 -63.7443 -92.8328
9 506.712 716.849 5 6.23909 -73.2884 -105.334
10 506.986 716.43 5 5.92002 -71.9339 -105.986
11 506.31 718.378 5 7.00986 -63.1629 138.743
12 506.584 717.96 5 6.61503 -59.1948 177.857
13 506.857 717.541 5 6.2353 -63.8704 -166.154
14 507.131 717.123 5 5.87362 -61.9692 136.7
15 507.404 716.704 5 5.53352 -75.458 -119.494
16 506.728 718.652 5 6.72394 -65.3564 -62.9335
17 507.002 718.233 5 6.31124 -61.3366 9.85494
18 507.276 717.815 5 5.91204 -61.2911 30.9995
19 507.549 717.396 5 5.52925 -61.753 65.0441
20 507.823 716.978 5 5.16652 -60.4732 -16.3601
21 507.147 718.925 5 6.4641 -73.7677 -108.113
22 507.421 718.507 5 6.03365 -70.9368 90.0592
23 507.694 718.088 5 5.61474 -64.488 -106.554
24 507.968 717.67 5 5.21016 -60.0404 -97.7843
25 508.241 717.251 5 4.8235 -61.63 -66.8839
26 507.565 719.199 5 6.2336 -76.0121 32.8921
27 507.839 718.78 5 5.78603 -79.052 49.6305
28 508.113 718.362 5 5.34776 -67.2099 8.67642
29 508.386 717.943 5 4.92127 -63.6193 109.468
30 508.66 717.525 5 4.50991 -60.383 130.148
31 507.984 719.472 5 6.0358 -65.7257 60.7968
32 508.258 719.054 5 5.57237 -73.4824 -139.991
33 508.531 718.635 5 5.11583 -69.7526 110.898
34 508.805 718.217 5 4.6682 -62.7955 -80.0124
35 509.078 717.798 5 4.23232 -63.9149 -104.798
36 508.402 719.746 5 5.87402 -64.6687 118.759
37 508.676 719.328 5 5.39671 -67.5507 -118.537
38 508.95 718.909 5 4.92391 -69.8278 -67.0207
39 509.223 718.491 5 4.45705 -63.3844 115.421
40 509.497 718.072 5 3.99821 -66.6529 174.922
