1 509.951 714.045 5 3.20156 -44.6261 163.43
2 510.37 714.318 5 2.82843 -42.2022 148.47
3 510.79 714.59 5 2.5 -45.5507 25.6121
4 511.209 714.862 5 2.23607 -50.7397 28.6101
5 511.628 715.135 5 2.06155 -47.8599 -144.567
6 512.048 715.407 5 2 -43.0684 -11.9929
7 512.467 715.679 5 2.06155 -42.4078 -175.961
8 512.886 715.952 5 2.23607 -49.3472 39.5443
9 513.306 716.224 5 2.5 -47.5398 32.6839
10 513.725 716.496 5 2.82843 -47.0513 154.814
11 514.144 716.769 5 3.20156 -46.0609 160.034
12 514.564 717.041 5 3.60555 -47.5455 -167.555
13 514.983 717.313 5 4.03113 -48.4206 44.5779
14 509.679 714.465 5 2.91548 -50.046 -88.3574
15 510.098 714.737 5 2.5 -43.456 -16.7552
16 510.517 715.009 5 2.12132 -49.8136 -17.8268
17 510.937 715.282 5 1.80278 -47.2269 -152.852
18 511.356 715.554 5 1.58114 -47.5437 115.681
19 511.775 715.826 5 1.5 -41.7367 -4.9066
20 512.195 716.099 5 1.58114 -43.5003 122.317
21 512.614 716.371 5 1.80278 -46.611 -134.569
22 513.033 716.643 5 2.12132 -46.034 -16.1925
23 513.453 716.916 5 2.5 -44.8094 -30.4529
24 513.872 717.188 5 2.91548 -54.2352 -146.946
25 514.291 717.46 5 3.3541 -46.647 44.1919
26 514.711 717.733 5 3.80789 -49.0747 159.531
27 509.406 714.884 5 2.69258 -48.5047 134.647
28 509.826 715.156 5 2.23607 -46.2009 69.8661
29 510.245 715.429 5 1.80278 -48.3998 -171.741
30 510.664 715.701 5 1.41421 -42.6128 -101.679
31 511.084 715.973 5 1.11803 -40.7093 9.22702
32 511.503 716.246 5 1 -39.1949 -4.62482
33 511.922 716.518 5 1.11803 -40.6065 11.6959
34 512.342 716.79 5 1.41421 -43.0395 -117.005
35 512.761 717.063 5 1.80278 -48.0317 -124.16
36 513.18 717.335 5 2.23607 -44.409 45.0787
37 513.6 717.607 5 2.69258 -43.3984 165.29
38 514.019 717.88 5 3.16228 -48.0824 -126.055
39 514.438 718.152 5 3.64006 -56.8248 -53.3764
40 509.134 715.303 5 2.54951 -47.5688 -95.7305
41 509.553 715.576 5 2.06155 -42.0607 -161.509
42 509.973 715.848 5 1.58114 -49.1335 76.2251
43 510.392 716.12 5 1.11803 -42.9683 1.7271
44 510.811 716.393 5 0.707107 -39.561 123.015
45 511.231 716.665 5 0.5 -34.5334 -5.56468
46 511.65 716.937 5 0.707107 -38.0981 121.491
47 512.069 717.21 5 1.11803 -38.7361 26.6692
48 512.489 717.482 5 1.58114 -43.0596 102.402
49 512.908 717.754 5 2.06155 -42.7896 -173.989
50 513.327 718.027 5 2.54951 -48.2767 -113.314
51 513.747 718.299 5 3.04138 -47.9356 -123.411
52 514.166 718.571 5 3.53553 -51.099 -92.6634
53 508.862 715.723 5 2.5 -54.7361 25.3737
54 509.281 715.995 5 2 -44.204 -4.442
55 509.7 716.267 5 1.5 -39.8144 24.5793
56 510.12 716.54 5 1 -41.0288 21.3709
57 510.539 716.812 5 0.5 -32.5378 -12.1653
58 510.958 717.084 5 0 -53.8678 15.0266
59 511.378 717.357 5 0.5 -34.1693 -1.85602
60 511.797 717.629 5 1 -39.5768 18.7706
61 512.216 717.901 5 1.5 -43.4386 22.1803
62 512.636 718.174 5 2 -44.2838 4.90293
63 513.055 718.446 5 2.5 -47.5295 65.6133
64 513.474 718.718 5 3 -50.6048 -35.0891
65 513.894 718.991 5 3.5 -48.8631 -8.86813
66 508.589 716.142 5 2.54951 -48.0493 -137.144
67 509.009 716.414 5 2.06155 -55.6709 150.525
68 509.428 716.687 5 1.58114 -43.0899 98.0454
69 509.847 716.959 5 1.11803 -40.2096 -7.44454
70 510.267 717.231 5 0.707107 -41.1435 132.555
71 510.686 717.504 5 0.5 -33.349 -6.00603
72 511.105 717.776 5 0.707107 -38.3193 117.107
73 511.525 718.048 5 1.11803 -41.0869 21.932
74 511.944 718.321 5 1.58114 -43.1897 101.53
75 512.363 718.593 5 2.06155 -55.9847 -177.574
76 512.783 718.865 5 2.54951 -51.6627 -110.813
77 513.202 719.138 5 3.04138 -52.1768 -29.2815
78 513.621 719.41 5 3.53553 -56.4475 -70.7129
79 510.414 717.923 5 1 -40.2291 5.1941
80 510.833 718.195 5 1.11803 -41.9105 18.9901
81 511.672 718.74 5 1.80278 -42.1643 -144.585
82 512.091 719.012 5 2.23607 -61.5141 -76.0737
83 512.51 719.285 5 2.69258 -47.0319 159.453
84 512.93 719.557 5 3.16228 -44.5669 -162.034
85 513.349 719.829 5 3.64006 -52.0123 -88.5072
86 510.141 718.342 5 1.5 -44.7099 -9.06979
87 510.561 718.615 5 1.58114 -42.6845 137.491
88 511.399 719.159 5 2.12132 -46.4036 -100.452
89 511.819 719.432 5 2.5 -58.0283 47.693
90 512.238 719.704 5 2.91548 -47.1568 -150.653
91 512.657 719.976 5 3.3541 -55.2989 42.5255
92 513.077 720.249 5 3.80789 -49.8967 102.134
93 509.869 718.762 5 2 -49.8836 7.29968
94 510.288 719.034 5 2.06155 -40.3357 154.217
95 511.127 719.579 5 2.5 -59.5329 -161.937
96 511.546 719.851 5 2.82843 -49.7976 -125.55
97 511.966 720.123 5 3.20156 -53.4247 -106.449
98 512.385 720.396 5 3.60555 -47.6795 84.2709
99 512.804 720.668 5 4.03113 -45.3446 124.376
100 509.597 719.181 5 2.5 -61.9079 26.2529
101 510.016 719.453 5 2.54951 -49.368 -95.7056
102 509.324 719.6 5 3 -44.8148 114.233
103 509.744 719.873 5 3.04138 -44.9631 -166.912
104 509.052 720.02 5 3.5 -45.4983 22.1841
105 509.471 720.292 5 3.53553 -39.6544 -123.323
