1 505.473 717.831 5 4.66232 -59.9479 84.6363
2 505.747 717.412 5 4.2269 -56.883 -114.046
3 506.02 716.994 5 3.80738 -64.4114 -80.0819
4 506.294 716.575 5 3.40963 -73.6629 167.675
5 506.567 716.157 5 3.04221 -63.522 134.563
6 505.891 718.104 5 4.45038 -62.6707 -6.16474
7 506.165 717.686 5 3.99191 -55.6186 -85.277
8 506.439 717.267 5 3.54468 -59.5127 59.2268
9 506.712 716.849 5 3.11356 -57.6514 -122.442
10 506.986 716.43 5 2.70623 -64.5899 45.4903
11 506.31 718.378 5 4.28655 -55.9654 -179.444
12 506.584 717.96 5 3.80841 -57.3485 108.304
13 506.857 717.541 5 3.33668 -57.7153 40.8983
14 507.131 717.123 5 2.87452 -66.3792 -54.569
15 507.404 716.704 5 2.42741 -52.0599 75.897
16 506.728 718.652 5 4.1765 -53.7277 -148.321
17 507.002 718.233 5 3.6841 -56.794 -134.058
18 507.276 717.815 5 3.19407 -55.7486 -148.746
19 507.549 717.396 5 2.70768 -65.0738 -110.291
20 507.823 716.978 5 2.22732 -54.8428 -72.6582
21 507.147 718.925 5 4.12453 -46.9539 -23.7298
22 507.421 718.507 5 3.62508 -48.0397 -25.527
23 507.694 718.088 5 3.12581 -48.3608 -36.9818
24 507.968 717.67 5 2.62681 -46.185 -29.6355
25 508.241 717.251 5 2.12829 -44.9661 -49.5603
26 507.565 719.199 5 4.13285 -47.3004 -50.1987
27 507.839 718.78 5 3.63454 -51.1034 -40.7531
28 508.113 718.362 5 3.13677 -49.5046 -34.5393
29 508.386 717.943 5 2.63984 -48.2214 -47.4269
30 508.66 717.525 5 2.14435 -47.1862 -64.5925
31 507.984 719.472 5 4.20108 -54.0184 -158.864
32 508.258 719.054 5 3.71194 -62.5622 -176.998
33 508.531 718.635 5 3.22614 -67.2214 -41.0036
34 508.805 718.217 5 2.74544 -53.8032 -110.973
35 509.078 717.798 5 2.27308 -52.8617 -143.918
36 508.402 719.746 5 4.32639 -62.3403 -79.9265
37 508.676 719.328 5 3.8532 -63.0954 -106.574
38 508.95 718.909 5 3.38771 -76.6249 -153.557
39 509.223 718.491 5 2.93361 -74.4096 -62.114
40 509.497 718.072 5 2.4971 -81.7102 -76.5708
