1 509.951 714.045 5 3.53553 -44.2957 -98.8398
2 510.37 714.318 5 3.20156 -55.4721 16.0573
3 510.79 714.59 5 2.91548 -46.1567 -125.097
4 511.209 714.862 5 2.69258 -51.5701 169.264
5 511.628 715.135 5 2.54951 -44.5725 -125.147
6 512.048 715.407 5 2.5 -46.6651 -24.753
7 512.467 715.679 5 2.54951 -45.748 -160.944
8 512.886 715.952 5 2.69258 -51.9019 161.103
9 513.306 716.224 5 2.91548 -45.4507 -136.666
10 513.725 716.496 5 3.20156 -56.3629 -162.358
11 514.144 716.769 5 3.53553 -49.7478 -103.657
12 514.564 717.041 5 3.90512 -59.3225 108.283
13 514.983 717.313 5 4.30116 -57.3751 66.0685
14 509.679 714.465 5 3.20156 -51.713 -177.851
15 510.098 714.737 5 2.82843 -42.3675 123.815
16 510.517 715.009 5 2.5 -49.0741 10.9122
17 510.937 715.282 5 2.23607 -43.0193 8.302
18 511.356 715.554 5 2.06155 -43.1775 -160.418
19 511.775 715.826 5 2 -44.0422 -17.9972
20 512.195 716.099 5 2.06155 -44.3646 176.789
21 512.614 716.371 5 2.23607 -45.6028 30.6772
22 513.033 716.643 5 2.5 -45.855 -8.55362
23 513.453 716.916 5 2.82843 -48.0838 132.61
24 513.872 717.188 5 3.20156 -44.7539 153.458
25 514.291 717.46 5 3.60555 -49.3213 65.897
26 514.711 717.733 5 4.03113 -45.6996 -97.3733
27 509.406 714.884 5 2.91548 -46.2426 -82.514
28 509.826 715.156 5 2.5 -53.2198 -64.2025
29 510.245 715.429 5 2.12132 -43.1695 0.179394
30 510.664 715.701 5 1.80278 -47.5463 -140.588
31 511.084 715.973 5 1.58114 -44.8378 126.976
32 511.503 716.246 5 1.5 -42.437 -12.8512
33 511.922 716.518 5 1.58114 -44.8746 119.815
34 512.342 716.79 5 1.80278 -48.2446 179.095
35 512.761 717.063 5 2.12132 -44.0129 4.3711
36 513.18 717.335 5 2.5 -47.5008 -16.8233
37 513.6 717.607 5 2.91548 -49.1509 -102.193
38 514.019 717.88 5 3.3541 -51.3282 48.2994
39 514.438 718.152 5 3.80789 -49.0372 158.228
40 509.134 715.303 5 2.69258 -45.4387 142.702
41 509.553 715.576 5 2.23607 -47.1592 40.6766
42 509.973 715.848 5 1.80278 -49.0821 125.039
43 510.392 716.12 5 1.41421 -42.9377 -115.797
44 510.811 716.393 5 1.11803 -41.955 -8.84737
45 511.231 716.665 5 1 -39.5464 -18.5864
46 511.65 716.937 5 1.11803 -41.9432 8.89224
47 512.069 717.21 5 1.41421 -44.8488 -123.722
48 512.489 717.482 5 1.80278 -45.9743 -162.092
49 512.908 717.754 5 2.23607 -48.0504 19.5917
50 513.327 718.027 5 2.69258 -45.0225 152.943
51 513.747 718.299 5 3.16228 -47.8297 -130.658
52 514.166 718.571 5 3.64006 -50.1544 -69.7403
53 508.862 715.723 5 2.54951 -44.7551 -121.506
54 509.281 715.995 5 2.06155 -52.9095 159.909
55 509.7 716.267 5 1.58114 -40.7126 93.301
56 510.12 716.54 5 1.11803 -40.369 -6.09001
57 510.539 716.812 5 0.707107 -37.4592 120.179
58 510.958 717.084 5 0.5 -33.2465 1.48246
59 511.378 717.357 5 0.707107 -38.7146 103.987
60 511.797 717.629 5 1.11803 -39.4885 26.0186
61 512.216 717.901 5 1.58114 -43.2604 104.767
62 512.636 718.174 5 2.06155 -48.8787 138.77
63 513.055 718.446 5 2.54951 -48.7414 -140.991
64 513.474 718.718 5 3.04138 -62.2095 73.765
65 513.894 718.991 5 3.53553 -52.9239 -119.832
66 508.589 716.142 5 2.5 -42.0736 19.1877
67 509.009 716.414 5 2 -45.1468 -9.6619
68 509.428 716.687 5 1.5 -51.8834 -45.0864
69 509.847 716.959 5 1 -41.147 -29.9088
70 510.267 717.231 5 0.5 -35.2501 5.50516
71 510.686 717.504 5 0 -45.1123 -151.747
72 511.105 717.776 5 0.5 -32.8493 -4.19094
73 511.525 718.048 5 1 -40.8826 3.00785
74 511.944 718.321 5 1.5 -47.2498 29.3598
75 512.363 718.593 5 2 -43.3497 -0.513473
76 512.783 718.865 5 2.5 -44.5512 26.4927
77 513.202 719.138 5 3 -53.3172 -10.2619
78 513.621 719.41 5 3.5 -50.43 -29.3432
79 510.414 717.923 5 0.5 -33.2071 -5.94358
80 510.833 718.195 5 0.707107 -39.8456 114.554
81 511.672 718.74 5 1.58114 -50.4931 128.71
82 512.091 719.012 5 2.06155 -47.566 -162.002
83 512.51 719.285 5 2.54951 -53.7445 -119.74
84 512.93 719.557 5 3.04138 -44.1013 -90.6787
85 513.349 719.829 5 3.53553 -46.0216 -55.3324
86 510.141 718.342 5 1 -37.2035 -5.69755
87 510.561 718.615 5 1.11803 -43.209 28.0612
88 511.399 719.159 5 1.80278 -50.6495 78.3029
89 511.819 719.432 5 2.23607 -46.2722 -113.224
90 512.238 719.704 5 2.69258 -48.1698 179.617
91 512.657 719.976 5 3.16228 -52.3387 151.609
92 513.077 720.249 5 3.64006 -52.8598 114.532
93 509.869 718.762 5 1.5 -45.1631 51.4301
94 510.288 719.034 5 1.58114 -41.1738 154.805
95 511.127 719.579 5 2.12132 -52.8462 -138.498
96 511.546 719.851 5 2.5 -47.7646 127.202
97 511.966 720.123 5 2.91548 -54.4657 -11.8245
98 512.385 720.396 5 3.3541 -54.8838 -71.2933
99 512.804 720.668 5 3.80789 -52.6803 -91.9741
100 509.597 719.181 5 2 -60.8218 30.9243
101 510.016 719.453 5 2.06155 -40.4577 140.134
102 509.324 719.6 5 2.5 -63.9253 66.7056
103 509.744 719.873 5 2.54951 -50.3752 -136.827
104 509.052 720.02 5 3 -44.0972 92.3292
105 509.471 720.292 5 3.04138 -43.9046 -137.157
