1 514.644 719.84 5 6.59884 -79.5609 -152.006
2 514.371 720.259 5 6.6396 -69.4488 -155.347
3 514.097 720.678 5 6.71743 -56.2216 -67.4248
4 513.824 721.096 5 6.83107 -66.2563 -28.6066
5 513.551 721.515 5 6.97876 -63.9245 37.0922
6 513.278 721.934 5 7.15839 -79.4996 54.1241
7 513.004 722.353 5 7.36765 -88.4436 92.4354
8 512.731 722.771 5 7.60406 -75.5173 70.0609
9 512.458 723.19 5 7.8652 -85.5792 159.873
10 512.185 723.609 5 8.14868 -91.0039 -106.252
11 515.063 720.113 5 7.09839 -69.3807 -123.654
12 514.789 720.532 5 7.1363 -77.6853 -175.521
13 514.516 720.951 5 7.20877 -61.2914 5.42351
14 514.243 721.37 5 7.31478 -57.7743 43.962
15 513.97 721.788 5 7.45289 -75.3003 59.6594
16 513.696 722.207 5 7.62136 -85.0984 -18.3321
17 513.423 722.626 5 7.81823 -81.3468 -149.546
18 513.15 723.045 5 8.04141 -82.4659 127.843
19 512.877 723.463 5 8.28878 -79.6775 98.615
20 512.603 723.882 5 8.55824 -86.6953 166.124
21 515.481 720.387 5 7.59801 -62.0427 162.036
22 515.208 720.805 5 7.63343 -57.989 -165.959
23 514.935 721.224 5 7.70122 -58.089 10.5458
24 514.662 721.643 5 7.80054 -65.0215 101.172
25 514.388 722.062 5 7.9302 -61.651 170.407
26 514.115 722.48 5 8.08873 -74.5943 -65.7974
27 513.842 722.899 5 8.27449 -71.8057 90.8239
28 513.568 723.318 5 8.48568 -78.2957 -164.515
29 513.295 723.737 5 8.72045 -86.6837 58.8042
30 513.022 724.155 5 8.97697 -85.5773 -33.538
31 515.9 720.66 5 8.09767 -64.8908 62.7208
32 515.627 721.079 5 8.13091 -61.9996 -89.3818
33 515.353 721.497 5 8.19459 -55.0527 20.8795
34 515.08 721.916 5 8.288 -62.0831 150.813
35 514.807 722.335 5 8.41014 -67.0417 113.262
36 514.534 722.754 5 8.55979 -63.074 -71.1864
37 514.26 723.172 5 8.73554 -90.2859 -158.534
38 513.987 723.591 5 8.93584 -84.872 -129.75
39 516.319 720.933 5 8.59736 -73.7241 67.6202
40 516.045 721.352 5 8.62869 -68.8622 -120.842
41 515.772 721.771 5 8.68872 -57.8063 60.2766
42 515.499 722.189 5 8.77687 -71.0539 148.109
43 515.226 722.608 5 8.8923 -72.7954 114.878
44 514.952 723.027 5 9.03397 -82.6931 -102.454
45 514.679 723.446 5 9.20066 -65.5003 54.6615
46 514.406 723.864 5 9.39104 -118.978 130.025
47 516.737 721.206 5 9.0971 -65.313 132.394
48 516.464 721.625 5 9.1267 -71.4405 -25.5679
49 516.191 722.044 5 9.18348 -63.2974 95.5942
50 515.918 722.463 5 9.26692 -59.36 -132.13
51 515.644 722.881 5 9.37632 -64.916 -151.923
52 515.371 723.3 5 9.51079 -82.1172 158.76
53 515.098 723.719 5 9.66926 -75.5116 41.2316
54 514.825 724.138 5 9.85059 -128.108 46.4263
55 517.156 721.48 5 9.59686 -61.5973 -178.023
56 516.883 721.898 5 9.62493 -72.3489 154.895
57 516.61 722.317 5 9.67878 -74.5223 134.897
58 516.336 722.736 5 9.75799 -58.7542 -110.313
59 516.063 723.155 5 9.86194 -68.0228 -76.1437
60 515.79 723.573 5 9.98987 -68.108 144.402
61 515.517 723.992 5 10.1409 -74.1671 0.418571
62 515.243 724.411 5 10.3139 -125.082 -65.1084
63 517.575 721.753 5 10.0966 -64.7918 -169.627
64 517.302 722.172 5 10.1233 -69.6089 160.318
65 517.028 722.59 5 10.1745 -65.6587 118.683
66 516.755 723.009 5 10.2499 -62.9273 -86.7369
67 516.482 723.428 5 10.3489 -60.6996 1.91601
68 516.209 723.847 5 10.4709 -68.1368 -43.7607
69 515.935 724.265 5 10.6151 -71.9333 -160.331
70 515.662 724.684 5 10.7805 -72.9109 -177.717
71 517.994 722.026 5 10.5964 -72.5157 -144.939
72 517.72 722.445 5 10.6219 -64.3843 -150.792
73 517.447 722.864 5 10.6707 -74.3279 -89.003
74 517.174 723.282 5 10.7426 -58.8647 -103.383
75 516.901 723.701 5 10.8371 -65.7939 33.533
76 516.627 724.12 5 10.9537 -73.8434 26.7248
77 516.354 724.539 5 11.0915 -68.4619 164.401
78 516.081 724.957 5 11.25 -72.6823 -6.84301
