1 509.951 714.045 5 3.16228 -50.099 -159.844
2 510.37 714.318 5 2.69258 -42.8485 149.974
3 510.79 714.59 5 2.23607 -46.7584 30.9566
4 511.209 714.862 5 1.80278 -45.4689 -175.322
5 511.628 715.135 5 1.41421 -47.817 -118.141
6 512.048 715.407 5 1.11803 -43.3182 29.7941
7 512.467 715.679 5 1 -36.8161 -2.93976
8 512.886 715.952 5 1.11803 -43.0382 18.7269
9 513.306 716.224 5 1.41421 -43.1164 -140.962
10 513.725 716.496 5 1.80278 -40.8354 -167.883
11 514.144 716.769 5 2.23607 -46.7505 54.7818
12 514.564 717.041 5 2.69258 -44.4784 -34.6899
13 514.983 717.313 5 3.16228 -50.0958 -112.584
14 509.679 714.465 5 3.04138 -43.2884 -111.461
15 510.098 714.737 5 2.54951 -49.8707 -115.007
16 510.517 715.009 5 2.06155 -46.6582 -155.591
17 510.937 715.282 5 1.58114 -45.8093 115.793
18 511.356 715.554 5 1.11803 -41.4856 13.4432
19 511.775 715.826 5 0.707107 -38.3678 133.987
20 512.195 716.099 5 0.5 -34.2345 2.04445
21 512.614 716.371 5 0.707107 -37.0726 129.662
22 513.033 716.643 5 1.11803 -43.1925 9.92675
23 513.453 716.916 5 1.58114 -46.1881 107.272
24 513.872 717.188 5 2.06155 -44.9577 157.672
25 514.291 717.46 5 2.54951 -45.4036 -142.843
26 514.711 717.733 5 3.04138 -50.9239 -179.667
27 509.406 714.884 5 3 -46.49 18.1112
28 509.826 715.156 5 2.5 -56.6865 -17.5793
29 510.245 715.429 5 2 -50.3966 16.1512
30 510.664 715.701 5 1.5 -43.0755 14.9494
31 511.084 715.973 5 1 -39.6428 -10.275
32 511.503 716.246 5 0.5 -33.3511 -8.36635
33 511.922 716.518 5 0 -50.1895 -0.950169
34 512.342 716.79 5 0.5 -34.2516 -3.41024
35 512.761 717.063 5 1 -41.5514 -6.71859
36 513.18 717.335 5 1.5 -43.9051 11.0959
37 513.6 717.607 5 2 -44.768 12.5397
38 514.019 717.88 5 2.5 -49.3131 -10.0308
39 514.438 718.152 5 3 -44.9863 -4.754
40 509.134 715.303 5 3.04138 -58.5698 -146.157
41 509.553 715.576 5 2.54951 -44.598 -117.481
42 509.973 715.848 5 2.06155 -48.596 -138.559
43 510.392 716.12 5 1.58114 -47.1309 143.771
44 510.811 716.393 5 1.11803 -41.4519 5.95985
45 511.231 716.665 5 0.707107 -37.4858 127.865
46 511.65 716.937 5 0.5 -33.2356 -0.334031
47 512.069 717.21 5 0.707107 -40.0712 123.897
48 512.489 717.482 5 1.11803 -40.8044 15.3993
49 512.908 717.754 5 1.58114 -42.7021 139.527
50 513.327 718.027 5 2.06155 -46.2132 -172.286
51 513.747 718.299 5 2.54951 -51.001 -109.557
52 514.166 718.571 5 3.04138 -47.5983 -96.0462
53 508.862 715.723 5 3.16228 -53.1106 -115.018
54 509.281 715.995 5 2.69258 -50.9438 162.197
55 509.7 716.267 5 2.23607 -48.0526 86.4512
56 510.12 716.54 5 1.80278 -45.7522 -153.209
57 510.539 716.812 5 1.41421 -42.7038 -102.169
58 510.958 717.084 5 1.11803 -41.0863 10.2154
59 511.378 717.357 5 1 -39.3584 -1.32491
60 511.797 717.629 5 1.11803 -42.6713 4.83141
61 512.216 717.901 5 1.41421 -43.221 -114.443
62 512.636 718.174 5 1.80278 -43.8202 -145.104
63 513.055 718.446 5 2.23607 -47.389 83.5726
64 513.474 718.718 5 2.69258 -42.4094 -179.326
65 513.894 718.991 5 3.16228 -52.7274 -94.376
66 508.589 716.142 5 3.3541 -51.0026 33.6518
67 509.009 716.414 5 2.91548 -45.9005 -86.9809
68 509.428 716.687 5 2.5 -58.4634 -19.9474
69 509.847 716.959 5 2.12132 -43.151 -8.33989
70 510.267 717.231 5 1.80278 -45.6416 -158.172
71 510.686 717.504 5 1.58114 -42.8939 110.362
72 511.105 717.776 5 1.5 -44.3957 -3.86689
73 511.525 718.048 5 1.58114 -48.6492 86.1478
74 511.944 718.321 5 1.80278 -48.4774 -135.183
75 512.363 718.593 5 2.12132 -47.9495 6.64721
76 512.783 718.865 5 2.5 -46.3972 -17.9088
77 513.202 719.138 5 2.91548 -54.1656 -66.6616
78 513.621 719.41 5 3.3541 -45.5108 46.5059
79 510.414 717.923 5 2.06155 -46.1973 173.961
80 510.833 718.195 5 2 -45.9173 9.53419
81 511.672 718.74 5 2.23607 -46.132 41.7656
82 512.091 719.012 5 2.5 -52.2825 52.006
83 512.51 719.285 5 2.82843 -51.8659 104.532
84 512.93 719.557 5 3.20156 -48.2229 134.938
85 513.349 719.829 5 3.60555 -48.8439 120.919
86 510.141 718.342 5 2.54951 -56.6545 166.403
87 510.561 718.615 5 2.5 -45.7352 12.1441
88 511.399 719.159 5 2.69258 -51.8051 148.902
89 511.819 719.432 5 2.91548 -49.3607 -93.5483
90 512.238 719.704 5 3.20156 -45.4751 123.108
91 512.657 719.976 5 3.53553 -46.4014 -89.3322
92 513.077 720.249 5 3.90512 -47.3917 -66.2956
93 509.869 718.762 5 3.04138 -46.494 -143.931
94 510.288 719.034 5 3 -47.5223 -15.3837
95 511.127 719.579 5 3.16228 -60.583 27.1605
96 511.546 719.851 5 3.3541 -48.817 -43.7511
97 511.966 720.123 5 3.60555 -67.2446 64.6128
98 512.385 720.396 5 3.90513 -48.8701 -62.3667
99 512.804 720.668 5 4.24264 -62.5221 -31.4497
100 509.597 719.181 5 3.53553 -40.958 -79.9232
101 510.016 719.453 5 3.5 -46.2463 -21.3791
102 509.324 719.6 5 4.03113 -46.3788 -94.958
103 509.744 719.873 5 4 -43.2451 -51.2181
104 509.052 720.02 5 4.52769 -46.6792 -44.488
105 509.471 720.292 5 4.5 -43.7321 -30.0713
