1 509.951 714.045 5 6.0208 -51.6509 66.3679
2 510.37 714.318 5 5.65685 -65.9668 75.0734
3 510.79 714.59 5 5.31507 -57.6206 -55.8195
4 511.209 714.862 5 5 -54.3568 169.095
5 511.628 715.135 5 4.71699 -49.7184 -4.69525
6 512.048 715.407 5 4.47214 -52.382 -85.7759
7 512.467 715.679 5 4.272 -63.8709 117.321
8 512.886 715.952 5 4.12311 -47.323 -90.8165
9 513.306 716.224 5 4.03113 -45.0584 152.541
10 513.725 716.496 5 4 -61.4107 165.847
11 514.144 716.769 5 4.03113 -51.035 101.072
12 514.564 717.041 5 4.12311 -54.1212 4.00264
13 514.983 717.313 5 4.272 -50.922 -33.6408
14 509.679 714.465 5 5.70088 -54.9973 -167.535
15 510.098 714.737 5 5.31507 -50.2829 -34.0274
16 510.517 715.009 5 4.94975 -50.5177 -52.6333
17 510.937 715.282 5 4.60977 -52.0115 -133.646
18 511.356 715.554 5 4.30116 -53.9262 152.113
19 511.775 715.826 5 4.03113 -50.4199 158.669
20 512.195 716.099 5 3.80789 -47.8555 26.3732
21 512.614 716.371 5 3.64006 -51.0895 -135.769
22 513.033 716.643 5 3.53553 -44.4912 142.66
23 513.453 716.916 5 3.5 -55.9215 161.912
24 513.872 717.188 5 3.53553 -49.8725 91.5935
25 514.291 717.46 5 3.64006 -53.9112 -136.85
26 514.711 717.733 5 3.80789 -48.6052 53.2166
27 509.406 714.884 5 5.40833 -52.7866 -49.9378
28 509.826 715.156 5 5 -54.3782 164.9
29 510.245 715.429 5 4.60977 -45.1121 128.814
30 510.664 715.701 5 4.24264 -48.4311 70.1639
31 511.084 715.973 5 3.90513 -50.6921 -55.8818
32 511.503 716.246 5 3.60555 -60.4051 -45.1567
33 511.922 716.518 5 3.3541 -50.509 -35.9729
34 512.342 716.79 5 3.16228 -51.6322 116.87
35 512.761 717.063 5 3.04138 -46.503 138.632
36 513.18 717.335 5 3 -53.3357 161.892
37 513.6 717.607 5 3.04138 -51.1592 90.8814
38 514.019 717.88 5 3.16228 -47.9409 59.43
39 514.438 718.152 5 3.3541 -43.2289 -31.1379
40 509.134 715.303 5 5.14782 -52.0207 6.67415
41 509.553 715.576 5 4.71699 -54.6446 -131.768
42 509.973 715.848 5 4.30116 -51.2236 -90.4864
43 510.392 716.12 5 3.90513 -48.9619 67.7029
44 510.811 716.393 5 3.53553 -45.7115 34.9752
45 511.231 716.665 5 3.20156 -53.6722 17.9205
46 511.65 716.937 5 2.91548 -48.255 166.567
47 512.069 717.21 5 2.69258 -51.3836 49.7769
48 512.489 717.482 5 2.54951 -49.9883 125.537
49 512.908 717.754 5 2.5 -62.3838 124.415
50 513.327 718.027 5 2.54951 -54.3034 104.708
51 513.747 718.299 5 2.69258 -44.1715 18.1258
52 514.166 718.571 5 2.91548 -53.8033 87.8723
53 508.862 715.723 5 4.92443 -52.4139 -142.325
54 509.281 715.995 5 4.47214 -50.3823 177.246
55 509.7 716.267 5 4.03113 -55.0115 -3.22796
56 510.12 716.54 5 3.60555 -60.7164 110.702
57 510.539 716.812 5 3.20156 -49.732 -113.021
58 510.958 717.084 5 2.82843 -51.0718 -136.666
59 511.378 717.357 5 2.5 -53.2695 -84.0748
60 511.797 717.629 5 2.23607 -44.9123 -79.5159
61 512.216 717.901 5 2.06155 -49.1489 111.125
62 512.636 718.174 5 2 -43.3181 123.333
63 513.055 718.446 5 2.06155 -49.7304 58.1109
64 513.474 718.718 5 2.23607 -46.1673 -36.1137
65 513.894 718.991 5 2.5 -47.6154 -129.045
66 508.589 716.142 5 4.74342 -52.0123 22.3507
67 509.009 716.414 5 4.272 -53.6303 -50.8911
68 509.428 716.687 5 3.80789 -54.8649 174.219
69 509.847 716.959 5 3.3541 -52.0221 114.334
70 510.267 717.231 5 2.91548 -46.9529 -53.0997
71 510.686 717.504 5 2.5 -47.6295 131.558
72 511.105 717.776 5 2.12132 -47.5794 152.379
73 511.525 718.048 5 1.80278 -44.4001 92.3465
74 511.944 718.321 5 1.58114 -42.4784 -29.1921
75 512.363 718.593 5 1.5 -49.982 -80.5673
76 512.783 718.865 5 1.58114 -50.8373 51.5454
77 513.202 719.138 5 1.80278 -42.0921 67.213
78 513.621 719.41 5 2.12132 -49.5613 -129.998
79 510.414 717.923 5 2.23607 -42.1913 140.785
80 510.833 718.195 5 1.80278 -43.8526 -71.1549
81 511.672 718.74 5 1.11803 -38.0626 -103.572
82 512.091 719.012 5 1 -46.6801 -77.0479
83 512.51 719.285 5 1.11803 -44.9657 -76.8703
84 512.93 719.557 5 1.41421 -41.2684 116.94
85 513.349 719.829 5 1.80278 -38.4907 112.013
86 510.141 718.342 5 2.06155 -41.3755 -80.1145
87 510.561 718.615 5 1.58114 -56.67 -108.074
88 511.399 719.159 5 0.707107 -35.175 14.4828
89 511.819 719.432 5 0.5 -37.1512 -154.284
90 512.238 719.704 5 0.707107 -39.9147 50.7572
91 512.657 719.976 5 1.11803 -44.0052 -100.612
92 513.077 720.249 5 1.58114 -52.6588 51.7865
93 509.869 718.762 5 2 -52.9027 -40.9676
94 510.288 719.034 5 1.5 -44.1618 127.474
95 511.127 719.579 5 0.5 -33.6712 -108.24
96 511.546 719.851 5 0 -37.9913 -134.156
97 511.966 720.123 5 0.5 -33.5492 -95.3764
98 512.385 720.396 5 1 -44.7644 -91.8197
99 512.804 720.668 5 1.5 -44.5439 144.508
100 509.597 719.181 5 2.06155 -49.5408 -79.9892
101 510.016 719.453 5 1.58114 -47.191 -149.841
102 509.324 719.6 5 2.23607 -49.8909 50.2135
103 509.744 719.873 5 1.80278 -70.7284 163.334
104 509.052 720.02 5 2.5 -54.0159 49.3418
105 509.471 720.292 5 2.12132 -57.5862 -114.95
