1 514.644 719.84 5 5.64934 -73.1248 74.2884
2 514.371 720.259 5 5.74081 -60.2615 -103.305
3 514.097 720.678 5 5.87355 -58.5098 163.864
4 513.824 721.096 5 6.04487 -57.4615 55.2296
5 513.551 721.515 5 6.25157 -65.6104 7.46852
6 513.278 721.934 5 6.4903 -66.0677 -129.716
7 513.004 722.353 5 6.75764 -80.893 -81.0883
8 512.731 722.771 5 7.05035 -76.5754 11.6357
9 512.458 723.19 5 7.36541 -83.5395 -143.886
10 512.185 723.609 5 7.70007 -98.7533 -83.3286
11 515.063 720.113 5 6.14481 -65.5325 120.478
12 514.789 720.532 5 6.229 -73.1811 18.0334
13 514.516 720.951 5 6.35155 -53.4716 -35.6022
14 514.243 721.37 5 6.5103 -54.6807 -177.125
15 513.97 721.788 5 6.70267 -78.6542 68.436
16 513.696 722.207 5 6.92586 -77.8828 -90.5709
17 513.423 722.626 5 7.177 -67.1205 -37.9504
18 513.15 723.045 5 7.45326 -79.6592 -116.358
19 512.877 723.463 5 7.75196 -87.816 -100.293
20 512.603 723.882 5 8.0706 -94.9853 120.914
21 515.481 720.387 5 6.64095 -67.3115 57.4541
22 515.208 720.805 5 6.71893 -66.8412 -43.4769
23 514.935 721.224 5 6.8327 -57.718 -13.6181
24 514.662 721.643 5 6.98051 -63.1233 -33.9418
25 514.388 722.062 5 7.16026 -67.7984 -10.0399
26 514.115 722.48 5 7.36961 -70.2793 -88.9409
27 513.842 722.899 5 7.60611 -72.4383 -178.301
28 513.568 723.318 5 7.86732 -70.0678 157.602
29 513.295 723.737 5 8.15085 -77.7849 -168.799
30 513.022 724.155 5 8.45448 -96.5278 -101.616
31 515.9 720.66 5 7.13764 -68.8294 58.1659
32 515.627 721.079 5 7.21024 -61.4721 -153.518
33 515.353 721.497 5 7.31638 -63.5183 95.2882
34 515.08 721.916 5 7.45461 -56.9769 -20.1846
35 514.807 722.335 5 7.62318 -58.2169 -150.783
36 514.534 722.754 5 7.82015 -75.3427 -164.337
37 514.26 723.172 5 8.04341 -74.0554 163.924
38 513.987 723.591 5 8.29085 -64.5349 35.5962
39 516.319 720.933 5 7.63475 -72.1393 98.2353
40 516.045 721.352 5 7.70268 -75.3434 100.268
41 515.772 721.771 5 7.80211 -61.471 80.1007
42 515.499 722.189 5 7.93188 -58.4239 49.8648
43 515.226 722.608 5 8.09052 -62.4941 32.0696
44 514.952 723.027 5 8.27637 -81.7941 105.183
45 514.679 723.446 5 8.48764 -70.3001 -50.3856
46 514.406 723.864 5 8.72249 -113.129 -56.8221
47 516.737 721.206 5 8.13222 -63.2074 121.063
48 516.464 721.625 5 8.19602 -64.8357 17.6111
49 516.191 722.044 5 8.28955 -65.3711 134.801
50 515.918 722.463 5 8.4118 -57.8305 144.802
51 515.644 722.881 5 8.56155 -60.4938 113.538
52 515.371 723.3 5 8.73738 -62.4682 -99.6177
53 515.098 723.719 5 8.93777 -66.5409 62.4986
54 514.825 724.138 5 9.16108 -127.555 -177.69
55 517.156 721.48 5 8.62998 -62.1279 148.187
56 516.883 721.898 5 8.69013 -69.2964 143.995
57 516.61 722.317 5 8.77839 -73.4108 151.299
58 516.336 722.736 5 8.89393 -59.0144 175.691
59 516.063 723.155 5 9.03569 -58.696 139.875
60 515.79 723.573 5 9.20247 -68.9006 -10.4056
61 515.517 723.992 5 9.39294 -71.419 30.2272
62 515.243 724.411 5 9.60568 -124.011 60.2852
63 517.575 721.753 5 9.12799 -61.864 151.13
64 517.302 722.172 5 9.18488 -66.8064 -153.838
65 517.028 722.59 5 9.26843 -71.2763 122.359
66 516.755 723.009 5 9.37793 -62.2977 -70.0061
67 516.482 723.428 5 9.51248 -60.9625 -123.507
68 516.209 723.847 5 9.67104 -67.1855 144.181
69 515.935 724.265 5 9.85245 -79.6314 76.3899
70 515.662 724.684 5 10.0555 -71.2335 138.208
71 517.994 722.026 5 9.6262 -64.1213 112.637
72 517.72 722.445 5 9.68016 -66.5857 -156.83
73 517.447 722.864 5 9.75947 -66.603 134.231
74 517.174 723.282 5 9.86352 -69.2202 -95.6291
75 516.901 723.701 5 9.99154 -70.5136 -117.557
76 516.627 724.12 5 10.1426 -60.6909 -52.4881
77 516.354 724.539 5 10.3157 -68.2132 123.079
78 516.081 724.957 5 10.5098 -71.9113 174.422
