1 509.951 714.045 5 5.85235 -47.9288 48.0884
2 510.37 714.318 5 5.38516 -53.2533 -85.9858
3 510.79 714.59 5 4.92443 -56.4946 -66.438
4 511.209 714.862 5 4.47214 -46.3212 51.6138
5 511.628 715.135 5 4.03113 -55.6192 -1.72297
6 512.048 715.407 5 3.60555 -52.1077 7.20091
7 512.467 715.679 5 3.20156 -49.1638 170.288
8 512.886 715.952 5 2.82843 -46.0172 127.372
9 513.306 716.224 5 2.5 -45.5227 32.0026
10 513.725 716.496 5 2.23607 -52.8032 -0.944292
11 514.144 716.769 5 2.06155 -47.3929 -176.241
12 514.564 717.041 5 2 -46.3735 167.225
13 514.983 717.313 5 2.06155 -46.797 2.2526
14 509.679 714.465 5 5.70088 -50.5918 54.2913
15 510.098 714.737 5 5.22015 -49.7913 88.4497
16 510.517 715.009 5 4.74342 -55.3796 95.8949
17 510.937 715.282 5 4.272 -52.7868 -127.241
18 511.356 715.554 5 3.80789 -48.4391 138.115
19 511.775 715.826 5 3.3541 -52.5297 39.2663
20 512.195 716.099 5 2.91548 -51.4345 -107.423
21 512.614 716.371 5 2.5 -42.7475 -5.36802
22 513.033 716.643 5 2.12132 -53.1352 -8.9025
23 513.453 716.916 5 1.80278 -43.6277 -122.244
24 513.872 717.188 5 1.58114 -45.2965 113.528
25 514.291 717.46 5 1.5 -47.242 31.4082
26 514.711 717.733 5 1.58114 -48.9753 88.705
27 509.406 714.884 5 5.59017 -54.3704 -95.7453
28 509.826 715.156 5 5.09902 -48.928 3.26572
29 510.245 715.429 5 4.60977 -48.7649 -27.0179
30 510.664 715.701 5 4.12311 -52.4599 -55.6629
31 511.084 715.973 5 3.64006 -53.2263 -60.9478
32 511.503 716.246 5 3.16228 -46.2687 -110.276
33 511.922 716.518 5 2.69258 -42.2135 175.225
34 512.342 716.79 5 2.23607 -47.0904 70.3787
35 512.761 717.063 5 1.80278 -46.8927 -153.152
36 513.18 717.335 5 1.41421 -41.8833 -109.522
37 513.6 717.607 5 1.11803 -40.7216 17.4681
38 514.019 717.88 5 1 -39.8604 20.9065
39 514.438 718.152 5 1.11803 -39.9971 12.6672
40 509.134 715.303 5 5.52268 -52.2235 34.1162
41 509.553 715.576 5 5.02494 -52.729 21.79
42 509.973 715.848 5 4.52769 -49.0744 -57.3817
43 510.392 716.12 5 4.03113 -56.2391 -73.8569
44 510.811 716.393 5 3.53553 -49.9387 -75.4036
45 511.231 716.665 5 3.04138 -52.8809 -52.924
46 511.65 716.937 5 2.54951 -56.6176 -33.1529
47 512.069 717.21 5 2.06155 -51.1173 -151.655
48 512.489 717.482 5 1.58114 -43.8988 70.4082
49 512.908 717.754 5 1.11803 -37.8279 15.7882
50 513.327 718.027 5 0.707107 -37.6361 98.2682
51 513.747 718.299 5 0.5 -32.657 -1.96298
52 514.166 718.571 5 0.707107 -38.1852 114.079
53 508.862 715.723 5 5.5 -60.8257 -62.3963
54 509.281 715.995 5 5 -59.4618 25.6489
55 509.7 716.267 5 4.5 -49.0073 1.52073
56 510.12 716.54 5 4 -46.5128 -23.6299
57 510.539 716.812 5 3.5 -49.8252 -25.689
58 510.958 717.084 5 3 -50.6797 -13.8482
59 511.378 717.357 5 2.5 -50.8362 34.5358
60 511.797 717.629 5 2 -43.0955 -4.17456
61 512.216 717.901 5 1.5 -41.2842 10.8842
62 512.636 718.174 5 1 -38.9545 -9.74106
63 513.055 718.446 5 0.5 -34.1933 -2.68405
64 513.474 718.718 5 0 -49.756 39.9317
65 513.894 718.991 5 0.5 -32.7765 8.48459
66 508.589 716.142 5 5.52268 -58.1078 -74.4903
67 509.009 716.414 5 5.02494 -52.2212 -76.609
68 509.428 716.687 5 4.52769 -55.2731 -52.6046
69 509.847 716.959 5 4.03113 -62.1276 -163.598
70 510.267 717.231 5 3.53553 -58.4516 73.438
71 510.686 717.504 5 3.04138 -58.8118 1.80774
72 511.105 717.776 5 2.54951 -47.9917 -139.933
73 511.525 718.048 5 2.06155 -50.2917 172.049
74 511.944 718.321 5 1.58114 -45.4744 130.051
75 512.363 718.593 5 1.11803 -40.766 20.8867
76 512.783 718.865 5 0.707107 -38.5527 104.82
77 513.202 719.138 5 0.5 -33.7842 0.192842
78 513.621 719.41 5 0.707107 -37.5433 122.9
79 510.414 717.923 5 3.16228 -46.259 -160.518
80 510.833 718.195 5 2.69258 -46.0824 155.525
81 511.672 718.74 5 1.80278 -46.3399 -162.358
82 512.091 719.012 5 1.41421 -40.7365 -126.265
83 512.51 719.285 5 1.11803 -38.2115 13.7922
84 512.93 719.557 5 1 -40.1844 10.2645
85 513.349 719.829 5 1.11803 -39.1604 11.9319
86 510.141 718.342 5 3.3541 -55.1145 1.16161
87 510.561 718.615 5 2.91548 -49.0084 112.072
88 511.399 719.159 5 2.12132 -54.4049 -0.13507
89 511.819 719.432 5 1.80278 -41.9567 178.2
90 512.238 719.704 5 1.58114 -56.4171 78.3871
91 512.657 719.976 5 1.5 -43.0705 19.6637
92 513.077 720.249 5 1.58114 -47.7506 83.91
93 509.869 718.762 5 3.60555 -48.0882 -86.31
94 510.288 719.034 5 3.20156 -53.3939 8.07011
95 511.127 719.579 5 2.5 -42.7594 -21.559
96 511.546 719.851 5 2.23607 -46.2329 -44.1995
97 511.966 720.123 5 2.06155 -50.7456 151.987
98 512.385 720.396 5 2 -45.3329 95.8455
99 512.804 720.668 5 2.06155 -42.6124 112.253
100 509.597 719.181 5 3.90513 -50.3893 136.821
101 510.016 719.453 5 3.53553 -50.9208 133.88
102 509.324 719.6 5 4.24264 -51.7889 -75.8436
103 509.744 719.873 5 3.90513 -52.9459 -157.071
104 509.052 720.02 5 4.60977 -53.3126 -77.2986
105 509.471 720.292 5 4.30116 -52.9973 -55.9554
