1 505.473 717.831 5 7.83883 -79.9468 99.7235
2 505.747 717.412 5 7.65256 -75.7921 -151.571
3 506.02 716.994 5 7.49507 -72.4539 -119.294
4 506.294 716.575 5 7.3682 -75.9237 164.628
5 506.567 716.157 5 7.27356 -59.1362 49.0018
6 505.891 718.104 5 7.38329 -70.149 163.367
7 506.165 717.686 5 7.18521 -73.6429 1.3558
8 506.439 717.267 5 7.01724 -69.8473 61.7368
9 506.712 716.849 5 6.88157 -67.5561 12.753
10 506.986 716.43 5 6.78014 -65.1176 47.3447
11 506.31 718.378 5 6.93387 -76.3377 -115.002
12 506.584 717.96 5 6.72257 -73.2281 122.781
13 506.857 717.541 5 6.54273 -81.9859 173.03
14 507.131 717.123 5 6.397 -62.8821 -33.8772
15 507.404 716.704 5 6.28777 -66.292 39.2683
16 506.728 718.652 5 6.49186 -77.3434 -78.3203
17 507.002 718.233 5 6.26567 -72.4034 63.767
18 507.276 717.815 5 6.07231 -66.9187 -160.29
19 507.549 717.396 5 5.91501 -66.2494 -72.3132
20 507.823 716.978 5 5.79669 -79.2554 125.329
21 507.147 718.925 5 6.05887 -87.1009 123.506
22 507.421 718.507 5 5.81586 -66.83 65.4017
23 507.694 718.088 5 5.60701 -63.8479 -175.185
24 507.968 717.67 5 5.43626 -73.4946 -46.231
25 508.241 717.251 5 5.30729 -81.8568 1.25714
26 507.565 719.199 5 5.63698 -59.7663 -71.5846
27 507.839 718.78 5 5.37493 -64.0269 59.169
28 508.113 718.362 5 5.14822 -78.2018 -97.4876
29 508.386 717.943 5 4.96171 -70.4113 167.381
30 508.66 717.525 5 4.82005 -74.5439 -88.1863
31 507.984 719.472 5 5.22888 -65.4983 -64.667
32 508.258 719.054 5 4.94525 -78.0273 21.6033
33 508.531 718.635 5 4.69786 -80.1586 30.5159
34 508.805 718.217 5 4.49268 -75.8972 -128.479
35 509.078 717.798 5 4.33573 -75.4157 -93.6256
36 508.402 719.746 5 4.83806 -55.4952 -124.665
37 508.676 719.328 5 4.53003 -66.7952 -92.22
38 508.95 718.909 5 4.25858 -73.1518 -23.118
39 509.223 718.491 5 4.03111 -71.4736 -15.7028
40 509.497 718.072 5 3.85541 -73.0813 16.6069
