1 505.473 717.831 5 8.12571 -78.0292 -51.4677
2 505.747 717.412 5 7.97747 -97.972 -72.3208
3 506.02 716.994 5 7.8583 -83.2846 29.8
4 506.294 716.575 5 7.76954 -74.488 119.018
5 506.567 716.157 5 7.71223 -74.6613 29.131
6 505.891 718.104 5 7.6545 -89.4964 48.9104
7 506.165 717.686 5 7.49694 -77.9831 -151.629
8 506.439 717.267 5 7.37001 -74.238 -146.463
9 506.712 716.849 5 7.27529 -71.8445 -153.893
10 506.986 716.43 5 7.21406 -73.1213 50.6263
11 506.31 718.378 5 7.18717 -78.9692 -86.0219
12 506.584 717.96 5 7.01914 -78.1621 20.268
13 506.857 717.541 5 6.88339 -66.5308 40.8247
14 507.131 717.123 5 6.78188 -70.3933 -30.0338
15 507.404 716.704 5 6.71616 -74.6159 89.9756
16 506.728 718.652 5 6.72455 -72.9748 97.2823
17 507.002 718.233 5 6.54465 -66.6092 -119.478
18 507.276 717.815 5 6.39885 -70.6564 157.109
19 507.549 717.396 5 6.28952 -76.2149 24.1659
20 507.823 716.978 5 6.2186 -68.5937 -104.617
21 507.147 718.925 5 6.26767 -79.8167 130.597
22 507.421 718.507 5 6.07425 -74.3663 -51.3038
23 507.694 718.088 5 5.91687 -74.0324 -177.94
24 507.968 717.67 5 5.79847 -77.9052 39.0994
25 508.241 717.251 5 5.72146 -72.0253 167.464
26 507.565 719.199 5 5.81789 -69.3242 -148.944
27 507.839 718.78 5 5.60898 -87.5809 34.6036
28 508.113 718.362 5 5.43815 -76.4114 84.0368
29 508.386 717.943 5 5.30908 -70.6428 -64.0345
30 508.66 717.525 5 5.22486 -78.2956 141.237
31 507.984 719.472 5 5.37698 -76.3685 -131.227
32 508.258 719.054 5 5.15022 -74.9721 64.7441
33 508.531 718.635 5 4.96363 -67.6444 46.5745
34 508.805 718.217 5 4.82188 -82.2693 166.59
35 509.078 717.798 5 4.72899 -81.7334 68.6566
36 508.402 719.746 5 4.94733 -69.103 152.899
37 508.676 719.328 5 4.69989 -91.7589 104.743
38 508.95 718.909 5 4.49464 -79.844 47.7691
39 509.223 718.491 5 4.33758 -72.3159 -36.5362
40 509.497 718.072 5 4.23408 -80.9779 -144.356
