1 514.644 719.84 5 4.01943 -62.9231 -67.9818
2 514.371 720.259 5 4.26638 -73.0826 55.7282
3 514.097 720.678 5 4.55501 -52.811 74.7634
4 513.824 721.096 5 4.87794 -51.1506 -113.341
5 513.551 721.515 5 5.22881 -66.0675 -170.04
6 513.278 721.934 5 5.60238 -80.3187 95.8762
7 513.004 722.353 5 5.9944 -82.3137 138.144
8 512.731 722.771 5 6.40148 -82.3362 38.4113
9 512.458 723.19 5 6.82093 -92.0843 -21.3076
10 512.185 723.609 5 7.2506 -87.0885 -70.1141
11 515.063 720.113 5 4.47232 -52.0268 -90.2263
12 514.789 720.532 5 4.69551 -69.2793 125.417
13 514.516 720.951 5 4.95923 -60.0755 -60.4521
14 514.243 721.37 5 5.25738 -50.7581 -137.789
15 513.97 721.788 5 5.58446 -69.3393 -76.733
16 513.696 722.207 5 5.93569 -70.9291 87.4662
17 513.423 722.626 5 6.30702 -79.4045 46.1852
18 513.15 723.045 5 6.69513 -73.6624 -62.9475
19 512.877 723.463 5 7.09724 -78.1388 147.94
20 512.603 723.882 5 7.51113 -79.5387 -174.507
21 515.481 720.387 5 4.93431 -56.5856 40.5801
22 515.208 720.805 5 5.13747 -73.1719 29.2147
23 514.935 721.224 5 5.37956 -72.7217 62.8729
24 514.662 721.643 5 5.65561 -52.2528 150.939
25 514.388 722.062 5 5.96087 -51.0018 7.83604
26 514.115 722.48 5 6.29112 -63.5873 65.2757
27 513.842 722.899 5 6.64262 -71.3452 -54.1153
28 513.568 723.318 5 7.01217 -82.5525 139.634
29 513.295 723.737 5 7.39707 -73.6669 179.655
30 513.022 724.155 5 7.79505 -76.3953 78.9927
31 515.9 720.66 5 5.40307 -60.0203 1.77842
32 515.627 721.079 5 5.58922 -69.2893 -87.3491
33 515.353 721.497 5 5.81253 -74.1644 -154.403
34 515.08 721.916 5 6.06891 -66.2678 -36.043
35 514.807 722.335 5 6.35435 -52.5257 -40.487
36 514.534 722.754 5 6.66513 -51.5944 159.273
37 514.26 723.172 5 6.99787 -66.927 -158.044
38 513.987 723.591 5 7.34958 -83.7446 136.673
39 516.319 720.933 5 5.87699 -65.8716 93.2164
40 516.045 721.352 5 6.04856 -54.0538 79.9056
41 515.772 721.771 5 6.2555 -78.6879 98.6789
42 515.499 722.189 5 6.49442 -72.7536 21.6304
43 515.226 722.608 5 6.76192 -61.6506 174.356
44 514.952 723.027 5 7.05477 -51.572 115.694
45 514.679 723.446 5 7.36993 -56.8881 -49.0124
46 514.406 723.864 5 7.70468 -118.397 -148.336
47 516.737 721.206 5 6.3549 -66.6233 -44.0939
48 516.464 721.625 5 6.5139 -61.6706 50.4411
49 516.191 722.044 5 6.70649 -73.4308 30.658
50 515.918 722.463 5 6.92988 -62.0652 -58.4412
51 515.644 722.881 5 7.18118 -68.8215 -80.0721
52 515.371 723.3 5 7.45758 -56.848 -1.02437
53 515.098 723.719 5 7.7564 -52.6778 -106.92
54 514.825 724.138 5 8.07514 -125.353 -25.0914
55 517.156 721.48 5 6.83597 -76.4142 -62.8449
56 516.883 721.898 5 6.98403 -62.7871 30.5293
57 516.61 722.317 5 7.164 -59.1786 146.575
58 516.336 722.736 5 7.37353 -80.946 -31.222
59 516.063 723.155 5 7.6102 -69.2701 104.656
60 515.79 723.573 5 7.87155 -64.7778 169.172
61 515.517 723.992 5 8.15521 -55.3545 174.694
62 515.243 724.411 5 8.45894 -114.955 170.593
63 517.575 721.753 5 7.31959 -66.7679 -133.204
64 517.302 722.172 5 7.45805 -73.9044 -148.452
65 517.028 722.59 5 7.62684 -67.1849 101.175
66 516.755 723.009 5 7.82399 -66.0195 24.9964
67 516.482 723.428 5 8.04742 -72.2235 -124.845
68 516.209 723.847 5 8.295 -68.2235 -4.27735
69 515.935 724.265 5 8.56465 -67.8878 -4.42522
70 515.662 724.684 5 8.85434 -62.0086 -123.103
71 517.994 722.026 5 7.80526 -67.6628 -43.2001
72 517.72 722.445 5 7.93525 -67.4226 -179.31
73 517.447 722.864 5 8.0941 -81.7108 -96.7886
74 517.174 723.282 5 8.28013 -57.0135 106.445
75 516.901 723.701 5 8.49157 -69.0166 -122.695
76 516.627 724.12 5 8.72656 -78.2167 173.393
77 516.354 724.539 5 8.98326 -81.6417 1.60639
78 516.081 724.957 5 9.25987 -69.3274 164.369
