1 505.473 717.831 5 6.07355 -81.7031 -64.8964
2 505.747 717.412 5 5.91666 -74.7744 171.464
3 506.02 716.994 5 5.79878 -73.063 -116.714
4 506.294 716.575 5 5.7223 -75.2969 154.876
5 506.567 716.157 5 5.6889 -63.528 119.534
6 505.891 718.104 5 5.60809 -72.2643 -64.2944
7 506.165 717.686 5 5.43779 -70.2791 76.9192
8 506.439 717.267 5 5.30928 -70.7594 -34.3041
9 506.712 716.849 5 5.22564 -69.6104 -117.982
10 506.986 716.43 5 5.18904 -70.22 55.2288
11 506.31 718.378 5 5.1491 -73.5478 136.327
12 506.584 717.96 5 4.96308 -69.5251 100.606
13 506.857 717.541 5 4.82193 -70.5721 -63.5904
14 507.131 717.123 5 4.72968 -72.9971 17.8674
15 507.404 716.704 5 4.68922 -69.4668 78.9143
16 506.728 718.652 5 4.6985 -68.9172 61.3058
17 507.002 718.233 5 4.49386 -73.0677 -21.7297
18 507.276 717.815 5 4.33747 -65.1855 -172.993
19 507.549 717.396 5 4.23468 -63.4067 -15.0262
20 507.823 716.978 5 4.18944 -63.9617 -107.609
21 507.147 718.925 5 4.25893 -80.712 28.184
22 507.421 718.507 5 4.03204 -69.2054 164.162
23 507.694 718.088 5 3.85697 -63.9132 -164.095
24 507.968 717.67 5 3.74101 -69.7679 -174.386
25 508.241 717.251 5 3.68972 -65.5667 -140.471
26 507.565 719.199 5 3.8342 -75.8673 -29.0054
27 507.839 718.78 5 3.5805 -64.3877 45.923
28 508.113 718.362 5 3.38214 -76.3979 147.241
29 508.386 717.943 5 3.24927 -70.7832 93.5581
30 508.66 717.525 5 3.19008 -74.0637 96.3037
31 507.984 719.472 5 3.42983 -61.3228 -68.6569
32 508.258 719.054 5 3.14366 -73.727 -132.645
33 508.531 718.635 5 2.91573 -76.5118 123.01
34 508.805 718.217 5 2.7605 -83.6462 63.5768
35 509.078 717.798 5 2.69058 -69.7123 -176.495
36 508.402 719.746 5 3.05391 -67.3378 -143.481
37 508.676 719.328 5 2.72859 -74.2588 52.2622
38 508.95 718.909 5 2.46254 -88.5368 62.1697
39 509.223 718.491 5 2.27661 -90.6987 27.6355
40 509.497 718.072 5 2.19131 -70.5821 105.215
