1 514.644 719.84 5 2.46501 -64.5074 -170.523
2 514.371 720.259 5 2.76147 -69.3112 -95.8521
3 514.097 720.678 5 3.1105 -58.3047 -81.6182
4 513.824 721.096 5 3.49637 -64.6943 -122.242
5 513.551 721.515 5 3.90821 -58.8433 -12.523
6 513.278 721.934 5 4.33861 -69.0194 113.536
7 513.004 722.353 5 4.78257 -75.1979 -167.127
8 512.731 722.771 5 5.23664 -67.8223 -4.33462
9 512.458 723.19 5 5.69841 -78.9179 -3.84844
10 512.185 723.609 5 6.16614 -77.3374 70.0868
11 515.063 720.113 5 2.90189 -50.9718 35.8568
12 514.789 720.532 5 3.1576 -64.4423 3.682
13 514.516 720.951 5 3.46697 -61.7734 154.388
14 514.243 721.37 5 3.81698 -57.185 50.7231
15 513.97 721.788 5 4.19747 -70.6129 27.0611
16 513.696 722.207 5 4.60089 -74.8723 138.463
17 513.423 722.626 5 5.02172 -66.5545 75.7802
18 513.15 723.045 5 5.45593 -66.9693 8.06969
19 512.877 723.463 5 5.90056 -70.2585 -162.931
20 512.603 723.882 5 6.35343 -88.0371 134.058
21 515.481 720.387 5 3.35644 -57.6911 -73.254
22 515.208 720.805 5 3.57982 -56.6741 -35.395
23 514.935 721.224 5 3.85546 -80.9836 -73.1807
24 514.662 721.643 5 4.17301 -62.0719 14.9991
25 514.388 722.062 5 4.52366 -62.3386 148.992
26 514.115 722.48 5 4.9003 -59.8581 -151.005
27 513.842 722.899 5 5.29739 -72.9654 129.746
28 513.568 723.318 5 5.71068 -82.0692 42.3523
29 513.295 723.737 5 6.13688 -75.7845 6.07427
30 513.022 724.155 5 6.57349 -74.2129 23.1876
31 515.9 720.66 5 3.82235 -61.1652 -102.238
32 515.627 721.079 5 4.01993 -57.4106 116.495
33 515.353 721.497 5 4.26723 -67.3233 105.38
34 515.08 721.916 5 4.55617 -65.8809 20.9583
35 514.807 722.335 5 4.87936 -71.3762 144.224
36 514.534 722.754 5 5.23045 -58.8433 -75.6953
37 514.26 723.172 5 5.6042 -59.5732 -21.2501
38 513.987 723.591 5 5.99637 -73.883 -125.11
39 516.319 720.933 5 4.29593 -54.4065 -6.35298
40 516.045 721.352 5 4.47264 -60.4364 -41.9147
41 515.772 721.771 5 4.69616 -59.9749 -25.1998
42 515.499 722.189 5 4.96018 -67.2893 -71.3171
43 515.226 722.608 5 5.2586 -65.5262 34.715
44 514.952 723.027 5 5.5859 -68.1049 -42.8823
45 514.679 723.446 5 5.93732 -67.4586 48.8462
46 514.406 723.864 5 6.30882 -100.543 -44.9943
47 516.737 721.206 5 4.77491 -91.7227 -141.657
48 516.464 721.625 5 4.93449 -62.6006 -114.497
49 516.191 722.044 5 5.13796 -59.1623 136.978
50 515.918 722.463 5 5.38034 -62.8323 158.723
51 515.644 722.881 5 5.65664 -65.7812 -66.5217
52 515.371 723.3 5 5.96213 -64.358 -156.783
53 515.098 723.719 5 6.29257 -77.9751 134.689
54 514.825 724.138 5 6.64424 -113.698 143.759
55 517.156 721.48 5 5.2578 -76.4722 138.86
56 516.883 721.898 5 5.40314 -58.6508 121.376
57 516.61 722.317 5 5.58957 -78.2291 -8.93318
58 516.336 722.736 5 5.81316 -53.7207 -41.928
59 516.063 723.155 5 6.06978 -63.4842 -61.4642
60 515.79 723.573 5 6.35544 -63.2559 112.902
61 515.517 723.992 5 6.66642 -70.369 55.9198
62 515.243 724.411 5 6.99933 -119.699 22.6016
63 517.575 721.753 5 5.74362 -79.1989 -28.5648
64 517.302 722.172 5 5.87695 -62.0389 109.713
65 517.028 722.59 5 6.0488 -57.9274 -132.687
66 516.755 723.009 5 6.25599 -64.7394 -168.754
67 516.482 723.428 5 6.49515 -62.2917 -162.821
68 516.209 723.847 5 6.76287 -66.2366 139.788
69 515.935 724.265 5 7.05591 -66.2073 -142.036
70 515.662 724.684 5 7.37125 -78.1793 160.645
71 517.994 722.026 5 6.23168 -67.0569 -134.678
72 517.72 722.445 5 6.35478 -70.6851 135.073
73 517.447 722.864 5 6.51404 -54.9306 142.58
74 517.174 723.282 5 6.70687 -65.7274 102.109
75 516.901 723.701 5 6.93048 -54.0761 -17.8114
76 516.627 724.12 5 7.182 -61.3698 -15.807
77 516.354 724.539 5 7.45859 -80.0499 -160.43
78 516.081 724.957 5 7.75757 -65.4473 28.7415
