1 509.951 714.045 5 4.12311 -56.6614 48.1276
2 510.37 714.318 5 3.64006 -45.8232 -23.0736
3 510.79 714.59 5 3.16228 -49.3417 -165.183
4 511.209 714.862 5 2.69258 -42.8346 163.712
5 511.628 715.135 5 2.23607 -46.3113 65.2437
6 512.048 715.407 5 1.80278 -45.1607 -159.518
7 512.467 715.679 5 1.41421 -45.0531 -130.41
8 512.886 715.952 5 1.11803 -44.1082 40.0178
9 513.306 716.224 5 1 -37.3356 -17.8869
10 513.725 716.496 5 1.11803 -53.4437 80.3498
11 514.144 716.769 5 1.41421 -44.9096 -160.779
12 514.564 717.041 5 1.80278 -43.4292 11.1204
13 514.983 717.313 5 2.23607 -51.2054 126.741
14 509.679 714.465 5 4.03113 -51.6718 -140.127
15 510.098 714.737 5 3.53553 -46.3911 -114.383
16 510.517 715.009 5 3.04138 -42.829 -123.27
17 510.937 715.282 5 2.54951 -44.9131 -147.911
18 511.356 715.554 5 2.06155 -44.7058 -170.412
19 511.775 715.826 5 1.58114 -43.4026 128.708
20 512.195 716.099 5 1.11803 -46.2695 26.5063
21 512.614 716.371 5 0.707107 -36.0822 122.135
22 513.033 716.643 5 0.5 -32.1715 -16.8009
23 513.453 716.916 5 0.707107 -35.5102 137.113
24 513.872 717.188 5 1.11803 -44.6462 49.7238
25 514.291 717.46 5 1.58114 -44.4371 92.2147
26 514.711 717.733 5 2.06155 -43.202 -169.485
27 509.406 714.884 5 4 -45.6654 -8.98319
28 509.826 715.156 5 3.5 -47.2945 2.22664
29 510.245 715.429 5 3 -48.1053 -19.0628
30 510.664 715.701 5 2.5 -46.9251 -25.0297
31 511.084 715.973 5 2 -46.476 15.5386
32 511.503 716.246 5 1.5 -41.1962 16.5645
33 511.922 716.518 5 1 -40.3819 -16.8964
34 512.342 716.79 5 0.5 -34.0189 -1.66196
35 512.761 717.063 5 0 -46.8022 -79.7733
36 513.18 717.335 5 0.5 -35.2458 1.14451
37 513.6 717.607 5 1 -40.5655 -14.4039
38 514.019 717.88 5 1.5 -46.4262 29.5676
39 514.438 718.152 5 2 -46.5358 1.29551
40 509.134 715.303 5 4.03113 -46.1576 -161.644
41 509.553 715.576 5 3.53553 -52.6518 -149.945
42 509.973 715.848 5 3.04138 -56.4665 -137.916
43 510.392 716.12 5 2.54951 -50.8341 -149.673
44 510.811 716.393 5 2.06155 -50.94 -170.46
45 511.231 716.665 5 1.58114 -47.8653 129.018
46 511.65 716.937 5 1.11803 -40.1754 2.61752
47 512.069 717.21 5 0.707107 -37.5705 113.902
48 512.489 717.482 5 0.5 -33.24 -13.0021
49 512.908 717.754 5 0.707107 -36.2176 128.989
50 513.327 718.027 5 1.11803 -40.1554 18.7216
51 513.747 718.299 5 1.58114 -42.9076 149.728
52 514.166 718.571 5 2.06155 -46.2524 -169.579
53 508.862 715.723 5 4.12311 -52.4145 -25.0893
54 509.281 715.995 5 3.64006 -54.1464 -2.02053
55 509.7 716.267 5 3.16228 -52.7286 -109.113
56 510.12 716.54 5 2.69258 -45.7771 166.223
57 510.539 716.812 5 2.23607 -50.6594 57.3839
58 510.958 717.084 5 1.80278 -49.3691 -141.846
59 511.378 717.357 5 1.41421 -41.4904 -100.932
60 511.797 717.629 5 1.11803 -41.3941 7.61041
61 512.216 717.901 5 1 -40.1212 -23.642
62 512.636 718.174 5 1.11803 -45.3009 -2.00715
63 513.055 718.446 5 1.41421 -45.3898 -128.348
64 513.474 718.718 5 1.80278 -50.6863 171.595
65 513.894 718.991 5 2.23607 -44.9313 51.9605
66 508.589 716.142 5 4.272 -52.3905 14.048
67 509.009 716.414 5 3.80789 -51.4515 131.643
68 509.428 716.687 5 3.3541 -46.5125 43.4816
69 509.847 716.959 5 2.91548 -46.1089 -69.2053
70 510.267 717.231 5 2.5 -51.8086 -25.9601
71 510.686 717.504 5 2.12132 -43.1891 -1.47602
72 511.105 717.776 5 1.80278 -47.2219 -115.536
73 511.525 718.048 5 1.58114 -56.0189 85.715
74 511.944 718.321 5 1.5 -42.8776 -35.7462
75 512.363 718.593 5 1.58114 -42.7431 136.971
76 512.783 718.865 5 1.80278 -54.2719 135.685
77 513.202 719.138 5 2.12132 -42.0546 14.9439
78 513.621 719.41 5 2.5 -51.4027 2.56206
79 510.414 717.923 5 2.5 -43.5076 25.8735
80 510.833 718.195 5 2.23607 -44.135 19.9074
81 511.672 718.74 5 2 -46.8708 -52.9538
82 512.091 719.012 5 2.06155 -46.1278 -152.593
83 512.51 719.285 5 2.23607 -45.1489 22.6599
84 512.93 719.557 5 2.5 -45.5069 11.6619
85 513.349 719.829 5 2.82843 -48.8932 135.739
86 510.141 718.342 5 2.91548 -45.7594 -142.617
87 510.561 718.615 5 2.69258 -50.2924 149.939
88 511.399 719.159 5 2.5 -50.2646 -146.239
89 511.819 719.432 5 2.54951 -44.243 -113.725
90 512.238 719.704 5 2.69258 -47.8744 134.223
91 512.657 719.976 5 2.91548 -52.5099 -128.651
92 513.077 720.249 5 3.20156 -50.8256 123.28
93 509.869 718.762 5 3.3541 -43.5283 76.667
94 510.288 719.034 5 3.16228 -53.1354 -8.69827
95 511.127 719.579 5 3 -46.0063 -98.5294
96 511.546 719.851 5 3.04138 -52.1844 139.252
97 511.966 720.123 5 3.16228 -50.2743 -114.274
98 512.385 720.396 5 3.3541 -54.0131 88.3204
99 512.804 720.668 5 3.60555 -48.8722 -40.3973
100 509.597 719.181 5 3.80789 -48.3343 -131.307
101 510.016 719.453 5 3.64006 -56.5945 -32.9537
102 509.324 719.6 5 4.272 -58.5828 8.73368
103 509.744 719.873 5 4.12311 -50.8714 86.8513
104 509.052 720.02 5 4.74342 -53.329 -81.344
105 509.471 720.292 5 4.60977 -50.2623 -47.2975
