1 514.644 719.84 5 2.85446 -63.518 69.0148
2 514.371 720.259 5 2.68259 -52.3188 112.928
3 514.097 720.678 5 2.59704 -61.1638 -155.417
4 513.824 721.096 5 2.60634 -72.7825 37.0155
5 513.551 721.515 5 2.70949 -53.2253 -118.987
6 513.278 721.934 5 2.8965 -63.1347 92.406
7 513.004 722.353 5 3.15247 -67.1574 -178.739
8 512.731 722.771 5 3.46214 -59.9879 -175.558
9 512.458 723.19 5 3.81245 -89.0445 158.808
10 512.185 723.609 5 4.19323 -83.8538 17.3157
11 515.063 720.113 5 3.31468 -51.4125 10.9441
12 514.789 720.532 5 3.16788 -51.1436 103.655
13 514.516 720.951 5 3.09578 -44.7998 -0.0336694
14 514.243 721.37 5 3.10358 -59.38 -8.1792
15 513.97 721.788 5 3.1907 -69.9835 164.094
16 513.696 722.207 5 3.35096 -53.6201 -114.632
17 513.423 722.626 5 3.57453 -61.1793 -98.217
18 513.15 723.045 5 3.85041 -57.1411 -21.9166
19 512.877 723.463 5 4.16821 -80.1933 -97.9255
20 512.603 723.882 5 4.51911 -78.9294 1.89343
21 515.481 720.387 5 3.78501 -51.5906 51.4495
22 515.208 720.805 5 3.65714 -51.3904 115.117
23 514.935 721.224 5 3.59486 -57.112 -89.0741
24 514.662 721.643 5 3.60158 -78.6357 -126.56
25 514.388 722.062 5 3.67692 -74.9556 -144.336
26 514.115 722.48 5 3.81682 -65.9547 106.625
27 513.842 722.899 5 4.01453 -64.5003 -63.5502
28 513.568 723.318 5 4.26202 -76.7881 91.6287
29 513.295 723.737 5 4.55117 -59.3187 -71.437
30 513.022 724.155 5 4.87458 -75.7952 -147.305
31 515.9 720.66 5 4.2621 -66.42 -167.625
32 515.627 721.079 5 4.14896 -51.5018 162.976
33 515.353 721.497 5 4.09417 -60.0997 21.8082
34 515.08 721.916 5 4.10007 -58.6506 35.7623
35 514.807 722.335 5 4.16641 -69.053 -98.005
36 514.534 722.754 5 4.29038 -66.9819 98.5471
37 514.26 723.172 5 4.46718 -53.5893 -51.9046
38 513.987 723.591 5 4.69085 -65.9507 -49.7057
39 516.319 720.933 5 4.74392 -53.4845 -118.486
40 516.045 721.352 5 4.64253 -52.8485 -160.94
41 515.772 721.771 5 4.59363 -58.4421 54.2497
42 515.499 722.189 5 4.59889 -63.0461 -60.6606
43 515.226 722.608 5 4.65813 -53.3729 -140.732
44 514.952 723.027 5 4.76933 -71.0205 172.373
45 514.679 723.446 5 4.92898 -63.432 -143.052
46 514.406 723.864 5 5.13257 -115.598 -176.23
47 516.737 721.206 5 5.22914 -53.1226 -72.79
48 516.464 721.625 5 5.13734 -54.0292 179.788
49 516.191 722.044 5 5.0932 -56.8461 56.5276
50 515.918 722.463 5 5.09794 -54.8575 -9.1466
51 515.644 722.881 5 5.15144 -58.2844 67.0421
52 515.371 723.3 5 5.25221 -64.6279 -12.3964
53 515.098 723.719 5 5.3976 -61.8305 -94.0263
54 514.825 724.138 5 5.58412 -117.283 121.644
55 517.156 721.48 5 5.71692 -52.6005 -0.940238
56 516.883 721.898 5 5.63307 -60.9646 -155.077
57 516.61 722.317 5 5.59284 -56.3871 5.84957
58 516.336 722.736 5 5.59716 -67.4301 -44.0393
59 516.063 723.155 5 5.64593 -63.6393 -112.232
60 515.79 723.573 5 5.73803 -58.8761 -142.206
61 515.517 723.992 5 5.8714 -65.1869 39.0145
62 515.243 724.411 5 6.04331 -122.003 135.183
63 517.575 721.753 5 6.20664 -52.4654 55.8686
64 517.302 722.172 5 6.1295 -76.0058 -102.755
65 517.028 722.59 5 6.09254 -57.0708 -24.2491
66 516.755 723.009 5 6.09651 -74.2312 -24.4788
67 516.482 723.428 5 6.14132 -57.5426 34.4409
68 516.209 723.847 5 6.22609 -65.5279 36.2368
69 515.935 724.265 5 6.34921 -55.5204 48.3093
70 515.662 724.684 5 6.50852 -70.7196 99.012
71 517.994 722.026 5 6.69788 -55.2515 72.4909
72 517.72 722.445 5 6.62646 -63.0384 136.437
73 517.447 722.864 5 6.59229 -60.4976 10.266
74 517.174 723.282 5 6.59596 -73.2214 -14.0624
75 516.901 723.701 5 6.63739 -69.0464 -33.2324
76 516.627 724.12 5 6.7159 -63.3887 -103.37
77 516.354 724.539 5 6.83021 -85.8915 168.883
78 516.081 724.957 5 6.97854 -60.5222 -162.672
