1 509.951 714.045 5 2.54951 -55.7704 -74.4862
2 510.37 714.318 5 2.06155 -45.1351 95.1189
3 510.79 714.59 5 1.58114 -43.9253 79.6872
4 511.209 714.862 5 1.11803 -38.3355 1.19701
5 511.628 715.135 5 0.707107 -36.6272 116.876
6 512.048 715.407 5 0.5 -32.4859 -4.03641
7 512.467 715.679 5 0.707107 -35.3997 126.044
8 512.886 715.952 5 1.11803 -41.4279 6.48399
9 513.306 716.224 5 1.58114 -43.9814 96.4949
10 513.725 716.496 5 2.06155 -51.9021 100.4
11 514.144 716.769 5 2.54951 -44.6919 -105.25
12 514.564 717.041 5 3.04138 -49.0958 6.69639
13 514.983 717.313 5 3.53553 -49.5166 125.696
14 509.679 714.465 5 2.5 -54.4232 149.745
15 510.098 714.737 5 2 -45.5956 46.2476
16 510.517 715.009 5 1.5 -44.247 16.6102
17 510.937 715.282 5 1 -39.7119 21.7848
18 511.356 715.554 5 0.5 -35.7232 0.225945
19 511.775 715.826 5 0 -50.6133 42.7341
20 512.195 716.099 5 0.5 -36.0895 -0.816438
21 512.614 716.371 5 1 -40.427 10.9033
22 513.033 716.643 5 1.5 -44.6189 4.43139
23 513.453 716.916 5 2 -49.3343 47.8077
24 513.872 717.188 5 2.5 -51.2504 39.0265
25 514.291 717.46 5 3 -49.4471 63.287
26 514.711 717.733 5 3.5 -48.4537 -32.5506
27 509.406 714.884 5 2.54951 -47.9632 -133.118
28 509.826 715.156 5 2.06155 -51.8058 156.47
29 510.245 715.429 5 1.58114 -46.2203 94.4187
30 510.664 715.701 5 1.11803 -46.1828 11.203
31 511.084 715.973 5 0.707107 -35.8378 122.935
32 511.503 716.246 5 0.5 -33.2882 -1.0674
33 511.922 716.518 5 0.707107 -37.7142 128.842
34 512.342 716.79 5 1.11803 -46.3941 45.5173
35 512.761 717.063 5 1.58114 -45.7805 117.677
36 513.18 717.335 5 2.06155 -50.4902 172.679
37 513.6 717.607 5 2.54951 -48.053 -127.194
38 514.019 717.88 5 3.04138 -47.422 -145.303
39 514.438 718.152 5 3.53553 -45.4871 -101.904
40 509.134 715.303 5 2.69258 -46.362 160.296
41 509.553 715.576 5 2.23607 -48.102 67.6874
42 509.973 715.848 5 1.80278 -45.6405 171.519
43 510.392 716.12 5 1.41421 -41.8309 -113.287
44 510.811 716.393 5 1.11803 -40.5823 6.99951
45 511.231 716.665 5 1 -40.7876 -17.2971
46 511.65 716.937 5 1.11803 -43.059 -5.86955
47 512.069 717.21 5 1.41421 -38.8821 -113.505
48 512.489 717.482 5 1.80278 -45.6488 -174.217
49 512.908 717.754 5 2.23607 -64.3334 76.114
50 513.327 718.027 5 2.69258 -46.0323 174.084
51 513.747 718.299 5 3.16228 -50.8252 -80.5652
52 514.166 718.571 5 3.64006 -45.9691 -3.11064
53 508.862 715.723 5 2.91548 -48.0693 -116.571
54 509.281 715.995 5 2.5 -44.661 12.0469
55 509.7 716.267 5 2.12132 -49.7659 -13.8657
56 510.12 716.54 5 1.80278 -47.1736 -173.706
57 510.539 716.812 5 1.58114 -47.2791 99.0444
58 510.958 717.084 5 1.5 -44.4947 -9.40196
59 511.378 717.357 5 1.58114 -47.4604 124.071
60 511.797 717.629 5 1.80278 -45.6522 -122.336
61 512.216 717.901 5 2.12132 -48.5304 -11.3954
62 512.636 718.174 5 2.5 -45.8402 -12.3467
63 513.055 718.446 5 2.91548 -50.1373 -98.7543
64 513.474 718.718 5 3.3541 -52.8945 36.9175
65 513.894 718.991 5 3.80789 -47.8246 146.796
66 508.589 716.142 5 3.20156 -52.9295 -179.774
67 509.009 716.414 5 2.82843 -41.3581 124.272
68 509.428 716.687 5 2.5 -47.1651 25.5607
69 509.847 716.959 5 2.23607 -45.1827 19.1562
70 510.267 717.231 5 2.06155 -50.3442 -140.853
71 510.686 717.504 5 2 -44.3907 -19.7735
72 511.105 717.776 5 2.06155 -46.2098 -160.82
73 511.525 718.048 5 2.23607 -44.1733 14.3514
74 511.944 718.321 5 2.5 -44.5622 3.94785
75 512.363 718.593 5 2.82843 -44.543 111.836
76 512.783 718.865 5 3.20156 -48.0881 149.426
77 513.202 719.138 5 3.60555 -49.8939 50.6465
78 513.621 719.41 5 4.03113 -49.0842 -97.4286
79 510.414 717.923 5 2.5 -48.4101 -15.4352
80 510.833 718.195 5 2.54951 -51.5875 -108.862
81 511.672 718.74 5 2.91548 -53.0316 -92.1876
82 512.091 719.012 5 3.20156 -52.0425 173.26
83 512.51 719.285 5 3.53553 -51.0012 -74.2913
84 512.93 719.557 5 3.90512 -55.2938 -73.6038
85 513.349 719.829 5 4.30116 -56.8415 -131.992
86 510.141 718.342 5 3 -49.4358 -50.5824
87 510.561 718.615 5 3.04138 -46.2252 -116.831
88 511.399 719.159 5 3.3541 -48.741 68.1602
89 511.819 719.432 5 3.60555 -50.4007 70.6797
90 512.238 719.704 5 3.90512 -54.8998 158.761
91 512.657 719.976 5 4.24264 -52.4739 -1.6235
92 513.077 720.249 5 4.60977 -52.2472 62.98
93 509.869 718.762 5 3.5 -53.2835 -15.1982
94 510.288 719.034 5 3.53553 -42.2529 -117.246
95 511.127 719.579 5 3.80789 -56.634 128.937
96 511.546 719.851 5 4.03113 -51.0379 151.884
97 511.966 720.123 5 4.30116 -49.4552 -169.987
98 512.385 720.396 5 4.60977 -50.8403 14.2928
99 512.804 720.668 5 4.94975 -54.1824 -48.0707
100 509.597 719.181 5 4 -57.0855 33.7689
101 510.016 719.453 5 4.03113 -45.4577 -105.613
102 509.324 719.6 5 4.5 -63.6182 -11.8054
103 509.744 719.873 5 4.52769 -53.2936 -96.0939
104 509.052 720.02 5 5 -53.2007 4.70939
105 509.471 720.292 5 5.02494 -71.7127 -117.471
