1 514.644 719.84 5 6.09499 -60.7031 137.643
2 514.371 720.259 5 6.09832 -58.5535 -22.3763
3 514.097 720.678 5 6.14249 -61.7825 171.161
4 513.824 721.096 5 6.22663 -66.483 -95.2846
5 513.551 721.515 5 6.34914 -72.9873 -144.212
6 513.278 721.934 5 6.50786 -76.1098 -27.7335
7 513.004 722.353 5 6.70022 -83.0953 149.283
8 512.731 722.771 5 6.92341 -81.1837 -131.456
9 512.458 723.19 5 7.17456 -88.8909 -103.033
10 512.185 723.609 5 7.45083 -85.5955 -69.6449
11 515.063 720.113 5 6.59471 -68.5536 155.293
12 514.789 720.532 5 6.5978 -57.7813 -13.4763
13 514.516 720.951 5 6.63864 -58.2896 -156.682
14 514.243 721.37 5 6.71657 -68.3159 -110.036
15 513.97 721.788 5 6.8303 -82.8848 -90.4264
16 513.696 722.207 5 6.97808 -85.2917 99.1602
17 513.423 722.626 5 7.15781 -87.1939 17.9044
18 513.15 723.045 5 7.36716 -96.1844 57.5523
19 512.877 723.463 5 7.60366 -103.165 -127.188
20 512.603 723.882 5 7.86488 -83.6037 -146.158
21 515.481 720.387 5 7.09448 -76.7386 -179.239
22 515.208 720.805 5 7.09734 -57.2366 2.89575
23 514.935 721.224 5 7.13533 -58.1966 -142.171
24 514.662 721.643 5 7.20789 -69.7719 -14.3214
25 514.388 722.062 5 7.31398 -74.9934 17.3945
26 514.115 722.48 5 7.45218 -71.816 101.835
27 513.842 722.899 5 7.62074 -83.0793 23.2419
28 513.568 723.318 5 7.8177 -78.2677 -26.3984
29 513.295 723.737 5 8.04096 -84.2697 97.299
30 513.022 724.155 5 8.28841 -89.557 63.434
31 515.9 720.66 5 7.59428 -69.8389 155.923
32 515.627 721.079 5 7.59695 -57.8702 12.5825
33 515.353 721.497 5 7.63246 -59.036 -157.389
34 515.08 721.916 5 7.70033 -71.1032 -104.135
35 514.807 722.335 5 7.79973 -73.244 -168.966
36 514.534 722.754 5 7.92946 -79.776 137.444
37 514.26 723.172 5 8.08808 -72.8587 -105.584
38 513.987 723.591 5 8.27392 -77.783 -30.5028
39 516.319 720.933 5 8.0941 -75.55 -77.5507
40 516.045 721.352 5 8.09661 -57.4214 7.22033
41 515.772 721.771 5 8.12993 -58.5427 -119.472
42 515.499 722.189 5 8.19368 -64.2607 69.0606
43 515.226 722.608 5 8.28717 -70.029 20.4506
44 514.952 723.027 5 8.40939 -74.9369 87.5529
45 514.679 723.446 5 8.55912 -76.839 -134.633
46 514.406 723.864 5 8.73494 -134.854 132.309
47 516.737 721.206 5 8.59394 -65.2935 100.971
48 516.464 721.625 5 8.59631 -69.581 56.0982
49 516.191 722.044 5 8.6277 -59.8676 -122.204
50 515.918 722.463 5 8.6878 -58.3352 99.8148
51 515.644 722.881 5 8.77602 -73.0427 -33.9433
52 515.371 723.3 5 8.89152 -74.3609 99.2159
53 515.098 723.719 5 9.03326 -75.7269 152.176
54 514.825 724.138 5 9.20003 -116.64 63.4919
55 517.156 721.48 5 9.0938 -59.8405 61.8713
56 516.883 721.898 5 9.09604 -72.0607 12.9338
57 516.61 722.317 5 9.12571 -67.196 -67.1366
58 516.336 722.736 5 9.18255 -66.5861 129.01
59 516.063 723.155 5 9.26606 -69.3947 -79.7758
60 515.79 723.573 5 9.37553 -65.6779 75.0433
61 515.517 723.992 5 9.51006 -77.7614 -119.87
62 515.243 724.411 5 9.66861 -114.892 98.4679
63 517.575 721.753 5 9.59367 -71.1266 -143.161
64 517.302 722.172 5 9.59579 -64.1151 11.5686
65 517.028 722.59 5 9.62393 -62.469 -99.5599
66 516.755 723.009 5 9.67784 -61.0411 114.777
67 516.482 723.428 5 9.75711 -68.7652 -165.952
68 516.209 723.847 5 9.86113 -73.7583 45.4421
69 515.935 724.265 5 9.98913 -75.7881 -152.844
70 515.662 724.684 5 10.1402 -73.133 -3.52893
71 517.994 722.026 5 10.0936 -60.7163 -118.107
72 517.72 722.445 5 10.0956 -57.7441 11.6096
73 517.447 722.864 5 10.1223 -58.8919 -18.3776
74 517.174 723.282 5 10.1736 -67.002 145.712
75 516.901 723.701 5 10.249 -74.0097 -96.6223
76 516.627 724.12 5 10.3481 -71.8443 37.2478
77 516.354 724.539 5 10.4701 -73.394 102.505
78 516.081 724.957 5 10.6144 -76.5138 84.2993
