1 514.644 719.84 5 4.60189 -65.6853 46.6015
2 514.371 720.259 5 4.66062 -66.5705 126.315
3 514.097 720.678 5 4.7713 -55.0029 150.499
4 513.824 721.096 5 4.93044 -59.2559 8.27722
5 513.551 721.515 5 5.13354 -67.4459 38.8506
6 513.278 721.934 5 5.37561 -79.7927 179.102
7 513.004 722.353 5 5.65165 -81.7103 94.1866
8 512.731 722.771 5 5.95694 -62.3722 -164.391
9 512.458 723.19 5 6.28722 -81.7784 149.019
10 512.185 723.609 5 6.63876 -95.9561 -77.6208
11 515.063 720.113 5 5.10097 -67.6406 108.475
12 514.789 720.532 5 5.15401 -63.3626 108.575
13 514.516 720.951 5 5.25431 -57.7441 -83.6921
14 514.243 721.37 5 5.39924 -58.0179 160.293
15 513.97 721.788 5 5.58531 -79.6428 30.1247
16 513.696 722.207 5 5.80859 -69.8796 -14.2672
17 513.423 722.626 5 6.06495 -72.1561 -87.5324
18 513.15 723.045 5 6.3504 -78.9558 -26.6376
19 512.877 723.463 5 6.6612 -85.4103 128.065
20 512.603 723.882 5 6.99397 -90.8839 -160.762
21 515.481 720.387 5 5.60021 -64.9663 154.488
22 515.208 720.805 5 5.64857 -63.2023 -120.778
23 514.935 721.224 5 5.74024 -55.5848 -95.578
24 514.662 721.643 5 5.87318 -54.4107 -128.155
25 514.388 722.062 5 6.04469 -72.5271 -27.2154
26 514.115 722.48 5 6.25158 -78.0157 -7.41857
27 513.842 722.899 5 6.49047 -65.5443 -140.193
28 513.568 723.318 5 6.75797 -83.4201 105.105
29 513.295 723.737 5 7.05082 -60.1255 -46.1018
30 513.022 724.155 5 7.36601 -76.8557 -53.2828
31 515.9 720.66 5 6.09958 -61.7834 153.701
32 515.627 721.079 5 6.14401 -71.1374 -0.893473
33 515.353 721.497 5 6.22839 -55.4779 -51.8981
34 515.08 721.916 5 6.35112 -59.3732 -27.1991
35 514.807 722.335 5 6.51005 -65.1934 -178.369
36 514.534 722.754 5 6.70259 -69.8001 113.33
37 514.26 723.172 5 6.92594 -77.9388 21.0667
38 513.987 723.591 5 7.17723 -77.4773 3.74806
39 516.319 720.933 5 6.59904 -91.82 13.0651
40 516.045 721.352 5 6.64013 -68.0571 147.527
41 515.772 721.771 5 6.71828 -59.8821 -17.4199
42 515.499 722.189 5 6.83222 -57.2176 -17.763
43 515.226 722.608 5 6.9802 -56.8788 -84.283
44 514.952 723.027 5 7.16011 -71.7781 154.919
45 514.679 723.446 5 7.36961 -72.3121 -20.876
46 514.406 723.864 5 7.60625 -109.464 125.97
47 516.737 721.206 5 7.09858 -60.4993 125.174
48 516.464 721.625 5 7.13679 -66.6968 -7.40276
49 516.191 722.044 5 7.20956 -59.5973 -6.02054
50 515.918 722.463 5 7.31586 -59.534 44.9441
51 515.644 722.881 5 7.45424 -66.6479 49.3197
52 515.371 723.3 5 7.62297 -75.8655 79.6229
53 515.098 723.719 5 7.82008 -70.4227 -3.94886
54 514.825 724.138 5 8.04348 -123.464 153.334
55 517.156 721.48 5 7.59818 -59.2531 176.936
56 516.883 721.898 5 7.63389 -69.2952 1.62042
57 516.61 722.317 5 7.70196 -86.3743 67.8697
58 516.336 722.736 5 7.80155 -63.9589 113.172
59 516.063 723.155 5 7.93147 -64.8875 98.2585
60 515.79 723.573 5 8.09025 -56.1383 -39.0806
61 515.517 723.992 5 8.27624 -67.597 -150.525
62 515.243 724.411 5 8.48764 -120.22 -49.5891
63 517.575 721.753 5 8.09783 -61.8202 141.878
64 517.302 722.172 5 8.13135 -71.9096 -156.566
65 517.028 722.59 5 8.19529 -62.9856 90.4229
66 516.755 723.009 5 8.28895 -59.9179 164.735
67 516.482 723.428 5 8.41134 -61.6647 142.946
68 516.209 723.847 5 8.56123 -69.4633 91.0159
69 515.935 724.265 5 8.7372 -71.3584 143.03
70 515.662 724.684 5 8.93771 -73.245 -41.9817
71 517.994 722.026 5 8.59752 -74.1719 5.79534
72 517.72 722.445 5 8.62909 -62.5328 -157.605
73 517.447 722.864 5 8.68938 -66.0118 43.8663
74 517.174 723.282 5 8.77777 -62.2381 -138.824
75 516.901 723.701 5 8.89343 -61.0584 -162.603
76 516.627 724.12 5 9.03533 -65.5604 157.703
77 516.354 724.539 5 9.20223 -65.1235 101.968
78 516.081 724.957 5 9.39282 -67.9894 -95.5096
