1 505.473 717.831 5 3.54479 -59.385 67.8359
2 505.747 717.412 5 3.11392 -56.4424 -157.767
3 506.02 716.994 5 2.70693 -53.9228 -65.7048
4 506.294 716.575 5 2.33633 -55.2146 -112.65
5 506.567 716.157 5 2.02223 -68.546 -63.3561
6 505.891 718.104 5 3.33634 -66.2027 39.8675
7 506.165 717.686 5 2.87439 -54.7119 -149.022
8 506.439 717.267 5 2.42757 -57.5163 49.5707
9 506.712 716.849 5 2.006 -52.9337 170.657
10 506.986 716.43 5 1.62942 -53.1622 96.3726
11 506.31 718.378 5 3.19324 -61.5846 132.579
12 506.584 717.96 5 2.70698 -60.9739 155.755
13 506.857 717.541 5 2.22682 -57.897 -69.4752
14 507.131 717.123 5 1.75775 -49.2512 -122.784
15 507.404 716.704 5 1.31173 -52.1043 15.1155
16 506.728 718.652 5 3.12448 -48.4286 -23.2925
17 507.002 718.233 5 2.62552 -46.6395 -25.7782
18 507.276 717.815 5 2.12705 -44.7745 -25.7544
19 507.549 717.396 5 1.6295 -45.3526 -41.064
20 507.823 716.978 5 1.13413 -43.766 -50.1204
21 507.147 718.925 5 3.13497 -48.4935 -46.1775
22 507.421 718.507 5 2.63799 -47.3255 -48.1872
23 507.694 718.088 5 2.14241 -45.8954 -54.8521
24 507.968 717.67 5 1.64952 -46.8936 -83.1588
25 508.241 717.251 5 1.1627 -51.0191 -92.3732
26 507.565 719.199 5 3.22392 -57.976 -49.8528
27 507.839 718.78 5 2.7431 -56.7713 -96.9772
28 508.113 718.362 5 2.27058 -49.8352 -142.732
29 508.386 717.943 5 1.81287 -56.7415 127.534
30 508.66 717.525 5 1.38473 -45.2805 179.923
31 507.984 719.472 5 3.38515 -58.6137 113.472
32 508.258 719.054 5 2.93091 -53.3489 92.2711
33 508.531 718.635 5 2.49423 -53.3788 -161.842
34 508.805 718.217 5 2.08618 -52.1165 -80.6719
35 509.078 717.798 5 1.72716 -56.6583 -167.996
36 508.402 719.746 5 3.609 -52.3159 -86.875
37 508.676 719.328 5 3.18682 -59.6147 -67.8568
38 508.95 718.909 5 2.79048 -79.03 27.6114
39 509.223 718.491 5 2.43264 -82.5364 -138.88
40 509.497 718.072 5 2.13277 -78.251 -94.5138
