1 514.644 719.84 5 6.51299 -65.4876 77.3224
2 514.371 720.259 5 6.7052 -71.2856 -48.8272
3 514.097 720.678 5 6.92823 -48.2761 46.8719
4 513.824 721.096 5 7.17921 -63.9458 -4.51586
5 513.551 721.515 5 7.45532 -69.7186 -176.277
6 513.278 721.934 5 7.75386 -67.8562 -101.99
7 513.004 722.353 5 8.07236 -82.1439 -79.7258
8 512.731 722.771 5 8.40855 -64.0451 55.2904
9 512.458 723.19 5 8.76039 -78.0441 54.3874
10 512.185 723.609 5 9.12607 -83.9751 -130.18
11 515.063 720.113 5 6.98326 -70.639 -118.578
12 514.789 720.532 5 7.16286 -84.1934 177.048
13 514.516 720.951 5 7.37206 -55.887 -123.838
14 514.243 721.37 5 7.60841 -49.4932 -111.964
15 513.97 721.788 5 7.86947 -78.0823 -97.2936
16 513.696 722.207 5 8.15287 -79.8818 3.78451
17 513.423 722.626 5 8.45636 -73.4345 157.543
18 513.15 723.045 5 8.77785 -66.9732 75.8055
19 512.877 723.463 5 9.11544 -92.1786 168.232
20 512.603 723.882 5 9.46742 -74.6708 -81.7438
21 515.481 720.387 5 7.4574 -61.4861 2.01704
22 515.208 720.805 5 7.62584 -68.1768 166.074
23 514.935 721.224 5 7.82267 -65.2417 15.671
24 514.662 721.643 5 8.04579 -49.4788 113.432
25 514.388 722.062 5 8.2931 -56.3261 62.7541
26 514.115 722.48 5 8.56249 -66.9676 -109.577
27 513.842 722.899 5 8.85194 -70.851 -74.7601
28 513.568 723.318 5 9.15956 -94.4648 88.9827
29 513.295 723.737 5 9.48357 -67.7294 -90.5774
30 513.022 724.155 5 9.82236 -94.9072 -97.4035
31 515.9 720.66 5 7.93471 -55.8856 132.723
32 515.627 721.079 5 8.09323 -65.8953 -109.873
33 515.353 721.497 5 8.27895 -65.3756 40.627
34 515.08 721.916 5 8.49009 -55.7113 -91.9844
35 514.807 722.335 5 8.72481 -49.689 -74.7941
36 514.534 722.754 5 8.98126 -62.5485 144.321
37 514.26 723.172 5 9.25763 -82.5026 46.1262
38 513.987 723.591 5 9.55219 -81.6929 -109.302
39 516.319 720.933 5 8.41466 -63.5923 -168.37
40 516.045 721.352 5 8.5643 -65.3789 -28.065
41 515.772 721.771 5 8.74002 -71.3597 117.789
42 515.499 722.189 5 8.94028 -73.4439 -2.92832
43 515.226 722.608 5 9.16347 -53.203 115.606
44 514.952 723.027 5 9.40797 -51.9555 92.4209
45 514.679 723.446 5 9.67215 -71.661 -147.596
46 514.406 723.864 5 9.95446 -123.789 92.7515
47 516.737 721.206 5 8.89682 -54.9709 5.76769
48 516.464 721.625 5 9.03848 -56.7866 100.472
49 516.191 722.044 5 9.20515 -58.9438 -89.3843
50 515.918 722.463 5 9.3955 -60.5245 113.109
51 515.644 722.881 5 9.60813 -57.0525 -78.6445
52 515.371 723.3 5 9.84158 -51.4124 -20.8038
53 515.098 723.719 5 10.0944 -54.6652 -101.302
54 514.825 724.138 5 10.3652 -122.872 -174.681
55 517.156 721.48 5 9.38085 -79.116 -45.4662
56 516.883 721.898 5 9.5153 -62.4584 -157.16
57 516.61 722.317 5 9.67376 -67.0648 0.907748
58 516.336 722.736 5 9.85507 -71.0965 154.069
59 516.063 723.155 5 10.058 -74.2588 21.5355
60 515.79 723.573 5 10.2812 -56.346 128.327
61 515.517 723.992 5 10.5235 -53.5488 145.67
62 515.243 724.411 5 10.7836 -122.108 6.14916
63 517.575 721.753 5 9.86647 -63.0752 131.587
64 517.302 722.172 5 9.99439 -61.6138 75.0279
65 517.028 722.59 5 10.1454 -57.6094 66.4704
66 516.755 723.009 5 10.3184 -56.5007 -57.381
67 516.482 723.428 5 10.5124 -68.5643 93.9637
68 516.209 723.847 5 10.7262 -57.7284 -36.2498
69 515.935 724.265 5 10.9586 -57.1454 -12.4137
70 515.662 724.684 5 11.2086 -61.6028 -113.497
71 517.994 722.026 5 10.3535 -67.8187 -149.265
72 517.72 722.445 5 10.4754 -70.666 95.2801
73 517.447 722.864 5 10.6196 -58.9262 -102.53
74 517.174 723.282 5 10.785 -64.5608 38.1194
75 516.901 723.701 5 10.9707 -69.7377 -72.499
76 516.627 724.12 5 11.1758 -62.0175 121.07
77 516.354 724.539 5 11.399 -58.7729 160.556
78 516.081 724.957 5 11.6395 -60.5428 -148.922
