1 505.473 717.831 5 7.65398 -76.6225 -47.4181
2 505.747 717.412 5 7.49651 -72.2672 -59.8789
3 506.02 716.994 5 7.36967 -68.6064 -138.602
4 506.294 716.575 5 7.27505 -67.5789 -2.96449
5 506.567 716.157 5 7.21393 -69.8437 -159.446
6 505.891 718.104 5 7.18662 -70.8502 6.85485
7 506.165 717.686 5 7.01868 -72.1863 138.533
8 506.439 717.267 5 6.88304 -70.9893 136.937
9 506.712 716.849 5 6.78163 -63.7391 69.0335
10 506.986 716.43 5 6.71602 -73.4654 -126.379
11 506.31 718.378 5 6.72396 -68.0956 114.68
12 506.584 717.96 5 6.54416 -81.3771 -179.422
13 506.857 717.541 5 6.39846 -66.9672 -80.1219
14 507.131 717.123 5 6.28925 -72.2919 99.1816
15 507.404 716.704 5 6.21844 -71.2226 4.2875
16 506.728 718.652 5 6.26704 -65.9661 165.79
17 507.002 718.233 5 6.07372 -66.1376 152.053
18 507.276 717.815 5 5.91646 -66.692 -8.06629
19 507.549 717.396 5 5.79817 -76.0103 -76.1819
20 507.823 716.978 5 5.72129 -70.9836 -71.8489
21 507.147 718.925 5 5.81721 -73.9132 100.394
22 507.421 718.507 5 5.60841 -68.8793 -133.062
23 507.694 718.088 5 5.4377 -70.6324 73.0021
24 507.968 717.67 5 5.30876 -73.4924 -97.76
25 508.241 717.251 5 5.22468 -79.391 148.552
26 507.565 719.199 5 5.37625 -63.3898 69.3057
27 507.839 718.78 5 5.1496 -69.0396 -138.349
28 508.113 718.362 5 4.96314 -71.5488 46.3292
29 508.386 717.943 5 4.82152 -74.7374 -87.7917
30 508.66 717.525 5 4.72879 -71.7657 14.1283
31 507.984 719.472 5 4.94653 -67.2717 115.042
32 508.258 719.054 5 4.6992 -77.2391 -131.998
33 508.531 718.635 5 4.49409 -76.4926 -171.789
34 508.805 718.217 5 4.33719 -89.053 -111.864
35 509.078 717.798 5 4.23386 -79.8562 130.256
36 508.402 719.746 5 4.53126 -62.6666 29.4213
37 508.676 719.328 5 4.25989 -68.2176 14.2983
38 508.95 718.909 5 4.03249 -67.4432 64.6125
39 509.223 718.491 5 3.85686 -76.1749 78.0446
40 509.497 718.072 5 3.74028 -70.2728 135.345
