1 505.473 717.831 5 8.73632 -67.5223 41.3773
2 505.747 717.412 5 8.42253 -72.0746 -71.5547
3 506.02 716.994 5 8.12742 -73.4454 -177.134
4 506.294 716.575 5 7.85308 -65.0582 9.35425
5 506.567 716.157 5 7.60176 -80.6093 11.4874
6 505.891 718.104 5 8.36041 -70.829 -73.4316
7 506.165 717.686 5 8.03195 -64.4703 -88.3089
8 506.439 717.267 5 7.72193 -67.8022 140.399
9 506.712 716.849 5 7.43263 -72.1468 115.231
10 506.986 716.43 5 7.16658 -62.2097 -155.045
11 506.31 718.378 5 7.9981 -73.2223 143.939
12 506.584 717.96 5 7.65411 -67.4872 120.391
13 506.857 717.541 5 7.32812 -66.611 155.464
14 507.131 717.123 5 7.02262 -67.9199 64.0556
15 507.404 716.704 5 6.74041 -71.2588 -81.8401
16 506.728 718.652 5 7.65132 -73.3728 -40.0433
17 507.002 718.233 5 7.291 -68.6228 22.281
18 507.276 717.815 5 6.94799 -67.3706 -21.3888
19 507.549 717.396 5 6.62498 -60.7019 35.3522
20 507.823 716.978 5 6.32505 -69.9844 -106.891
21 507.147 718.925 5 7.32229 -75.2709 -92.4385
22 507.421 718.507 5 6.94491 -71.5037 -169.884
23 507.694 718.088 5 6.5839 -62.412 -88.2309
24 507.968 717.67 5 6.24208 -71.9024 178.615
25 508.241 717.251 5 5.92279 -61.5125 -126.297
26 507.565 719.199 5 7.0135 -72.621 48.652
27 507.839 718.78 5 6.61854 -68.4844 169.935
28 508.113 718.362 5 6.23866 -79.9496 161.684
29 508.386 717.943 5 5.8768 -68.0186 45.0702
30 508.66 717.525 5 5.53648 -80.2512 111.889
31 507.984 719.472 5 6.72773 -63.1453 74.5396
32 508.258 719.054 5 6.31492 -65.3999 19.7986
33 508.531 718.635 5 5.91558 -86.9744 33.7786
34 508.805 718.217 5 5.53263 -80.3867 -25.6707
35 509.078 717.798 5 5.1697 -76.2625 -148.305
36 508.402 719.746 5 6.46804 -64.7535 -89.5244
37 508.676 719.328 5 6.0375 -72.9613 -41.034
38 508.95 718.909 5 5.61847 -75.3543 3.23472
39 509.223 718.491 5 5.21374 -69.1203 43.4454
40 509.497 718.072 5 4.8269 -72.4081 -72.7603
