1 514.644 719.84 5 1.35594 -57.3357 -73.6449
2 514.371 720.259 5 1.70007 -67.371 98.8685
3 514.097 720.678 5 2.10757 -61.5838 -168.989
4 513.824 721.096 5 2.54824 -76.8554 -157.008
5 513.551 721.515 5 3.00752 -61.4111 6.55825
6 513.278 721.934 5 3.47805 -69.0524 9.01899
7 513.004 722.353 5 3.95581 -76.488 -166.496
8 512.731 722.771 5 4.43848 -70.8951 -8.031
9 512.458 723.19 5 4.9246 -88.4401 81.9892
10 512.185 723.609 5 5.41326 -82.8954 26.7242
11 515.063 720.113 5 1.78387 -51.9651 13.3634
12 514.789 720.532 5 2.05763 -52.2328 -13.2157
13 514.516 720.951 5 2.4053 -65.8465 -6.21234
14 514.243 721.37 5 2.79948 -66.2299 80.2533
15 513.97 721.788 5 3.22316 -65.8433 -46.9266
16 513.696 722.207 5 3.66611 -81.9667 -13.1531
17 513.423 722.626 5 4.12214 -67.1365 -13.1813
18 513.15 723.045 5 4.58734 -77.0579 85.6602
19 512.877 723.463 5 5.05918 -88.1151 -163.035
20 512.603 723.882 5 5.53597 -79.9885 38.3229
21 515.481 720.387 5 2.24182 -52.5125 -70.1483
22 515.208 720.805 5 2.46524 -66.0424 -27.7844
23 514.935 721.224 5 2.76208 -57.1748 161.456
24 514.662 721.643 5 3.11138 -59.4187 4.53424
25 514.388 722.062 5 3.49748 -62.3328 -52.3053
26 514.115 722.48 5 3.90947 -70.946 169.759
27 513.842 722.899 5 4.34 -72.5539 -15.1527
28 513.568 723.318 5 4.78406 -89.7743 -10.7082
29 513.295 723.737 5 5.23822 -80.0105 -119.418
30 513.022 724.155 5 5.70005 -68.8071 86.2466
31 515.9 720.66 5 2.71466 -68.4992 91.3398
32 515.627 721.079 5 2.9019 -53.9204 55.1305
33 515.353 721.497 5 3.15795 -56.8828 -126.281
34 515.08 721.916 5 3.46761 -64.922 -31.4426
35 514.807 722.335 5 3.81785 -62.8536 -135.263
36 514.534 722.754 5 4.19852 -62.7925 -2.05785
37 514.26 723.172 5 4.60209 -62.6014 149.566
38 513.987 723.591 5 5.02303 -77.2629 -150.982
39 516.319 720.933 5 3.19577 -66.2595 -27.3072
40 516.045 721.352 5 3.35628 -56.1902 -53.438
41 515.772 721.771 5 3.57998 -52.9808 172.747
42 515.499 722.189 5 3.85589 -60.5095 -46.6891
43 515.226 722.608 5 4.17367 -62.5988 9.07157
44 514.952 723.027 5 4.52451 -61.8244 23.4997
45 514.679 723.446 5 4.90131 -64.134 -104.464
46 514.406 723.864 5 5.29853 -121.516 153.943
47 516.737 721.206 5 3.68192 -52.0807 49.889
48 516.464 721.625 5 3.82207 -61.9296 -153.379
49 516.191 722.044 5 4.01993 -56.9856 85.1271
50 515.918 722.463 5 4.26749 -61.1763 -13.5545
51 515.644 722.881 5 4.55666 -75.1278 -89.4873
52 515.371 723.3 5 4.88004 -64.4521 140.07
53 515.098 723.719 5 5.23129 -68.7612 -136.844
54 514.825 724.138 5 5.60518 -122.378 -114.783
55 517.156 721.48 5 4.17135 -64.7804 -81.4781
56 516.883 721.898 5 4.29556 -62.5559 70.9975
57 516.61 722.317 5 4.47252 -66.8993 66.9059
58 516.336 722.736 5 4.69628 -55.9673 -117.767
59 516.063 723.155 5 4.96052 -68.0605 130.287
60 515.79 723.573 5 5.25912 -69.456 98.1204
61 515.517 723.992 5 5.58659 -60.8418 -119.045
62 515.243 724.411 5 5.93815 -116.439 -37.3366
63 517.575 721.753 5 4.66302 -66.1475 155.409
64 517.302 722.172 5 4.77445 -60.6581 151.819
65 517.028 722.59 5 4.93427 -54.7365 170.834
66 516.755 723.009 5 5.13796 -64.223 165.347
67 516.482 723.428 5 5.38055 -68.692 34.3279
68 516.209 723.847 5 5.65703 -62.9038 -125.305
69 515.935 724.265 5 5.96269 -66.5757 151.366
70 515.662 724.684 5 6.29327 -67.3932 30.4693
71 517.994 722.026 5 5.15629 -64.9839 25.4902
72 517.72 722.445 5 5.25728 -51.5909 -175.818
73 517.447 722.864 5 5.40284 -59.6009 103.453
74 517.174 723.282 5 5.58948 -68.9068 57.0733
75 516.901 723.701 5 5.81325 -55.1806 -72.4072
76 516.627 724.12 5 6.07005 -66.4325 177.705
77 516.354 724.539 5 6.35588 -65.39 29.0693
78 516.081 724.957 5 6.667 -69.0072 2.02651
