1 509.951 714.045 5 5.22015 -49.1121 154.151
2 510.37 714.318 5 4.74342 -47.5555 42.464
3 510.79 714.59 5 4.272 -54.3824 -94.4222
4 511.209 714.862 5 3.80789 -51.5049 -154.36
5 511.628 715.135 5 3.3541 -47.828 -22.3977
6 512.048 715.407 5 2.91548 -49.5898 -112.853
7 512.467 715.679 5 2.5 -52.5227 -21.2246
8 512.886 715.952 5 2.12132 -41.0985 -11.2127
9 513.306 716.224 5 1.80278 -41.8562 -171.282
10 513.725 716.496 5 1.58114 -42.7422 153.916
11 514.144 716.769 5 1.5 -43.1425 -13.6731
12 514.564 717.041 5 1.58114 -47.8657 -60.7645
13 514.983 717.313 5 1.80278 -46.9141 9.5752
14 509.679 714.465 5 5.09902 -59.4284 115.98
15 510.098 714.737 5 4.60977 -48.6059 -16.7941
16 510.517 715.009 5 4.12311 -49.3942 2.91206
17 510.937 715.282 5 3.64006 -56.6163 43.3613
18 511.356 715.554 5 3.16228 -47.7 -111.036
19 511.775 715.826 5 2.69258 -49.6608 174.833
20 512.195 716.099 5 2.23607 -53.3735 78.4621
21 512.614 716.371 5 1.80278 -44.9682 -168.357
22 513.033 716.643 5 1.41421 -42.4884 -128.423
23 513.453 716.916 5 1.11803 -42.7109 13.7619
24 513.872 717.188 5 1 -37.2465 -4.74061
25 514.291 717.46 5 1.11803 -39.8907 11.126
26 514.711 717.733 5 1.41421 -42.8637 -117.516
27 509.406 714.884 5 5.02494 -53.9716 -114.172
28 509.826 715.156 5 4.52769 -47.5115 -124.054
29 510.245 715.429 5 4.03113 -50.0714 -129.29
30 510.664 715.701 5 3.53553 -49.1479 -106.515
31 511.084 715.973 5 3.04138 -52.5024 -100.89
32 511.503 716.246 5 2.54951 -53.3969 -108.882
33 511.922 716.518 5 2.06155 -51.4829 -167.789
34 512.342 716.79 5 1.58114 -46.6707 107.056
35 512.761 717.063 5 1.11803 -39.5937 4.5006
36 513.18 717.335 5 0.707107 -38.1576 129.081
37 513.6 717.607 5 0.5 -31.6842 -7.47638
38 514.019 717.88 5 0.707107 -37.5242 102.432
39 514.438 718.152 5 1.11803 -41.8879 4.06614
40 509.134 715.303 5 5 -43.8925 -18.4184
41 509.553 715.576 5 4.5 -46.2203 -12.494
42 509.973 715.848 5 4 -46.1221 -21.1847
43 510.392 716.12 5 3.5 -45.474 -1.15916
44 510.811 716.393 5 3 -44.6962 0.490594
45 511.231 716.665 5 2.5 -43.8108 31.2173
46 511.65 716.937 5 2 -42.635 17.4943
47 512.069 717.21 5 1.5 -38.6157 -2.88376
48 512.489 717.482 5 1 -36.1776 5.41921
49 512.908 717.754 5 0.5 -32.9847 -4.23984
50 513.327 718.027 5 0 -43.1153 -28.7254
51 513.747 718.299 5 0.5 -34.0036 3.26904
52 514.166 718.571 5 1 -37.1909 14.4758
53 508.862 715.723 5 5.02494 -52.792 21.9244
54 509.281 715.995 5 4.52769 -49.0411 -72.7542
55 509.7 716.267 5 4.03113 -47.4574 -97.3621
56 510.12 716.54 5 3.53553 -52.0835 -78.3296
57 510.539 716.812 5 3.04138 -51.5908 -121.557
58 510.958 717.084 5 2.54951 -48.7566 -101.187
59 511.378 717.357 5 2.06155 -42.398 -153.558
60 511.797 717.629 5 1.58114 -41.9388 77.7667
61 512.216 717.901 5 1.11803 -37.0631 28.0903
62 512.636 718.174 5 0.707107 -39.6313 100.294
63 513.055 718.446 5 0.5 -33.2445 -3.06049
64 513.474 718.718 5 0.707107 -38.3016 105.407
65 513.894 718.991 5 1.11803 -40.1077 13.48
66 508.589 716.142 5 5.09902 -59.3416 119.794
67 509.009 716.414 5 4.60977 -48.5866 33.4856
68 509.428 716.687 5 4.12311 -47.1094 10.8509
69 509.847 716.959 5 3.64006 -49.6593 -74.0023
70 510.267 717.231 5 3.16228 -43.913 -141.026
71 510.686 717.504 5 2.69258 -46.0841 157.039
72 511.105 717.776 5 2.23607 -50.0617 47.0798
73 511.525 718.048 5 1.80278 -46.0633 -171.073
74 511.944 718.321 5 1.41421 -45.8391 -128.351
75 512.363 718.593 5 1.11803 -41.5658 4.53598
76 512.783 718.865 5 1 -40.3021 -24.9721
77 513.202 719.138 5 1.11803 -39.4662 4.89956
78 513.621 719.41 5 1.41421 -44.0789 -133.46
79 510.414 717.923 5 2.91548 -42.0857 -112.776
80 510.833 718.195 5 2.5 -51.0125 35.3862
81 511.672 718.74 5 1.80278 -45.8756 -137.613
82 512.091 719.012 5 1.58114 -47.9349 143.915
83 512.51 719.285 5 1.5 -44.1752 -38.0325
84 512.93 719.557 5 1.58114 -47.5395 120.235
85 513.349 719.829 5 1.80278 -47.9727 -174.243
86 510.141 718.342 5 3.20156 -49.1227 85.1306
87 510.561 718.615 5 2.82843 -57.9806 35.4582
88 511.399 719.159 5 2.23607 -55.7883 164.203
89 511.819 719.432 5 2.06155 -41.0541 -144.322
90 512.238 719.704 5 2 -47.4893 -45.0165
91 512.657 719.976 5 2.06155 -45.1255 -174.523
92 513.077 720.249 5 2.23607 -42.9055 57.0201
93 509.869 718.762 5 3.53553 -52.211 -164.946
94 510.288 719.034 5 3.20156 -56.4487 164.871
95 511.127 719.579 5 2.69258 -40.6818 165.073
96 511.546 719.851 5 2.54951 -55.3772 126.06
97 511.966 720.123 5 2.5 -46.6371 -92.956
98 512.385 720.396 5 2.54951 -45.1121 -78.9807
99 512.804 720.668 5 2.69258 -39.0258 -1.15651
100 509.597 719.181 5 3.90513 -59.3938 8.6746
101 510.016 719.453 5 3.60555 -53.4355 -169.879
102 509.324 719.6 5 4.30116 -55.6937 -18.7387
103 509.744 719.873 5 4.03113 -56.0551 -144.724
104 509.052 720.02 5 4.71699 -58.8872 -56.4717
105 509.471 720.292 5 4.47214 -60.8327 -78.8385
