1 509.951 714.045 5 2.54951 -47.3319 -66.399
2 510.37 714.318 5 2.5 -45.3872 31.6699
3 510.79 714.59 5 2.54951 -54.3348 -88.2148
4 511.209 714.862 5 2.69258 -49.0456 98.5528
5 511.628 715.135 5 2.91548 -45.3944 -127.434
6 512.048 715.407 5 3.20156 -53.8414 -29.8948
7 512.467 715.679 5 3.53553 -48.7748 -100.133
8 512.886 715.952 5 3.90512 -55.4882 146.827
9 513.306 716.224 5 4.30116 -48.3624 167.143
10 513.725 716.496 5 4.71699 -48.408 150.758
11 514.144 716.769 5 5.14782 -52.8411 -138.999
12 514.564 717.041 5 5.59017 -45.6905 -110.118
13 514.983 717.313 5 6.04152 -50.1128 141.494
14 509.679 714.465 5 2.06155 -49.4552 -168.856
15 510.098 714.737 5 2 -44.8713 11.5787
16 510.517 715.009 5 2.06155 -51.4835 -136.574
17 510.937 715.282 5 2.23607 -43.1098 11.9929
18 511.356 715.554 5 2.5 -49.9895 36.909
19 511.775 715.826 5 2.82843 -42.5277 120.436
20 512.195 716.099 5 3.20156 -53.5731 -156.368
21 512.614 716.371 5 3.60555 -47.9663 55.4691
22 513.033 716.643 5 4.03113 -52.6924 -108.24
23 513.453 716.916 5 4.47214 -50.8275 57.1044
24 513.872 717.188 5 4.92443 -49.511 -129.082
25 514.291 717.46 5 5.38516 -45.7963 -68.9595
26 514.711 717.733 5 5.85235 -57.8851 28.1783
27 509.406 714.884 5 1.58114 -48.3471 92.1566
28 509.826 715.156 5 1.5 -40.2823 11.0955
29 510.245 715.429 5 1.58114 -51.5268 108.42
30 510.664 715.701 5 1.80278 -44.2899 -145.58
31 511.084 715.973 5 2.12132 -43.1278 -18.8504
32 511.503 716.246 5 2.5 -61.5115 147.806
33 511.922 716.518 5 2.91548 -45.4726 -84.0879
34 512.342 716.79 5 3.3541 -46.3628 55.8537
35 512.761 717.063 5 3.80789 -49.4345 156.589
36 513.18 717.335 5 4.272 -56.7782 -85.5976
37 513.6 717.607 5 4.74342 -51.1996 27.1136
38 514.019 717.88 5 5.22015 -44.2964 45.3635
39 514.438 718.152 5 5.70088 -45.4343 94.7121
40 509.134 715.303 5 1.11803 -40.6607 -20.3728
41 509.553 715.576 5 1 -39.1265 20.0219
42 509.973 715.848 5 1.11803 -40.4687 -7.60261
43 510.392 716.12 5 1.41421 -46.7372 -134.975
44 510.811 716.393 5 1.80278 -53.127 159.948
45 511.231 716.665 5 2.23607 -45.0099 39.5685
46 511.65 716.937 5 2.69258 -41.8024 132.423
47 512.069 717.21 5 3.16228 -50.1414 -136.05
48 512.489 717.482 5 3.64006 -48.6112 -71.8515
49 512.908 717.754 5 4.12311 -44.4243 -10.2492
50 513.327 718.027 5 4.60977 -48.4457 35.1042
51 513.747 718.299 5 5.09902 -51.5913 60.1248
52 514.166 718.571 5 5.59017 -54.1188 125.417
53 508.862 715.723 5 0.707107 -37.127 132.534
54 509.281 715.995 5 0.5 -33.3598 9.49867
55 509.7 716.267 5 0.707107 -38.9888 139.409
56 510.12 716.54 5 1.11803 -40.8746 -4.38439
57 510.539 716.812 5 1.58114 -40.5313 94.4579
58 510.958 717.084 5 2.06155 -50.0769 132.037
59 511.378 717.357 5 2.54951 -42.6847 -152.882
60 511.797 717.629 5 3.04138 -48.1667 -96.0578
61 512.216 717.901 5 3.53553 -59.8382 -103.64
62 512.636 718.174 5 4.03113 -55.8549 -108.454
63 513.055 718.446 5 4.52769 -51.4806 -68.878
64 513.474 718.718 5 5.02494 -55.0466 -59.8857
65 513.894 718.991 5 5.52268 -47.4317 -29.9352
66 508.589 716.142 5 0.5 -34.0175 1.74184
67 509.009 716.414 5 0 -45.0281 31.1795
68 509.428 716.687 5 0.5 -33.3002 15.1256
69 509.847 716.959 5 1 -39.1319 -14.8241
70 510.267 717.231 5 1.5 -47.5716 30.6102
71 510.686 717.504 5 2 -46.084 12.5835
72 511.105 717.776 5 2.5 -43.4291 31.0413
73 511.525 718.048 5 3 -55.0595 117.296
74 511.944 718.321 5 3.5 -49.4971 -36.5168
75 512.363 718.593 5 4 -54.4593 -57.7517
76 512.783 718.865 5 4.5 -52.6652 -32.5098
77 513.202 719.138 5 5 -57.9877 -53.6184
78 513.621 719.41 5 5.5 -50.441 2.72318
79 510.414 717.923 5 2.06155 -59.0026 -48.3941
80 510.833 718.195 5 2.54951 -47.3912 -123.715
81 511.672 718.74 5 3.53553 -54.5727 7.33833
82 512.091 719.012 5 4.03113 -68.3319 -2.78842
83 512.51 719.285 5 4.52769 -56.5182 -65.2749
84 512.93 719.557 5 5.02494 -55.6717 -90.0375
85 513.349 719.829 5 5.52268 -51.759 -58.9184
86 510.141 718.342 5 2.23607 -57.2799 -23.1113
87 510.561 718.615 5 2.69258 -51.6482 -111.355
88 511.399 719.159 5 3.64006 -56.8944 -158.265
89 511.819 719.432 5 4.12311 -52.1406 -83.7676
90 512.238 719.704 5 4.60977 -50.1931 -78.1733
91 512.657 719.976 5 5.09902 -60.6776 -109.729
92 513.077 720.249 5 5.59017 -67.296 120.527
93 509.869 718.762 5 2.5 -59.9802 97.8259
94 510.288 719.034 5 2.91548 -57.4266 -48.7635
95 511.127 719.579 5 3.80789 -71.552 -112.598
96 511.546 719.851 5 4.272 -50.655 -57.6842
97 511.966 720.123 5 4.74342 -71.912 22.1583
98 512.385 720.396 5 5.22015 -59.1836 69.9075
99 512.804 720.668 5 5.70088 -61.0203 -48.1614
100 509.597 719.181 5 2.82843 -69.3455 60.2243
101 510.016 719.453 5 3.20156 -53.0456 46.8967
102 509.324 719.6 5 3.20156 -57.8154 36.753
103 509.744 719.873 5 3.53553 -55.8932 -176.508
104 509.052 720.02 5 3.60555 -57.8203 129.537
105 509.471 720.292 5 3.90513 -57.5864 -76.4429
