1 514.644 719.84 5 1.10928 -53.3073 -149.34
2 514.371 720.259 5 1.13232 -48.7447 -122.946
3 514.097 720.678 5 1.35418 -41.9133 -72.4601
4 513.824 721.096 5 1.69866 -53.2179 27.6326
5 513.551 721.515 5 2.10644 -61.619 4.49108
6 513.278 721.934 5 2.5473 -64.4937 -171.372
7 513.004 722.353 5 3.00672 -65.1114 -65.5629
8 512.731 722.771 5 3.47736 -63.414 118.198
9 512.458 723.19 5 3.95521 -76.8028 -133.738
10 512.185 723.609 5 4.43794 -84.5191 109.736
11 515.063 720.113 5 1.60372 -61.1374 -66.3989
12 514.789 720.532 5 1.61974 -62.0212 -28.8306
13 514.516 720.951 5 1.78191 -51.7983 158.32
14 514.243 721.37 5 2.05593 -46.848 56.4914
15 513.97 721.788 5 2.40385 -60.6713 79.4095
16 513.696 722.207 5 2.79824 -68.9222 -91.3889
17 513.423 722.626 5 3.22208 -68.0478 -120.73
18 513.15 723.045 5 3.66516 -62.3137 93.9794
19 512.877 723.463 5 4.12129 -67.8862 -14.4579
20 512.603 723.882 5 4.58658 -71.1916 -24.8311
21 515.481 720.387 5 2.10079 -69.8684 17.2316
22 515.208 720.805 5 2.11304 -71.6735 -153.377
23 514.935 721.224 5 2.23978 -57.0938 -84.0259
24 514.662 721.643 5 2.46338 -44.7921 -42.178
25 514.388 722.062 5 2.76041 -46.9796 -145.477
26 514.115 722.48 5 3.10991 -63.985 -105.178
27 513.842 722.899 5 3.49617 -65.1669 160.929
28 513.568 723.318 5 3.9083 -86.6166 148.124
29 513.295 723.737 5 4.33895 -81.1333 -109.245
30 513.022 724.155 5 4.78311 -69.4927 108.886
31 515.9 720.66 5 2.59898 -62.2009 98.2934
32 515.627 721.079 5 2.6089 -72.6347 -173.47
33 515.353 721.497 5 2.71256 -55.74 -54.0686
34 515.08 721.916 5 2.89994 -48.7833 127.909
35 514.807 722.335 5 3.15615 -46.4536 114.191
36 514.534 722.754 5 3.46597 -52.0713 -36.8776
37 514.26 723.172 5 3.81636 -60.4324 -34.6026
38 513.987 723.591 5 4.19717 -76.8367 73.5067
39 516.319 720.933 5 3.09776 -65.9531 167.92
40 516.045 721.352 5 3.10608 -67.3724 -144.352
41 515.772 721.771 5 3.19365 -61.4016 -32.7649
42 515.499 722.189 5 3.35426 -51.5217 -107.443
43 515.226 722.608 5 3.57809 -47.0281 -23.0684
44 514.952 723.027 5 3.85413 -46.2466 -89.5073
45 514.679 723.446 5 4.17205 -51.6192 89.0027
46 514.406 723.864 5 4.52301 -105.898 12.2443
47 516.737 721.206 5 3.59688 -75.2555 36.5856
48 516.464 721.625 5 3.60405 -66.912 32.7429
49 516.191 722.044 5 3.67978 -59.8486 -1.35053
50 515.918 722.463 5 3.82001 -56.6211 7.66329
51 515.644 722.881 5 4.01797 -52.1859 131.883
52 515.371 723.3 5 4.26565 -48.2287 159.729
53 515.098 723.719 5 4.55493 -48.5368 55.0846
54 514.825 724.138 5 4.87843 -125.855 -92.4793
55 517.156 721.48 5 4.09621 -71.7535 88.1304
56 516.883 721.898 5 4.10251 -71.3909 163.729
57 516.61 722.317 5 4.1692 -68.7918 16.2018
58 516.336 722.736 5 4.29347 -60.5429 86.0803
59 516.063 723.155 5 4.47051 -57.7036 -69.6452
60 515.79 723.573 5 4.69437 -51.3022 -8.07165
61 515.517 723.992 5 4.95871 -49.467 -38.7081
62 515.243 724.411 5 5.25742 -146.173 54.4326
63 517.575 721.753 5 4.59568 -77.4256 73.904
64 517.302 722.172 5 4.6013 -79.5791 151.564
65 517.028 722.59 5 4.66086 -69.8649 70.7734
66 516.755 723.009 5 4.77234 -65.4182 136.129
67 516.482 723.428 5 4.93223 -57.8797 43.5174
68 516.209 723.847 5 5.136 -50.9401 -179.333
69 515.935 724.265 5 5.37868 -51.1904 -163.615
70 515.662 724.684 5 5.65525 -59.6872 114.609
71 517.994 722.026 5 5.09526 -73.1176 77.4156
72 517.72 722.445 5 5.10033 -74.7505 107.35
73 517.447 722.864 5 5.15413 -69.8988 -145.624
74 517.174 723.282 5 5.25516 -58.9513 -151.433
75 516.901 723.701 5 5.40077 -58.5108 140.474
76 516.627 724.12 5 5.58748 -57.1584 -62.0245
77 516.354 724.539 5 5.81133 -52.7324 25.6042
78 516.081 724.957 5 6.06822 -52.7089 16.0663
