1 514.644 719.84 5 1.78337 -74.905 59.0205
2 514.371 720.259 5 2.05693 -63.2534 -66.9459
3 514.097 720.678 5 2.40448 -60.0424 133.234
4 513.824 721.096 5 2.79858 -60.312 131.471
5 513.551 721.515 5 3.2222 -60.0265 152.892
6 513.278 721.934 5 3.66513 -69.3856 -20.6162
7 513.004 722.353 5 4.12113 -66.7716 -85.1803
8 512.731 722.771 5 4.58631 -72.7403 -177.995
9 512.458 723.19 5 5.05814 -92.6535 -90.4086
10 512.185 723.609 5 5.53492 -83.8264 -25.2897
11 515.063 720.113 5 2.24143 -60.175 -165.182
12 514.789 720.532 5 2.46466 -65.9776 4.58305
13 514.516 720.951 5 2.76136 -57.5778 83.9196
14 514.243 721.37 5 3.11057 -59.3346 -155.302
15 513.97 721.788 5 3.4966 -74.065 65.1504
16 513.696 722.207 5 3.90855 -78.1643 34.1987
17 513.423 722.626 5 4.33904 -66.3116 2.53222
18 513.15 723.045 5 4.78308 -70.2324 140.802
19 512.877 723.463 5 5.23721 -67.8926 -24.2874
20 512.603 723.882 5 5.69903 -82.0027 94.1116
21 515.481 720.387 5 2.71433 -45.6443 8.40745
22 515.208 720.805 5 2.90141 -70.1158 6.33316
23 514.935 721.224 5 3.15732 -68.7934 28.4274
24 514.662 721.643 5 3.46688 -62.2745 -136.285
25 514.388 722.062 5 3.81704 -56.424 35.6787
26 514.115 722.48 5 4.19766 -64.0287 82.9703
27 513.842 722.899 5 4.60118 -74.722 9.41693
28 513.568 723.318 5 5.02209 -91.9366 56.8371
29 513.295 723.737 5 5.45637 -65.9369 -30.2379
30 513.022 724.155 5 5.90106 -71.7845 161.74
31 515.9 720.66 5 3.1955 -54.1369 -127.061
32 515.627 721.079 5 3.35585 -61.9214 -71.7145
33 515.353 721.497 5 3.57943 -60.6945 47.0271
34 515.08 721.916 5 3.85524 -63.4876 56.3799
35 514.807 722.335 5 4.17293 -67.0448 -11.2923
36 514.534 722.754 5 4.52371 -64.9824 139.854
37 514.26 723.172 5 4.90046 -62.387 -162.683
38 513.987 723.591 5 5.29764 -76.7042 38.9172
39 516.319 720.933 5 3.68168 -60.1983 55.5219
40 516.045 721.352 5 3.82169 -53.1117 17.7111
41 515.772 721.771 5 4.01944 -57.0025 55.3719
42 515.499 722.189 5 4.2669 -90.1035 -50.4339
43 515.226 722.608 5 4.55598 -66.8478 -69.2696
44 514.952 723.027 5 4.8793 -68.0725 135.287
45 514.679 723.446 5 5.23049 -73.8331 -45.5924
46 514.406 723.864 5 5.60434 -95.5414 68.8197
47 516.737 721.206 5 4.17114 -65.9212 110.624
48 516.464 721.625 5 4.29522 -55.9211 142.152
49 516.191 722.044 5 4.47208 -62.0636 -164.709
50 515.918 722.463 5 4.69575 -60.7935 -143.322
51 515.644 722.881 5 4.9599 -72.6082 -36.061
52 515.371 723.3 5 5.25843 -67.2703 147.113
53 515.098 723.719 5 5.58585 -65.6478 -80.5389
54 514.825 724.138 5 5.93736 -124.385 25.5146
55 517.156 721.48 5 4.66283 -56.1483 -159.382
56 516.883 721.898 5 4.77415 -57.4682 178.434
57 516.61 722.317 5 4.93387 -56.7252 -6.08784
58 516.336 722.736 5 5.13747 -60.2567 -94.3666
59 516.063 723.155 5 5.37998 -59.0027 -33.7631
60 515.79 723.573 5 5.65639 -70.8629 -39.9052
61 515.517 723.992 5 5.96198 -71.2363 -107.166
62 515.243 724.411 5 6.29252 -108.944 -59.3352
63 517.575 721.753 5 5.15612 -61.7602 -147.841
64 517.302 722.172 5 5.25701 -59.2653 -155.423
65 517.028 722.59 5 5.40247 -54.2747 141.433
66 516.755 723.009 5 5.58903 -63.5951 -87.2364
67 516.482 723.428 5 5.81272 -60.4742 40.554
68 516.209 723.847 5 6.06946 -58.9968 106.664
69 515.935 724.265 5 6.35522 -67.4099 111.753
70 515.662 724.684 5 6.66629 -76.2228 42.0988
71 517.994 722.026 5 5.65059 -70.7217 -71.4578
72 517.72 722.445 5 5.7428 -56.3789 -100.687
73 517.447 722.864 5 5.87625 -64.6175 -175.026
74 517.174 723.282 5 6.04821 -59.1359 10.8589
75 516.901 723.701 5 6.25551 -56.3923 78.3823
76 516.627 724.12 5 6.49476 -62.2796 170.854
77 516.354 724.539 5 6.76258 -64.4257 -127.487
78 516.081 724.957 5 7.05571 -70.4619 -147.964
