1 514.644 719.84 5 3.60468 -69.4528 -25.1107
2 514.371 720.259 5 3.67966 -58.6546 28.8581
3 514.097 720.678 5 3.81917 -55.3309 -34.7008
4 513.824 721.096 5 4.01649 -48.13 131.455
5 513.551 721.515 5 4.26361 -67.8868 107.836
6 513.278 721.934 5 4.55242 -71.3445 7.86237
7 513.004 722.353 5 4.87552 -78.096 26.9152
8 512.731 722.771 5 5.22655 -65.5863 142.153
9 512.458 723.19 5 5.60027 -82.0431 71.217
10 512.185 723.609 5 5.99242 -83.669 -18.5451
11 515.063 720.113 5 4.10319 -72.3249 -131.843
12 514.789 720.532 5 4.16922 -64.5034 108.272
13 514.516 720.951 5 4.29285 -52.5497 73.8317
14 514.243 721.37 5 4.46931 -52.808 -65.3589
15 513.97 721.788 5 4.69264 -71.0561 0.694444
16 513.696 722.207 5 4.95651 -76.0988 178.34
17 513.423 722.626 5 5.25482 -73.5835 107.933
18 513.15 723.045 5 5.58205 -64.0328 157.672
19 512.877 723.463 5 5.93342 -88.0303 -175.542
20 512.603 723.882 5 6.30489 -77.0432 -75.0196
21 515.481 720.387 5 4.60203 -71.1785 -157.273
22 515.208 720.805 5 4.66099 -68.094 81.6072
23 514.935 721.224 5 4.7719 -55.5759 168.592
24 514.662 721.643 5 4.93125 -56.3517 61.4715
25 514.388 722.062 5 5.13452 -68.6359 -23.9763
26 514.115 722.48 5 5.37676 -69.4215 3.10111
27 513.842 722.899 5 5.65293 -63.2891 18.0131
28 513.568 723.318 5 5.95834 -72.3224 -74.4159
29 513.295 723.737 5 6.28872 -70.9594 -74.3242
30 513.022 724.155 5 6.64034 -78.8985 -109.761
31 515.9 720.66 5 5.1011 -62.6019 -160.982
32 515.627 721.079 5 5.15435 -76.8604 -27.84
33 515.353 721.497 5 5.25486 -58.9318 -141.388
34 515.08 721.916 5 5.39997 -54.7459 133.353
35 514.807 722.335 5 5.58622 -56.2977 18.2376
36 514.534 722.754 5 5.80965 -78.9673 -130.121
37 514.26 723.172 5 6.06615 -73.269 128.056
38 513.987 723.591 5 6.35172 -78.2091 -50.1381
39 516.319 720.933 5 5.60033 -75.6204 -0.986603
40 516.045 721.352 5 5.64888 -71.8422 71.7738
41 515.772 721.771 5 5.74073 -59.0525 -81.8893
42 515.499 722.189 5 5.87385 -55.4722 -100.154
43 515.226 722.608 5 6.04552 -62.7367 157.273
44 514.952 723.027 5 6.25256 -71.9512 125.194
45 514.679 723.446 5 6.49158 -79.6309 -44.918
46 514.406 723.864 5 6.7592 -117.407 -159.124
47 516.737 721.206 5 6.09969 -60.9914 130.126
48 516.464 721.625 5 6.14429 -67.2306 -42.8054
49 516.191 722.044 5 6.22884 -54.3686 -34.7442
50 515.918 722.463 5 6.35174 -58.4102 -73.8351
51 515.644 722.881 5 6.51082 -54.4034 178.246
52 515.371 723.3 5 6.70351 -59.3392 19.6563
53 515.098 723.719 5 6.92699 -67.4225 -161.908
54 514.825 724.138 5 7.17839 -122.984 111.711
55 517.156 721.48 5 6.59914 -55.4867 -174.032
56 516.883 721.898 5 6.64039 -65.0772 -20.3955
57 516.61 722.317 5 6.7187 -61.8156 -83.8481
58 516.336 722.736 5 6.8328 -60.6496 24.8786
59 516.063 723.155 5 6.98093 -54.4445 -83.2453
60 515.79 723.573 5 7.16097 -61.4719 -143.03
61 515.517 723.992 5 7.37059 -70.1732 -178.809
62 515.243 724.411 5 7.60735 -114.486 69.6633
63 517.575 721.753 5 7.09867 -63.8959 -105.254
64 517.302 722.172 5 7.13704 -60.9385 -137.535
65 517.028 722.59 5 7.20996 -66.4714 -121.119
66 516.755 723.009 5 7.3164 -60.7759 55.551
67 516.482 723.428 5 7.45492 -55.7515 1.43868
68 516.209 723.847 5 7.62378 -71.3998 -104.604
69 515.935 724.265 5 7.82101 -58.8047 75.9801
70 515.662 724.684 5 8.04452 -75.6371 -99.1316
71 517.994 722.026 5 7.59827 -79.5771 -120.572
72 517.72 722.445 5 7.63412 -58.0688 -121.216
73 517.447 722.864 5 7.70234 -64.1801 26.1493
74 517.174 723.282 5 7.80206 -72.5903 156.733
75 516.901 723.701 5 7.93211 -62.4563 102.663
76 516.627 724.12 5 8.09101 -56.8733 -49.5895
77 516.354 724.539 5 8.27711 -60.9437 -179.496
78 516.081 724.957 5 8.48863 -71.8197 96.6535
