1 514.644 719.84 5 2.05778 -67.091 81.2687
2 514.371 720.259 5 2.4052 -74.9138 -18.5627
3 514.097 720.678 5 2.7992 -70.2731 24.1781
4 513.824 721.096 5 3.22275 -68.5883 -72.0673
5 513.551 721.515 5 3.6656 -63.9685 -24.2918
6 513.278 721.934 5 4.12155 -79.4614 -8.41922
7 513.004 722.353 5 4.58669 -67.8103 -171.755
8 512.731 722.771 5 5.05849 -66.5414 -119.767
9 512.458 723.19 5 5.53523 -86.9952 -68.955
10 512.185 723.609 5 6.01576 -82.5952 -30.9709
11 515.063 720.113 5 2.46559 -56.9896 91.7646
12 514.789 720.532 5 2.76219 -67.6253 119.396
13 514.516 720.951 5 3.11131 -69.7721 -78.0953
14 514.243 721.37 5 3.49725 -69.1073 172.597
15 513.97 721.788 5 3.90913 -72.0527 100.525
16 513.696 722.207 5 4.33957 -81.164 54.9033
17 513.423 722.626 5 4.78356 -77.8203 -53.1189
18 513.15 723.045 5 5.23765 -69.0047 95.4431
19 512.877 723.463 5 5.69943 -67.8024 165.062
20 512.603 723.882 5 6.16718 -82.3939 121.273
21 515.481 720.387 5 2.90239 -75.1976 -49.4742
22 515.208 720.805 5 3.15823 -51.2947 -103.195
23 514.935 721.224 5 3.4677 -71.7065 -98.1543
24 514.662 721.643 5 3.81778 -69.6849 -173.143
25 514.388 722.062 5 4.19834 -64.6916 -71.5688
26 514.115 722.48 5 4.6018 -71.3334 -137.362
27 513.842 722.899 5 5.02266 -70.0463 -38.6905
28 513.568 723.318 5 5.45689 -73.291 -137.901
29 513.295 723.737 5 5.90154 -70.908 -95.2079
30 513.022 724.155 5 6.35443 -78.427 -32.7604
31 515.9 720.66 5 3.35686 -58.2517 76.8334
32 515.627 721.079 5 3.58037 -57.9749 -19.4588
33 515.353 721.497 5 3.85611 -55.8538 -10.8905
34 515.08 721.916 5 4.17375 -70.6995 93.2274
35 514.807 722.335 5 4.52446 -74.0873 -43.8552
36 514.534 722.754 5 4.90115 -72.903 85.7032
37 514.26 723.172 5 5.29828 -64.6453 23.9625
38 513.987 723.591 5 5.7116 -72.2932 31.5382
39 516.319 720.933 5 3.82272 -72.6354 -70.16
40 516.045 721.352 5 4.02042 -61.4441 -0.496923
41 515.772 721.771 5 4.26782 -59.9138 76.9393
42 515.499 722.189 5 4.55685 -52.0645 128.003
43 515.226 722.608 5 4.8801 -74.2356 152.721
44 514.952 723.027 5 5.23125 -78.0115 -47.7903
45 514.679 723.446 5 5.60504 -77.4229 -138.186
46 514.406 723.864 5 5.99725 -105.061 -11.5641
47 516.737 721.206 5 4.29627 -67.8847 105.68
48 516.464 721.625 5 4.47308 -61.801 82.827
49 516.191 722.044 5 4.6967 -59.7241 115.938
50 515.918 722.463 5 4.9608 -61.2091 159.941
51 515.644 722.881 5 5.25929 -53.6564 -110.586
52 515.371 723.3 5 5.58665 -68.5003 157.055
53 515.098 723.719 5 5.93811 -72.3079 136.974
54 514.825 724.138 5 6.30965 -116.784 129.511
55 517.156 721.48 5 4.77521 -72.2487 8.73345
56 516.883 721.898 5 4.93489 -66.1597 -65.8736
57 516.61 722.317 5 5.13845 -62.378 -125.553
58 516.336 722.736 5 5.38091 -59.0593 -141.315
59 516.063 723.155 5 5.65728 -62.4447 -131.802
60 515.79 723.573 5 5.96283 -56.3973 21.4994
61 515.517 723.992 5 6.29332 -66.5139 -51.1072
62 515.243 724.411 5 6.64503 -103.652 91.5462
63 517.575 721.753 5 5.25807 -78.5345 -102.346
64 517.302 722.172 5 5.4035 -76.4986 -32.8842
65 517.028 722.59 5 5.59003 -67.6619 75.9459
66 516.755 723.009 5 5.81369 -65.7226 141.386
67 516.482 723.428 5 6.07038 -64.3182 27.8817
68 516.209 723.847 5 6.3561 -58.0823 -8.74215
69 515.935 724.265 5 6.66713 -59.8858 113.428
70 515.662 724.684 5 7.00008 -69.4064 126.683
71 517.994 722.026 5 5.74387 -62.8587 9.15502
72 517.72 722.445 5 5.87729 -70.5213 3.58699
73 517.447 722.864 5 6.04922 -67.7267 -85.7369
74 517.174 723.282 5 6.25649 -63.4411 -52.4984
75 516.901 723.701 5 6.4957 -67.3225 -62.8043
76 516.627 724.12 5 6.76348 -72.7293 79.0745
77 516.354 724.539 5 7.05658 -55.8426 135.596
78 516.081 724.957 5 7.37196 -61.6276 -147.819
