1 505.473 717.831 5 6.02736 -65.1887 127.293
2 505.747 717.412 5 5.56404 -63.2249 101.753
3 506.02 716.994 5 5.10764 -64.5463 114.696
4 506.294 716.575 5 4.6602 -75.0352 -128.998
5 506.567 716.157 5 4.22456 -63.0335 -83.4369
6 505.891 718.104 5 5.86534 -59.3176 -25.5262
7 506.165 717.686 5 5.38811 -64.4661 -91.8803
8 506.439 717.267 5 4.9154 -68.8609 -57.7417
9 506.712 716.849 5 4.44866 -71.2709 -135.561
10 506.986 716.43 5 3.99 -62.77 -118.778
11 506.31 718.378 5 5.74242 -60.2665 17.467
12 506.584 717.96 5 5.25403 -65.0546 4.63075
13 506.857 717.541 5 4.76805 -67.6935 -91.2836
14 507.131 717.123 5 4.2853 -59.7474 150.64
15 507.404 716.704 5 3.807 -54.9565 137.21
16 506.728 718.652 5 5.66114 -51.8632 -117.432
17 507.002 718.233 5 5.16508 -52.8449 -123.181
18 507.276 717.815 5 4.66985 -56.0868 -134.036
19 507.549 717.396 5 4.17576 -56.8824 -174.723
20 507.823 716.978 5 3.68326 -53.9448 -168.103
21 507.147 718.925 5 5.62332 -51.1809 -35.9704
22 507.421 718.507 5 5.12359 -49.0831 -31.665
23 507.694 718.088 5 4.62392 -49.0762 -34.736
24 507.968 717.67 5 4.12433 -48.2202 -28.8494
25 508.241 717.251 5 3.62485 -48.579 -33.2071
26 507.565 719.199 5 5.62982 -53.0348 -35.9985
27 507.839 718.78 5 5.13073 -51.9162 -35.3188
28 508.113 718.362 5 4.63182 -49.5615 -51.3303
29 508.386 717.943 5 4.13319 -48.9655 -39.9874
30 508.66 717.525 5 3.63493 -49.3279 -53.3853
31 507.984 719.472 5 5.6805 -57.926 -138.372
32 508.258 719.054 5 5.18628 -62.2945 -159.884
33 508.531 718.635 5 4.69329 -57.6939 -133.706
34 508.805 718.217 5 4.20196 -58.2061 -163.228
35 509.078 717.798 5 3.71294 -72.1243 115.798
36 508.402 719.746 5 5.77418 -61.5737 5.36415
37 508.676 719.328 5 5.28873 -66.5676 70.7317
38 508.95 718.909 5 4.80626 -81.9663 -63.8056
39 509.223 718.491 5 4.32777 -80.0413 109.217
40 509.497 718.072 5 3.85474 -85.1604 147.141
