1 505.473 717.831 5 4.83123 -60.2509 -150.645
2 505.747 717.412 5 4.5239 -64.1212 -46.8195
3 506.02 716.994 5 4.2533 -62.382 -1.83889
4 506.294 716.575 5 4.02685 -72.1651 -51.3087
5 506.567 716.157 5 3.85233 -81.4119 168.211
6 505.891 718.104 5 4.46165 -62.7955 -116.307
7 506.165 717.686 5 4.1269 -64.8962 124.168
8 506.439 717.267 5 3.82834 -61.0419 138.906
9 506.712 716.849 5 3.57507 -63.5144 149.799
10 506.986 716.43 5 3.37728 -61.6998 170.442
11 506.31 718.378 5 4.11971 -64.7056 -176.998
12 506.584 717.96 5 3.75459 -57.7498 143.314
13 506.857 717.541 5 3.42372 -71.4694 -33.2046
14 507.131 717.123 5 3.13795 -63.0153 -4.728
15 507.404 716.704 5 2.91061 -64.1768 -129.181
16 506.728 718.652 5 3.81282 -55.7286 8.60048
17 507.002 718.233 5 3.41505 -60.1716 54.2727
18 507.276 717.815 5 3.04753 -56.7623 -2.60255
19 507.549 717.396 5 2.72257 -58.0662 98.3134
20 507.823 716.978 5 2.45709 -56.1416 79.4522
21 507.147 718.925 5 3.5501 -63.6485 -22.4622
22 507.421 718.507 5 3.119 -55.0553 -106.017
23 507.694 718.088 5 2.71166 -53.942 -49.4442
24 507.968 717.67 5 2.34051 -58.0706 -118.825
25 508.241 717.251 5 2.02557 -61.5781 -91.472
26 507.565 719.199 5 3.34198 -53.4521 172.062
27 507.839 718.78 5 2.87989 -55.2049 172.791
28 508.113 718.362 5 2.43284 -67.208 -21.8683
29 508.386 717.943 5 2.01088 -55.2505 155.732
30 508.66 717.525 5 1.63357 -52.5973 114.348
31 507.984 719.472 5 3.19914 -59.4362 46.1141
32 508.258 719.054 5 2.71282 -72.7434 -32.2257
33 508.531 718.635 5 2.23256 -68.0257 -71.793
34 508.805 718.217 5 1.76331 -62.6394 8.50763
35 509.078 717.798 5 1.31688 -56.1879 -21.2633
36 508.402 719.746 5 3.13051 -56.1821 20.6252
37 508.676 719.328 5 2.63155 -67.1429 -36.3806
38 508.95 718.909 5 2.13306 -79.7085 -71.5136
39 509.223 718.491 5 1.6355 -71.8398 40.068
40 509.497 718.072 5 1.14009 -81.3975 156.06
