1 505.473 717.831 5 8.1299 -67.2561 96.2436
2 505.747 717.412 5 7.85565 -65.0407 81.6296
3 506.02 716.994 5 7.60441 -65.26 46.1857
4 506.294 716.575 5 7.37855 -72.0952 -9.96421
5 506.567 716.157 5 7.18045 -71.7248 28.6674
6 505.891 718.104 5 7.72434 -81.4287 -39.9768
7 506.165 717.686 5 7.43514 -67.2946 -50.4548
8 506.439 717.267 5 7.16919 -65.632 -92.2512
9 506.712 716.849 5 6.92915 -70.1789 -43.887
10 506.986 716.43 5 6.71781 -73.1325 -127.526
11 506.31 718.378 5 7.33046 -79.6164 119.27
12 506.584 717.96 5 7.02506 -77.0688 -131.003
13 506.857 717.541 5 6.74295 -76.0774 173.557
14 507.131 717.123 5 6.48716 -68.5059 19.1177
15 507.404 716.704 5 6.26092 -69.1652 145.153
16 506.728 718.652 5 6.95024 -70.8353 54.904
17 507.002 718.233 5 6.62734 -74.6848 154.822
18 507.276 717.815 5 6.32752 -69.9791 178.609
19 507.549 717.396 5 6.05421 -65.7108 -102.248
20 507.823 716.978 5 5.81114 -70.7692 66.2154
21 507.147 718.925 5 6.58605 -76.81 -167.746
22 507.421 718.507 5 6.24435 -69.0579 99.1933
23 507.694 718.088 5 5.92518 -69.4533 136.306
24 507.968 717.67 5 5.63237 -67.8181 134.49
25 508.241 717.251 5 5.37024 -73.4601 34.4047
26 507.565 719.199 5 6.24069 -69.5704 -82.81
27 507.839 718.78 5 5.87895 -65.9533 43.2777
28 508.113 718.362 5 5.53876 -73.4695 127.917
29 508.386 717.943 5 5.22434 -74.1093 -156.649
30 508.66 717.525 5 4.94061 -68.3807 -105.781
31 507.984 719.472 5 5.91746 -70.1972 -76.6837
32 508.258 719.054 5 5.53464 -66.5654 -7.00419
33 508.531 718.635 5 5.17185 -80.4079 -55.7939
34 508.805 718.217 5 4.83363 -82.4859 138.481
35 509.078 717.798 5 4.52546 -75.3593 36.4912
36 508.402 719.746 5 5.62019 -61.1798 174.106
37 508.676 719.328 5 5.21559 -68.395 115.476
38 508.95 718.909 5 4.8289 -68.9537 -126.408
39 509.223 718.491 5 4.46476 -69.3115 -113.448
40 509.497 718.072 5 4.12916 -76.8829 -87.8025
