1 514.644 719.84 5 2.10871 -56.3442 94.6892
2 514.371 720.259 5 2.54918 -68.1795 172.498
3 514.097 720.678 5 3.00831 -69.1979 -128.684
4 513.824 721.096 5 3.47873 -68.6165 -3.75184
5 513.551 721.515 5 3.95642 -70.5984 3.53219
6 513.278 721.934 5 4.43902 -78.79 -124.688
7 513.004 722.353 5 4.92509 -80.594 -46.7808
8 512.731 722.771 5 5.4137 -72.2593 -3.38763
9 512.458 723.19 5 5.90422 -87.4624 -51.544
10 512.185 723.609 5 6.3962 -92.1807 -63.2364
11 515.063 720.113 5 2.40675 -49.9602 15.8726
12 514.789 720.532 5 2.80073 -53.0759 -92.4666
13 514.516 720.951 5 3.22424 -66.8671 96.8891
14 514.243 721.37 5 3.66707 -74.6433 16.8694
15 513.97 721.788 5 4.12299 -72.1934 -23.6716
16 513.696 722.207 5 4.5881 -70.329 73.084
17 513.423 722.626 5 5.05987 -74.636 -165.332
18 513.15 723.045 5 5.5366 -80.4665 174.009
19 512.877 723.463 5 6.01711 -79.0015 12.8078
20 512.603 723.882 5 6.50056 -87.7447 44.8477
21 515.481 720.387 5 2.76374 -64.6312 -11.5211
22 515.208 720.805 5 3.11286 -54.2184 144.86
23 514.935 721.224 5 3.49879 -54.0581 110.939
24 514.662 721.643 5 3.91065 -56.6071 -29.9662
25 514.388 722.062 5 4.34106 -73.7676 -166.949
26 514.115 722.48 5 4.78502 -71.502 -81.4395
27 513.842 722.899 5 5.23909 -67.5245 -54.7772
28 513.568 723.318 5 5.70085 -72.6515 -66.9466
29 513.295 723.737 5 6.16858 -72.6329 -64.9715
30 513.022 724.155 5 6.64101 -76.8659 -97.2311
31 515.9 720.66 5 3.15975 -61.4653 -41.4998
32 515.627 721.079 5 3.46925 -55.5704 -155.652
33 515.353 721.497 5 3.81933 -56.8762 -98.65
34 515.08 721.916 5 4.19988 -52.4876 -122.925
35 514.807 722.335 5 4.60332 -56.0702 143.164
36 514.534 722.754 5 5.02417 -61.0542 -55.7548
37 514.26 723.172 5 5.45838 -63.4769 98.9369
38 513.987 723.591 5 5.90301 -77.1945 -63.5756
39 516.319 720.933 5 3.58187 -52.8581 -105.203
40 516.045 721.352 5 3.85765 -59.8463 93.6104
41 515.772 721.771 5 4.1753 -54.8892 -49.0402
42 515.499 722.189 5 4.52601 -60.4047 35.1956
43 515.226 722.608 5 4.90269 -55.5379 18.2522
44 514.952 723.027 5 5.29981 -57.5159 -53.8273
45 514.679 723.446 5 5.71311 -64.0936 174.255
46 514.406 723.864 5 6.13932 -105.152 -102.126
47 516.737 721.206 5 4.02189 -56.5196 21.8397
48 516.464 721.625 5 4.26934 -55.1988 33.6078
49 516.191 722.044 5 4.55839 -57.0328 -123.039
50 515.918 722.463 5 4.88165 -55.1318 105.057
51 515.644 722.881 5 5.2328 -57.724 173.542
52 515.371 723.3 5 5.60659 -59.6221 142.569
53 515.098 723.719 5 5.99879 -58.0614 73.659
54 514.825 724.138 5 6.40602 -124.483 4.80861
55 517.156 721.48 5 4.47453 -60.4547 124.372
56 516.883 721.898 5 4.6982 -56.0312 -105.786
57 516.61 722.317 5 4.96233 -52.3995 -161.635
58 516.336 722.736 5 5.26083 -58.3676 52.1548
59 516.063 723.155 5 5.5882 -56.0387 -140.213
60 515.79 723.573 5 5.93966 -65.2878 -61.5977
61 515.517 723.992 5 6.3112 -59.8428 -83.4712
62 515.243 724.411 5 6.69947 -121.824 -149.057
63 517.575 721.753 5 4.93631 -77.0683 168.206
64 517.302 722.172 5 5.13993 -62.1075 50.6348
65 517.028 722.59 5 5.38242 -57.4211 97.7004
66 516.755 723.009 5 5.65881 -61.9977 -10.2411
67 516.482 723.428 5 5.96437 -61.7257 -162.557
68 516.209 723.847 5 6.29487 -56.375 -15.5236
69 515.935 724.265 5 6.64658 -62.6207 -13.3265
70 515.662 724.684 5 7.01632 -68.6933 71.9623
71 517.994 722.026 5 5.4049 -66.3353 110.977
72 517.72 722.445 5 5.59148 -56.7184 148.78
73 517.447 722.864 5 5.81518 -61.3952 -76.0448
74 517.174 723.282 5 6.07189 -60.1309 -81.9596
75 516.901 723.701 5 6.35764 -58.55 116.523
76 516.627 724.12 5 6.66867 -60.3781 -35.1191
77 516.354 724.539 5 7.00163 -60.2588 135.16
78 516.081 724.957 5 7.35353 -59.4963 154.483
