1 514.644 719.84 5 6.59475 -67.1783 34.0544
2 514.371 720.259 5 6.59775 -58.8255 -33.4215
3 514.097 720.678 5 6.63851 -68.0513 -147.142
4 513.824 721.096 5 6.71635 -70.2701 -38.2045
5 513.551 721.515 5 6.83001 -64.6619 -104.452
6 513.278 721.934 5 6.97772 -70.8261 -62.6276
7 513.004 722.353 5 7.15739 -81.0672 163.089
8 512.731 722.771 5 7.36666 -82.5995 173.141
9 512.458 723.19 5 7.60311 -90.3908 -104.11
10 512.185 723.609 5 7.86428 -81.959 -124.034
11 515.063 720.113 5 7.09451 -64.3215 117.887
12 514.789 720.532 5 7.0973 -61.0791 -39.2332
13 514.516 720.951 5 7.13521 -61.7523 -131.87
14 514.243 721.37 5 7.20769 -71.3057 61.0138
15 513.97 721.788 5 7.31371 -80.5803 32.3635
16 513.696 722.207 5 7.45184 -80.7577 170.504
17 513.423 722.626 5 7.62034 -77.3009 -59.8391
18 513.15 723.045 5 7.81723 -78.7598 -22.7366
19 512.877 723.463 5 8.04044 -105.168 41.9748
20 512.603 723.882 5 8.28784 -90.4238 -112.73
21 515.481 720.387 5 7.5943 -64.4296 42.8449
22 515.208 720.805 5 7.59691 -61.5156 15.4406
23 514.935 721.224 5 7.63234 -64.3733 -133.754
24 514.662 721.643 5 7.70014 -66.3894 -45.4576
25 514.388 722.062 5 7.79947 -67.1202 -132.176
26 514.115 722.48 5 7.92915 -85.9584 164.951
27 513.842 722.899 5 8.0877 -80.1633 -20.9195
28 513.568 723.318 5 8.27348 -93.4083 150.506
29 513.295 723.737 5 8.4847 -86.2524 112.531
30 513.022 724.155 5 8.7195 -87.596 -167.96
31 515.9 720.66 5 8.09412 -68.6663 -176.173
32 515.627 721.079 5 8.09657 -67.8863 -20.3881
33 515.353 721.497 5 8.12982 -64.0851 -155.997
34 515.08 721.916 5 8.19351 -69.3121 -73.4985
35 514.807 722.335 5 8.28693 -69.4962 142.887
36 514.534 722.754 5 8.40909 -73.5981 -36.646
37 514.26 723.172 5 8.55876 -78.2608 48.1903
38 513.987 723.591 5 8.73452 -80.8148 -85.0844
39 516.319 720.933 5 8.59397 -58.6994 -51.2004
40 516.045 721.352 5 8.59627 -63.6878 27.1105
41 515.772 721.771 5 8.6276 -59.5987 -131.797
42 515.499 722.189 5 8.68763 -61.2555 -112.277
43 515.226 722.608 5 8.77579 -79.6915 37.8092
44 514.952 723.027 5 8.89124 -78.2085 -127.134
45 514.679 723.446 5 9.03292 -77.2262 165.011
46 514.406 723.864 5 9.19964 -121.53 -121.191
47 516.737 721.206 5 9.09382 -63.305 31.3657
48 516.464 721.625 5 9.096 -68.3426 -83.8823
49 516.191 722.044 5 9.12561 -59.8164 -138.647
50 515.918 722.463 5 9.18239 -69.1944 98.3772
51 515.644 722.881 5 9.26585 -70.3486 6.09414
52 515.371 723.3 5 9.37526 -76.0071 118.251
53 515.098 723.719 5 9.50974 -75.4095 -14.035
54 514.825 724.138 5 9.66823 -112.771 -56.6469
55 517.156 721.48 5 9.5937 -61.6641 59.6769
56 516.883 721.898 5 9.59576 -62.0914 62.387
57 516.61 722.317 5 9.62383 -70.5211 46.6508
58 516.336 722.736 5 9.67769 -63.9559 129.674
59 516.063 723.155 5 9.75691 -69.9069 -140.989
60 515.79 723.573 5 9.86088 -67.7412 130.843
61 515.517 723.992 5 9.98882 -78.0839 -2.40474
62 515.243 724.411 5 10.1398 -121.795 -175.097
63 517.575 721.753 5 10.0936 -68.8271 -155.013
64 517.302 722.172 5 10.0955 -62.2644 87.6491
65 517.028 722.59 5 10.1222 -66.9695 -49.2361
66 516.755 723.009 5 10.1735 -61.8755 -152.606
67 516.482 723.428 5 10.2488 -62.974 -156.922
68 516.209 723.847 5 10.3479 -74.02 -106.352
69 515.935 724.265 5 10.4699 -62.9426 -130.203
70 515.662 724.684 5 10.614 -81.2901 -3.86874
71 517.994 722.026 5 10.5935 -64.3051 -159.376
72 517.72 722.445 5 10.5953 -59.6667 62.8846
73 517.447 722.864 5 10.6208 -62.0905 -26.5132
74 517.174 723.282 5 10.6696 -62.6563 141.481
75 516.901 723.701 5 10.7415 -72.1193 26.9649
76 516.627 724.12 5 10.836 -68.6411 -6.59666
77 516.354 724.539 5 10.9526 -69.3802 38.2813
78 516.081 724.957 5 11.0905 -69.0849 -2.11364
