1 505.473 717.831 5 9.23834 -73.1827 -122.315
2 505.747 717.412 5 8.96993 -72.5463 73.0078
3 506.02 716.994 5 8.72196 -70.3632 50.4316
4 506.294 716.575 5 8.4962 -75.0472 9.32592
5 506.567 716.157 5 8.29447 -75.6924 -21.0171
6 505.891 718.104 5 8.82715 -92.9968 -92.2955
7 506.165 717.686 5 8.54584 -69.3272 23.9644
8 506.439 717.267 5 8.28518 -68.7713 -123.319
9 506.712 716.849 5 8.04718 -72.8404 160.019
10 506.986 716.43 5 7.8339 -72.8227 -103.736
11 506.31 718.378 5 8.42557 -87.4584 -81.4377
12 506.584 717.96 5 8.13038 -83.2932 -22.9635
13 506.857 717.541 5 7.85595 -71.6369 -116.429
14 507.131 717.123 5 7.60452 -75.0092 62.3245
15 507.404 716.704 5 7.37846 -84.0555 -34.0915
16 506.728 718.652 5 8.03504 -85.7018 172.295
17 507.002 718.233 5 7.72494 -74.0808 -160.626
18 507.276 717.815 5 7.43556 -82.6894 77.6889
19 507.549 717.396 5 7.16941 -69.9583 -168.136
20 507.823 716.978 5 6.92916 -73.2298 134.757
21 507.147 718.925 5 7.65726 -85.9529 121.702
22 507.421 718.507 5 7.3312 -74.0678 -19.7103
23 507.694 718.088 5 7.02562 -76.9784 88.3504
24 507.968 717.67 5 6.7433 -75.7964 3.27982
25 508.241 717.251 5 6.48729 -66.2922 7.44593
26 507.565 719.199 5 7.29419 -82.3959 -103.171
27 507.839 718.78 5 6.95112 -84.0026 -57.7069
28 508.113 718.362 5 6.62804 -96.4843 -90.9093
29 508.386 717.943 5 6.32802 -89.8113 146.198
30 508.66 717.525 5 6.05448 -81.1375 -21.4269
31 507.984 719.472 5 6.94816 -74.0548 -97.8894
32 508.258 719.054 5 6.58709 -81.2982 -140.175
33 508.531 718.635 5 6.24521 -80.1021 -1.84187
34 508.805 718.217 5 5.92583 -93.8973 -68.5376
35 509.078 717.798 5 5.63279 -81.3908 110.012
36 508.402 719.746 5 6.62183 -68.2773 94.4037
37 508.676 719.328 5 6.24191 -77.9439 105.747
38 508.95 718.909 5 5.87999 -81.4597 155.739
39 509.223 718.491 5 5.5396 -87.0637 -15.4759
40 509.497 718.072 5 5.22494 -82.7326 47.9766
