1 505.473 717.831 5 7.86125 -79.4808 83.0739
2 505.747 717.412 5 7.77252 -89.4021 102.119
3 506.02 716.994 5 7.71524 -73.1176 131.48
4 506.294 716.575 5 7.69011 -95.4756 97.0825
5 506.567 716.157 5 7.69744 -81.7703 20.5512
6 505.891 718.104 5 7.37295 -88.147 8.1712
7 506.165 717.686 5 7.27827 -86.4877 -5.80249
8 506.439 717.267 5 7.21707 -83.7914 -24.7075
9 506.712 716.849 5 7.1902 -78.082 -26.2525
10 506.986 716.43 5 7.19804 -82.4531 -65.2281
11 506.31 718.378 5 6.88633 -85.2118 29.7634
12 506.584 717.96 5 6.78486 -80.9769 137.811
13 506.857 717.541 5 6.71917 -83.0476 -157.206
14 507.131 717.123 5 6.69029 -81.2188 -93.6824
15 507.404 716.704 5 6.69872 -74.8546 -139.284
16 506.728 718.652 5 6.40177 -73.8946 16.2694
17 507.002 718.233 5 6.29249 -84.3837 177.84
18 507.276 717.815 5 6.2216 -78.6575 10.9156
19 507.549 717.396 5 6.19041 -82.5428 80.3911
20 507.823 716.978 5 6.19951 -80.3347 128.918
21 507.147 718.925 5 5.91978 -80.4123 65.1242
22 507.421 718.507 5 5.80143 -72.112 -159.824
23 507.694 718.088 5 5.72446 -79.9248 -25.7865
24 507.968 717.67 5 5.69054 -75.5011 -174.558
25 508.241 717.251 5 5.70045 -78.8504 -73.2809
26 507.565 719.199 5 5.44103 -82.8038 41.4878
27 507.839 718.78 5 5.31203 -80.79 -45.0321
28 508.113 718.362 5 5.22786 -76.5187 -44.4937
29 508.386 717.943 5 5.1907 -74.4095 117.339
30 508.66 717.525 5 5.20156 -77.5876 -14.3548
31 507.984 719.472 5 4.96648 -84.9025 1.41059
32 508.258 719.054 5 4.82481 -81.5145 -3.33944
33 508.531 718.635 5 4.73198 -73.9708 -142.499
34 508.805 718.217 5 4.69089 -90.0046 145.193
35 509.078 717.798 5 4.7029 -74.3786 -29.3629
36 508.402 719.746 5 4.49745 -70.5806 -174.573
37 508.676 719.328 5 4.3405 -73.917 -43.3323
38 508.95 718.909 5 4.23707 -112.132 -45.2793
39 509.223 718.491 5 4.19113 -109.671 3.58982
40 509.497 718.072 5 4.20457 -100.274 -11.394
