1 509.951 714.045 5 1 -39.9953 -32.8122
2 510.37 714.318 5 0.5 -32.0321 10.3321
3 510.79 714.59 5 0 -40.9986 -11.9125
4 511.209 714.862 5 0.5 -31.5165 12.426
5 511.628 715.135 5 1 -39.1907 -28.8139
6 512.048 715.407 5 1.5 -37.4007 -46.4317
7 512.467 715.679 5 2 -47.1954 -15.8283
8 512.886 715.952 5 2.5 -40.5887 -39.3456
9 513.306 716.224 5 3 -43.4755 -36.0944
10 513.725 716.496 5 3.5 -51.7656 -20.5658
11 514.144 716.769 5 4 -50.0815 -5.14468
12 514.564 717.041 5 4.5 -67.6076 144.121
13 514.983 717.313 5 5 -48.8886 86.6108
14 509.679 714.465 5 1.11803 -42.0363 -2.02351
15 510.098 714.737 5 0.707107 -34.4342 117.389
16 510.517 715.009 5 0.5 -32.9641 0.868901
17 510.937 715.282 5 0.707107 -34.8338 119.155
18 511.356 715.554 5 1.11803 -40.1082 9.65608
19 511.775 715.826 5 1.58114 -40.9615 84.4577
20 512.195 716.099 5 2.06155 -45.334 84.5116
21 512.614 716.371 5 2.54951 -49.2053 -85.804
22 513.033 716.643 5 3.04138 -49.2828 -170.386
23 513.453 716.916 5 3.53553 -45.8211 -71.1653
24 513.872 717.188 5 4.03113 -49.6533 -8.33695
25 514.291 717.46 5 4.52769 -53.4344 146.961
26 514.711 717.733 5 5.02494 -51.7725 -141.934
27 509.406 714.884 5 1.41421 -44.537 -123.197
28 509.826 715.156 5 1.11803 -43.4945 14.2054
29 510.245 715.429 5 1 -38.0154 2.55693
30 510.664 715.701 5 1.11803 -43.3995 27.0898
31 511.084 715.973 5 1.41421 -45.4605 -147.579
32 511.503 716.246 5 1.80278 -43.5299 -172.114
33 511.922 716.518 5 2.23607 -47.8001 55.5562
34 512.342 716.79 5 2.69258 -41.8126 157.447
35 512.761 717.063 5 3.16228 -47.4112 -145.854
36 513.18 717.335 5 3.64006 -46.8544 -42.3998
37 513.6 717.607 5 4.12311 -59.8389 -46.8826
38 514.019 717.88 5 4.60977 -48.815 -1.07352
39 514.438 718.152 5 5.09902 -43.7164 66.5317
40 509.134 715.303 5 1.80278 -42.1318 -163.64
41 509.553 715.576 5 1.58114 -46.9916 146.3
42 509.973 715.848 5 1.5 -40.8686 11.1051
43 510.392 716.12 5 1.58114 -45.9725 126.996
44 510.811 716.393 5 1.80278 -41.0519 -165.662
45 511.231 716.665 5 2.12132 -43.4743 14.6906
46 511.65 716.937 5 2.5 -45.8717 -6.0677
47 512.069 717.21 5 2.91548 -49.4282 -120.874
48 512.489 717.482 5 3.3541 -53.6684 -16.9725
49 512.908 717.754 5 3.80789 -50.0035 -139.261
50 513.327 718.027 5 4.272 -51.0639 -102.051
51 513.747 718.299 5 4.74342 -44.7788 2.20697
52 514.166 718.571 5 5.22015 -49.3357 103.588
53 508.862 715.723 5 2.23607 -47.2698 9.51826
54 509.281 715.995 5 2.06155 -47.4072 -146.774
55 509.7 716.267 5 2 -41.8549 25.0234
56 510.12 716.54 5 2.06155 -46.981 -146.758
57 510.539 716.812 5 2.23607 -48.057 22.3806
58 510.958 717.084 5 2.5 -45.0028 21.5684
59 511.378 717.357 5 2.82843 -45.971 160.907
60 511.797 717.629 5 3.20156 -47.7864 158.114
61 512.216 717.901 5 3.60555 -48.7834 34.635
62 512.636 718.174 5 4.03113 -56.2995 -57.6356
63 513.055 718.446 5 4.47214 -45.8588 61.2376
64 513.474 718.718 5 4.92443 -49.9292 -39.282
65 513.894 718.991 5 5.38516 -47.1388 -81.6962
66 508.589 716.142 5 2.69258 -48.0953 123.224
67 509.009 716.414 5 2.54951 -49.1069 -89.655
68 509.428 716.687 5 2.5 -45.1239 36.4043
69 509.847 716.959 5 2.54951 -47.4459 -102.41
70 510.267 717.231 5 2.69258 -52.5943 102.161
71 510.686 717.504 5 2.91548 -46.115 -135.624
72 511.105 717.776 5 3.20156 -49.5752 130.356
73 511.525 718.048 5 3.53553 -55.133 -140.148
74 511.944 718.321 5 3.90512 -65.0627 -103.195
75 512.363 718.593 5 4.30116 -51.4044 133.916
76 512.783 718.865 5 4.71699 -52.1257 128.022
77 513.202 719.138 5 5.14782 -48.343 -143.634
78 513.621 719.41 5 5.59017 -48.7583 107.835
79 510.414 717.923 5 3.3541 -48.2841 8.81296
80 510.833 718.195 5 3.60555 -50.0745 110.136
81 511.672 718.74 5 4.24264 -52.8076 -42.5808
82 512.091 719.012 5 4.60977 -55.2073 59.1538
83 512.51 719.285 5 5 -52.8056 -31.7333
84 512.93 719.557 5 5.40833 -48.066 -87.3151
85 513.349 719.829 5 5.83095 -60.5385 -43.4508
86 510.141 718.342 5 3.80789 -65.453 114.575
87 510.561 718.615 5 4.03113 -45.4687 -118.844
88 511.399 719.159 5 4.60977 -55.4247 -57.2367
89 511.819 719.432 5 4.94975 -57.9806 109.304
90 512.238 719.704 5 5.31507 -50.4678 -154.229
91 512.657 719.976 5 5.70088 -54.6942 94.5515
92 513.077 720.249 5 6.10328 -48.4253 37.8812
93 509.869 718.762 5 4.272 -71.1846 147.15
94 510.288 719.034 5 4.47214 -52.3701 64.0155
95 511.127 719.579 5 5 -56.1217 78.8487
96 511.546 719.851 5 5.31507 -57.8154 -42.1707
97 511.966 720.123 5 5.65685 -53.2793 -57.2919
98 512.385 720.396 5 6.0208 -56.7601 -69.7719
99 512.804 720.668 5 6.40312 -59.4257 135.417
100 509.597 719.181 5 4.74342 -57.7339 -89.1225
101 510.016 719.453 5 4.92443 -53.8896 36.258
102 509.324 719.6 5 5.22015 -51.5293 131.532
103 509.744 719.873 5 5.38516 -49.8064 -141.388
104 509.052 720.02 5 5.70088 -51.6691 46.9806
105 509.471 720.292 5 5.85235 -53.2827 -58.6719
