1 514.644 719.84 5 1.70077 -73.5911 61.6138
2 514.371 720.259 5 2.10814 -64.9537 -170.932
3 514.097 720.678 5 2.54871 -71.0158 -113.644
4 513.824 721.096 5 3.00791 -68.5819 -97.8231
5 513.551 721.515 5 3.47839 -67.3892 116.556
6 513.278 721.934 5 3.95611 -69.473 81.087
7 513.004 722.353 5 4.43875 -70.9594 -39.6377
8 512.731 722.771 5 4.92485 -64.9522 33.394
9 512.458 723.19 5 5.41348 -90.8267 -63.3277
10 512.185 723.609 5 5.90402 -92.1001 86.2144
11 515.063 720.113 5 2.05847 -58.3823 -58.7808
12 514.789 720.532 5 2.40603 -55.4579 -118.599
13 514.516 720.951 5 2.80011 -67.7455 64.361
14 514.243 721.37 5 3.2237 -75.7613 -105.758
15 513.97 721.788 5 3.66659 -79.6996 138.768
16 513.696 722.207 5 4.12256 -82.878 29.0995
17 513.423 722.626 5 4.58772 -69.3206 54.3883
18 513.15 723.045 5 5.05953 -69.1357 47.0966
19 512.877 723.463 5 5.53629 -81.9466 8.49091
20 512.603 723.882 5 6.01682 -83.8339 56.7244
21 515.481 720.387 5 2.46617 -54.4517 95.8223
22 515.208 720.805 5 2.76291 -58.6178 126.155
23 514.935 721.224 5 3.11212 -58.6972 52.306
24 514.662 721.643 5 3.49813 -71.7555 -129.921
25 514.388 722.062 5 3.91006 -68.8559 143.244
26 514.115 722.48 5 4.34053 -66.1048 -148.969
27 513.842 722.899 5 4.78454 -71.735 -126.285
28 513.568 723.318 5 5.23865 -75.4441 -133.325
29 513.295 723.737 5 5.70045 -73.4587 177.246
30 513.022 724.155 5 6.16821 -73.1991 -160.183
31 515.9 720.66 5 2.90288 -59.7604 158.793
32 515.627 721.079 5 3.15885 -63.8317 -138.047
33 515.353 721.497 5 3.46843 -62.0669 -73.8505
34 515.08 721.916 5 3.81859 -69.4834 86.9476
35 514.807 722.335 5 4.1992 -68.146 44.4442
36 514.534 722.754 5 4.60271 -63.5771 -142.691
37 514.26 723.172 5 5.0236 -72.7901 -20.0429
38 513.987 723.591 5 5.45786 -81.7133 81.5064
39 516.319 720.933 5 3.35729 -58.6059 135.186
40 516.045 721.352 5 3.58093 -56.9049 -111.526
41 515.772 721.771 5 3.85677 -64.0826 24.601
42 515.499 722.189 5 4.17448 -63.8778 -0.748987
43 515.226 722.608 5 4.52526 -72.3516 124.401
44 514.952 723.027 5 4.902 -68.2974 -127.455
45 514.679 723.446 5 5.29917 -77.8993 -42.9219
46 514.406 723.864 5 5.71252 -109.187 -118.895
47 516.737 721.206 5 3.8231 -67.0999 119.987
48 516.464 721.625 5 4.02091 -56.4184 -12.4552
49 516.191 722.044 5 4.26842 -55.7598 49.8596
50 515.918 722.463 5 4.55752 -65.9768 59.3682
51 515.644 722.881 5 4.88085 -61.0757 175.028
52 515.371 723.3 5 5.23205 -75.3658 -106.396
53 515.098 723.719 5 5.60588 -63.8939 21.7223
54 514.825 724.138 5 5.99813 -117.092 -79.0056
55 517.156 721.48 5 4.2966 -65.8483 72.3342
56 516.883 721.898 5 4.47352 -70.2389 162.888
57 516.61 722.317 5 4.69724 -67.5825 130.382
58 516.336 722.736 5 4.96142 -55.983 168.418
59 516.063 723.155 5 5.25998 -60.9607 -168.135
60 515.79 723.573 5 5.5874 -65.8386 -53.3706
61 515.517 723.992 5 5.93891 -73.333 7.06071
62 515.243 724.411 5 6.31049 -114.546 -170.403
63 517.575 721.753 5 4.77551 -72.0055 68.3112
64 517.302 722.172 5 4.93529 -77.3075 -134.748
65 517.028 722.59 5 5.13895 -60.7735 -17.382
66 516.755 723.009 5 5.38149 -78.0753 80.842
67 516.482 723.428 5 5.65792 -57.8165 -52.0575
68 516.209 723.847 5 5.96353 -60.0081 -33.2905
69 515.935 724.265 5 6.29407 -69.7291 27.2228
70 515.662 724.684 5 6.64582 -67.4234 -131.348
71 517.994 722.026 5 5.25834 -62.6909 158.795
72 517.72 722.445 5 5.40387 -70.9898 -123.131
73 517.447 722.864 5 5.59048 -61.4507 -175.335
74 517.174 723.282 5 5.81421 -62.9029 -178.402
75 516.901 723.701 5 6.07097 -64.5821 -137.46
76 516.627 724.12 5 6.35676 -60.224 76.3168
77 516.354 724.539 5 6.66783 -58.5736 94.4151
78 516.081 724.957 5 7.00083 -69.6717 141.913
