1 505.473 717.831 5 5.38714 -68.2647 -37.5067
2 505.747 717.412 5 4.9145 -67.4325 -42.1828
3 506.02 716.994 5 4.44784 -73.6444 -53.7171
4 506.294 716.575 5 3.98926 -74.5767 -74.5176
5 506.567 716.157 5 3.54192 -77.2516 176.443
6 505.891 718.104 5 5.2529 -60.6771 137.643
7 506.165 717.686 5 4.76696 -64.8667 116.379
8 506.439 717.267 5 4.28426 -64.28 104.153
9 506.712 716.849 5 3.80603 -60.6092 106.658
10 506.986 716.43 5 3.33419 -63.048 94.8121
11 506.31 718.378 5 5.16378 -51.0427 -122.761
12 506.584 717.96 5 4.66857 -51.8487 -120.738
13 506.857 717.541 5 4.17451 -53.7585 -136.841
14 507.131 717.123 5 3.68206 -55.6546 -138.842
15 507.404 716.704 5 3.19194 -55.8049 -109.601
16 506.728 718.652 5 5.12214 -50.0509 -14.0708
17 507.002 718.233 5 4.62247 -51.1392 -20.5041
18 507.276 717.815 5 4.12289 -51.8211 -24.1969
19 507.549 717.396 5 3.62342 -48.53 -46.3043
20 507.823 716.978 5 3.12412 -50.2403 -41.431
21 507.147 718.925 5 5.12913 -50.3591 -5.13153
22 507.421 718.507 5 4.63022 -48.7165 -21.7327
23 507.694 718.088 5 4.13157 -49.1398 -34.5217
24 507.968 717.67 5 3.6333 -49.546 -36.6847
25 508.241 717.251 5 3.13557 -49.2813 -35.7357
26 507.565 719.199 5 5.18455 -52.3954 -141.973
27 507.839 718.78 5 4.69154 -54.0686 -153.558
28 508.113 718.362 5 4.20018 -58.4707 174.133
29 508.386 717.943 5 3.71113 -60.8629 -156.42
30 508.66 717.525 5 3.22544 -56.5798 -26.7022
31 507.984 719.472 5 5.28689 -57.6605 -140.093
32 508.258 719.054 5 4.80439 -61.7857 88.9546
33 508.531 718.635 5 4.32587 -55.7552 54.1893
34 508.805 718.217 5 3.85281 -68.4993 -19.3931
35 509.078 717.798 5 3.38749 -60.3629 -167.913
36 508.402 719.746 5 5.4335 -63.3455 129.935
37 508.676 719.328 5 4.96527 -67.1872 29.8311
38 508.95 718.909 5 4.50387 -78.2979 -140.985
39 509.223 718.491 5 4.05164 -77.7862 -88.1053
40 509.497 718.072 5 3.61203 -79.0033 88.2272
