1 514.644 719.84 5 5.32477 -83.5271 -46.7724
2 514.371 720.259 5 5.08892 -81.1303 43.7069
3 514.097 720.678 5 4.89296 -89.2004 34.2158
4 513.824 721.096 5 4.74184 -82.6539 62.0229
5 513.551 721.515 5 4.63994 -81.557 131.014
6 513.278 721.934 5 4.59053 -77.0383 -98.436
7 513.004 722.353 5 4.59532 -85.8811 31.6682
8 512.731 722.771 5 4.65413 -74.5606 61.0655
9 512.458 723.19 5 4.76497 -107.161 168.172
10 512.185 723.609 5 4.92432 -103.667 57.5811
11 515.063 720.113 5 5.76099 -86.8658 152.18
12 514.789 720.532 5 5.54374 -97.5996 122.54
13 514.516 720.951 5 5.36442 -90.319 160.867
14 514.243 721.37 5 5.22695 -88.7825 111.044
15 513.97 721.788 5 5.13468 -94.6067 126.184
16 513.696 722.207 5 5.09008 -71.5423 -178.066
17 513.423 722.626 5 5.0944 -86.3684 119.888
18 513.15 723.045 5 5.14751 -75.998 -28.6462
19 512.877 723.463 5 5.24794 -88.9107 -10.9511
20 512.603 723.882 5 5.39303 -93.4968 3.69735
21 515.481 720.387 5 6.20685 -82.7751 -58.9463
22 515.208 720.805 5 6.00574 -90.9027 -142.468
23 514.935 721.224 5 5.84063 -89.2538 32.2372
24 514.662 721.643 5 5.71462 -93.1348 114.629
25 514.388 722.062 5 5.63035 -87.0661 68.0003
26 514.115 722.48 5 5.58971 -78.0718 94.6631
27 513.842 722.899 5 5.59364 -82.7972 28.1549
28 513.568 723.318 5 5.64205 -80.674 -84.8203
29 513.295 723.737 5 5.73382 -93.1784 72.8698
30 513.022 724.155 5 5.86692 -93.327 151.538
31 515.9 720.66 5 6.6604 -84.168 25.2318
32 515.627 721.079 5 6.4734 -91.7302 116.568
33 515.353 721.497 5 6.32051 -82.4329 94.0657
34 515.08 721.916 5 6.20426 -96.5031 -75.575
35 514.807 722.335 5 6.12673 -84.0714 74.4309
36 514.534 722.754 5 6.0894 -92.1278 -174.104
37 514.26 723.172 5 6.093 -90.3487 99.2205
38 513.987 723.591 5 6.13748 -95.6878 -133.789
39 516.319 720.933 5 7.12017 -77.2548 178.02
40 516.045 721.352 5 6.94556 -95.7223 -51.5019
41 515.772 721.771 5 6.80329 -89.6416 92.3507
42 515.499 722.189 5 6.69542 -96.9571 172.994
43 515.226 722.608 5 6.62365 -88.8951 -135.708
44 514.952 723.027 5 6.58913 -93.2999 37.9737
45 514.679 723.446 5 6.59247 -83.0495 -111.335
46 514.406 723.864 5 6.6336 -122.284 41.5044
47 516.737 721.206 5 7.58503 -86.1464 18.3052
48 516.464 721.625 5 7.42137 -80.4027 -26.1804
49 516.191 722.044 5 7.28839 -92.2793 112.798
50 515.918 722.463 5 7.18781 -89.0425 -69.489
51 515.644 722.881 5 7.121 -87.9855 -132.383
52 515.371 723.3 5 7.0889 -85.9124 -104.742
53 515.098 723.719 5 7.092 -97.637 25.6511
54 514.825 724.138 5 7.13025 -137.719 -88.8767
55 517.156 721.48 5 8.0541 -93.8931 -116.064
56 516.883 721.898 5 7.90016 -85.456 -148.204
57 516.61 722.317 5 7.77538 -79.3101 121.543
58 516.336 722.736 5 7.68118 -88.146 -108.288
59 516.063 723.155 5 7.61869 -100.989 28.8484
60 515.79 723.573 5 7.58871 -85.1271 70.4743
61 515.517 723.992 5 7.5916 -85.2723 63.4844
62 515.243 724.411 5 7.62735 -178.897 -109.366
63 517.575 721.753 5 8.52669 -99.426 -82.481
64 517.302 722.172 5 8.38144 -89.6369 86.4623
65 517.028 722.59 5 8.26392 -93.0517 -147.862
66 516.755 723.009 5 8.17535 -85.2796 -122.636
67 516.482 723.428 5 8.11667 -89.8867 101.638
68 516.209 723.847 5 8.08853 -95.9668 -126.505
69 515.935 724.265 5 8.09125 -82.9428 -91.5122
70 515.662 724.684 5 8.1248 -91.3041 173.821
71 517.994 722.026 5 9.00225 -90.0247 -48.2819
72 517.72 722.445 5 8.86478 -102.15 130.842
73 517.447 722.864 5 8.75376 -93.3146 35.7297
74 517.174 723.282 5 8.6702 -95.6066 -38.383
75 516.901 723.701 5 8.61489 -91.2046 -67.4345
76 516.627 724.12 5 8.58838 -86.4843 -36.5005
77 516.354 724.539 5 8.59094 -82.6293 0.579875
78 516.081 724.957 5 8.62254 -91.6876 30.5695
