1 509.951 714.045 5 1.80278 -40.2676 -159.934
2 510.37 714.318 5 1.58114 -44.9807 121.628
3 510.79 714.59 5 1.5 -40.8712 13.5602
4 511.209 714.862 5 1.58114 -45.9945 127.382
5 511.628 715.135 5 1.80278 -41.4688 -175.597
6 512.048 715.407 5 2.12132 -42.1703 -1.19591
7 512.467 715.679 5 2.5 -46.0266 -30.2658
8 512.886 715.952 5 2.91548 -49.3002 -86.2187
9 513.306 716.224 5 3.3541 -44.973 -15.0315
10 513.725 716.496 5 3.80789 -47.3119 -119.548
11 514.144 716.769 5 4.272 -58.1753 -95.8842
12 514.564 717.041 5 4.74342 -48.0019 -168.186
13 514.983 717.313 5 5.22015 -48.6311 -7.91631
14 509.679 714.465 5 1.41421 -40.2422 -105.83
15 510.098 714.737 5 1.11803 -42.0435 -5.26138
16 510.517 715.009 5 1 -37.6837 10.6694
17 510.937 715.282 5 1.11803 -37.7015 15.2065
18 511.356 715.554 5 1.41421 -41.9239 -117.283
19 511.775 715.826 5 1.80278 -45.3697 -170.9
20 512.195 716.099 5 2.23607 -47.5585 70.7704
21 512.614 716.371 5 2.69258 -45.5717 172.836
22 513.033 716.643 5 3.16228 -48.1323 -109.343
23 513.453 716.916 5 3.64006 -48.3973 -9.50057
24 513.872 717.188 5 4.12311 -48.2134 22.7718
25 514.291 717.46 5 4.60977 -51.686 -23.9186
26 514.711 717.733 5 5.09902 -53.0196 61.9302
27 509.406 714.884 5 1.11803 -38.8303 11.1869
28 509.826 715.156 5 0.707107 -38.925 107.535
29 510.245 715.429 5 0.5 -32.7035 -0.0995538
30 510.664 715.701 5 0.707107 -38.7802 115.098
31 511.084 715.973 5 1.11803 -38.9285 6.10734
32 511.503 716.246 5 1.58114 -51.7143 143.569
33 511.922 716.518 5 2.06155 -49.0016 -127.28
34 512.342 716.79 5 2.54951 -48.4795 -99.6263
35 512.761 717.063 5 3.04138 -54.2551 -93.687
36 513.18 717.335 5 3.53553 -67.5196 -52.8703
37 513.6 717.607 5 4.03113 -46.9141 -142.809
38 514.019 717.88 5 4.52769 -49.5071 -114.716
39 514.438 718.152 5 5.02494 -53.0027 -109.593
40 509.134 715.303 5 1 -37.1716 -11.2948
41 509.553 715.576 5 0.5 -33.4006 -0.963175
42 509.973 715.848 5 0 -53.743 70.5792
43 510.392 716.12 5 0.5 -32.6439 -3.70108
44 510.811 716.393 5 1 -38.2788 -15.9603
45 511.231 716.665 5 1.5 -42.7052 -13.7527
46 511.65 716.937 5 2 -47.3716 33.6589
47 512.069 717.21 5 2.5 -49.325 -2.40184
48 512.489 717.482 5 3 -50.9068 -0.212741
49 512.908 717.754 5 3.5 -50.1557 -22.7957
50 513.327 718.027 5 4 -50.9279 -27.9754
51 513.747 718.299 5 4.5 -46.9378 -38.2995
52 514.166 718.571 5 5 -45.5374 -29.2555
53 508.862 715.723 5 1.11803 -42.5977 16.9885
54 509.281 715.995 5 0.707107 -37.1441 114.351
55 509.7 716.267 5 0.5 -33.8419 4.17273
56 510.12 716.54 5 0.707107 -39.8083 118.028
57 510.539 716.812 5 1.11803 -41.5222 -3.02134
58 510.958 717.084 5 1.58114 -49.3296 53.8896
59 511.378 717.357 5 2.06155 -43.5945 -175.515
60 511.797 717.629 5 2.54951 -57.4895 -125.002
61 512.216 717.901 5 3.04138 -60.3602 -118.418
62 512.636 718.174 5 3.53553 -56.032 -83.9961
63 513.055 718.446 5 4.03113 -53.9466 -73.3388
64 513.474 718.718 5 4.52769 -50.0922 -56.4695
65 513.894 718.991 5 5.02494 -51.8108 20.537
66 508.589 716.142 5 1.41421 -46.3688 -143.646
67 509.009 716.414 5 1.11803 -41.5159 -2.17274
68 509.428 716.687 5 1 -39.4869 8.87
69 509.847 716.959 5 1.11803 -41.1962 -10.3812
70 510.267 717.231 5 1.41421 -46.6766 -138.389
71 510.686 717.504 5 1.80278 -46.9945 121.463
72 511.105 717.776 5 2.23607 -45.5896 23.2273
73 511.525 718.048 5 2.69258 -45.0682 142.526
74 511.944 718.321 5 3.16228 -47.9524 -100.761
75 512.363 718.593 5 3.64006 -48.48 -103.153
76 512.783 718.865 5 4.12311 -50.9711 -44.4458
77 513.202 719.138 5 4.60977 -54.1955 44.6849
78 513.621 719.41 5 5.09902 -51.5236 72.8033
79 510.414 717.923 5 2.12132 -45.3769 47.3585
80 510.833 718.195 5 2.5 -44.3812 40.5738
81 511.672 718.74 5 3.3541 -47.3973 39.2028
82 512.091 719.012 5 3.80789 -55.1233 154.962
83 512.51 719.285 5 4.272 -51.9786 -41.1968
84 512.93 719.557 5 4.74342 -52.5882 -25.26
85 513.349 719.829 5 5.22015 -71.6569 137.174
86 510.141 718.342 5 2.5 -52.9041 148.644
87 510.561 718.615 5 2.82843 -45.1163 145.332
88 511.399 719.159 5 3.60555 -56.5261 -132.262
89 511.819 719.432 5 4.03113 -74.6265 -22.265
90 512.238 719.704 5 4.47214 -55.526 71.5072
91 512.657 719.976 5 4.92443 -48.4768 -114.278
92 513.077 720.249 5 5.38516 -52.572 -65.223
93 509.869 718.762 5 2.91548 -73.9293 -164.438
94 510.288 719.034 5 3.20156 -67.2751 -123.424
95 511.127 719.579 5 3.90513 -49.4906 170.774
96 511.546 719.851 5 4.30116 -52.6948 -86.3571
97 511.966 720.123 5 4.71699 -60.1735 139.528
98 512.385 720.396 5 5.14782 -60.5537 -90.0165
99 512.804 720.668 5 5.59017 -52.9756 11.5744
100 509.597 719.181 5 3.3541 -59.5158 -171.276
101 510.016 719.453 5 3.60555 -55.7087 170.29
102 509.324 719.6 5 3.80789 -59.4812 -48.8407
103 509.744 719.873 5 4.03113 -54.7214 -172.237
104 509.052 720.02 5 4.272 -75.2106 59.7993
105 509.471 720.292 5 4.47214 -54.8375 -120.609
