1 509.951 714.045 5 5.38516 -55.808 -83.9923
2 510.37 714.318 5 4.92443 -54.7069 -54.0567
3 510.79 714.59 5 4.47214 -45.5069 55.7999
4 511.209 714.862 5 4.03113 -58.6712 -28.2785
5 511.628 715.135 5 3.60555 -48.2882 16.1294
6 512.048 715.407 5 3.20156 -50.2895 176.15
7 512.467 715.679 5 2.82843 -43.3648 139.342
8 512.886 715.952 5 2.5 -47.4981 9.71986
9 513.306 716.224 5 2.23607 -46.789 47.7022
10 513.725 716.496 5 2.06155 -43.4069 -175.539
11 514.144 716.769 5 2 -45.0829 -24.094
12 514.564 717.041 5 2.06155 -47.4229 0.235848
13 514.983 717.313 5 2.23607 -56.6976 -154.708
14 509.679 714.465 5 5.22015 -47.9578 106.422
15 510.098 714.737 5 4.74342 -51.9506 109.419
16 510.517 715.009 5 4.272 -61.7744 -39.6994
17 510.937 715.282 5 3.80789 -53.9626 126.885
18 511.356 715.554 5 3.3541 -46.5255 27.7017
19 511.775 715.826 5 2.91548 -53.8913 -102.286
20 512.195 716.099 5 2.5 -46.1027 5.7154
21 512.614 716.371 5 2.12132 -46.6056 -29.4438
22 513.033 716.643 5 1.80278 -45.1497 -157.92
23 513.453 716.916 5 1.58114 -43.5148 139.871
24 513.872 717.188 5 1.5 -43.011 -17.7463
25 514.291 717.46 5 1.58114 -47.2159 94.7424
26 514.711 717.733 5 1.80278 -45.8275 -141.174
27 509.406 714.884 5 5.09902 -48.7241 -10.2898
28 509.826 715.156 5 4.60977 -50.7916 -25.9018
29 510.245 715.429 5 4.12311 -49.6432 -54.005
30 510.664 715.701 5 3.64006 -51.9096 -41.8466
31 511.084 715.973 5 3.16228 -46.2776 -104.303
32 511.503 716.246 5 2.69258 -46.7867 168.994
33 511.922 716.518 5 2.23607 -45.3859 74.7566
34 512.342 716.79 5 1.80278 -45.9962 -137.54
35 512.761 717.063 5 1.41421 -45.4441 -120.288
36 513.18 717.335 5 1.11803 -41.9491 1.28723
37 513.6 717.607 5 1 -37.4216 -18.2735
38 514.019 717.88 5 1.11803 -40.2907 12.6324
39 514.438 718.152 5 1.41421 -43.1012 -102.311
40 509.134 715.303 5 5.02494 -52.9723 7.53426
41 509.553 715.576 5 4.52769 -50.0931 -49.065
42 509.973 715.848 5 4.03113 -54.1093 -83.5619
43 510.392 716.12 5 3.53553 -53.8718 -45.1747
44 510.811 716.393 5 3.04138 -50.1415 -94.1075
45 511.231 716.665 5 2.54951 -54.0201 -71.5738
46 511.65 716.937 5 2.06155 -47.9769 176.09
47 512.069 717.21 5 1.58114 -44.6829 82.6508
48 512.489 717.482 5 1.11803 -37.847 31.4337
49 512.908 717.754 5 0.707107 -38.4337 120.323
50 513.327 718.027 5 0.5 -32.7789 -5.03437
51 513.747 718.299 5 0.707107 -37.6655 117.56
52 514.166 718.571 5 1.11803 -38.0182 25.175
53 508.862 715.723 5 5 -58.1831 62.0555
54 509.281 715.995 5 4.5 -47.0677 12.7881
55 509.7 716.267 5 4 -49.0108 -25.8949
56 510.12 716.54 5 3.5 -49.6617 -41.0185
57 510.539 716.812 5 3 -52.5397 24.2181
58 510.958 717.084 5 2.5 -45.8909 57.9351
59 511.378 717.357 5 2 -43.677 -4.34789
60 511.797 717.629 5 1.5 -41.976 2.8764
61 512.216 717.901 5 1 -36.7012 5.6246
62 512.636 718.174 5 0.5 -33.9446 -6.748
63 513.055 718.446 5 0 -48.4037 -150.775
64 513.474 718.718 5 0.5 -34.6345 -7.21161
65 513.894 718.991 5 1 -39.3263 11.9321
66 508.589 716.142 5 5.02494 -51.7424 -81.8677
67 509.009 716.414 5 4.52769 -48.4056 -54.9871
68 509.428 716.687 5 4.03113 -57.3086 -73.3262
69 509.847 716.959 5 3.53553 -54.8906 -24.7906
70 510.267 717.231 5 3.04138 -50.0187 -24.0678
71 510.686 717.504 5 2.54951 -48.3157 -129.464
72 511.105 717.776 5 2.06155 -48.6227 113.962
73 511.525 718.048 5 1.58114 -43.8735 110.88
74 511.944 718.321 5 1.11803 -41.4792 7.81794
75 512.363 718.593 5 0.707107 -38.7865 128.354
76 512.783 718.865 5 0.5 -33.6346 -16.6738
77 513.202 719.138 5 0.707107 -38.1589 112.376
78 513.621 719.41 5 1.11803 -40.8647 13.2148
79 510.414 717.923 5 2.69258 -45.3475 109.134
80 510.833 718.195 5 2.23607 -44.1558 67.186
81 511.672 718.74 5 1.41421 -42.3711 -120.908
82 512.091 719.012 5 1.11803 -42.2314 -9.9623
83 512.51 719.285 5 1 -41.3677 -24.1594
84 512.93 719.557 5 1.11803 -41.5258 -1.61236
85 513.349 719.829 5 1.41421 -45.8576 -128.991
86 510.141 718.342 5 2.91548 -55.1476 -131.132
87 510.561 718.615 5 2.5 -44.405 -152.543
88 511.399 719.159 5 1.80278 -40.894 -167.819
89 511.819 719.432 5 1.58114 -50.5547 166.688
90 512.238 719.704 5 1.5 -53.8213 -46.5604
91 512.657 719.976 5 1.58114 -47.4111 119.427
92 513.077 720.249 5 1.80278 -45.3087 169.149
93 509.869 718.762 5 3.20156 -50.5771 5.25015
94 510.288 719.034 5 2.82843 -49.422 12.544
95 511.127 719.579 5 2.23607 -50.987 94.6965
96 511.546 719.851 5 2.06155 -48.9054 53.6983
97 511.966 720.123 5 2 -53.5417 -75.3165
98 512.385 720.396 5 2.06155 -42.0469 -155.601
99 512.804 720.668 5 2.23607 -41.7748 -63.9788
100 509.597 719.181 5 3.53553 -47.7779 177.651
101 510.016 719.453 5 3.20156 -54.8041 -22.2769
102 509.324 719.6 5 3.90513 -58.4271 -112.814
103 509.744 719.873 5 3.60555 -69.5207 29.1719
104 509.052 720.02 5 4.30116 -50.7285 -15.9738
105 509.471 720.292 5 4.03113 -51.1281 127.801
