1 505.473 717.831 5 7.38265 -83.5004 175.699
2 505.747 717.412 5 7.18466 -90.2293 12.077
3 506.02 716.994 5 7.01678 -80.3633 -131.356
4 506.294 716.575 5 6.88121 -72.5906 42.0564
5 506.567 716.157 5 6.77989 -67.4665 46.9312
6 505.891 718.104 5 6.93319 -77.6123 -108.886
7 506.165 717.686 5 6.72198 -71.4906 18.3857
8 506.439 717.267 5 6.54224 -76.5784 -5.95612
9 506.712 716.849 5 6.39662 -83.351 85.538
10 506.986 716.43 5 6.2875 -65.636 -40.7864
11 506.31 718.378 5 6.49113 -82.3812 -57.6455
12 506.584 717.96 5 6.26503 -78.5041 153.371
13 506.857 717.541 5 6.07178 -73.592 -78.6008
14 507.131 717.123 5 5.91459 -72.1789 -136.275
15 507.404 716.704 5 5.7964 -62.9115 -36.8283
16 506.728 718.652 5 6.05809 -71.6899 -16.4566
17 507.002 718.233 5 5.81518 -77.6223 150.921
18 507.276 717.815 5 5.60644 -76.6266 47.5969
19 507.549 717.396 5 5.43581 -69.0618 -137.473
20 507.823 716.978 5 5.30697 -69.7332 -112.87
21 507.147 718.925 5 5.63614 -77.6989 -123.698
22 507.421 718.507 5 5.37419 -82.1746 -144.372
23 507.694 718.088 5 5.1476 -66.5845 83.5798
24 507.968 717.67 5 4.96121 -71.2398 84.2863
25 508.241 717.251 5 4.8197 -67.5042 -145.373
26 507.565 719.199 5 5.22797 -74.7375 117.164
27 507.839 718.78 5 4.94445 -61.8536 -28.6301
28 508.113 718.362 5 4.69717 -68.0964 -74.0259
29 508.386 717.943 5 4.49214 -72.0532 83.6707
30 508.66 717.525 5 4.33534 -69.0443 -38.1334
31 507.984 719.472 5 4.83708 -61.4112 -166.077
32 508.258 719.054 5 4.52915 -69.6806 -157.288
33 508.531 718.635 5 4.25782 -73.6843 -85.0862
34 508.805 718.217 5 4.0305 -68.7833 -64.6652
35 509.078 717.798 5 3.85497 -78.3054 -88.8465
36 508.402 719.746 5 4.46799 -69.1557 87.195
37 508.676 719.328 5 4.13266 -64.3757 -35.8372
38 508.95 718.909 5 3.83337 -68.2768 30.7622
39 509.223 718.491 5 3.57919 -72.4335 29.7002
40 509.497 718.072 5 3.3803 -65.4413 -176.981
