1 509.951 714.045 5 5.59017 -51.8046 121.288
2 510.37 714.318 5 5.14782 -56.156 -137.26
3 510.79 714.59 5 4.71699 -54.4873 115.923
4 511.209 714.862 5 4.30116 -48.6521 179.742
5 511.628 715.135 5 3.90512 -61.0278 -94.5536
6 512.048 715.407 5 3.53553 -50.7094 -71.8112
7 512.467 715.679 5 3.20156 -57.7133 139.856
8 512.886 715.952 5 2.91548 -43.5334 -132.97
9 513.306 716.224 5 2.69258 -51.5886 106.142
10 513.725 716.496 5 2.54951 -42.8571 -135.895
11 514.144 716.769 5 2.5 -45.9002 -21.4915
12 514.564 717.041 5 2.54951 -60.5977 36.1721
13 514.983 717.313 5 2.69258 -49.0117 -10.1848
14 509.679 714.465 5 5.38516 -47.3557 -49.1832
15 510.098 714.737 5 4.92443 -54.0001 -91.6592
16 510.517 715.009 5 4.47214 -58.2446 66.491
17 510.937 715.282 5 4.03113 -52.7647 -93.0728
18 511.356 715.554 5 3.60555 -51.3815 66.4066
19 511.775 715.826 5 3.20156 -47.417 143.833
20 512.195 716.099 5 2.82843 -44.3263 127.103
21 512.614 716.371 5 2.5 -43.6424 -13.3454
22 513.033 716.643 5 2.23607 -41.482 40.2997
23 513.453 716.916 5 2.06155 -42.5977 -154.419
24 513.872 717.188 5 2 -44.1754 -34.8619
25 514.291 717.46 5 2.06155 -46.9505 -177.406
26 514.711 717.733 5 2.23607 -45.7921 17.858
27 509.406 714.884 5 5.22015 -45.3211 54.0225
28 509.826 715.156 5 4.74342 -50.3429 19.9573
29 510.245 715.429 5 4.272 -48.9872 -66.9533
30 510.664 715.701 5 3.80789 -54.8319 -132.574
31 511.084 715.973 5 3.3541 -51.868 22.7289
32 511.503 716.246 5 2.91548 -48.9085 -69.689
33 511.922 716.518 5 2.5 -49.8424 -20.3033
34 512.342 716.79 5 2.12132 -44.9497 16.5907
35 512.761 717.063 5 1.80278 -55.5469 135.167
36 513.18 717.335 5 1.58114 -53.7796 112.051
37 513.6 717.607 5 1.5 -44.144 -16.6288
38 514.019 717.88 5 1.58114 -44.8203 117.967
39 514.438 718.152 5 1.80278 -52.0427 -174.686
40 509.134 715.303 5 5.09902 -58.4269 33.7167
41 509.553 715.576 5 4.60977 -54.811 21.7639
42 509.973 715.848 5 4.12311 -50.6524 -52.491
43 510.392 716.12 5 3.64006 -59.5312 -104.752
44 510.811 716.393 5 3.16228 -44.6939 -138.23
45 511.231 716.665 5 2.69258 -43.8877 143.255
46 511.65 716.937 5 2.23607 -47.719 44.8034
47 512.069 717.21 5 1.80278 -47.7686 -176.215
48 512.489 717.482 5 1.41421 -47.0342 -117.096
49 512.908 717.754 5 1.11803 -45.2824 -7.59185
50 513.327 718.027 5 1 -39.0765 -17.1838
51 513.747 718.299 5 1.11803 -40.1105 2.46427
52 514.166 718.571 5 1.41421 -44.6269 -137.744
53 508.862 715.723 5 5.02494 -59.8444 -77.3758
54 509.281 715.995 5 4.52769 -52.4133 -43.9922
55 509.7 716.267 5 4.03113 -52.0711 -89.4297
56 510.12 716.54 5 3.53553 -54.4629 -58.4535
57 510.539 716.812 5 3.04138 -49.6395 -74.9865
58 510.958 717.084 5 2.54951 -55.336 -127.381
59 511.378 717.357 5 2.06155 -46.3164 132.175
60 511.797 717.629 5 1.58114 -41.6253 99.8791
61 512.216 717.901 5 1.11803 -39.2293 16.5727
62 512.636 718.174 5 0.707107 -36.3909 123.072
63 513.055 718.446 5 0.5 -34.4817 -13.2757
64 513.474 718.718 5 0.707107 -38.078 115.926
65 513.894 718.991 5 1.11803 -38.6341 12.0625
66 508.589 716.142 5 5 -51.0837 -88.3326
67 509.009 716.414 5 4.5 -52.2693 -64.0179
68 509.428 716.687 5 4 -49.4578 -66.6489
69 509.847 716.959 5 3.5 -47.1862 -57.2691
70 510.267 717.231 5 3 -64.0975 -19.8372
71 510.686 717.504 5 2.5 -45.4431 10.3586
72 511.105 717.776 5 2 -46.5952 -16.6145
73 511.525 718.048 5 1.5 -45.6608 -2.09831
74 511.944 718.321 5 1 -40.0667 -12.8931
75 512.363 718.593 5 0.5 -34.4959 -5.20114
76 512.783 718.865 5 0 -48.7315 -101.725
77 513.202 719.138 5 0.5 -33.3513 -0.0560637
78 513.621 719.41 5 1 -39.6897 6.0986
79 510.414 717.923 5 2.54951 -52.5295 -177.302
80 510.833 718.195 5 2.06155 -45.0894 -172.704
81 511.672 718.74 5 1.11803 -37.906 24.0713
82 512.091 719.012 5 0.707107 -38.106 130.73
83 512.51 719.285 5 0.5 -34.547 -18.6212
84 512.93 719.557 5 0.707107 -41.0381 124.807
85 513.349 719.829 5 1.11803 -40.8934 -10.5699
86 510.141 718.342 5 2.69258 -48.3983 4.478
87 510.561 718.615 5 2.23607 -49.269 -101.97
88 511.399 719.159 5 1.41421 -45.6318 -152.395
89 511.819 719.432 5 1.11803 -52.3693 -18.7821
90 512.238 719.704 5 1 -37.0597 -45.9233
91 512.657 719.976 5 1.11803 -41.946 -4.70994
92 513.077 720.249 5 1.41421 -44.5839 179.838
93 509.869 718.762 5 2.91548 -47.4582 104.411
94 510.288 719.034 5 2.5 -48.1515 -114.968
95 511.127 719.579 5 1.80278 -39.7756 168.379
96 511.546 719.851 5 1.58114 -52.8287 65.2846
97 511.966 720.123 5 1.5 -47.8872 -101.77
98 512.385 720.396 5 1.58114 -42.0183 138.942
99 512.804 720.668 5 1.80278 -44.1548 105.573
100 509.597 719.181 5 3.20156 -50.2614 -31.1978
101 510.016 719.453 5 2.82843 -51.9004 22.0083
102 509.324 719.6 5 3.53553 -55.7167 -172.333
103 509.744 719.873 5 3.20156 -56.2474 155.256
104 509.052 720.02 5 3.90513 -57.4315 78.8361
105 509.471 720.292 5 3.60555 -54.3691 -141.79
