1 509.951 714.045 5 6.26498 -49.9287 -74.321
2 510.37 714.318 5 5.83095 -56.7674 27.8288
3 510.79 714.59 5 5.40833 -48.0388 -97.726
4 511.209 714.862 5 5 -55.3789 -35.9643
5 511.628 715.135 5 4.60977 -50.6227 16.1723
6 512.048 715.407 5 4.24264 -49.9647 -23.6899
7 512.467 715.679 5 3.90512 -46.6193 -132.776
8 512.886 715.952 5 3.60555 -44.0197 68.8643
9 513.306 716.224 5 3.3541 -48.1357 9.80149
10 513.725 716.496 5 3.16228 -49.7655 -81.9833
11 514.144 716.769 5 3.04138 -45.7995 -135.447
12 514.564 717.041 5 3 -47.4184 153.963
13 514.983 717.313 5 3.04138 -52.6591 41.5157
14 509.679 714.465 5 6.04152 -67.6287 97.7539
15 510.098 714.737 5 5.59017 -59.5983 72.629
16 510.517 715.009 5 5.14782 -51.5344 -108.254
17 510.937 715.282 5 4.71699 -51.5183 86.2469
18 511.356 715.554 5 4.30116 -54.4564 -167.998
19 511.775 715.826 5 3.90512 -56.5121 -88.969
20 512.195 716.099 5 3.53553 -51.5241 -81.1602
21 512.614 716.371 5 3.20156 -51.1001 159.581
22 513.033 716.643 5 2.91548 -55.571 -69.2772
23 513.453 716.916 5 2.69258 -49.9668 138.522
24 513.872 717.188 5 2.54951 -49.1793 -133.875
25 514.291 717.46 5 2.5 -54.816 36.4786
26 514.711 717.733 5 2.54951 -53.2353 -1.71206
27 509.406 714.884 5 5.85235 -53.8737 78.366
28 509.826 715.156 5 5.38516 -50.5758 -15.2821
29 510.245 715.429 5 4.92443 -53.7433 -103.27
30 510.664 715.701 5 4.47214 -58.5858 105.303
31 511.084 715.973 5 4.03113 -50.7819 -131.553
32 511.503 716.246 5 3.60555 -48.5315 69.9503
33 511.922 716.518 5 3.20156 -49.8876 130.776
34 512.342 716.79 5 2.82843 -51.4514 120.717
35 512.761 717.063 5 2.5 -46.5323 26.4362
36 513.18 717.335 5 2.23607 -48.8523 38.3223
37 513.6 717.607 5 2.06155 -46.2421 -159.844
38 514.019 717.88 5 2 -50.1179 39.2605
39 514.438 718.152 5 2.06155 -51.6947 -171.254
40 509.134 715.303 5 5.70088 -71.1593 34.1078
41 509.553 715.576 5 5.22015 -58.3301 -2.36709
42 509.973 715.848 5 4.74342 -55.6291 -37.9717
43 510.392 716.12 5 4.272 -49.6912 -90.0981
44 510.811 716.393 5 3.80789 -47.9385 165.163
45 511.231 716.665 5 3.3541 -48.0468 70.518
46 511.65 716.937 5 2.91548 -52.3483 -139.268
47 512.069 717.21 5 2.5 -42.3523 29.7846
48 512.489 717.482 5 2.12132 -47.5571 1.28332
49 512.908 717.754 5 1.80278 -44.6219 -173.281
50 513.327 718.027 5 1.58114 -46.7037 123.758
51 513.747 718.299 5 1.5 -42.2563 16.9106
52 514.166 718.571 5 1.58114 -45.2489 72.9155
53 508.862 715.723 5 5.59017 -53.7143 149.923
54 509.281 715.995 5 5.09902 -49.8826 77.8978
55 509.7 716.267 5 4.60977 -55.119 41.4666
56 510.12 716.54 5 4.12311 -49.6827 -62.0479
57 510.539 716.812 5 3.64006 -55.0367 -107.2
58 510.958 717.084 5 3.16228 -49.5526 -151.097
59 511.378 717.357 5 2.69258 -46.7 104.372
60 511.797 717.629 5 2.23607 -43.7697 46.7651
61 512.216 717.901 5 1.80278 -48.7107 -156.117
62 512.636 718.174 5 1.41421 -42.6861 -114.165
63 513.055 718.446 5 1.11803 -41.4884 -13.4858
64 513.474 718.718 5 1 -41.5454 15.9793
65 513.894 718.991 5 1.11803 -39.7776 32.5842
66 508.589 716.142 5 5.52268 -55.9328 -61.955
67 509.009 716.414 5 5.02494 -52.6672 -100.34
68 509.428 716.687 5 4.52769 -51.3485 -44.928
69 509.847 716.959 5 4.03113 -53.6289 -10.0887
70 510.267 717.231 5 3.53553 -47.2171 -43.9785
71 510.686 717.504 5 3.04138 -44.7785 -102.335
72 511.105 717.776 5 2.54951 -58.3529 159.002
73 511.525 718.048 5 2.06155 -47.9259 -172.282
74 511.944 718.321 5 1.58114 -45.0843 98.9051
75 512.363 718.593 5 1.11803 -41.915 16.4074
76 512.783 718.865 5 0.707107 -39.8265 126.894
77 513.202 719.138 5 0.5 -34.6054 -13.7293
78 513.621 719.41 5 0.707107 -37.7652 135.814
79 510.414 717.923 5 3 -60.8518 -158.634
80 510.833 718.195 5 2.5 -48.9064 -125.009
81 511.672 718.74 5 1.5 -43.1902 21.1167
82 512.091 719.012 5 1 -40.5986 29.4691
83 512.51 719.285 5 0.5 -34.2365 3.89827
84 512.93 719.557 5 0 -47.0129 39.7895
85 513.349 719.829 5 0.5 -32.6355 15.5511
86 510.141 718.342 5 3.04138 -56.3381 101.134
87 510.561 718.615 5 2.54951 -58.4289 30.0967
88 511.399 719.159 5 1.58114 -48.9715 92.1766
89 511.819 719.432 5 1.11803 -39.6357 8.00822
90 512.238 719.704 5 0.707107 -41.6907 122.983
91 512.657 719.976 5 0.5 -36.6579 1.16514
92 513.077 720.249 5 0.707107 -34.9688 137.97
93 509.869 718.762 5 3.16228 -50.0663 67.7475
94 510.288 719.034 5 2.69258 -45.5198 4.28056
95 511.127 719.579 5 1.80278 -39.9248 -171.946
96 511.546 719.851 5 1.41421 -41.6049 114.152
97 511.966 720.123 5 1.11803 -44.116 24.5532
98 512.385 720.396 5 1 -45.5962 38.708
99 512.804 720.668 5 1.11803 -39.1095 -93.7731
100 509.597 719.181 5 3.3541 -47.2492 -111.023
101 510.016 719.453 5 2.91548 -47.1283 77.4095
102 509.324 719.6 5 3.60555 -50.5816 -67.8809
103 509.744 719.873 5 3.20156 -55.3158 119.599
104 509.052 720.02 5 3.90513 -57.0544 74.4597
105 509.471 720.292 5 3.53553 -57.2037 -135.447
