1 509.951 714.045 5 5.40833 -49.4304 -96.8353
2 510.37 714.318 5 5 -52.0459 -16.5461
3 510.79 714.59 5 4.60977 -55.0684 60.7348
4 511.209 714.862 5 4.24264 -52.0967 21.7618
5 511.628 715.135 5 3.90512 -47.8551 -128.152
6 512.048 715.407 5 3.60555 -48.8636 90.7183
7 512.467 715.679 5 3.3541 -51.6303 59.0522
8 512.886 715.952 5 3.16228 -48.9271 -39.8759
9 513.306 716.224 5 3.04138 -47.4311 -132.348
10 513.725 716.496 5 3 -44.2807 -17.9547
11 514.144 716.769 5 3.04138 -46.1525 -111.428
12 514.564 717.041 5 3.16228 -55.316 45.4712
13 514.983 717.313 5 3.3541 -52.1023 -135.961
14 509.679 714.465 5 5.14782 -56.6322 -88.9147
15 510.098 714.737 5 4.71699 -52.8003 90.6726
16 510.517 715.009 5 4.30116 -55.852 178.823
17 510.937 715.282 5 3.90512 -50.8316 -99.2279
18 511.356 715.554 5 3.53553 -47.4701 -62.051
19 511.775 715.826 5 3.20156 -53.7789 178.287
20 512.195 716.099 5 2.91548 -49.6988 -105.713
21 512.614 716.371 5 2.69258 -48.4598 110.272
22 513.033 716.643 5 2.54951 -53.6755 -130.39
23 513.453 716.916 5 2.5 -42.4835 -13.7339
24 513.872 717.188 5 2.54951 -44.9557 -129.813
25 514.291 717.46 5 2.69258 -51.0898 114.381
26 514.711 717.733 5 2.91548 -47.156 -87.1147
27 509.406 714.884 5 4.92443 -53.9142 -139.824
28 509.826 715.156 5 4.47214 -53.1395 77.8241
29 510.245 715.429 5 4.03113 -49.2832 -95.4782
30 510.664 715.701 5 3.60555 -53.4975 67.4727
31 511.084 715.973 5 3.20156 -50.8985 144.53
32 511.503 716.246 5 2.82843 -51.1362 135.381
33 511.922 716.518 5 2.5 -51.9312 18.2915
34 512.342 716.79 5 2.23607 -44.8136 13.853
35 512.761 717.063 5 2.06155 -47.3573 -169.448
36 513.18 717.335 5 2 -39.6709 -11.3447
37 513.6 717.607 5 2.06155 -45.168 -156.425
38 514.019 717.88 5 2.23607 -46.7573 8.8815
39 514.438 718.152 5 2.5 -44.1985 -0.917574
40 509.134 715.303 5 4.74342 -48.9423 43.7308
41 509.553 715.576 5 4.272 -51.5801 -1.87692
42 509.973 715.848 5 3.80789 -56.1965 126.792
43 510.392 716.12 5 3.3541 -47.0367 29.7986
44 510.811 716.393 5 2.91548 -44.6406 -105.793
45 511.231 716.665 5 2.5 -46.7341 16.7585
46 511.65 716.937 5 2.12132 -48.3916 7.39244
47 512.069 717.21 5 1.80278 -45.6375 -159.652
48 512.489 717.482 5 1.58114 -49.1826 114.667
49 512.908 717.754 5 1.5 -40.941 -14.2532
50 513.327 718.027 5 1.58114 -47.3225 152.688
51 513.747 718.299 5 1.80278 -44.8348 -155.86
52 514.166 718.571 5 2.12132 -44.6681 -0.0584706
53 508.862 715.723 5 4.60977 -62.821 65.5421
54 509.281 715.995 5 4.12311 -56.1455 -30.689
55 509.7 716.267 5 3.64006 -50.9481 -76.6968
56 510.12 716.54 5 3.16228 -44.4002 -118.066
57 510.539 716.812 5 2.69258 -46.9004 150.963
58 510.958 717.084 5 2.23607 -59.6243 99.843
59 511.378 717.357 5 1.80278 -41.5761 -161.89
60 511.797 717.629 5 1.41421 -44.0607 -123.785
61 512.216 717.901 5 1.11803 -41.6949 -1.487
62 512.636 718.174 5 1 -37.9783 -18.969
63 513.055 718.446 5 1.11803 -44.1528 -15.8355
64 513.474 718.718 5 1.41421 -41.4789 -132.046
65 513.894 718.991 5 1.80278 -41.7047 -163.623
66 508.589 716.142 5 4.52769 -65.6347 -80.4799
67 509.009 716.414 5 4.03113 -57.9782 -87.0817
68 509.428 716.687 5 3.53553 -51.5182 -27.5037
69 509.847 716.959 5 3.04138 -49.1746 -83.329
70 510.267 717.231 5 2.54951 -56.7003 6.14278
71 510.686 717.504 5 2.06155 -46.2093 -149.722
72 511.105 717.776 5 1.58114 -45.1725 103.913
73 511.525 718.048 5 1.11803 -39.832 5.01129
74 511.944 718.321 5 0.707107 -36.9729 143.078
75 512.363 718.593 5 0.5 -31.6144 -5.53667
76 512.783 718.865 5 0.707107 -38.3144 140.635
77 513.202 719.138 5 1.11803 -41.3245 6.68051
78 513.621 719.41 5 1.58114 -56.7972 47.3338
79 510.414 717.923 5 2 -58.7927 174.198
80 510.833 718.195 5 1.5 -44.3848 -118.054
81 511.672 718.74 5 0.5 -36.2963 16.3059
82 512.091 719.012 5 0 -51.7751 43.3068
83 512.51 719.285 5 0.5 -34.5013 13.1488
84 512.93 719.557 5 1 -41.481 35.9319
85 513.349 719.829 5 1.5 -41.4967 28.8364
86 510.141 718.342 5 2.06155 -51.4617 0.404238
87 510.561 718.615 5 1.58114 -47.72 -36.0884
88 511.399 719.159 5 0.707107 -33.031 126.415
89 511.819 719.432 5 0.5 -31.6201 -11.5055
90 512.238 719.704 5 0.707107 -39.6785 85.9326
91 512.657 719.976 5 1.11803 -38.7306 2.35607
92 513.077 720.249 5 1.58114 -49.8151 132.048
93 509.869 718.762 5 2.23607 -50.5815 -146.146
94 510.288 719.034 5 1.80278 -41.8538 50.2409
95 511.127 719.579 5 1.11803 -36.8466 0.958737
96 511.546 719.851 5 1 -50.9105 -85.9532
97 511.966 720.123 5 1.11803 -41.2356 39.0878
98 512.385 720.396 5 1.41421 -43.1057 -143.766
99 512.804 720.668 5 1.80278 -48.6821 86.3492
100 509.597 719.181 5 2.5 -51.4348 -113.767
101 510.016 719.453 5 2.12132 -49.1541 -103.014
102 509.324 719.6 5 2.82843 -45.5182 42.6645
103 509.744 719.873 5 2.5 -56.7736 -64.9413
104 509.052 720.02 5 3.20156 -50.7749 86.0255
105 509.471 720.292 5 2.91548 -51.2543 12.0133
