1 505.473 717.831 5 4.4606 -65.6234 -128.788
2 505.747 717.412 5 4.12594 -64.215 66.6355
3 506.02 716.994 5 3.82751 -64.4823 105.739
4 506.294 716.575 5 3.57439 -65.4365 154.042
5 506.567 716.157 5 3.37678 -63.9743 126.311
6 505.891 718.104 5 4.11856 -67.2611 -179.414
7 506.165 717.686 5 3.75353 -57.3502 126.737
8 506.439 717.267 5 3.42278 -66.4127 67.5807
9 506.712 716.849 5 3.13717 -61.0012 -60.7263
10 506.986 716.43 5 2.91003 -72.8148 99.5882
11 506.31 718.378 5 3.81159 -53.1531 19.9522
12 506.584 717.96 5 3.41389 -66.5739 48.3989
13 506.857 717.541 5 3.04648 -58.5677 1.36353
14 507.131 717.123 5 2.72167 -56.5503 119.081
15 507.404 716.704 5 2.4564 -58.0835 119.047
16 506.728 718.652 5 3.54878 -57.3275 21.6159
17 507.002 718.233 5 3.11773 -55.2578 -143.689
18 507.276 717.815 5 2.71047 -52.8386 -93.119
19 507.549 717.396 5 2.33947 -55.1935 -113.779
20 507.823 716.978 5 2.02473 -65.3104 -40.6605
21 507.147 718.925 5 3.34057 -66.0204 -160.276
22 507.421 718.507 5 2.87852 -51.8934 -156.394
23 507.694 718.088 5 2.43152 -60.3539 86.875
24 507.968 717.67 5 2.00966 -50.122 143.033
25 508.241 717.251 5 1.63253 -49.7352 92.9384
26 507.565 719.199 5 3.19766 -63.17 179.448
27 507.839 718.78 5 2.71136 -66.8881 16.2075
28 508.113 718.362 5 2.23112 -48.6296 -37.9111
29 508.386 717.943 5 1.76192 -55.2636 -104.573
30 508.66 717.525 5 1.31559 -47.461 -6.9029
31 507.984 719.472 5 3.12901 -49.9696 30.0811
32 508.258 719.054 5 2.63004 -48.9339 10.2394
33 508.531 718.635 5 2.13156 -47.7444 -3.12834
34 508.805 718.217 5 1.634 -46.595 -17.997
35 509.078 717.798 5 1.1386 -44.5097 -62.0476
36 508.402 719.746 5 3.13947 -70.3535 -166.645
37 508.676 719.328 5 2.64249 -83.4138 -132.406
38 508.95 718.909 5 2.1469 -82.4468 -91.0115
39 509.223 718.491 5 1.65396 -80.5824 163.104
40 509.497 718.072 5 1.16706 -79.9985 -126.476
