1 505.473 717.831 5 7.60707 -80.2031 5.73656
2 505.747 717.412 5 7.38128 -85.9137 156.947
3 506.02 716.994 5 7.18326 -73.1516 115.758
4 506.294 716.575 5 7.01534 -82.2742 66.2546
5 506.567 716.157 5 6.87975 -67.6136 48.6415
6 505.891 718.104 5 7.17179 -75.2434 51.1428
7 506.165 717.686 5 6.93184 -78.4357 26.6753
8 506.439 717.267 5 6.72059 -73.634 -14.2757
9 506.712 716.849 5 6.54081 -69.4315 -22.3046
10 506.986 716.43 5 6.39516 -69.8635 32.2971
11 506.31 718.378 5 6.7455 -73.0416 107.675
12 506.584 717.96 5 6.48981 -75.8353 -162.079
13 506.857 717.541 5 6.26366 -73.4427 109.052
14 507.131 717.123 5 6.07037 -67.4903 -115.975
15 507.404 716.704 5 5.91314 -67.344 -11.7238
16 506.728 718.652 5 6.33 -72.8026 83.3824
17 507.002 718.233 5 6.05679 -72.7683 -115.987
18 507.276 717.815 5 5.81383 -68.6241 129.567
19 507.549 717.396 5 5.60504 -77.7618 -84.8903
20 507.823 716.978 5 5.43437 -68.3667 -82.4486
21 507.147 718.925 5 5.92757 -82.3796 99.6203
22 507.421 718.507 5 5.63488 -72.5099 -5.59151
23 507.694 718.088 5 5.37287 -66.2758 94.3294
24 507.968 717.67 5 5.14623 -73.5107 -172.893
25 508.241 717.251 5 4.95979 -67.3741 -88.1563
26 507.565 719.199 5 5.54105 -70.0899 -86.1713
27 507.839 718.78 5 5.22676 -66.1949 17.4921
28 508.113 718.362 5 4.94317 -87.9027 -5.36943
29 508.386 717.943 5 4.69583 -66.5852 21.5799
30 508.66 717.525 5 4.49073 -68.51 -42.341
31 507.984 719.472 5 5.17401 -75.1804 -158.729
32 508.258 719.054 5 4.83593 -78.0627 -126.605
33 508.531 718.635 5 4.52792 -71.8747 148.507
34 508.805 718.217 5 4.25652 -77.1332 -150.459
35 509.078 717.798 5 4.02912 -84.2711 151.816
36 508.402 719.746 5 4.83089 -67.659 -170.676
37 508.676 719.328 5 4.46692 -60.4944 -95.5541
38 508.95 718.909 5 4.13149 -67.2221 -6.25066
39 509.223 718.491 5 3.83211 -74.3822 -13.0997
40 509.497 718.072 5 3.57784 -67.824 105.134
