1 505.473 717.831 5 6.02932 -60.2906 103.759
2 505.747 717.412 5 5.61063 -59.029 -112.119
3 506.02 716.994 5 5.2063 -62.0752 -61.2456
4 506.294 716.575 5 4.81996 -66.1854 175.546
5 506.567 716.157 5 4.45628 -71.084 -69.2946
6 505.891 718.104 5 5.78138 -61.2079 122.947
7 506.165 717.686 5 5.34329 -65.0802 -85.86
8 506.439 717.267 5 4.91704 -58.2519 73.345
9 506.712 716.849 5 4.50596 -61.6665 159.257
10 506.986 716.43 5 4.11462 -73.3577 178.384
11 506.31 718.378 5 5.56741 -65.1407 58.249
12 506.584 717.96 5 5.11101 -60.3544 -40.4603
13 506.857 717.541 5 4.66357 -62.4992 85.1406
14 507.131 717.123 5 4.22792 -60.1689 -117.181
15 507.404 716.704 5 3.80812 -62.8955 37.5726
16 506.728 718.652 5 5.39145 -65.3954 -87.8227
17 507.002 718.233 5 4.91875 -57.4373 103.782
18 507.276 717.815 5 4.45203 -58.4986 31.7246
19 507.549 717.396 5 3.99337 -68.8385 -105.531
20 507.823 716.978 5 3.54591 -59.0285 108.966
21 507.147 718.925 5 5.25731 -58.6846 -59.4964
22 507.421 718.507 5 4.77135 -62.4978 -148.505
23 507.694 718.088 5 4.28862 -60.101 -179.725
24 507.968 717.67 5 3.81034 -60.7968 112.334
25 508.241 717.251 5 3.33843 -56.721 93.6306
26 507.565 719.199 5 5.16827 -53.9171 -129.903
27 507.839 718.78 5 4.67306 -55.1068 -113.249
28 508.113 718.362 5 4.17898 -55.7647 -112.344
29 508.386 717.943 5 3.68651 -63.4503 -133.689
30 508.66 717.525 5 3.19637 -62.9432 -54.6535
31 507.984 719.472 5 5.12666 -50.1734 37.7443
32 508.258 719.054 5 4.627 -49.14 37.5499
33 508.531 718.635 5 4.12741 -50.8156 9.21387
34 508.805 718.217 5 3.62795 -50.6382 7.35172
35 509.078 717.798 5 3.12865 -52.5183 -15.3763
36 508.402 719.746 5 5.13365 -56.5816 -176.857
37 508.676 719.328 5 4.63473 -72.3001 -78.8133
38 508.95 718.909 5 4.13609 -69.8051 -174.263
39 509.223 718.491 5 3.63781 -74.0215 166.218
40 509.497 718.072 5 3.14008 -78.1209 -101.371
