1 505.473 717.831 5 5.22346 -77.932 151.73
2 505.747 717.412 5 4.94044 -67.5967 156.444
3 506.02 716.994 5 4.69376 -79.3478 72.6038
4 506.294 716.575 5 4.48941 -66.8658 -94.9487
5 506.567 716.157 5 4.33338 -63.6797 146.735
6 505.891 718.104 5 4.8322 -72.3697 61.4832
7 506.165 717.686 5 4.52477 -58.9332 -52.6531
8 506.439 717.267 5 4.25406 -68.5484 -11.7885
9 506.712 716.849 5 4.02746 -76.3398 76.7276
10 506.986 716.43 5 3.85277 -70.4268 178.031
11 506.31 718.378 5 4.46271 -65.7036 -135.318
12 506.584 717.96 5 4.12786 -80.5214 -59.8786
13 506.857 717.541 5 3.82918 -66.9122 160.991
14 507.131 717.123 5 3.57575 -67.7263 70.6195
15 507.404 716.704 5 3.37779 -57.6642 135.885
16 506.728 718.652 5 4.12085 -78.5556 25.6355
17 507.002 718.233 5 3.75564 -63.2664 175.655
18 507.276 717.815 5 3.42465 -59.9609 171.036
19 507.549 717.396 5 3.13873 -58.9492 -17.7076
20 507.823 716.978 5 2.9112 -80.8429 -32.6131
21 507.147 718.925 5 3.81406 -64.5076 -7.01085
22 507.421 718.507 5 3.4162 -70.7835 -147.188
23 507.694 718.088 5 3.04858 -63.8352 -141.292
24 507.968 717.67 5 2.72347 -64.5222 90.81
25 508.241 717.251 5 2.45778 -55.8009 117.011
26 507.565 719.199 5 3.55143 -70.5612 -65.8954
27 507.839 718.78 5 3.12027 -67.4589 151.098
28 508.113 718.362 5 2.71284 -64.1692 179.366
29 508.386 717.943 5 2.34156 -65.8514 133.08
30 508.66 717.525 5 2.0264 -62.6941 -126.848
31 507.984 719.472 5 3.3434 -60.4954 28.3643
32 508.258 719.054 5 2.88127 -66.2996 29.5989
33 508.531 718.635 5 2.43416 -64.906 113.952
34 508.805 718.217 5 2.0121 -63.0183 79.4579
35 509.078 717.798 5 1.63461 -63.2089 50.9018
36 508.402 719.746 5 3.20061 -60.6642 -111.03
37 508.676 719.328 5 2.71428 -59.2757 -161.275
38 508.95 718.909 5 2.234 -80.0015 -9.61406
39 509.223 718.491 5 1.7647 -70.7614 3.29039
40 509.497 718.072 5 1.31817 -72.7089 -49.2078
