1 509.951 714.045 5 4.60977 -46.3723 31.6216
2 510.37 714.318 5 4.30116 -53.4234 -77.1133
3 510.79 714.59 5 4.03113 -46.9356 -122.658
4 511.209 714.862 5 3.80789 -79.7009 -172.594
5 511.628 715.135 5 3.64005 -52.8529 4.03653
6 512.048 715.407 5 3.53553 -46.0762 -121.495
7 512.467 715.679 5 3.5 -45.3966 -1.51641
8 512.886 715.952 5 3.53553 -46.2526 -102.218
9 513.306 716.224 5 3.64005 -46.1892 -25.638
10 513.725 716.496 5 3.80789 -70.6592 -149.789
11 514.144 716.769 5 4.03113 -50.7568 -92.2949
12 514.564 717.041 5 4.30116 -59.9745 25.1513
13 514.983 717.313 5 4.60977 -61.6826 -160.522
14 509.679 714.465 5 4.24264 -73.4521 -95.3008
15 510.098 714.737 5 3.90512 -51.1248 -94.8611
16 510.517 715.009 5 3.60555 -52.573 74.5397
17 510.937 715.282 5 3.3541 -48.876 53.5604
18 511.356 715.554 5 3.16228 -56.0183 -134.935
19 511.775 715.826 5 3.04138 -46.4457 -132.193
20 512.195 716.099 5 3 -45.3667 -7.10621
21 512.614 716.371 5 3.04138 -46.5682 -123.601
22 513.033 716.643 5 3.16228 -51.3747 -76.7867
23 513.453 716.916 5 3.3541 -47.3768 63.5419
24 513.872 717.188 5 3.60555 -49.3229 47.7951
25 514.291 717.46 5 3.90512 -51.871 178.394
26 514.711 717.733 5 4.24264 -52.0594 -89.1183
27 509.406 714.884 5 3.90512 -65.0382 -155.356
28 509.826 715.156 5 3.53553 -49.0178 -93.4586
29 510.245 715.429 5 3.20156 -49.4426 123.671
30 510.664 715.701 5 2.91548 -58.9285 -147.556
31 511.084 715.973 5 2.69258 -47.6438 163.078
32 511.503 716.246 5 2.54951 -42.926 -132.619
33 511.922 716.518 5 2.5 -45.1831 -5.7239
34 512.342 716.79 5 2.54951 -51.4612 -98.0278
35 512.761 717.063 5 2.69258 -49.5896 150.663
36 513.18 717.335 5 2.91548 -49.0218 -114.876
37 513.6 717.607 5 3.20156 -51.4187 62.1421
38 514.019 717.88 5 3.53553 -51.981 -141.342
39 514.438 718.152 5 3.90512 -55.0444 133.145
40 509.134 715.303 5 3.60555 -47.5098 87.7911
41 509.553 715.576 5 3.20156 -48.4409 173.359
42 509.973 715.848 5 2.82843 -44.3682 151.801
43 510.392 716.12 5 2.5 -47.0517 11.8076
44 510.811 716.393 5 2.23607 -48.8374 25.1504
45 511.231 716.665 5 2.06155 -43.5353 -178.126
46 511.65 716.937 5 2 -45.199 -10.1175
47 512.069 717.21 5 2.06155 -43.9845 -179.457
48 512.489 717.482 5 2.23607 -46.313 68.5679
49 512.908 717.754 5 2.5 -61.2105 -12.1711
50 513.327 718.027 5 2.82843 -60.7879 65.0757
51 513.747 718.299 5 3.20156 -47.9082 9.6025
52 514.166 718.571 5 3.60555 -55.6422 -116.831
53 508.862 715.723 5 3.3541 -49.2915 -17.8535
54 509.281 715.995 5 2.91548 -48.7454 -168.407
55 509.7 716.267 5 2.5 -47.8129 39.8781
56 510.12 716.54 5 2.12132 -52.8791 9.5873
57 510.539 716.812 5 1.80278 -44.582 -171.141
58 510.958 717.084 5 1.58114 -41.4308 147.389
59 511.378 717.357 5 1.5 -42.968 -11.3583
60 511.797 717.629 5 1.58114 -43.5359 112.173
61 512.216 717.901 5 1.80278 -53.6936 -174.204
62 512.636 718.174 5 2.12132 -43.4214 -94.5732
63 513.055 718.446 5 2.5 -45.4893 -151.134
64 513.474 718.718 5 2.91548 -48.5809 103.938
65 513.894 718.991 5 3.3541 -46.6672 -87.3787
66 508.589 716.142 5 3.16228 -52.104 -9.98141
67 509.009 716.414 5 2.69258 -50.9787 -110.598
68 509.428 716.687 5 2.23607 -56.0751 -81.5406
69 509.847 716.959 5 1.80278 -44.6483 -150.848
70 510.267 717.231 5 1.41421 -42.7284 -86.9138
71 510.686 717.504 5 1.11803 -43.8686 35.6883
72 511.105 717.776 5 1 -36.7393 6.46404
73 511.525 718.048 5 1.11803 -39.4478 24.5912
74 511.944 718.321 5 1.41421 -40.6681 127.638
75 512.363 718.593 5 1.80278 -47.6987 68.8727
76 512.783 718.865 5 2.23607 -48.1748 -108.814
77 513.202 719.138 5 2.69258 -48.437 -14.6361
78 513.621 719.41 5 3.16228 -55.764 63.2045
79 510.414 717.923 5 0.707107 -36.0612 116.37
80 510.833 718.195 5 0.5 -30.7636 5.67224
81 511.672 718.74 5 1.11803 -43.9457 -112.882
82 512.091 719.012 5 1.58114 -45.6573 -41.5759
83 512.51 719.285 5 2.06155 -49.454 10.6808
84 512.93 719.557 5 2.54951 -56.9774 17.459
85 513.349 719.829 5 3.04138 -50.6965 121.305
86 510.141 718.342 5 0.5 -31.5391 -39.1328
87 510.561 718.615 5 0 -36.9557 -68.0686
88 511.399 719.159 5 1 -48.4633 -165.027
89 511.819 719.432 5 1.5 -49.3241 -133.734
90 512.238 719.704 5 2 -53.5055 -64.9179
91 512.657 719.976 5 2.5 -53.5004 -111.731
92 513.077 720.249 5 3 -48.0644 -121.846
93 509.869 718.762 5 0.707107 -33.5341 106.143
94 510.288 719.034 5 0.5 -30.5732 9.35817
95 511.127 719.579 5 1.11803 -45.937 -135.74
96 511.546 719.851 5 1.58114 -55.0715 -130.497
97 511.966 720.123 5 2.06155 -57.6455 13.5821
98 512.385 720.396 5 2.54951 -55.4178 51.9155
99 512.804 720.668 5 3.04138 -56.2839 -152.138
100 509.597 719.181 5 1.11803 -41.5919 -35.2044
101 510.016 719.453 5 1 -35.4739 -2.40551
102 509.324 719.6 5 1.58114 -40.4644 -176.528
103 509.744 719.873 5 1.5 -38.6142 -0.859214
104 509.052 720.02 5 2.06155 -39.7395 150.04
105 509.471 720.292 5 2 -40.8793 33.443
