1 509.951 714.045 5 3 -42.4503 -5.68646
2 510.37 714.318 5 2.5 -40.7065 -35.2925
3 510.79 714.59 5 2 -47.1407 -22.2559
4 511.209 714.862 5 1.5 -38.7451 -48.2624
5 511.628 715.135 5 1 -41.1014 -27.7451
6 512.048 715.407 5 0.5 -33.4907 7.73093
7 512.467 715.679 5 0 -44.0122 3.99808
8 512.886 715.952 5 0.5 -32.3848 10.9388
9 513.306 716.224 5 1 -40.7193 -29.7216
10 513.725 716.496 5 1.5 -36.8378 -35.4791
11 514.144 716.769 5 2 -40.9031 -11.7762
12 514.564 717.041 5 2.5 -49.0878 147.339
13 514.983 717.313 5 3 -41.9777 -162.956
14 509.679 714.465 5 3.04138 -54.8662 175.561
15 510.098 714.737 5 2.54951 -49.079 -92.941
16 510.517 715.009 5 2.06155 -46.9028 110.743
17 510.937 715.282 5 1.58114 -47.5785 61.6292
18 511.356 715.554 5 1.11803 -39.3895 -5.21285
19 511.775 715.826 5 0.707107 -35.1857 129.815
20 512.195 716.099 5 0.5 -32.9407 0.204255
21 512.614 716.371 5 0.707107 -34.2136 116.493
22 513.033 716.643 5 1.11803 -38.4038 -12.0236
23 513.453 716.916 5 1.58114 -47.0372 107.76
24 513.872 717.188 5 2.06155 -55.1482 75.3488
25 514.291 717.46 5 2.54951 -51.7265 -34.203
26 514.711 717.733 5 3.04138 -54.916 -118.438
27 509.406 714.884 5 3.16228 -51.4812 -169.103
28 509.826 715.156 5 2.69258 -42.2355 145.178
29 510.245 715.429 5 2.23607 -45.0828 41.0897
30 510.664 715.701 5 1.80278 -42.5042 -153.678
31 511.084 715.973 5 1.41421 -45.8557 -130.687
32 511.503 716.246 5 1.11803 -43.4907 37.1268
33 511.922 716.518 5 1 -36.8448 1.25599
34 512.342 716.79 5 1.11803 -40.532 21.6381
35 512.761 717.063 5 1.41421 -46.462 -135.02
36 513.18 717.335 5 1.80278 -42.4586 174.028
37 513.6 717.607 5 2.23607 -47.1848 49.0963
38 514.019 717.88 5 2.69258 -43.8635 136.32
39 514.438 718.152 5 3.16228 -47.7703 -169.287
40 509.134 715.303 5 3.3541 -49.5252 14.2428
41 509.553 715.576 5 2.91548 -46.7157 -69.8529
42 509.973 715.848 5 2.5 -46.9586 -23.2877
43 510.392 716.12 5 2.12132 -47.0784 15.9187
44 510.811 716.393 5 1.80278 -42.5073 -177.392
45 511.231 716.665 5 1.58114 -44.669 131.979
46 511.65 716.937 5 1.5 -40.8147 -1.8643
47 512.069 717.21 5 1.58114 -45.785 128.696
48 512.489 717.482 5 1.80278 -39.9149 -157.757
49 512.908 717.754 5 2.12132 -43.6606 -7.78588
50 513.327 718.027 5 2.5 -51.6802 -8.39485
51 513.747 718.299 5 2.91548 -44.7602 -145.75
52 514.166 718.571 5 3.3541 -49.7304 10.7968
53 508.862 715.723 5 3.60555 -48.608 24.6041
54 509.281 715.995 5 3.20156 -44.0993 166.766
55 509.7 716.267 5 2.82843 -42.4275 144.112
56 510.12 716.54 5 2.5 -45.7536 36.7525
57 510.539 716.812 5 2.23607 -52.0805 25.7912
58 510.958 717.084 5 2.06155 -44.4723 -177.229
59 511.378 717.357 5 2 -45.2525 2.51386
60 511.797 717.629 5 2.06155 -49.6413 179.434
61 512.216 717.901 5 2.23607 -49.0681 21.5828
62 512.636 718.174 5 2.5 -44.7171 55.1042
63 513.055 718.446 5 2.82843 -43.3411 139.993
64 513.474 718.718 5 3.20156 -49.8838 166.388
65 513.894 718.991 5 3.60555 -51.7582 25.9095
66 508.589 716.142 5 3.90512 -54.3357 156.041
67 509.009 716.414 5 3.53553 -47.2201 -97.7588
68 509.428 716.687 5 3.20156 -57.0302 -15.1858
69 509.847 716.959 5 2.91548 -45.3996 -127.462
70 510.267 717.231 5 2.69258 -47.352 123.139
71 510.686 717.504 5 2.54951 -47.1737 -162.062
72 511.105 717.776 5 2.5 -47.9641 0.450939
73 511.525 718.048 5 2.54951 -49.4168 -87.7005
74 511.944 718.321 5 2.69258 -55.5408 143.805
75 512.363 718.593 5 2.91548 -45.5384 -157.916
76 512.783 718.865 5 3.20156 -55.5971 145.457
77 513.202 719.138 5 3.53553 -54.6373 -103.713
78 513.621 719.41 5 3.90512 -50.7791 -131.494
79 510.414 717.923 5 3.04138 -46.638 -135.83
80 510.833 718.195 5 3 -47.7492 1.43987
81 511.672 718.74 5 3.16228 -51.6556 -81.0403
82 512.091 719.012 5 3.3541 -50.7263 39.1497
83 512.51 719.285 5 3.60555 -49.2544 69.9434
84 512.93 719.557 5 3.90512 -47.862 -132.017
85 513.349 719.829 5 4.24264 -58.6325 30.7801
86 510.141 718.342 5 3.53553 -48.4562 -102.16
87 510.561 718.615 5 3.5 -44.0307 4.57032
88 511.399 719.159 5 3.64005 -46.8146 -10.9763
89 511.819 719.432 5 3.80789 -55.7459 123.533
90 512.238 719.704 5 4.03113 -46.4711 -107.168
91 512.657 719.976 5 4.30116 -54.4145 -106.998
92 513.077 720.249 5 4.60977 -49.1958 59.4472
93 509.869 718.762 5 4.03113 -45.2625 -79.8893
94 510.288 719.034 5 4 -47.2827 -31.194
95 511.127 719.579 5 4.12311 -56.434 50.4018
96 511.546 719.851 5 4.272 -62.5743 128.882
97 511.966 720.123 5 4.47214 -50.7411 43.5312
98 512.385 720.396 5 4.71699 -49.0296 82.4525
99 512.804 720.668 5 5 -51.2664 109.691
100 509.597 719.181 5 4.52769 -47.7189 -29.5025
101 510.016 719.453 5 4.5 -45.6777 -32.5972
102 509.324 719.6 5 5.02494 -48.6267 -64.0797
103 509.744 719.873 5 5 -45.4062 -37.6001
104 509.052 720.02 5 5.52268 -49.9389 -31.2139
105 509.471 720.292 5 5.5 -46.8916 -10.3805
