1 514.644 719.84 5 6.71958 -63.5737 -146.732
2 514.371 720.259 5 6.83318 -60.854 -41.0592
3 514.097 720.678 5 6.98083 -61.2975 -16.5835
4 513.824 721.096 5 7.16041 -53.4756 123.046
5 513.551 721.515 5 7.36961 -69.8177 37.4356
6 513.278 721.934 5 7.60596 -65.5016 -108.27
7 513.004 722.353 5 7.86704 -82.2085 -27.7754
8 512.731 722.771 5 8.15045 -73.2566 -27.4289
9 512.458 723.19 5 8.45396 -83.2673 -12.7579
10 512.185 723.609 5 8.77548 -87.8793 88.856
11 515.063 720.113 5 7.21093 -59.1188 33.0307
12 514.789 720.532 5 7.3169 -74.545 95.6198
13 514.516 720.951 5 7.45497 -55.7761 -38.4214
14 514.243 721.37 5 7.6234 -54.8793 -177.707
15 513.97 721.788 5 7.82022 -78.5916 27.7934
16 513.696 722.207 5 8.04334 -81.4027 121.422
17 513.423 722.626 5 8.29065 -69.6618 -15.8245
18 513.15 723.045 5 8.56005 -68.3643 87.2882
19 512.877 723.463 5 8.84953 -92.392 -62.8535
20 512.603 723.882 5 9.15716 -89.7252 124.52
21 515.481 720.387 5 7.70339 -63.9356 -22.1951
22 515.208 720.805 5 7.80268 -60.7316 -49.8326
23 514.935 721.224 5 7.9323 -58.2143 47.3896
24 514.662 721.643 5 8.09079 -61.078 -19.1734
25 514.388 722.062 5 8.2765 -58.7213 -67.9139
26 514.115 722.48 5 8.48764 -72.6937 -118.704
27 513.842 722.899 5 8.72236 -61.5213 90.8446
28 513.568 723.318 5 8.97882 -74.3132 112.884
29 513.295 723.737 5 9.2552 -75.3114 150.936
30 513.022 724.155 5 9.54978 -90.137 98.9885
31 515.9 720.66 5 8.19676 -63.5376 150.411
32 515.627 721.079 5 8.29014 -63.9633 144.172
33 515.353 721.497 5 8.41225 -66.965 158.986
34 515.08 721.916 5 8.56187 -56.7404 18.736
35 514.807 722.335 5 8.73757 -54.0577 -81.6287
36 514.534 722.754 5 8.93783 -59.0023 66.2047
37 514.26 723.172 5 9.16102 -88.5993 -157.294
38 513.987 723.591 5 9.40552 -68.6347 92.7144
39 516.319 720.933 5 8.69089 -54.8776 -90.0879
40 516.045 721.352 5 8.77901 -67.1665 -83.6332
41 515.772 721.771 5 8.89442 -55.7788 -141.016
42 515.499 722.189 5 9.03605 -59.2135 119.395
43 515.226 722.608 5 9.20271 -68.9744 33.6916
44 514.952 723.027 5 9.39305 -60.6854 55.8603
45 514.679 723.446 5 9.60567 -62.5379 -143.759
46 514.406 723.864 5 9.83913 -109.58 42.5211
47 516.737 721.206 5 9.18565 -63.2579 39.8404
48 516.464 721.625 5 9.26908 -61.4701 114.632
49 516.191 722.044 5 9.37845 -71.1571 132.923
50 515.918 722.463 5 9.51288 -59.9182 -179.917
51 515.644 722.881 5 9.67132 -59.2304 69.4893
52 515.371 723.3 5 9.85262 -62.6812 -31.6874
53 515.098 723.719 5 10.0555 -63.5772 -166.065
54 514.825 724.138 5 10.2788 -131.16 -82.3415
55 517.156 721.48 5 9.68095 -59.3301 107.859
56 516.883 721.898 5 9.76015 -61.8415 -135.027
57 516.61 722.317 5 9.86408 -76.2643 53.8916
58 516.336 722.736 5 9.99198 -57.5 -85.7125
59 516.063 723.155 5 10.1429 -59.6986 -175.339
60 515.79 723.573 5 10.3159 -66.4608 84.5867
61 515.517 723.992 5 10.5099 -77.1029 136.336
62 515.243 724.411 5 10.7237 -132.689 -11.2795
63 517.575 721.753 5 10.1767 -62.1654 99.6907
64 517.302 722.172 5 10.2521 -69.7493 111.7
65 517.028 722.59 5 10.3511 -67.5421 130.063
66 516.755 723.009 5 10.473 -66.3812 -13.8547
67 516.482 723.428 5 10.6171 -65.3968 -171.911
68 516.209 723.847 5 10.7826 -69.6315 107.052
69 515.935 724.265 5 10.9683 -68.0905 31.5391
70 515.662 724.684 5 11.1733 -88.5459 58.3513
71 517.994 722.026 5 10.6729 -63.8169 135.327
72 517.72 722.445 5 10.7448 -67.0784 170.346
73 517.447 722.864 5 10.8393 -55.4858 -74.1456
74 517.174 723.282 5 10.9558 -72.3079 74.7117
75 516.901 723.701 5 11.0936 -58.2144 -35.0278
76 516.627 724.12 5 11.252 -61.3533 -138.271
77 516.354 724.539 5 11.4301 -64.6222 143.344
78 516.081 724.957 5 11.627 -72.5797 -179.099
