1 509.951 714.045 5 6.94622 -53.4121 151.003
2 510.37 714.318 5 6.5192 -62.1721 53.2318
3 510.79 714.59 5 6.10328 -48.512 42.6163
4 511.209 714.862 5 5.70088 -52.4874 82.6512
5 511.628 715.135 5 5.31507 -54.909 -169.22
6 512.048 715.407 5 4.94975 -56.8846 88.3467
7 512.467 715.679 5 4.60977 -50.6683 58.3599
8 512.886 715.952 5 4.30116 -56.1568 21.2745
9 513.306 716.224 5 4.03113 -43.2926 -66.632
10 513.725 716.496 5 3.80789 -52.096 107.095
11 514.144 716.769 5 3.64005 -53.9193 -128.785
12 514.564 717.041 5 3.53553 -44.9633 56.7233
13 514.983 717.313 5 3.5 -57.762 147.381
14 509.679 714.465 5 6.7082 -52.7985 112.501
15 510.098 714.737 5 6.26498 -55.8491 -86.8823
16 510.517 715.009 5 5.83095 -49.819 139.438
17 510.937 715.282 5 5.40833 -68.2202 -109.82
18 511.356 715.554 5 5 -55.38 -5.64823
19 511.775 715.826 5 4.60977 -55.731 56.1101
20 512.195 716.099 5 4.24264 -56.0133 -12.7312
21 512.614 716.371 5 3.90512 -55.6674 -130.241
22 513.033 716.643 5 3.60555 -52.9526 50.2215
23 513.453 716.916 5 3.3541 -52.1062 83.1996
24 513.872 717.188 5 3.16228 -51.5577 -50.2921
25 514.291 717.46 5 3.04138 -49.3683 -33.365
26 514.711 717.733 5 3 -55.0015 56.1541
27 509.406 714.884 5 6.5 -47.426 -47.8431
28 509.826 715.156 5 6.04152 -46.151 -136.875
29 510.245 715.429 5 5.59017 -52.4396 122.574
30 510.664 715.701 5 5.14782 -47.9646 -75.0688
31 511.084 715.973 5 4.71699 -49.9822 122.577
32 511.503 716.246 5 4.30116 -62.5397 87.6955
33 511.922 716.518 5 3.90512 -48.1383 -77.2165
34 512.342 716.79 5 3.53553 -46.9089 -85.9394
35 512.761 717.063 5 3.20156 -53.3583 114.136
36 513.18 717.335 5 2.91548 -45.0828 -141.834
37 513.6 717.607 5 2.69258 -44.211 139.037
38 514.019 717.88 5 2.54951 -41.5628 -139.436
39 514.438 718.152 5 2.5 -40.7227 64.7583
40 509.134 715.303 5 6.32456 -54.3296 65.5019
41 509.553 715.576 5 5.85235 -53.3076 10.2249
42 509.973 715.848 5 5.38516 -51.9646 -44.9185
43 510.392 716.12 5 4.92443 -53.9774 -161.217
44 510.811 716.393 5 4.47214 -49.6266 57.8175
45 511.231 716.665 5 4.03113 -43.5482 -99.8857
46 511.65 716.937 5 3.60555 -47.1734 143.001
47 512.069 717.21 5 3.20156 -49.4518 141.472
48 512.489 717.482 5 2.82843 -43.9141 148.758
49 512.908 717.754 5 2.5 -48.4779 19.7828
50 513.327 718.027 5 2.23607 -44.8092 47.8254
51 513.747 718.299 5 2.06155 -52.3894 -96.3569
52 514.166 718.571 5 2 -36.5863 9.00036
53 508.862 715.723 5 6.18466 -69.6313 100.993
54 509.281 715.995 5 5.70088 -58.7409 -67.7592
55 509.7 716.267 5 5.22015 -57.5902 138.808
56 510.12 716.54 5 4.74342 -57.6269 157.92
57 510.539 716.812 5 4.272 -57.6641 -118.07
58 510.958 717.084 5 3.80789 -50.1517 109.635
59 511.378 717.357 5 3.3541 -44.3986 21.4045
60 511.797 717.629 5 2.91548 -47.7308 -121.052
61 512.216 717.901 5 2.5 -55.8335 57.6952
62 512.636 718.174 5 2.12132 -42.174 -5.95848
63 513.055 718.446 5 1.80278 -44.9363 -162.193
64 513.474 718.718 5 1.58114 -45.7795 81.2979
65 513.894 718.991 5 1.5 -49.3877 76.4016
66 508.589 716.142 5 6.08276 -73.2252 153.653
67 509.009 716.414 5 5.59017 -69.0487 120.281
68 509.428 716.687 5 5.09902 -55.2981 -34.4685
69 509.847 716.959 5 4.60977 -58.2687 -40.1331
70 510.267 717.231 5 4.12311 -57.661 -20.5681
71 510.686 717.504 5 3.64006 -60.8718 74.07
72 511.105 717.776 5 3.16228 -59.7366 -105.974
73 511.525 718.048 5 2.69258 -47.4905 136.973
74 511.944 718.321 5 2.23607 -43.0103 -2.31822
75 512.363 718.593 5 1.80278 -40.451 -110.888
76 512.783 718.865 5 1.41421 -43.0532 -161.266
77 513.202 719.138 5 1.11803 -38.6991 23.0164
78 513.621 719.41 5 1 -43.3215 -27.5562
79 510.414 717.923 5 3.53553 -55.239 149.207
80 510.833 718.195 5 3.04138 -50.2926 123.309
81 511.672 718.74 5 2.06155 -50.1813 -103.676
82 512.091 719.012 5 1.58114 -49.4794 98.8394
83 512.51 719.285 5 1.11803 -40.3251 13.0568
84 512.93 719.557 5 0.707107 -35.8388 134.757
85 513.349 719.829 5 0.5 -32.8639 21.4707
86 510.141 718.342 5 3.5 -48.6273 -153.737
87 510.561 718.615 5 3 -50.1703 -135.877
88 511.399 719.159 5 2 -44.8159 46.6662
89 511.819 719.432 5 1.5 -45.1503 51.0608
90 512.238 719.704 5 1 -45.0938 41.0095
91 512.657 719.976 5 0.5 -37.0264 39.6155
92 513.077 720.249 5 0 -34.8483 36.5645
93 509.869 718.762 5 3.53553 -57.7137 133.723
94 510.288 719.034 5 3.04138 -53.3394 46.6112
95 511.127 719.579 5 2.06155 -47.7805 -0.820689
96 511.546 719.851 5 1.58114 -48.214 49.8345
97 511.966 720.123 5 1.11803 -37.3729 99.2823
98 512.385 720.396 5 0.707107 -38.4134 -88.6021
99 512.804 720.668 5 0.5 -32.5258 -102.634
100 509.597 719.181 5 3.64006 -59.7542 -137.121
101 510.016 719.453 5 3.16228 -53.0969 -93.2893
102 509.324 719.6 5 3.80789 -76.5345 -28.7436
103 509.744 719.873 5 3.3541 -57.263 30.1364
104 509.052 720.02 5 4.03113 -69.2971 61.715
105 509.471 720.292 5 3.60555 -67.3377 99.7015
