1 505.473 717.831 5 7.85693 -72.8908 117.227
2 505.747 717.412 5 7.60574 -75.1873 -101.864
3 506.02 716.994 5 7.37991 -73.9155 25.6115
4 506.294 716.575 5 7.18185 -71.0933 40.4582
5 506.567 716.157 5 7.0139 -77.2381 -24.0425
6 505.891 718.104 5 7.4364 -76.9619 -145.191
7 506.165 717.686 5 7.17049 -71.6342 -57.4926
8 506.439 717.267 5 6.9305 -69.4427 38.5965
9 506.712 716.849 5 6.7192 -76.1073 -12.4012
10 506.986 716.43 5 6.53938 -90.1823 -5.35936
11 506.31 718.378 5 7.02629 -73.772 -164.064
12 506.584 717.96 5 6.74423 -91.3 171.256
13 506.857 717.541 5 6.48849 -82.3197 157.056
14 507.131 717.123 5 6.26229 -65.055 -153.038
15 507.404 716.704 5 6.06895 -69.6098 -132.925
16 506.728 718.652 5 6.62853 -74.3514 -116.741
17 507.002 718.233 5 6.32876 -81.4007 104.324
18 507.276 717.815 5 6.0555 -71.7119 36.7432
19 507.549 717.396 5 5.81248 -63.7182 55.5417
20 507.823 716.978 5 5.60364 -70.6774 57.5396
21 507.147 718.925 5 6.24548 -85.3148 110.484
22 507.421 718.507 5 5.92637 -83.4169 27.4932
23 507.694 718.088 5 5.63363 -68.7903 -71.9347
24 507.968 717.67 5 5.37156 -84.4374 -32.5311
25 508.241 717.251 5 5.14485 -65.6431 -144.547
26 507.565 719.199 5 5.88002 -81.4193 82.0369
27 507.839 718.78 5 5.5399 -78.2561 -105.902
28 508.113 718.362 5 5.22555 -73.0654 -91.998
29 508.386 717.943 5 4.94189 -74.1929 -77.1689
30 508.66 717.525 5 4.69448 -78.5299 113.41
31 507.984 719.472 5 5.53564 -77.0701 148.578
32 508.258 719.054 5 5.17293 -76.0555 179.637
33 508.531 718.635 5 4.83478 -73.0108 48.3577
34 508.805 718.217 5 4.52669 -80.4265 -156.157
35 509.078 717.798 5 4.25521 -77.6485 86.6768
36 508.402 719.746 5 5.21651 -67.5778 47.6897
37 508.676 719.328 5 4.82989 -63.9166 -161.627
38 508.95 718.909 5 4.46584 -66.888 -60.3789
39 509.223 718.491 5 4.13033 -79.3604 -10.7675
40 509.497 718.072 5 3.83086 -73.4376 4.45211
