1 514.644 719.84 5 4.89502 -81.7908 -103.664
2 514.371 720.259 5 4.74396 -86.7441 56.5611
3 514.097 720.678 5 4.64211 -87.2747 113.068
4 513.824 721.096 5 4.59273 -91.3678 -8.00921
5 513.551 721.515 5 4.59751 -80.6778 -146.85
6 513.278 721.934 5 4.65629 -82.3895 153.751
7 513.004 722.353 5 4.76708 -82.9306 -18.5447
8 512.731 722.771 5 4.92636 -90.9948 64.0543
9 512.458 723.19 5 5.12962 -94.8185 2.68599
10 512.185 723.609 5 5.37187 -83.5228 -7.9634
11 515.063 720.113 5 5.3665 -87.6582 139.281
12 514.789 720.532 5 5.22908 -80.6973 55.6669
13 514.516 720.951 5 5.13685 -78.3465 -143.587
14 514.243 721.37 5 5.09227 -76.9626 -106.142
15 513.97 721.788 5 5.09659 -101.633 138.591
16 513.696 722.207 5 5.14968 -90.9732 30.7142
17 513.423 722.626 5 5.25006 -81.4855 153.245
18 513.15 723.045 5 5.3951 -93.3997 138.041
19 512.877 723.463 5 5.58132 -85.1311 -35.896
20 512.603 723.882 5 5.80474 -85.7097 39.4761
21 515.481 720.387 5 5.84272 -93.3283 -64.6639
22 515.208 720.805 5 5.71676 -92.033 -49.3636
23 514.935 721.224 5 5.63253 -86.0797 -25.2538
24 514.662 721.643 5 5.5919 -85.8329 -67.6491
25 514.388 722.062 5 5.59583 -80.5591 140.902
26 514.115 722.48 5 5.64423 -79.4787 -45.1008
27 513.842 722.899 5 5.73596 -81.6516 174.681
28 513.568 723.318 5 5.86901 -84.9425 -47.9546
29 513.295 723.737 5 6.04063 -80.8294 17.4239
30 513.022 724.155 5 6.24765 -82.5466 74.2812
31 515.9 720.66 5 6.32262 -68.9594 158.678
32 515.627 721.079 5 6.20641 -75.1092 97.2748
33 515.353 721.497 5 6.1289 -104.236 -45.4009
34 515.08 721.916 5 6.09159 -78.4217 -40.5402
35 514.807 722.335 5 6.0952 -82.5788 147.875
36 514.534 722.754 5 6.13966 -78.863 -112.232
37 514.26 723.172 5 6.22409 -83.3212 -124.133
38 513.987 723.591 5 6.34691 -89.0545 116.309
39 516.319 720.933 5 6.80541 -82.4005 -131.055
40 516.045 721.352 5 6.69758 -76.3994 -73.186
41 515.772 721.771 5 6.62583 -97.4019 -89.2412
42 515.499 722.189 5 6.59132 -84.8729 -153.537
43 515.226 722.608 5 6.59466 -78.2244 109.873
44 514.952 723.027 5 6.63577 -82.749 91.8398
45 514.679 723.446 5 6.71398 -93.3931 152.503
46 514.406 723.864 5 6.82799 -120.776 41.7175
47 516.737 721.206 5 7.29052 -79.3001 -72.5247
48 516.464 721.625 5 7.18997 -75.2336 -171.301
49 516.191 722.044 5 7.12318 -82.2392 79.3815
50 515.918 722.463 5 7.0911 -76.13 33.2447
51 515.644 722.881 5 7.0942 -85.7714 74.3799
52 515.371 723.3 5 7.13243 -82.2979 -100.902
53 515.098 723.719 5 7.20525 -90.2963 -156.073
54 514.825 724.138 5 7.3116 -154.978 119.021
55 517.156 721.48 5 7.77752 -81.4084 -79.0279
56 516.883 721.898 5 7.68335 -69.9566 -1.36271
57 516.61 722.317 5 7.62088 -73.8655 33.6117
58 516.336 722.736 5 7.5909 -84.3283 -101.455
59 516.063 723.155 5 7.5938 -87.098 -68.0856
60 515.79 723.573 5 7.62953 -79.6578 51.3119
61 515.517 723.992 5 7.69764 -86.0444 -102.899
62 515.243 724.411 5 7.79728 -155.578 -84.0002
63 517.575 721.753 5 8.26607 -81.2183 166.594
64 517.302 722.172 5 8.17753 -82.013 -11.6152
65 517.028 722.59 5 8.11886 -82.7295 -157.46
66 516.755 723.009 5 8.09073 -79.2168 -152.989
67 516.482 723.428 5 8.09344 -82.9333 2.71604
68 516.209 723.847 5 8.12698 -80.2154 139.522
69 515.935 724.265 5 8.19096 -82.3252 -34.7547
70 515.662 724.684 5 8.28467 -80.8324 96.8515
71 517.994 722.026 5 8.75592 -85.0866 -121.269
72 517.72 722.445 5 8.67237 -80.2616 52.0469
73 517.447 722.864 5 8.61708 -80.7842 5.47846
74 517.174 723.282 5 8.59057 -77.7233 9.88776
75 516.901 723.701 5 8.59313 -81.6904 -64.0047
76 516.627 724.12 5 8.62473 -77.3966 18.4643
77 516.354 724.539 5 8.68504 -76.3208 75.8734
78 516.081 724.957 5 8.77347 -81.4116 55.8443
