1 505.473 717.831 5 7.37262 -86.1527 43.3066
2 505.747 717.412 5 7.27804 -75.9447 -62.7439
3 506.02 716.994 5 7.21694 -86.688 -89.3935
4 506.294 716.575 5 7.19017 -95.8589 73.3597
5 506.567 716.157 5 7.19812 -75.478 172.452
6 505.891 718.104 5 6.88597 -74.4132 109.916
7 506.165 717.686 5 6.78461 -84.0304 -105.699
8 506.439 717.267 5 6.71902 -75.8904 142.721
9 506.712 716.849 5 6.69026 -81.606 45.4469
10 506.986 716.43 5 6.69881 -83.9428 102.581
11 506.31 718.378 5 6.40138 -76.3533 147.545
12 506.584 717.96 5 6.29222 -72.9546 -26.2802
13 506.857 717.541 5 6.22145 -74.1798 90.1
14 507.131 717.123 5 6.19038 -83.2402 38.8807
15 507.404 716.704 5 6.1996 -79.4739 -3.62814
16 506.728 718.652 5 5.91936 -70.6376 122.36
17 507.002 718.233 5 5.80114 -77.3342 77.7584
18 507.276 717.815 5 5.72429 -76.9167 122.351
19 507.549 717.396 5 5.69051 -72.0892 -89.2104
20 507.823 716.978 5 5.70054 -72.9589 60.4197
21 507.147 718.925 5 5.44058 -76.5886 104.517
22 507.421 718.507 5 5.31171 -79.6269 -62.9839
23 507.694 718.088 5 5.22768 -79.8956 166.064
24 507.968 717.67 5 5.19066 -73.8159 -24.355
25 508.241 717.251 5 5.20167 -75.7235 66.3666
26 507.565 719.199 5 4.96599 -82.9531 -2.3269
27 507.839 718.78 5 4.82446 -87.9005 158.519
28 508.113 718.362 5 4.73178 -73.1548 88.0076
29 508.386 717.943 5 4.69085 -70.4871 -114.24
30 508.66 717.525 5 4.70302 -67.58 101.393
31 507.984 719.472 5 4.4969 -88.92 146.517
32 508.258 719.054 5 4.3401 -83.7607 -43.764
33 508.531 718.635 5 4.23684 -74.6583 -143.906
34 508.805 718.217 5 4.19109 -71.7279 91.3686
35 509.078 717.798 5 4.2047 -72.3685 46.6382
36 508.402 719.746 5 4.03525 -73.6741 -79.4556
37 508.676 719.328 5 3.85974 -62.2459 122.468
38 508.95 718.909 5 3.74326 -71.8747 178.748
39 509.223 718.491 5 3.69138 -73.3036 152.186
40 509.497 718.072 5 3.70684 -70.117 -17.1534
