1 514.644 719.84 5 3.57967 -63.962 -170.783
2 514.371 720.259 5 3.85503 -66.5734 52.9068
3 514.097 720.678 5 4.17235 -53.6216 103.816
4 513.824 721.096 5 4.5228 -54.6953 159.256
5 513.551 721.515 5 4.89929 -60.1772 118.438
6 513.278 721.934 5 5.29625 -77.3684 55.712
7 513.004 722.353 5 5.70942 -74.5095 117.322
8 512.731 722.771 5 6.13553 -73.4916 -169.785
9 512.458 723.19 5 6.57206 -82.6916 -92.7226
10 512.185 723.609 5 7.01707 -84.4358 -36.8054
11 515.063 720.113 5 4.01992 -68.9346 -137.012
12 514.789 720.532 5 4.26697 -70.172 15.2923
13 514.516 720.951 5 4.55569 -76.2053 -33.7007
14 514.243 721.37 5 4.87868 -52.7967 -132.499
15 513.97 721.788 5 5.22961 -70.3731 -136.512
16 513.696 722.207 5 5.60322 -73.4752 62.1779
17 513.423 722.626 5 5.99527 -73.7531 63.5194
18 513.15 723.045 5 6.40239 -77.4748 144.191
19 512.877 723.463 5 6.82186 -73.1793 -159.369
20 512.603 723.882 5 7.25156 -79.9543 175.802
21 515.481 720.387 5 4.47276 -55.9224 -73.1886
22 515.208 720.805 5 4.69604 -58.9288 -57.7368
23 514.935 721.224 5 4.95985 -72.0217 -39.3535
24 514.662 721.643 5 5.25807 -61.8718 158.762
25 514.388 722.062 5 5.58521 -51.1574 18.8687
26 514.115 722.48 5 5.93648 -65.2548 22.5261
27 513.842 722.899 5 6.30786 -82.5202 -88.7504
28 513.568 723.318 5 6.69599 -76.3048 -19.3817
29 513.295 723.737 5 7.09814 -75.5591 -87.9176
30 513.022 724.155 5 7.51205 -76.5591 16.9322
31 515.9 720.66 5 4.93471 -58.5082 -71.9285
32 515.627 721.079 5 5.13796 -59.0822 145.374
33 515.353 721.497 5 5.38014 -69.2835 42.1379
34 515.08 721.916 5 5.65625 -73.8855 12.0837
35 514.807 722.335 5 5.96157 -59.0012 -36.9789
36 514.534 722.754 5 6.29187 -53.4181 156.792
37 514.26 723.172 5 6.64341 -72.1222 169.25
38 513.987 723.591 5 7.013 -68.6944 37.9873
39 516.319 720.933 5 5.40344 -55.7021 6.01038
40 516.045 721.352 5 5.58967 -60.5178 -6.25089
41 515.772 721.771 5 5.81306 -56.22 -17.3826
42 515.499 722.189 5 6.06951 -74.6697 -120.797
43 515.226 722.608 5 6.35501 -65.0234 -163.321
44 514.952 723.027 5 6.66584 -61.9701 136.865
45 514.679 723.446 5 6.99862 -53.9156 -72.8868
46 514.406 723.864 5 7.35037 -123.326 49.9841
47 516.737 721.206 5 5.87732 -65.671 -123.56
48 516.464 721.625 5 6.04898 -74.9857 -122.967
49 516.191 722.044 5 6.25599 -72.9875 151.595
50 515.918 722.463 5 6.49497 -67.3908 152.36
51 515.644 722.881 5 6.76254 -76.0248 -91.4395
52 515.371 723.3 5 7.05544 -71.4633 0.57482
53 515.098 723.719 5 7.37065 -56.4906 -68.3569
54 514.825 724.138 5 7.70543 -118.424 72.1058
55 517.156 721.48 5 6.35521 -67.1469 0.504921
56 516.883 721.898 5 6.51429 -63.1154 54.6724
57 516.61 722.317 5 6.70695 -67.2844 46.8063
58 516.336 722.736 5 6.9304 -70.071 -1.01039
59 516.063 723.155 5 7.18176 -70.9651 -128.908
60 515.79 723.573 5 7.45822 -69.1649 -176.952
61 515.517 723.992 5 7.75708 -69.2531 134.339
62 515.243 724.411 5 8.07586 -116.147 -165.685
63 517.575 721.753 5 6.83626 -66.0871 -176.503
64 517.302 722.172 5 6.98439 -62.0012 -162.685
65 517.028 722.59 5 7.16443 -61.3811 -105.542
66 516.755 723.009 5 7.37403 -63.3295 147.99
67 516.482 723.428 5 7.61075 -63.7358 -148.827
68 516.209 723.847 5 7.87215 -63.648 69.4881
69 515.935 724.265 5 8.15586 -78.4938 69.6355
70 515.662 724.684 5 8.45963 -81.4979 126.144
71 517.994 722.026 5 7.31986 -74.3861 177.937
72 517.72 722.445 5 7.45839 -64.3351 -13.3287
73 517.447 722.864 5 7.62724 -63.0163 132.46
74 517.174 723.282 5 7.82445 -68.5396 -161.259
75 516.901 723.701 5 8.04794 -59.6246 71.0748
76 516.627 724.12 5 8.29557 -66.6625 37.0533
77 516.354 724.539 5 8.56527 -66.067 -113.421
78 516.081 724.957 5 8.855 -83.6506 170.659
