1 509.951 714.045 5 5.14782 -50.2194 145.119
2 510.37 714.318 5 4.92443 -52.4684 50.704
3 510.79 714.59 5 4.74342 -58.5095 -127.141
4 511.209 714.862 5 4.60977 -61.978 -18.0391
5 511.628 715.135 5 4.52769 -55.9156 -63.4328
6 512.048 715.407 5 4.5 -54.9462 86.8799
7 512.467 715.679 5 4.52769 -46.1778 -49.3083
8 512.886 715.952 5 4.60977 -46.8602 51.1861
9 513.306 716.224 5 4.74342 -62.2638 -157.074
10 513.725 716.496 5 4.92443 -52.4184 -104.769
11 514.144 716.769 5 5.14782 -45.2914 -42.0618
12 514.564 717.041 5 5.40833 -57.2496 28.0155
13 514.983 717.313 5 5.70088 -68.1834 -158.492
14 509.679 714.465 5 4.71699 -64.2636 97.7571
15 510.098 714.737 5 4.47214 -54.7921 9.97557
16 510.517 715.009 5 4.272 -54.0241 -74.7498
17 510.937 715.282 5 4.12311 -60.2245 82.5024
18 511.356 715.554 5 4.03113 -56.4207 -98.521
19 511.775 715.826 5 4 -51.1376 67.7279
20 512.195 716.099 5 4.03113 -45.0343 -47.98
21 512.614 716.371 5 4.12311 -61.6597 62.2534
22 513.033 716.643 5 4.272 -63.9605 -139.74
23 513.453 716.916 5 4.47214 -45.652 108.548
24 513.872 717.188 5 4.71699 -49.4656 53.962
25 514.291 717.46 5 5 -49.3913 -146.457
26 514.711 717.733 5 5.31507 -58.0373 -24.1203
27 509.406 714.884 5 4.30116 -66.5018 -83.9398
28 509.826 715.156 5 4.03113 -66.4023 -76.2712
29 510.245 715.429 5 3.80789 -58.5039 -91.5448
30 510.664 715.701 5 3.64006 -49.1298 177.043
31 511.084 715.973 5 3.53553 -51.8033 -22.1834
32 511.503 716.246 5 3.5 -51.978 11.3315
33 511.922 716.518 5 3.53553 -42.5841 -79.0505
34 512.342 716.79 5 3.64006 -48.2591 128.179
35 512.761 717.063 5 3.80789 -48.9001 -126.499
36 513.18 717.335 5 4.03113 -54.3241 -123.916
37 513.6 717.607 5 4.30116 -51.4041 95.8764
38 514.019 717.88 5 4.60977 -51.5355 -20.0746
39 514.438 718.152 5 4.94975 -59.347 54.277
40 509.134 715.303 5 3.90512 -68.4164 -86.3627
41 509.553 715.576 5 3.60555 -65.0024 -136.202
42 509.973 715.848 5 3.3541 -56.0133 -177.377
43 510.392 716.12 5 3.16228 -52.461 147.698
44 510.811 716.393 5 3.04138 -50.7765 5.05131
45 511.231 716.665 5 3 -55.4152 74.9273
46 511.65 716.937 5 3.04138 -46.6437 -125.896
47 512.069 717.21 5 3.16228 -59.2759 70.0345
48 512.489 717.482 5 3.3541 -46.2977 105.254
49 512.908 717.754 5 3.60555 -66.7228 101.324
50 513.327 718.027 5 3.90513 -57.0544 -7.61775
51 513.747 718.299 5 4.24264 -63.7316 -56.5327
52 514.166 718.571 5 4.60977 -46.833 -94.2306
53 508.862 715.723 5 3.53553 -70.6389 9.80219
54 509.281 715.995 5 3.20156 -60.1814 79.9752
55 509.7 716.267 5 2.91548 -59.7178 -121.113
56 510.12 716.54 5 2.69258 -58.9013 58.1663
57 510.539 716.812 5 2.54951 -48.8771 0.0407804
58 510.958 717.084 5 2.5 -52.3094 11.2267
59 511.378 717.357 5 2.54951 -50.7877 -114.855
60 511.797 717.629 5 2.69258 -52.1287 -155.318
61 512.216 717.901 5 2.91548 -46.6289 -117.703
62 512.636 718.174 5 3.20156 -55.5386 -129.05
63 513.055 718.446 5 3.53553 -47.9926 169.482
64 513.474 718.718 5 3.90513 -50.7727 132.007
65 513.894 718.991 5 4.30116 -47.5524 41.7408
66 508.589 716.142 5 3.20156 -64.1599 -80.0045
67 509.009 716.414 5 2.82843 -71.0881 135.943
68 509.428 716.687 5 2.5 -65.8482 -70.2407
69 509.847 716.959 5 2.23607 -68.9452 81.6253
70 510.267 717.231 5 2.06155 -61.828 -80.2276
71 510.686 717.504 5 2 -51.4068 14.835
72 511.105 717.776 5 2.06155 -47.5174 132.475
73 511.525 718.048 5 2.23607 -41.144 59.8252
74 511.944 718.321 5 2.5 -54.6917 -123.443
75 512.363 718.593 5 2.82843 -47.0741 3.98928
76 512.783 718.865 5 3.20156 -51.6654 -12.6684
77 513.202 719.138 5 3.60555 -47.4339 -92.0322
78 513.621 719.41 5 4.03113 -44.7153 131.801
79 510.414 717.923 5 1.5 -41.6243 56.8255
80 510.833 718.195 5 1.58114 -43.8785 176.431
81 511.672 718.74 5 2.12132 -47.5092 -78.0344
82 512.091 719.012 5 2.5 -48.6917 -111.829
83 512.51 719.285 5 2.91548 -52.4517 99.5506
84 512.93 719.557 5 3.3541 -47.4912 -115.664
85 513.349 719.829 5 3.80789 -48.8572 25.8579
86 510.141 718.342 5 1 -34.3406 11.2806
87 510.561 718.615 5 1.11803 -41.8016 -34.0136
88 511.399 719.159 5 1.80278 -42.0238 61.1126
89 511.819 719.432 5 2.23607 -51.3799 -169.778
90 512.238 719.704 5 2.69258 -47.4652 -10.4318
91 512.657 719.976 5 3.16228 -63.3334 -108.158
92 513.077 720.249 5 3.64006 -59.429 -108.398
93 509.869 718.762 5 0.5 -44.7317 72.3268
94 510.288 719.034 5 0.707107 -33.1321 110.073
95 511.127 719.579 5 1.58114 -46.074 -28.2459
96 511.546 719.851 5 2.06155 -47.3405 -86.6862
97 511.966 720.123 5 2.54951 -56.9587 76.9866
98 512.385 720.396 5 3.04138 -65.1527 124.315
99 512.804 720.668 5 3.53553 -60.0841 -82.7035
100 509.597 719.181 5 0 -32.5571 -114.378
101 510.016 719.453 5 0.5 -32.6848 -34.3136
102 509.324 719.6 5 0.5 -59.558 76.8967
103 509.744 719.873 5 0.707107 -36.5789 110.634
104 509.052 720.02 5 1 -40.1814 24.795
105 509.471 720.292 5 1.11803 -36.2888 -5.52593
