1 509.951 714.045 5 4.272 -60.5894 -87.2634
2 510.37 714.318 5 3.80789 -47.7854 -130.551
3 510.79 714.59 5 3.3541 -50.928 -8.96597
4 511.209 714.862 5 2.91548 -50.3056 -102.904
5 511.628 715.135 5 2.5 -43.6169 6.90159
6 512.048 715.407 5 2.12132 -45.2666 -23.6769
7 512.467 715.679 5 1.80278 -40.1987 -157.189
8 512.886 715.952 5 1.58114 -42.8532 125.5
9 513.306 716.224 5 1.5 -41.4256 -29.1297
10 513.725 716.496 5 1.58114 -40.5984 151.991
11 514.144 716.769 5 1.80278 -41.226 -162.586
12 514.564 717.041 5 2.12132 -51.2809 -173.495
13 514.983 717.313 5 2.5 -53.9363 -178.487
14 509.679 714.465 5 4.12311 -44.6057 -1.25383
15 510.098 714.737 5 3.64006 -50.7922 -6.52004
16 510.517 715.009 5 3.16228 -46.7662 -95.2987
17 510.937 715.282 5 2.69258 -46.3058 161.233
18 511.356 715.554 5 2.23607 -52.3907 24.837
19 511.775 715.826 5 1.80278 -47.946 176.666
20 512.195 716.099 5 1.41421 -39.9809 -118.795
21 512.614 716.371 5 1.11803 -43.3502 5.14017
22 513.033 716.643 5 1 -37.5098 -23.1752
23 513.453 716.916 5 1.11803 -46.7635 27.9114
24 513.872 717.188 5 1.41421 -41.2208 -116.348
25 514.291 717.46 5 1.80278 -43.4556 -167.493
26 514.711 717.733 5 2.23607 -42.396 21.6131
27 509.406 714.884 5 4.03113 -50.1819 179.492
28 509.826 715.156 5 3.53553 -56.737 -92.4728
29 510.245 715.429 5 3.04138 -48.1141 -98.9305
30 510.664 715.701 5 2.54951 -52.9139 -107.408
31 511.084 715.973 5 2.06155 -54.7328 -139.533
32 511.503 716.246 5 1.58114 -48.3412 121.551
33 511.922 716.518 5 1.11803 -38.7876 13.4302
34 512.342 716.79 5 0.707107 -37.0758 120.034
35 512.761 717.063 5 0.5 -32.572 -12.2868
36 513.18 717.335 5 0.707107 -36.8715 140.294
37 513.6 717.607 5 1.11803 -39.6814 5.92482
38 514.019 717.88 5 1.58114 -45.0473 115.026
39 514.438 718.152 5 2.06155 -46.2118 -161.774
40 509.134 715.303 5 4 -46.1613 -7.55287
41 509.553 715.576 5 3.5 -45.2018 -17.919
42 509.973 715.848 5 3 -48.4368 -8.24733
43 510.392 716.12 5 2.5 -46.7963 0.988137
44 510.811 716.393 5 2 -44.6541 8.67161
45 511.231 716.665 5 1.5 -40.0867 1.44843
46 511.65 716.937 5 1 -35.6207 7.52127
47 512.069 717.21 5 0.5 -32.631 -1.53139
48 512.489 717.482 5 0 -53.581 -85.0955
49 512.908 717.754 5 0.5 -35.0959 -2.25154
50 513.327 718.027 5 1 -38.1315 11.5646
51 513.747 718.299 5 1.5 -40.1632 4.70291
52 514.166 718.571 5 2 -45.6727 21.163
53 508.862 715.723 5 4.03113 -52.9126 -110.222
54 509.281 715.995 5 3.53553 -46.9033 -122.991
55 509.7 716.267 5 3.04138 -52.0566 -130.087
56 510.12 716.54 5 2.54951 -50.7731 -107.142
57 510.539 716.812 5 2.06155 -48.5981 -156.738
58 510.958 717.084 5 1.58114 -43.6048 91.304
59 511.378 717.357 5 1.11803 -38.2346 12.8731
60 511.797 717.629 5 0.707107 -39.0529 122.723
61 512.216 717.901 5 0.5 -33.7627 -11.1829
62 512.636 718.174 5 0.707107 -37.3695 120.154
63 513.055 718.446 5 1.11803 -38.5368 28.0455
64 513.474 718.718 5 1.58114 -45.2108 58.2666
65 513.894 718.991 5 2.06155 -49.005 -166.964
66 508.589 716.142 5 4.12311 -50.0541 -2.52282
67 509.009 716.414 5 3.64006 -49.5742 -75.6461
68 509.428 716.687 5 3.16228 -53.1999 -104.546
69 509.847 716.959 5 2.69258 -43.9411 135.026
70 510.267 717.231 5 2.23607 -45.3671 49.3815
71 510.686 717.504 5 1.80278 -46.0856 -164.728
72 511.105 717.776 5 1.41421 -41.1114 -112.281
73 511.525 718.048 5 1.11803 -39.9981 5.38511
74 511.944 718.321 5 1 -43.4866 -22.544
75 512.363 718.593 5 1.11803 -41.8551 -1.63869
76 512.783 718.865 5 1.41421 -47.1068 -99.2669
77 513.202 719.138 5 1.80278 -49.4103 166.789
78 513.621 719.41 5 2.23607 -42.5784 25.1368
79 510.414 717.923 5 2.12132 -46.7167 19.8474
80 510.833 718.195 5 1.80278 -46.5741 -158.232
81 511.672 718.74 5 1.5 -48.3666 -56.6583
82 512.091 719.012 5 1.58114 -48.9504 120.408
83 512.51 719.285 5 1.80278 -52.7602 -151.882
84 512.93 719.557 5 2.12132 -51.0498 10.835
85 513.349 719.829 5 2.5 -47.2625 20.4371
86 510.141 718.342 5 2.5 -57.4924 -137.776
87 510.561 718.615 5 2.23607 -45.4428 68.5152
88 511.399 719.159 5 2 -53.4546 -104.85
89 511.819 719.432 5 2.06155 -46.0087 -135.423
90 512.238 719.704 5 2.23607 -49.2308 32.6941
91 512.657 719.976 5 2.5 -47.3627 -9.74049
92 513.077 720.249 5 2.82843 -43.335 148.522
93 509.869 718.762 5 2.91548 -41.1869 -134.937
94 510.288 719.034 5 2.69258 -56.0656 -39.0074
95 511.127 719.579 5 2.5 -46.9735 -128.387
96 511.546 719.851 5 2.54951 -54.6195 70.1643
97 511.966 720.123 5 2.69258 -44.0605 156.977
98 512.385 720.396 5 2.91548 -47.6942 -133.316
99 512.804 720.668 5 3.20156 -53.5221 56.3033
100 509.597 719.181 5 3.3541 -46.6025 109.69
101 510.016 719.453 5 3.16228 -50.5988 -7.47715
102 509.324 719.6 5 3.80789 -48.6941 -92.4347
103 509.744 719.873 5 3.64006 -66.2479 -154.221
104 509.052 720.02 5 4.272 -65.814 -170.767
105 509.471 720.292 5 4.12311 -51.3271 153.484
