1 509.951 714.045 5 5.83095 -53.9243 54.8128
2 510.37 714.318 5 5.59017 -58.8771 -53.4147
3 510.79 714.59 5 5.38516 -50.0918 -149.493
4 511.209 714.862 5 5.22015 -47.5977 78.9676
5 511.628 715.135 5 5.09902 -47.5296 32.1161
6 512.048 715.407 5 5.02494 -53.91 161.84
7 512.467 715.679 5 5 -47.0793 -32.722
8 512.886 715.952 5 5.02494 -49.1336 -71.2881
9 513.306 716.224 5 5.09902 -49.1871 90.7627
10 513.725 716.496 5 5.22015 -59.2002 161.276
11 514.144 716.769 5 5.38517 -61.4877 40.5249
12 514.564 717.041 5 5.59017 -57.4607 -178.388
13 514.983 717.313 5 5.83095 -61.689 -94.3988
14 509.679 714.465 5 5.40833 -58.6689 152.153
15 510.098 714.737 5 5.14782 -54.8532 26.4043
16 510.517 715.009 5 4.92443 -54.4717 -18.106
17 510.937 715.282 5 4.74342 -63.9542 41.6205
18 511.356 715.554 5 4.60977 -55.5076 -117.582
19 511.775 715.826 5 4.52769 -55.0753 -73.7919
20 512.195 716.099 5 4.5 -44.9225 -31.09
21 512.614 716.371 5 4.52769 -49.1914 -102.106
22 513.033 716.643 5 4.60977 -56.0741 -21.2626
23 513.453 716.916 5 4.74342 -50.1667 -87.3258
24 513.872 717.188 5 4.92443 -56.9681 -154.854
25 514.291 717.46 5 5.14782 -55.3416 44.1079
26 514.711 717.733 5 5.40833 -59.7014 45.8794
27 509.406 714.884 5 5 -53.8287 -57.4728
28 509.826 715.156 5 4.71699 -53.9437 -137.352
29 510.245 715.429 5 4.47214 -54.8002 148.686
30 510.664 715.701 5 4.272 -46.6186 -161.391
31 511.084 715.973 5 4.12311 -55.7514 30.8105
32 511.503 716.246 5 4.03113 -46.531 -105.719
33 511.922 716.518 5 4 -44.6566 -53.1145
34 512.342 716.79 5 4.03113 -64.1715 -40.3751
35 512.761 717.063 5 4.12311 -51.4022 97.8687
36 513.18 717.335 5 4.272 -49.0303 46.5424
37 513.6 717.607 5 4.47214 -49.6207 -126.742
38 514.019 717.88 5 4.71699 -54.903 -79.9897
39 514.438 718.152 5 5 -60.8766 -96.8492
40 509.134 715.303 5 4.60977 -57.2145 125.199
41 509.553 715.576 5 4.30116 -55.7178 -63.1532
42 509.973 715.848 5 4.03113 -53.4717 -159.386
43 510.392 716.12 5 3.80789 -51.5593 -33.2154
44 510.811 716.393 5 3.64006 -48.0648 -57.3049
45 511.231 716.665 5 3.53553 -41.9766 -137.146
46 511.65 716.937 5 3.5 -44.5773 -55.8714
47 512.069 717.21 5 3.53553 -43.0748 -93.9793
48 512.489 717.482 5 3.64006 -59.0513 -165.171
49 512.908 717.754 5 3.80789 -50.4837 105.163
50 513.327 718.027 5 4.03113 -64.0439 -124.98
51 513.747 718.299 5 4.30116 -59.601 56.9112
52 514.166 718.571 5 4.60977 -60.3795 -17.046
53 508.862 715.723 5 4.24264 -56.9885 -133.293
54 509.281 715.995 5 3.90513 -61.885 -141.7
55 509.7 716.267 5 3.60555 -51.0681 -71.0694
56 510.12 716.54 5 3.3541 -57.364 -7.75385
57 510.539 716.812 5 3.16228 -46.0175 -167.923
58 510.958 717.084 5 3.04138 -45.1926 -158.115
59 511.378 717.357 5 3 -47.5598 -25.6248
60 511.797 717.629 5 3.04138 -52.1983 -157.431
61 512.216 717.901 5 3.16228 -50.4607 -39.523
62 512.636 718.174 5 3.3541 -54.342 -58.4434
63 513.055 718.446 5 3.60555 -80.267 -73.134
64 513.474 718.718 5 3.90513 -53.1442 -127.947
65 513.894 718.991 5 4.24264 -49.4688 -99.0904
66 508.589 716.142 5 3.90512 -55.0398 -19.7075
67 509.009 716.414 5 3.53553 -60.8437 -171.94
68 509.428 716.687 5 3.20156 -53.9942 6.52884
69 509.847 716.959 5 2.91548 -58.3553 -22.6634
70 510.267 717.231 5 2.69258 -50.0149 -74.36
71 510.686 717.504 5 2.54951 -49.9685 -161.339
72 511.105 717.776 5 2.5 -63.0285 138.986
73 511.525 718.048 5 2.54951 -46.9017 -147.992
74 511.944 718.321 5 2.69258 -62.1435 133.495
75 512.363 718.593 5 2.91548 -65.5631 60.6223
76 512.783 718.865 5 3.20156 -67.8438 97.7008
77 513.202 719.138 5 3.53553 -53.3531 104.31
78 513.621 719.41 5 3.90513 -59.384 75.8254
79 510.414 717.923 5 2.06155 -43.6625 110.802
80 510.833 718.195 5 2 -40.0182 25.9535
81 511.672 718.74 5 2.23607 -68.0277 151.754
82 512.091 719.012 5 2.5 -58.3955 -14.6872
83 512.51 719.285 5 2.82843 -50.7705 -9.09767
84 512.93 719.557 5 3.20156 -56.253 118.278
85 513.349 719.829 5 3.60555 -56.2151 -30.9859
86 510.141 718.342 5 1.58114 -43.329 167.528
87 510.561 718.615 5 1.5 -40.2213 2.02454
88 511.399 719.159 5 1.80278 -67.2624 -141.002
89 511.819 719.432 5 2.12132 -52.7664 -151.95
90 512.238 719.704 5 2.5 -63.4895 81.8917
91 512.657 719.976 5 2.91548 -58.7914 -153.944
92 513.077 720.249 5 3.3541 -62.1293 70.4871
93 509.869 718.762 5 1.11803 -39.253 -29.149
94 510.288 719.034 5 1 -35.6075 0.406083
95 511.127 719.579 5 1.41421 -45.5374 150.77
96 511.546 719.851 5 1.80278 -61.746 99.8478
97 511.966 720.123 5 2.23607 -64.2942 82.6481
98 512.385 720.396 5 2.69258 -55.5057 -28.2244
99 512.804 720.668 5 3.16228 -66.0937 -86.9646
100 509.597 719.181 5 0.707107 -37.4536 110.917
101 510.016 719.453 5 0.5 -31.8643 -0.765564
102 509.324 719.6 5 0.5 -31.7513 -23.7815
103 509.744 719.873 5 0 -36.8191 -62.4675
104 509.052 720.02 5 0.707107 -37.6072 119.476
105 509.471 720.292 5 0.5 -33.3663 -13.0777
