1 514.644 719.84 5 4.59601 -73.3563 -28.0814
2 514.371 720.259 5 4.60079 -56.0273 -49.3494
3 514.097 720.678 5 4.65954 -57.9889 126.173
4 513.824 721.096 5 4.77025 -86.5212 -25.7967
5 513.551 721.515 5 4.92942 -63.3406 -157.231
6 513.278 721.934 5 5.13256 -77.4053 -129.564
7 513.004 722.353 5 5.37468 -77.3806 -159.883
8 512.731 722.771 5 5.65076 -78.1258 -121.112
9 512.458 723.19 5 5.9561 -92.4687 -159.969
10 512.185 723.609 5 6.28642 -97.3114 -154.976
11 515.063 720.113 5 5.09556 -75.8834 135.345
12 514.789 720.532 5 5.09987 -56.5974 -38.5781
13 514.516 720.951 5 5.15293 -54.4321 160.631
14 514.243 721.37 5 5.25325 -61.2466 -133.785
15 513.97 721.788 5 5.3982 -72.3875 -89.5108
16 513.696 722.207 5 5.58432 -84.1796 85.8069
17 513.423 722.626 5 5.80763 -78.2153 -93.1111
18 513.15 723.045 5 6.06403 -81.6325 -159.071
19 512.877 723.463 5 6.34953 -82.2457 174.517
20 512.603 723.882 5 6.66036 -91.7703 28.8372
21 515.481 720.387 5 5.59519 -64.9612 -15.468
22 515.208 720.805 5 5.59912 -56.1935 -30.3467
23 514.935 721.224 5 5.64748 -56.2163 149.456
24 514.662 721.643 5 5.73917 -56.982 -60.3371
25 514.388 722.062 5 5.87214 -71.1973 168.037
26 514.115 722.48 5 6.04367 -82.2094 49.7852
27 513.842 722.899 5 6.25059 -75.9494 -51.8866
28 513.568 723.318 5 6.48952 -87.6481 145.597
29 513.295 723.737 5 6.75706 -80.0454 -111.925
30 513.022 724.155 5 7.04995 -86.3068 86.9337
31 515.9 720.66 5 6.09488 -62.4649 -118.918
32 515.627 721.079 5 6.09848 -64.0796 54.4031
33 515.353 721.497 5 6.14292 -56.9643 162.913
34 515.08 721.916 5 6.22731 -56.8275 -44.9598
35 514.807 722.335 5 6.35007 -69.122 -149.914
36 514.534 722.754 5 6.50902 -83.1245 117.982
37 514.26 723.172 5 6.70159 -81.338 154.333
38 513.987 723.591 5 6.92498 -78.8679 -7.88952
39 516.319 720.933 5 6.59461 -69.8359 60.2386
40 516.045 721.352 5 6.59795 -63.6408 -32.318
41 515.772 721.771 5 6.63904 -56.7276 175.355
42 515.499 722.189 5 6.7172 -56.9327 16.6868
43 515.226 722.608 5 6.83116 -69.4646 31.5317
44 514.952 723.027 5 6.97917 -72.5025 0.914437
45 514.679 723.446 5 7.1591 -74.6752 67.6031
46 514.406 723.864 5 7.36863 -135.723 174.349
47 516.737 721.206 5 7.09439 -62.914 -39.0686
48 516.464 721.625 5 7.09748 -60.6178 -12.6277
49 516.191 722.044 5 7.1357 -57.1166 176.746
50 515.918 722.463 5 7.20848 -58.1794 62.7067
51 515.644 722.881 5 7.31479 -61.7774 2.14612
52 515.371 723.3 5 7.4532 -68.3997 -126.268
53 515.098 723.719 5 7.62195 -87.1372 -21.6517
54 514.825 724.138 5 7.81908 -119.599 -96.3517
55 517.156 721.48 5 7.59419 -65.6206 160.64
56 516.883 721.898 5 7.59708 -55.9601 0.384806
57 516.61 722.317 5 7.6328 -72.1136 168.256
58 516.336 722.736 5 7.70088 -57.6947 70.1206
59 516.063 723.155 5 7.80049 -69.8845 78.9001
60 515.79 723.573 5 7.93042 -61.3742 50.6787
61 515.517 723.992 5 8.08922 -70.3725 -13.1158
62 515.243 724.411 5 8.27523 -112.896 51.728
63 517.575 721.753 5 8.09402 -58.1626 -38.116
64 517.302 722.172 5 8.09673 -57.4454 0.812728
65 517.028 722.59 5 8.13025 -56.9519 -98.3415
66 516.755 723.009 5 8.19421 -60.2145 77.8609
67 516.482 723.428 5 8.28788 -58.6972 170.483
68 516.209 723.847 5 8.41029 -69.4055 -113.113
69 515.935 724.265 5 8.56019 -67.2551 -72.8524
70 515.662 724.684 5 8.73618 -79.2651 -10.4509
71 517.994 722.026 5 8.59386 -67.7465 -50.9791
72 517.72 722.445 5 8.59642 -60.9721 -16.7818
73 517.447 722.864 5 8.628 -61.4179 -36.9769
74 517.174 723.282 5 8.68829 -56.5809 64.8733
75 516.901 723.701 5 8.77669 -59.7332 -80.1773
76 516.627 724.12 5 8.89237 -70.6599 91.3334
77 516.354 724.539 5 9.03428 -74.7313 141.837
78 516.081 724.957 5 9.20121 -71.9492 38.8382
