1 505.473 717.831 5 5.34275 -59.7406 -49.1713
2 505.747 717.412 5 4.9166 -56.3984 69.7726
3 506.02 716.994 5 4.50565 -59.9957 174.768
4 506.294 716.575 5 4.11446 -72.8425 -73.5031
5 506.567 716.157 5 3.74923 -64.1738 133.319
6 505.891 718.104 5 5.11029 -62.345 -109.723
7 506.165 717.686 5 4.66295 -69.3255 111.837
8 506.439 717.267 5 4.22741 -55.3459 -79.3195
9 506.712 716.849 5 3.80775 -55.0367 30.6572
10 506.986 716.43 5 3.40982 -65.3777 128.82
11 506.31 718.378 5 4.91785 -60.53 153.323
12 506.584 717.96 5 4.4512 -58.0354 49.7854
13 506.857 717.541 5 3.99264 -71.2234 -2.6648
14 507.131 717.123 5 3.54529 -53.0388 75.2277
15 507.404 716.704 5 3.11401 -57.5495 -146.875
16 506.728 718.652 5 4.77026 -67.1517 -144.062
17 507.002 718.233 5 4.28758 -60.3794 146.984
18 507.276 717.815 5 3.80937 -58.6407 72.6714
19 507.549 717.396 5 3.33755 -55.5148 34.1033
20 507.823 716.978 5 2.87527 -62.8427 -116.149
21 507.147 718.925 5 4.67178 -54.3303 -125.429
22 507.421 718.507 5 4.17774 -53.3147 -144.952
23 507.694 718.088 5 3.6853 -55.8774 -158.789
24 507.968 717.67 5 3.19522 -57.7281 -156.458
25 508.241 717.251 5 2.70875 -69.7994 -97.9325
26 507.565 719.199 5 4.62555 -49.1191 -17.7066
27 507.839 718.78 5 4.12597 -50.7139 -12.1791
28 508.113 718.362 5 3.62651 -53.1232 -34.2101
29 508.386 717.943 5 3.12723 -52.8654 -28.2722
30 508.66 717.525 5 2.62821 -48.1546 -33.7031
31 507.984 719.472 5 4.63313 -46.9378 -40.9109
32 508.258 719.054 5 4.13447 -48.2809 -43.4487
33 508.531 718.635 5 3.63617 -50.1382 -62.4101
34 508.805 718.217 5 3.13842 -51.7699 -46.6252
35 509.078 717.798 5 2.64152 -48.4608 -59.3458
36 508.402 719.746 5 4.69425 -55.8491 -8.32229
37 508.676 719.328 5 4.20285 -77.8307 -77.6362
38 508.95 718.909 5 3.71375 -69.011 123.57
39 509.223 718.491 5 3.22798 -77.6979 -47.5117
40 509.497 718.072 5 2.74733 -72.135 8.05748
