1 509.951 714.045 5 2.5 -45.1152 24.3052
2 510.37 714.318 5 2.54951 -48.114 -60.6359
3 510.79 714.59 5 2.69258 -48.44 103.414
4 511.209 714.862 5 2.91548 -46.7707 -142.436
5 511.628 715.135 5 3.20156 -52.5094 -46.5493
6 512.048 715.407 5 3.53553 -46.9335 -99.6284
7 512.467 715.679 5 3.90512 -57.1042 133.031
8 512.886 715.952 5 4.30116 -50.9186 178.522
9 513.306 716.224 5 4.71699 -46.0356 157.828
10 513.725 716.496 5 5.14782 -54.4079 -147.221
11 514.144 716.769 5 5.59017 -50.3376 104.495
12 514.564 717.041 5 6.04152 -53.0303 68.8374
13 514.983 717.313 5 6.5 -51.157 18.7401
14 509.679 714.465 5 2 -44.3649 38.6138
15 510.098 714.737 5 2.06155 -49.7638 -147.477
16 510.517 715.009 5 2.23607 -42.1933 -12.7153
17 510.937 715.282 5 2.5 -47.4708 34.5329
18 511.356 715.554 5 2.82843 -40.5283 121.059
19 511.775 715.826 5 3.20156 -55.1675 175.393
20 512.195 716.099 5 3.60555 -50.8052 64.5334
21 512.614 716.371 5 4.03113 -55.902 -101.535
22 513.033 716.643 5 4.47214 -62.8094 48.3178
23 513.453 716.916 5 4.92443 -53.1443 -71.2511
24 513.872 717.188 5 5.38516 -52.1115 -25.2009
25 514.291 717.46 5 5.85235 -52.4435 -131.639
26 514.711 717.733 5 6.32456 -53.5278 169.018
27 509.406 714.884 5 1.5 -41.8489 11.4697
28 509.826 715.156 5 1.58114 -48.6988 129.079
29 510.245 715.429 5 1.80278 -50.649 -119.576
30 510.664 715.701 5 2.12132 -42.8508 -2.72261
31 511.084 715.973 5 2.5 -52.8654 -119.769
32 511.503 716.246 5 2.91548 -45.4879 -76.5876
33 511.922 716.518 5 3.3541 -53.9157 36.0781
34 512.342 716.79 5 3.80789 -51.3962 164.041
35 512.761 717.063 5 4.272 -69.1874 19.069
36 513.18 717.335 5 4.74342 -54.6627 59.0243
37 513.6 717.607 5 5.22015 -48.2067 87.0599
38 514.019 717.88 5 5.70088 -54.924 107.319
39 514.438 718.152 5 6.18466 -56.7635 79.2896
40 509.134 715.303 5 1 -39.7751 1.06211
41 509.553 715.576 5 1.11803 -39.9473 -26.0748
42 509.973 715.848 5 1.41421 -46.8489 -144.89
43 510.392 716.12 5 1.80278 -55.2823 109.812
44 510.811 716.393 5 2.23607 -51.8059 21.9728
45 511.231 716.665 5 2.69258 -45.1534 125.972
46 511.65 716.937 5 3.16228 -52.7279 -146.082
47 512.069 717.21 5 3.64005 -54.0641 5.56486
48 512.489 717.482 5 4.12311 -49.3221 -9.91091
49 512.908 717.754 5 4.60977 -48.7812 28.4005
50 513.327 718.027 5 5.09902 -54.4461 54.0345
51 513.747 718.299 5 5.59017 -57.9916 160.589
52 514.166 718.571 5 6.08276 -56.268 116.963
53 508.862 715.723 5 0.5 -33.8524 22.0844
54 509.281 715.995 5 0.707107 -38.0342 132.323
55 509.7 716.267 5 1.11803 -42.3173 4.13763
56 510.12 716.54 5 1.58114 -42.8938 84.5378
57 510.539 716.812 5 2.06155 -55.9936 114.878
58 510.958 717.084 5 2.54951 -46.4858 -148.792
59 511.378 717.357 5 3.04138 -46.3336 -58.6618
60 511.797 717.629 5 3.53553 -68.2112 -87.35
61 512.216 717.901 5 4.03113 -49.3577 -131.186
62 512.636 718.174 5 4.52769 -45.8314 -80.0468
63 513.055 718.446 5 5.02494 -48.8483 -65.2533
64 513.474 718.718 5 5.52268 -55.307 -47.0964
65 513.894 718.991 5 6.0208 -46.7112 -15.9493
66 508.589 716.142 5 0 -45.0701 54.8533
67 509.009 716.414 5 0.5 -33.4092 13.0674
68 509.428 716.687 5 1 -39.621 -22.9305
69 509.847 716.959 5 1.5 -47.8198 11.4155
70 510.267 717.231 5 2 -42.4762 -3.51114
71 510.686 717.504 5 2.5 -39.874 31.245
72 511.105 717.776 5 3 -46.6548 113.792
73 511.525 718.048 5 3.5 -49.9955 -92.0094
74 511.944 718.321 5 4 -48.7308 -51.2412
75 512.363 718.593 5 4.5 -56.0214 21.9054
76 512.783 718.865 5 5 -56.3493 -12.7641
77 513.202 719.138 5 5.5 -52.5972 -2.02035
78 513.621 719.41 5 6 -49.3711 -1.59361
79 510.414 717.923 5 2.54951 -56.3544 15.7641
80 510.833 718.195 5 3.04138 -46.6102 -76.627
81 511.672 718.74 5 4.03113 -54.8529 79.8239
82 512.091 719.012 5 4.52769 -62.0145 69.7038
83 512.51 719.285 5 5.02494 -58.7217 36.1957
84 512.93 719.557 5 5.52268 -52.752 -16.7565
85 513.349 719.829 5 6.0208 -57.137 -30.3757
86 510.141 718.342 5 2.69258 -70.514 27.951
87 510.561 718.615 5 3.16228 -51.6167 6.88184
88 511.399 719.159 5 4.12311 -50.2038 -81.192
89 511.819 719.432 5 4.60977 -54.1792 -50.3421
90 512.238 719.704 5 5.09902 -60.4531 -42.4534
91 512.657 719.976 5 5.59017 -72.7667 -95.5455
92 513.077 720.249 5 6.08276 -62.9706 132.134
93 509.869 718.762 5 2.91548 -64.1919 164.503
94 510.288 719.034 5 3.3541 -52.8879 124.852
95 511.127 719.579 5 4.272 -67.0166 -119.948
96 511.546 719.851 5 4.74342 -54.5821 3.99983
97 511.966 720.123 5 5.22015 -65.1112 100.413
98 512.385 720.396 5 5.70088 -62.6092 154.481
99 512.804 720.668 5 6.18466 -62.1397 -153.363
100 509.597 719.181 5 3.20156 -63.9604 -79.7422
101 510.016 719.453 5 3.60555 -52.1692 -126.03
102 509.324 719.6 5 3.53553 -53.5473 137.67
103 509.744 719.873 5 3.90512 -54.2395 -22.2547
104 509.052 720.02 5 3.90513 -55.781 -120.031
105 509.471 720.292 5 4.24264 -58.5071 148.189
