1 514.644 719.84 5 2.71369 -64.6095 38.4352
2 514.371 720.259 5 2.90042 -62.0361 69.5107
3 514.097 720.678 5 3.15607 -47.7215 123.299
4 513.824 721.096 5 3.46542 -48.8132 -20.4869
5 513.551 721.515 5 3.81543 -60.2608 -33.5693
6 513.278 721.934 5 4.19593 -74.2344 56.8156
7 513.004 722.353 5 4.59937 -77.2737 87.636
8 512.731 722.771 5 5.02021 -73.9209 -122.447
9 512.458 723.19 5 5.45444 -87.2356 -63.0191
10 512.185 723.609 5 5.89909 -88.6941 -86.4523
11 515.063 720.113 5 3.19495 -59.7282 100.525
12 514.789 720.532 5 3.355 -74.2072 84.0609
13 514.516 720.951 5 3.57832 -50.5255 -8.03824
14 514.243 721.37 5 3.85392 -49.6544 -63.5355
15 513.97 721.788 5 4.17146 -62.8786 23.8028
16 513.696 722.207 5 4.52211 -74.699 -147.676
17 513.423 722.626 5 4.89875 -72.145 -101.616
18 513.15 723.045 5 5.29586 -74.0496 -85.7064
19 512.877 723.463 5 5.70916 -84.2927 151.688
20 512.603 723.882 5 6.13538 -85.7032 -103.398
21 515.481 720.387 5 3.6812 -62.6071 55.0234
22 515.208 720.805 5 3.82095 -73.2329 -158.705
23 514.935 721.224 5 4.01845 -58.8517 121.243
24 514.662 721.643 5 4.26572 -47.6897 166.857
25 514.388 722.062 5 4.55463 -49.5489 92.9411
26 514.115 722.48 5 4.87781 -66.12 145.577
27 513.842 722.899 5 5.2289 -66.3954 43.0448
28 513.568 723.318 5 5.60265 -77.7618 147.266
29 513.295 723.737 5 5.99484 -72.4163 163.077
30 513.022 724.155 5 6.40207 -78.4312 167.61
31 515.9 720.66 5 4.17071 -54.2658 79.3116
32 515.627 721.079 5 4.29456 -75.027 -79.154
33 515.353 721.497 5 4.47119 -62.2842 48.9582
34 515.08 721.916 5 4.69467 -52.2803 24.8502
35 514.807 722.335 5 4.95866 -48.5187 -0.306045
36 514.534 722.754 5 5.25705 -49.6534 -139.833
37 514.26 723.172 5 5.58435 -64.6596 -85.1011
38 513.987 723.591 5 5.93577 -72.2973 -117.833
39 516.319 720.933 5 4.66245 -62.1321 98.9456
40 516.045 721.352 5 4.77355 -70.9115 -76.5807
41 515.772 721.771 5 4.93307 -58.7038 32.7585
42 515.499 722.189 5 5.13649 -63.3912 97.2576
43 515.226 722.608 5 5.37883 -51.5689 -122.739
44 514.952 723.027 5 5.65511 -48.2994 169.951
45 514.679 723.446 5 5.96058 -56.8003 30.893
46 514.406 723.864 5 6.29102 -107.034 -170.628
47 516.737 721.206 5 5.15578 -56.7844 174.833
48 516.464 721.625 5 5.25646 -63.9052 -88.1958
49 516.191 722.044 5 5.40174 -77.8265 4.23954
50 515.918 722.463 5 5.58812 -67.3796 173.445
51 515.644 722.881 5 5.81167 -60.6101 -17.6106
52 515.371 723.3 5 6.06826 -51.5287 53.6104
53 515.098 723.719 5 6.35391 -52.0088 -37.6155
54 514.825 724.138 5 6.66487 -120.208 121.65
55 517.156 721.48 5 5.65028 -56.8214 -177.943
56 516.883 721.898 5 5.7423 -72.0866 -145.96
57 516.61 722.317 5 5.87557 -70.0213 -82.6636
58 516.336 722.736 5 6.04737 -78.5147 10.2906
59 516.063 723.155 5 6.25452 -65.2688 -126.94
60 515.79 723.573 5 6.49364 -56.9771 -105.52
61 515.517 723.992 5 6.76134 -50.1429 -154.468
62 515.243 724.411 5 7.05437 -118.896 28.1737
63 517.575 721.753 5 6.14567 -70.0583 126.547
64 517.302 722.172 5 6.23038 -72.1187 -121.145
65 517.028 722.59 5 6.35342 -69.1586 171.46
66 516.755 723.009 5 6.51263 -72.479 90.3884
67 516.482 723.428 5 6.70542 -71.2296 -95.2799
68 516.209 723.847 5 6.929 -59.4827 40.9455
69 515.935 724.265 5 7.18048 -53.4813 67.4487
70 515.662 724.684 5 7.45706 -61.9592 -37.5759
71 517.994 722.026 5 6.64175 -98.4637 -160.879
72 517.72 722.445 5 6.72021 -55.1253 -159.976
73 517.447 722.864 5 6.83444 -62.0047 68.5651
74 517.174 723.282 5 6.98268 -69.5783 30.3868
75 516.901 723.701 5 7.16284 -62.3224 -18.2185
76 516.627 724.12 5 7.37256 -68.845 142.064
77 516.354 724.539 5 7.6094 -59.919 -85.4659
78 516.081 724.957 5 7.87091 -54.7537 -102.887
