1 509.951 714.045 5 2.91548 -44.1513 -124.964
2 510.37 714.318 5 2.69258 -49.0113 102.847
3 510.79 714.59 5 2.54951 -48.1849 -114.411
4 511.209 714.862 5 2.5 -43.8822 18.1187
5 511.628 715.135 5 2.54951 -47.7499 -118.116
6 512.048 715.407 5 2.69258 -52.7733 121.264
7 512.467 715.679 5 2.91548 -46.0066 -121.381
8 512.886 715.952 5 3.20156 -52.7435 1.78216
9 513.306 716.224 5 3.53553 -51.1998 -94.0275
10 513.725 716.496 5 3.90512 -59.4812 -125.075
11 514.144 716.769 5 4.30116 -54.2052 148.278
12 514.564 717.041 5 4.71699 -50.2768 -82.7223
13 514.983 717.313 5 5.14782 -64.2633 -9.46674
14 509.679 714.465 5 2.5 -47.0393 25.2012
15 510.098 714.737 5 2.23607 -43.7312 19.4623
16 510.517 715.009 5 2.06155 -47.8625 -149.89
17 510.937 715.282 5 2 -44.0175 15.9518
18 511.356 715.554 5 2.06155 -51.1384 -146.965
19 511.775 715.826 5 2.23607 -44.1264 11.5633
20 512.195 716.099 5 2.5 -46.76 3.60363
21 512.614 716.371 5 2.82843 -40.9691 119.437
22 513.033 716.643 5 3.20156 -48.7071 -170.056
23 513.453 716.916 5 3.60555 -47.9685 48.8778
24 513.872 717.188 5 4.03113 -56.4971 -75.8957
25 514.291 717.46 5 4.47214 -57.2905 4.53636
26 514.711 717.733 5 4.92443 -49.4453 -161.612
27 509.406 714.884 5 2.12132 -43.6553 -6.52392
28 509.826 715.156 5 1.80278 -45.018 -145.582
29 510.245 715.429 5 1.58114 -53.2391 122.814
30 510.664 715.701 5 1.5 -43.1825 16.1259
31 511.084 715.973 5 1.58114 -51.8935 100.457
32 511.503 716.246 5 1.80278 -44.2888 -160.133
33 511.922 716.518 5 2.12132 -43.0259 -13.623
34 512.342 716.79 5 2.5 -63.2809 -63.9471
35 512.761 717.063 5 2.91548 -45.5923 -80.0931
36 513.18 717.335 5 3.3541 -48.2741 30.8594
37 513.6 717.607 5 3.80789 -49.6685 160.934
38 514.019 717.88 5 4.272 -50.3493 -57.9906
39 514.438 718.152 5 4.74342 -54.879 20.471
40 509.134 715.303 5 1.80278 -51.3631 -164.698
41 509.553 715.576 5 1.41421 -46.5641 -136.565
42 509.973 715.848 5 1.11803 -40.9885 -10.927
43 510.392 716.12 5 1 -39.3612 10.4677
44 510.811 716.393 5 1.11803 -40.6368 -18.5871
45 511.231 716.665 5 1.41421 -44.2723 -130.443
46 511.65 716.937 5 1.80278 -49.5018 -174.104
47 512.069 717.21 5 2.23607 -49.962 32.3493
48 512.489 717.482 5 2.69258 -45.3146 140.224
49 512.908 717.754 5 3.16228 -54.343 -120.062
50 513.327 718.027 5 3.64006 -50.889 -71.9132
51 513.747 718.299 5 4.12311 -53.6866 -8.47537
52 514.166 718.571 5 4.60977 -54.1713 38.7251
53 508.862 715.723 5 1.58114 -41.4374 101.65
54 509.281 715.995 5 1.11803 -43.2688 7.56634
55 509.7 716.267 5 0.707107 -37.8203 130.382
56 510.12 716.54 5 0.5 -33.5559 7.21934
57 510.539 716.812 5 0.707107 -36.8118 138.19
58 510.958 717.084 5 1.11803 -40.7284 0.973055
59 511.378 717.357 5 1.58114 -43.1783 90.1527
60 511.797 717.629 5 2.06155 -60.8949 153.343
61 512.216 717.901 5 2.54951 -46.2222 -127.901
62 512.636 718.174 5 3.04138 -50.8104 -42.5891
63 513.055 718.446 5 3.53553 -56.5631 -54.4333
64 513.474 718.718 5 4.03113 -55.1668 -150.09
65 513.894 718.991 5 4.52769 -55.3453 -82.8342
66 508.589 716.142 5 1.5 -44.0814 -16.8531
67 509.009 716.414 5 1 -38.3566 -22.3442
68 509.428 716.687 5 0.5 -33.0777 11.8996
69 509.847 716.959 5 0 -43.1923 84.7641
70 510.267 717.231 5 0.5 -34.0079 11.5264
71 510.686 717.504 5 1 -41.5485 -13.5729
72 511.105 717.776 5 1.5 -50.8323 10.6638
73 511.525 718.048 5 2 -43.5477 -4.91041
74 511.944 718.321 5 2.5 -44.6839 -11.739
75 512.363 718.593 5 3 -52.4705 50.1331
76 512.783 718.865 5 3.5 -48.319 -36.954
77 513.202 719.138 5 4 -47.8982 -17.779
78 513.621 719.41 5 4.5 -49.9109 3.71611
79 510.414 717.923 5 1.11803 -40.4884 36.8049
80 510.833 718.195 5 1.58114 -41.5862 142.293
81 511.672 718.74 5 2.54951 -56.3639 89.5879
82 512.091 719.012 5 3.04138 -51.3256 -86.6977
83 512.51 719.285 5 3.53553 -49.9686 -27.9295
84 512.93 719.557 5 4.03113 -50.1178 -11.0481
85 513.349 719.829 5 4.52769 -49.9412 -44.7739
86 510.141 718.342 5 1.41421 -50.8131 -104.72
87 510.561 718.615 5 1.80278 -44.3208 -156.009
88 511.399 719.159 5 2.69258 -57.5149 26.479
89 511.819 719.432 5 3.16228 -61.6985 92.0907
90 512.238 719.704 5 3.64006 -47.6242 -169.66
91 512.657 719.976 5 4.12311 -49.4664 -115.994
92 513.077 720.249 5 4.60977 -55.413 -25.8342
93 509.869 718.762 5 1.80278 -55.0204 45.7375
94 510.288 719.034 5 2.12132 -56.3739 -102.73
95 511.127 719.579 5 2.91548 -54.8077 92.5361
96 511.546 719.851 5 3.3541 -51.7436 114.651
97 511.966 720.123 5 3.80789 -53.5174 -25.8225
98 512.385 720.396 5 4.272 -49.9319 97.0903
99 512.804 720.668 5 4.74342 -54.1002 61.5872
100 509.597 719.181 5 2.23607 -66.9974 75.1801
101 510.016 719.453 5 2.5 -52.4038 -62.8769
102 509.324 719.6 5 2.69258 -83.0461 -68.0835
103 509.744 719.873 5 2.91548 -62.3838 -33.5791
104 509.052 720.02 5 3.16228 -63.6251 -0.421849
105 509.471 720.292 5 3.3541 -61.0494 10.2824
