1 505.473 717.831 5 5.20815 -58.827 -30.0183
2 505.747 717.412 5 4.82196 -57.119 -63.34
3 506.02 716.994 5 4.45844 -59.4929 -128.235
4 506.294 716.575 5 4.12361 -72.774 -16.1388
5 506.567 716.157 5 3.82499 -62.9265 68.9266
6 505.891 718.104 5 4.91868 -57.702 64.2328
7 506.165 717.686 5 4.50776 -62.4991 177.108
8 506.439 717.267 5 4.11659 -59.3204 167.43
9 506.712 716.849 5 3.75137 -55.5946 136.429
10 506.986 716.43 5 3.42041 -68.4724 -127.013
11 506.31 718.378 5 4.66499 -63.3418 91.9056
12 506.584 717.96 5 4.22948 -54.2945 -124.383
13 506.857 717.541 5 3.80985 -58.1071 29.6863
14 507.131 717.123 5 3.41195 -55.0636 50.2079
15 507.404 716.704 5 3.04431 -53.1509 7.02357
16 506.728 718.652 5 4.45317 -63.5559 -26.973
17 507.002 718.233 5 3.99464 -58.8537 -85.7771
18 507.276 717.815 5 3.54734 -57.5061 90.3517
19 507.549 717.396 5 3.1161 -56.3632 -148.928
20 507.823 716.978 5 2.7086 -58.4677 -5.45623
21 507.147 718.925 5 4.28945 -55.9184 -149.123
22 507.421 718.507 5 3.81128 -56.1628 109.727
23 507.694 718.088 5 3.3395 -54.5051 46.57
24 507.968 717.67 5 2.87727 -80.4627 -104.215
25 508.241 717.251 5 2.43005 -52.373 55.3215
26 507.565 719.199 5 4.17948 -53.8447 -112.85
27 507.839 718.78 5 3.68707 -58.3711 -75.158
28 508.113 718.362 5 3.19701 -57.0349 -58.04
29 508.386 717.943 5 2.7106 -58.7156 -10.8781
30 508.66 717.525 5 2.2302 -50.7929 -39.8463
31 507.984 719.472 5 4.12755 -51.2542 50.2354
32 508.258 719.054 5 3.6281 -52.448 43.6825
33 508.531 718.635 5 3.12882 -50.407 12.9288
34 508.805 718.217 5 2.62982 -49.3466 -2.55053
35 509.078 717.798 5 2.13129 -48.152 -39.7571
36 508.402 719.746 5 4.13586 -56.3994 179.244
37 508.676 719.328 5 3.63755 -75.7936 54.2582
38 508.95 718.909 5 3.13977 -74.5532 -140.433
39 509.223 718.491 5 2.64284 -77.8832 -87.6858
40 509.497 718.072 5 2.14734 -78.7561 117.07
