1 505.473 717.831 5 7.28889 -65.375 4.06721
2 505.747 717.412 5 6.9461 -77.8432 -82.9873
3 506.02 716.994 5 6.62334 -72.6701 2.53049
4 506.294 716.575 5 6.32369 -64.8633 175.127
5 506.567 716.157 5 6.05058 -66.4793 173.983
6 505.891 718.104 5 6.94259 -63.3931 -47.4849
7 506.165 717.686 5 6.58179 -61.0018 -115.691
8 506.439 717.267 5 6.24022 -68.833 163.486
9 506.712 716.849 5 5.92121 -64.4594 -88.5109
10 506.986 716.43 5 5.6286 -69.3641 23.5443
11 506.31 718.378 5 6.61598 -61.2967 -148.352
12 506.584 717.96 5 6.23631 -61.6819 176.136
13 506.857 717.541 5 5.87469 -64.3232 132.645
14 507.131 717.123 5 5.53466 -64.4331 -9.47278
15 507.404 716.704 5 5.22042 -64.4903 118.057
16 506.728 718.652 5 6.31212 -68.0413 -2.23926
17 507.002 718.233 5 5.91298 -61.8108 72.8565
18 507.276 717.815 5 5.53025 -63.2721 52.0312
19 507.549 717.396 5 5.1676 -57.9453 11.1589
20 507.823 716.978 5 4.82954 -71.3163 -72.6228
21 507.147 718.925 5 6.03445 -73.1836 0.980753
22 507.421 718.507 5 5.6156 -67.6973 153.269
23 507.694 718.088 5 5.21108 -59.5212 -83.6555
24 507.968 717.67 5 4.8245 -58.975 -50.3571
25 508.241 717.251 5 4.46051 -57.9066 -123.88
26 507.565 719.199 5 5.78673 -73.0887 -73.8933
27 507.839 718.78 5 5.34852 -63.4261 133.713
28 508.113 718.362 5 4.9221 -63.2902 32.0923
29 508.386 717.943 5 4.51081 -67.7656 129.033
30 508.66 717.525 5 4.1192 -54.1057 176.514
31 507.984 719.472 5 5.57296 -61.7249 37.0262
32 508.258 719.054 5 5.11647 -89.4718 -162.039
33 508.531 718.635 5 4.66891 -63.9757 -148.08
34 508.805 718.217 5 4.2331 -66.9428 -115.658
35 509.078 717.798 5 3.81307 -75.3524 29.9454
36 508.402 719.746 5 5.39718 -65.9765 10.3781
37 508.676 719.328 5 4.92443 -65.1379 -174.448
38 508.95 718.909 5 4.45762 -79.4399 -62.5673
39 509.223 718.491 5 3.99885 -64.8063 97.6971
40 509.497 718.072 5 3.55122 -61.9357 145.752
