1 509.951 714.045 5 1.58114 -45.5718 105.949
2 510.37 714.318 5 1.11803 -40.2503 9.33168
3 510.79 714.59 5 0.707107 -34.5111 120.136
4 511.209 714.862 5 0.5 -32.7643 6.49298
5 511.628 715.135 5 0.707107 -35.1041 111.93
6 512.048 715.407 5 1.11803 -39.2346 -2.15529
7 512.467 715.679 5 1.58114 -48.3299 70.825
8 512.886 715.952 5 2.06155 -56.4974 87.8439
9 513.306 716.224 5 2.54951 -48.8177 -114.564
10 513.725 716.496 5 3.04138 -43.6646 -167.737
11 514.144 716.769 5 3.53553 -45.4381 -94.0866
12 514.564 717.041 5 4.03113 -51.6072 112.693
13 514.983 717.313 5 4.52769 -46.5614 4.76505
14 509.679 714.465 5 1.5 -50.754 1.70396
15 510.098 714.737 5 1 -42.3235 19.939
16 510.517 715.009 5 0.5 -35.5755 5.76979
17 510.937 715.282 5 0 -48.758 85.6579
18 511.356 715.554 5 0.5 -35.4069 5.51391
19 511.775 715.826 5 1 -39.8449 20.7069
20 512.195 716.099 5 1.5 -45.4387 -11.5479
21 512.614 716.371 5 2 -48.0727 15.6697
22 513.033 716.643 5 2.5 -50.297 108.249
23 513.453 716.916 5 3 -52.5164 46.3369
24 513.872 717.188 5 3.5 -47.003 4.64738
25 514.291 717.46 5 4 -69.877 -33.6511
26 514.711 717.733 5 4.5 -47.0112 -68.188
27 509.406 714.884 5 1.58114 -47.9997 122.895
28 509.826 715.156 5 1.11803 -47.9575 17.3995
29 510.245 715.429 5 0.707107 -36.8098 126.319
30 510.664 715.701 5 0.5 -33.0154 4.98433
31 511.084 715.973 5 0.707107 -38.1542 116.142
32 511.503 716.246 5 1.11803 -47.0253 16.9606
33 511.922 716.518 5 1.58114 -43.6771 124.949
34 512.342 716.79 5 2.06155 -47.2138 176.155
35 512.761 717.063 5 2.54951 -46.093 -141.28
36 513.18 717.335 5 3.04138 -46.5569 -119.567
37 513.6 717.607 5 3.53553 -46.5283 -117.432
38 514.019 717.88 5 4.03113 -49.0712 -132.156
39 514.438 718.152 5 4.52769 -69.7494 -13.8639
40 509.134 715.303 5 1.80278 -44.1511 -153.02
41 509.553 715.576 5 1.41421 -42.3525 -118.653
42 509.973 715.848 5 1.11803 -38.0458 12.8817
43 510.392 716.12 5 1 -37.5252 3.87452
44 510.811 716.393 5 1.11803 -41.8029 9.38625
45 511.231 716.665 5 1.41421 -40.5578 -109.661
46 511.65 716.937 5 1.80278 -45.5372 -171.728
47 512.069 717.21 5 2.23607 -51.4779 48.6116
48 512.489 717.482 5 2.69258 -45.3449 -173.904
49 512.908 717.754 5 3.16228 -45.619 -98.3461
50 513.327 718.027 5 3.64006 -53.9559 -18.7889
51 513.747 718.299 5 4.12311 -48.3491 17.5653
52 514.166 718.571 5 4.60977 -48.7982 20.2961
53 508.862 715.723 5 2.12132 -55.4963 4.21793
54 509.281 715.995 5 1.80278 -49.8643 -130.108
55 509.7 716.267 5 1.58114 -46.5423 118.698
56 510.12 716.54 5 1.5 -42.1882 4.53702
57 510.539 716.812 5 1.58114 -49.8113 117.335
58 510.958 717.084 5 1.80278 -47.02 -151.947
59 511.378 717.357 5 2.12132 -48.2498 1.101
60 511.797 717.629 5 2.5 -44.1523 -14.9268
61 512.216 717.901 5 2.91548 -49.2134 -133.57
62 512.636 718.174 5 3.3541 -47.7823 24.7151
63 513.055 718.446 5 3.80789 -55.7448 -156.401
64 513.474 718.718 5 4.272 -51.4348 -88.4843
65 513.894 718.991 5 4.74342 -65.3681 147.934
66 508.589 716.142 5 2.5 -47.7972 38.2515
67 509.009 716.414 5 2.23607 -42.6629 18.0739
68 509.428 716.687 5 2.06155 -47.7792 -167.547
69 509.847 716.959 5 2 -43.1477 17.8694
70 510.267 717.231 5 2.06155 -48.7458 -150.318
71 510.686 717.504 5 2.23607 -43.8984 19.2537
72 511.105 717.776 5 2.5 -48.0516 5.09632
73 511.525 718.048 5 2.82843 -45.0481 132.605
74 511.944 718.321 5 3.20156 -46.7619 158.691
75 512.363 718.593 5 3.60555 -48.0649 53.1375
76 512.783 718.865 5 4.03113 -51.8032 -92.2364
77 513.202 719.138 5 4.47214 -56.0475 106.23
78 513.621 719.41 5 4.92443 -55.5951 -121.855
79 510.414 717.923 5 2.69258 -47.4917 122.605
80 510.833 718.195 5 2.91548 -53.7043 -94.8266
81 511.672 718.74 5 3.53553 -49.8518 -81.1458
82 512.091 719.012 5 3.90512 -52.1987 -87.1736
83 512.51 719.285 5 4.30116 -54.313 -177.021
84 512.93 719.557 5 4.71699 -56.4209 78.9278
85 513.349 719.829 5 5.14782 -50.6801 -67.6022
86 510.141 718.342 5 3.16228 -60.476 9.91419
87 510.561 718.615 5 3.3541 -46.6503 44.5004
88 511.399 719.159 5 3.90512 -50.0622 168.207
89 511.819 719.432 5 4.24264 -64.0852 57.0989
90 512.238 719.704 5 4.60977 -54.1204 26.3623
91 512.657 719.976 5 5 -54.6713 -44.0449
92 513.077 720.249 5 5.40833 -61.3114 -168.901
93 509.869 718.762 5 3.64006 -57.5468 -177.443
94 510.288 719.034 5 3.80789 -60.502 -147.87
95 511.127 719.579 5 4.30116 -60.2707 -67.6957
96 511.546 719.851 5 4.60977 -49.7628 -135.368
97 511.966 720.123 5 4.94975 -61.1496 -85.1917
98 512.385 720.396 5 5.31507 -52.0896 112.005
99 512.804 720.668 5 5.70088 -53.594 58.9527
100 509.597 719.181 5 4.12311 -54.9036 100.066
101 510.016 719.453 5 4.272 -51.8578 174.721
102 509.324 719.6 5 4.60977 -46.4531 -23.2731
103 509.744 719.873 5 4.74342 -62.8541 -20.8261
104 509.052 720.02 5 5.09902 -56.0963 162.205
105 509.471 720.292 5 5.22015 -53.5425 128.07
