1 505.473 717.831 5 4.69518 -46.5232 -2.62085
2 505.747 717.412 5 4.70814 -51.41 38.7692
3 506.02 716.994 5 4.77373 -47.6818 -166.958
4 506.294 716.575 5 4.88982 -57.8972 -78.7528
5 506.567 716.157 5 5.05294 -61.3827 -17.1877
6 505.891 718.104 5 4.19539 -49.7045 0.299401
7 506.165 717.686 5 4.20989 -50.0938 -9.23808
8 506.439 717.267 5 4.28311 -46.7177 100.22
9 506.712 716.849 5 4.41213 -46.2047 116.502
10 506.986 716.43 5 4.59226 -48.265 39.8557
11 506.31 718.378 5 3.69565 -60.2477 121.926
12 506.584 717.96 5 3.71211 -75.8589 -71.5298
13 506.857 717.541 5 3.79495 -49.1125 60.6914
14 507.131 717.123 5 3.93999 -60.4471 -78.0688
15 507.404 716.704 5 4.1407 -53.1046 107.093
16 506.728 718.652 5 3.196 -52.4339 3.49271
17 507.002 718.233 5 3.21501 -48.6906 14.4936
18 507.276 717.815 5 3.31031 -44.3772 57.4772
19 507.549 717.396 5 3.47564 -49.492 -83.8388
20 507.823 716.978 5 3.70162 -55.2185 131.378
21 507.147 718.925 5 2.69647 -46.1839 82.196
22 507.421 718.507 5 2.71898 -43.1348 -45.7039
23 507.694 718.088 5 2.83103 -71.6121 145.268
24 507.968 717.67 5 3.02269 -64.4246 79.0116
25 508.241 717.251 5 3.28002 -60.8624 -41.1808
26 507.565 719.199 5 2.19717 -42.4508 62.8981
27 507.839 718.78 5 2.22473 -42.7224 -0.308617
28 508.113 718.362 5 2.36037 -49.7832 -131.58
29 508.386 717.943 5 2.58712 -65.0897 139.735
30 508.66 717.525 5 2.88359 -56.8977 51.5344
31 507.984 719.472 5 1.69827 -39.6791 32.9694
32 508.258 719.054 5 1.73378 -44.1032 -37.0283
33 508.531 718.635 5 1.9047 -56.2144 35.9798
34 508.805 718.217 5 2.1794 -72.2938 -86.5152
35 509.078 717.798 5 2.52422 -56.8894 -18.4483
36 508.402 719.746 5 1.20029 -38.8859 17.8924
37 508.676 719.328 5 1.25003 -42.8931 -128.283
38 508.95 718.909 5 1.47799 -66.8843 141.885
39 509.223 718.491 5 1.81834 -58.1439 150.973
40 509.497 718.072 5 2.21996 -56.4311 -48.1379
