1 509.951 714.045 5 5.52268 -47.572 -66.5954
2 510.37 714.318 5 5.02494 -50.1038 -147.205
3 510.79 714.59 5 4.52769 -51.3418 158.951
4 511.209 714.862 5 4.03113 -49.285 -45.3311
5 511.628 715.135 5 3.53553 -44.4363 -88.2762
6 512.048 715.407 5 3.04138 -56.9344 -145.392
7 512.467 715.679 5 2.54951 -53.3705 -47.7745
8 512.886 715.952 5 2.06155 -45.0999 82.0686
9 513.306 716.224 5 1.58114 -43.945 59.8801
10 513.725 716.496 5 1.11803 -38.2089 -5.05896
11 514.144 716.769 5 0.707107 -38.6162 127.023
12 514.564 717.041 5 0.5 -35.555 -176.535
13 514.983 717.313 5 0.707107 -37.9589 -59.9326
14 509.679 714.465 5 5.5 -71.1594 176.234
15 510.098 714.737 5 5 -48.3971 11.4584
16 510.517 715.009 5 4.5 -47.4819 -37.5353
17 510.937 715.282 5 4 -62.5972 87.3169
18 511.356 715.554 5 3.5 -45.1936 -32.9313
19 511.775 715.826 5 3 -51.9481 68.8136
20 512.195 716.099 5 2.5 -59.0837 145.534
21 512.614 716.371 5 2 -49.9563 10.0897
22 513.033 716.643 5 1.5 -45.4039 19.8169
23 513.453 716.916 5 1 -40.1953 29.8647
24 513.872 717.188 5 0.5 -34.7323 -0.285679
25 514.291 717.46 5 0 -37.1195 92.4147
26 514.711 717.733 5 0.5 -34.0302 8.98406
27 509.406 714.884 5 5.52268 -55.9144 -51.2612
28 509.826 715.156 5 5.02494 -48.3104 -149.688
29 510.245 715.429 5 4.52769 -62.9668 44.3132
30 510.664 715.701 5 4.03113 -54.7648 169.779
31 511.084 715.973 5 3.53553 -45.1771 -126.697
32 511.503 716.246 5 3.04138 -45.0293 -119.565
33 511.922 716.518 5 2.54951 -46.162 -144.417
34 512.342 716.79 5 2.06155 -45.9872 148.076
35 512.761 717.063 5 1.58114 -44.7445 104.712
36 513.18 717.335 5 1.11803 -41.2642 4.77865
37 513.6 717.607 5 0.707107 -35.6102 118.788
38 514.019 717.88 5 0.5 -35.3017 4.69798
39 514.438 718.152 5 0.707107 -36.9532 140.574
40 509.134 715.303 5 5.59017 -49.2925 52.3845
41 509.553 715.576 5 5.09902 -58.9518 -112.939
42 509.973 715.848 5 4.60977 -51.1393 -28.5289
43 510.392 716.12 5 4.12311 -46.5399 -0.349977
44 510.811 716.393 5 3.64006 -47.4107 17.4081
45 511.231 716.665 5 3.16228 -50.5129 -110.268
46 511.65 716.937 5 2.69258 -45.8419 150.747
47 512.069 717.21 5 2.23607 -48.9485 56.866
48 512.489 717.482 5 1.80278 -43.306 -174.506
49 512.908 717.754 5 1.41421 -43.7797 -92.5591
50 513.327 718.027 5 1.11803 -41.0805 26.851
51 513.747 718.299 5 1 -43.5588 21.3103
52 514.166 718.571 5 1.11803 -40.2857 -6.82106
53 508.862 715.723 5 5.70088 -51.1996 26.086
54 509.281 715.995 5 5.22015 -46.4182 51.4438
55 509.7 716.267 5 4.74342 -67.8277 -156.641
56 510.12 716.54 5 4.272 -47.0476 -129.788
57 510.539 716.812 5 3.80789 -50.9119 131.547
58 510.958 717.084 5 3.3541 -46.1137 34.3728
59 511.378 717.357 5 2.91548 -50.3803 -98.3613
60 511.797 717.629 5 2.5 -45.3167 22.4272
61 512.216 717.901 5 2.12132 -47.4904 4.07212
62 512.636 718.174 5 1.80278 -48.9477 -169.348
63 513.055 718.446 5 1.58114 -44.6866 88.9248
64 513.474 718.718 5 1.5 -47.2714 32.9358
65 513.894 718.991 5 1.58114 -50.6506 90.2754
66 508.589 716.142 5 5.85235 -53.9266 -145.622
67 509.009 716.414 5 5.38516 -47.5769 -64.0313
68 509.428 716.687 5 4.92443 -47.7679 -77.4644
69 509.847 716.959 5 4.47214 -59.4378 27.2478
70 510.267 717.231 5 4.03113 -49.3585 -109.885
71 510.686 717.504 5 3.60555 -49.0647 55.2014
72 511.105 717.776 5 3.20156 -49.1806 157.394
73 511.525 718.048 5 2.82843 -43.3032 123.444
74 511.944 718.321 5 2.5 -44.764 25.0447
75 512.363 718.593 5 2.23607 -46.7368 12.4812
76 512.783 718.865 5 2.06155 -46.7561 171.175
77 513.202 719.138 5 2 -47.8279 53.1833
78 513.621 719.41 5 2.06155 -49.2452 -101.546
79 510.414 717.923 5 3.90512 -51.4912 -84.7341
80 510.833 718.195 5 3.53553 -51.4191 -75.3566
81 511.672 718.74 5 2.91548 -48.2618 -148.801
82 512.091 719.012 5 2.69258 -50.8001 124.344
83 512.51 719.285 5 2.54951 -48.6117 -173.133
84 512.93 719.557 5 2.5 -45.9479 54.3562
85 513.349 719.829 5 2.54951 -45.223 -144.422
86 510.141 718.342 5 4.24264 -57.5736 12.2348
87 510.561 718.615 5 3.90512 -52.1684 -175.981
88 511.399 719.159 5 3.3541 -47.462 30.496
89 511.819 719.432 5 3.16228 -50.5516 -49.367
90 512.238 719.704 5 3.04138 -52.2275 -109.769
91 512.657 719.976 5 3 -50.6581 62.8385
92 513.077 720.249 5 3.04138 -48.3986 -25.5628
93 509.869 718.762 5 4.60977 -51.0242 54.2184
94 510.288 719.034 5 4.30116 -73.1451 133.489
95 511.127 719.579 5 3.80789 -45.0951 -162.583
96 511.546 719.851 5 3.64006 -51.3588 -145.739
97 511.966 720.123 5 3.53553 -52.2572 -121.137
98 512.385 720.396 5 3.5 -50.6538 -13.4859
99 512.804 720.668 5 3.53553 -58.4035 110.633
100 509.597 719.181 5 5 -51.152 -152.286
101 510.016 719.453 5 4.71699 -52.138 -59.7508
102 509.324 719.6 5 5.40833 -49.3157 64.4085
103 509.744 719.873 5 5.14782 -52.7284 42.1282
104 509.052 720.02 5 5.83095 -75.637 122.53
105 509.471 720.292 5 5.59017 -55.1332 -107.644
