1 505.473 717.831 5 7.00744 -65.42 142.768
2 505.747 717.412 5 6.61269 -64.3196 -176.392
3 506.02 716.994 5 6.23306 -63.519 -171.404
4 506.294 716.575 5 5.8715 -66.31 172.531
5 506.567 716.157 5 5.53154 -66.2488 -88.3267
6 505.891 718.104 5 6.72141 -68.8218 -7.27387
7 506.165 717.686 5 6.30879 -60.9827 60.0769
8 506.439 717.267 5 5.90967 -63.2091 46.8197
9 506.712 716.849 5 5.527 -58.8111 72.6531
10 506.986 716.43 5 5.16441 -75.7007 162.318
11 506.31 718.378 5 6.46147 -59.5634 -29.5624
12 506.584 717.96 5 6.03109 -59.1175 102.739
13 506.857 717.541 5 5.61226 -60.3302 -144.677
14 507.131 717.123 5 5.20777 -57.6948 -80.3218
15 507.404 716.704 5 4.82123 -59.1009 -50.6439
16 506.728 718.652 5 6.23087 -62.5354 -86.3294
17 507.002 718.233 5 5.78335 -67.2504 99.1129
18 507.276 717.815 5 5.34515 -55.8954 -59.648
19 507.549 717.396 5 4.91874 -63.9577 107.786
20 507.823 716.978 5 4.50749 -57.8132 156.927
21 507.147 718.925 5 6.03299 -65.6603 -166.353
22 507.421 718.507 5 5.56959 -62.219 22.9707
23 507.694 718.088 5 5.1131 -58.933 -118.084
24 507.968 717.67 5 4.66553 -57.0941 101.867
25 508.241 717.251 5 4.22973 -58.9663 -88.7877
26 507.565 719.199 5 5.87112 -72.375 169.473
27 507.839 718.78 5 5.39384 -74.2793 164.587
28 508.113 718.362 5 4.92107 -67.5544 163.476
29 508.386 717.943 5 4.45425 -63.9583 51.1922
30 508.66 717.525 5 3.99547 -61.0331 -138.464
31 507.984 719.472 5 5.74833 -70.16 -73.3621
32 508.258 719.054 5 5.25991 -68.9036 -114.469
33 508.531 718.635 5 4.7739 -59.3954 -125.78
34 508.805 718.217 5 4.2911 -67.1533 -94.8299
35 509.078 717.798 5 3.81274 -62.2548 -159.98
36 508.402 719.746 5 5.66714 -63.7342 142.006
37 508.676 719.328 5 5.17106 -70.4436 -151.664
38 508.95 718.909 5 4.67582 -67.1304 -63.7779
39 509.223 718.491 5 4.18171 -70.9256 -129.287
40 509.497 718.072 5 3.68919 -69.7098 -104.488
