1 509.951 714.045 5 5.5 -55.9421 98.0399
2 510.37 714.318 5 5 -58.1649 75.2398
3 510.79 714.59 5 4.5 -64.803 134.668
4 511.209 714.862 5 4 -62.2014 -137.7
5 511.628 715.135 5 3.5 -54.6961 -156.33
6 512.048 715.407 5 3 -50.062 -144.65
7 512.467 715.679 5 2.5 -50.1476 144.773
8 512.886 715.952 5 2 -45.7957 -100.941
9 513.306 716.224 5 1.5 -48.3392 141.116
10 513.725 716.496 5 1 -41.5559 170.351
11 514.144 716.769 5 0.5 -35.0067 -174.844
12 514.564 717.041 5 0 -43.6296 92.4626
13 514.983 717.313 5 0.5 -39.2521 47.1152
14 509.679 714.465 5 5.52268 -47.8305 102.748
15 510.098 714.737 5 5.02494 -48.7317 52.6926
16 510.517 715.009 5 4.52769 -54.5537 21.2658
17 510.937 715.282 5 4.03113 -50.1845 109.928
18 511.356 715.554 5 3.53553 -45.6542 59.5421
19 511.775 715.826 5 3.04138 -48.0575 14.743
20 512.195 716.099 5 2.54951 -44.3023 54.1979
21 512.614 716.371 5 2.06155 -53.1224 -31.1605
22 513.033 716.643 5 1.58114 -43.7433 -77.6373
23 513.453 716.916 5 1.11803 -39.079 -178.791
24 513.872 717.188 5 0.707107 -39.9786 -48.852
25 514.291 717.46 5 0.5 -34.8583 -176.337
26 514.711 717.733 5 0.707107 -37.8996 -65.0935
27 509.406 714.884 5 5.59017 -51.9412 -60.1796
28 509.826 715.156 5 5.09902 -47.9802 -120.329
29 510.245 715.429 5 4.60977 -50.4593 151.607
30 510.664 715.701 5 4.12311 -57.959 72.9897
31 511.084 715.973 5 3.64006 -46.9842 132.575
32 511.503 716.246 5 3.16228 -61.5695 97.272
33 511.922 716.518 5 2.69258 -44.8289 -35.5974
34 512.342 716.79 5 2.23607 -46.8896 -152.109
35 512.761 717.063 5 1.80278 -42.8476 7.05837
36 513.18 717.335 5 1.41421 -45.6021 79.1809
37 513.6 717.607 5 1.11803 -42.1096 -157.718
38 514.019 717.88 5 1 -40.8699 178.161
39 514.438 718.152 5 1.11803 -45.1852 -150.825
40 509.134 715.303 5 5.70088 -63.7156 -171.318
41 509.553 715.576 5 5.22015 -53.9273 -76.6708
42 509.973 715.848 5 4.74342 -46.4065 -177.381
43 510.392 716.12 5 4.272 -51.2141 -9.12194
44 510.811 716.393 5 3.80789 -45.2851 2.76946
45 511.231 716.665 5 3.3541 -51.7184 -170.456
46 511.65 716.937 5 2.91548 -47.6243 59.6255
47 512.069 717.21 5 2.5 -57.3311 153.85
48 512.489 717.482 5 2.12132 -50.9051 -168.982
49 512.908 717.754 5 1.80278 -46.332 3.68909
50 513.327 718.027 5 1.58114 -49.3036 -54.821
51 513.747 718.299 5 1.5 -42.8775 172.805
52 514.166 718.571 5 1.58114 -44.5912 -42.6677
53 508.862 715.723 5 5.85235 -50.9135 -161.961
54 509.281 715.995 5 5.38516 -49.6257 49.6436
55 509.7 716.267 5 4.92443 -50.7635 71.1191
56 510.12 716.54 5 4.47214 -46.2536 -158.128
57 510.539 716.812 5 4.03113 -53.0756 57.785
58 510.958 717.084 5 3.60555 -47.3772 -162.554
59 511.378 717.357 5 3.20156 -54.9325 -7.15311
60 511.797 717.629 5 2.82843 -51.8886 -49.6204
61 512.216 717.901 5 2.5 -50.6536 177.206
62 512.636 718.174 5 2.23607 -48.0407 -135.377
63 513.055 718.446 5 2.06155 -47.809 10.3841
64 513.474 718.718 5 2 -46.9349 163.986
65 513.894 718.991 5 2.06155 -45.8038 18.2547
66 508.589 716.142 5 6.04152 -54.972 69.3871
67 509.009 716.414 5 5.59017 -45.7873 -112.988
68 509.428 716.687 5 5.14782 -58.9839 -0.581183
69 509.847 716.959 5 4.71699 -49.2031 -83.0919
70 510.267 717.231 5 4.30116 -58.9711 -50.4389
71 510.686 717.504 5 3.90512 -58.2276 102.588
72 511.105 717.776 5 3.53553 -51.0222 75.1834
73 511.525 718.048 5 3.20156 -56.0816 -25.8399
74 511.944 718.321 5 2.91548 -53.6194 68.1469
75 512.363 718.593 5 2.69258 -49.5951 -9.01048
76 512.783 718.865 5 2.54951 -59.0777 68.4331
77 513.202 719.138 5 2.5 -47.6975 170.68
78 513.621 719.41 5 2.54951 -45.2977 48.1966
79 510.414 717.923 5 4.24264 -55.3078 -144.971
80 510.833 718.195 5 3.90512 -53.4631 109.718
81 511.672 718.74 5 3.3541 -49.709 -159.821
82 512.091 719.012 5 3.16228 -55.2527 48.6067
83 512.51 719.285 5 3.04138 -55.7092 48.054
84 512.93 719.557 5 3 -47.5644 153.187
85 513.349 719.829 5 3.04138 -48.7112 88.4201
86 510.141 718.342 5 4.60977 -62.6802 -146.302
87 510.561 718.615 5 4.30116 -59.9881 36.1493
88 511.399 719.159 5 3.80789 -47.4436 30.6835
89 511.819 719.432 5 3.64005 -51.1792 174.435
90 512.238 719.704 5 3.53553 -63.3633 124.346
91 512.657 719.976 5 3.5 -49.9299 154.756
92 513.077 720.249 5 3.53553 -46.5261 47.7292
93 509.869 718.762 5 5 -62.2828 86.8276
94 510.288 719.034 5 4.71699 -59.3217 161.526
95 511.127 719.579 5 4.272 -61.443 102.247
96 511.546 719.851 5 4.12311 -55.0203 17.5898
97 511.966 720.123 5 4.03113 -65.8086 47.1923
98 512.385 720.396 5 4 -51.0055 -174.776
99 512.804 720.668 5 4.03113 -42.9621 -33.9348
100 509.597 719.181 5 5.40833 -56.5597 29.8068
101 510.016 719.453 5 5.14782 -57.0424 172.721
102 509.324 719.6 5 5.83095 -67.1181 -104.531
103 509.744 719.873 5 5.59017 -56.5191 176.954
104 509.052 720.02 5 6.26498 -63.2051 8.64668
105 509.471 720.292 5 6.04152 -66.1994 85.9332
