1 509.951 714.045 5 3.3541 -47.774 -4.83288
2 510.37 714.318 5 2.91548 -47.1536 -88.5937
3 510.79 714.59 5 2.5 -45.767 -0.571457
4 511.209 714.862 5 2.12132 -42.6376 3.93587
5 511.628 715.135 5 1.80278 -43.2812 -165.946
6 512.048 715.407 5 1.58114 -45.5759 123.673
7 512.467 715.679 5 1.5 -40.957 -14.5764
8 512.886 715.952 5 1.58114 -44.4348 145.107
9 513.306 716.224 5 1.80278 -40.5717 -169.533
10 513.725 716.496 5 2.12132 -44.3992 -10.4756
11 514.144 716.769 5 2.5 -46.6432 30.751
12 514.564 717.041 5 2.91548 -47.9138 59.48
13 514.983 717.313 5 3.3541 -50.2291 -114.57
14 509.679 714.465 5 3.16228 -48.8054 -56.9768
15 510.098 714.737 5 2.69258 -47.6825 155.917
16 510.517 715.009 5 2.23607 -49.8423 75.8968
17 510.937 715.282 5 1.80278 -46.2021 -177.852
18 511.356 715.554 5 1.41421 -39.6314 -105.117
19 511.775 715.826 5 1.11803 -41.3277 -1.03474
20 512.195 716.099 5 1 -40.0715 -8.76272
21 512.614 716.371 5 1.11803 -42.1627 9.70516
22 513.033 716.643 5 1.41421 -40.0059 -114.839
23 513.453 716.916 5 1.80278 -44.4084 178.71
24 513.872 717.188 5 2.23607 -49.7819 68.7329
25 514.291 717.46 5 2.69258 -46.7143 151.966
26 514.711 717.733 5 3.16228 -48.5866 -120.133
27 509.406 714.884 5 3.04138 -49.3995 -103.777
28 509.826 715.156 5 2.54951 -49.5784 -99.9191
29 510.245 715.429 5 2.06155 -50.8679 -143.957
30 510.664 715.701 5 1.58114 -44.5266 133.441
31 511.084 715.973 5 1.11803 -39.6178 6.64621
32 511.503 716.246 5 0.707107 -39.3743 119.916
33 511.922 716.518 5 0.5 -33.1495 -0.865219
34 512.342 716.79 5 0.707107 -38.8216 120.665
35 512.761 717.063 5 1.11803 -39.9112 -8.95505
36 513.18 717.335 5 1.58114 -45.8201 123.072
37 513.6 717.607 5 2.06155 -51.1973 -151.726
38 514.019 717.88 5 2.54951 -52.8286 -131.365
39 514.438 718.152 5 3.04138 -49.5599 -143.801
40 509.134 715.303 5 3 -46.4196 43.208
41 509.553 715.576 5 2.5 -51.022 -22.4924
42 509.973 715.848 5 2 -47.1625 39.0194
43 510.392 716.12 5 1.5 -42.9115 2.13348
44 510.811 716.393 5 1 -37.7245 -2.05363
45 511.231 716.665 5 0.5 -33.6836 -8.08392
46 511.65 716.937 5 0 -54.4233 89.8284
47 512.069 717.21 5 0.5 -32.5773 -6.01931
48 512.489 717.482 5 1 -36.907 5.2277
49 512.908 717.754 5 1.5 -43.56 -11.3963
50 513.327 718.027 5 2 -44.8648 11.5591
51 513.747 718.299 5 2.5 -47.4283 27.1561
52 514.166 718.571 5 3 -45.2806 13.5545
53 508.862 715.723 5 3.04138 -48.2459 -68.4968
54 509.281 715.995 5 2.54951 -47.0363 -87.3594
55 509.7 716.267 5 2.06155 -41.3318 -170.103
56 510.12 716.54 5 1.58114 -45.3605 88.0624
57 510.539 716.812 5 1.11803 -41.8596 17.4659
58 510.958 717.084 5 0.707107 -37.6103 116.904
59 511.378 717.357 5 0.5 -33.5582 5.81617
60 511.797 717.629 5 0.707107 -37.4162 121.181
61 512.216 717.901 5 1.11803 -39.2139 6.56743
62 512.636 718.174 5 1.58114 -46.5877 81.074
63 513.055 718.446 5 2.06155 -47.6932 -176.797
64 513.474 718.718 5 2.54951 -52.0128 -25.8887
65 513.894 718.991 5 3.04138 -55.4312 -84.6081
66 508.589 716.142 5 3.16228 -53.9887 -114.626
67 509.009 716.414 5 2.69258 -41.8831 126.605
68 509.428 716.687 5 2.23607 -53.4478 18.2456
69 509.847 716.959 5 1.80278 -49.2633 179.278
70 510.267 717.231 5 1.41421 -44.9465 -135.258
71 510.686 717.504 5 1.11803 -41.9332 11.9069
72 511.105 717.776 5 1 -42.1078 -1.24003
73 511.525 718.048 5 1.11803 -41.7112 -1.98406
74 511.944 718.321 5 1.41421 -43.1788 -120.636
75 512.363 718.593 5 1.80278 -46.4815 173.762
76 512.783 718.865 5 2.23607 -48.5008 18.9107
77 513.202 719.138 5 2.69258 -48.1158 148.746
78 513.621 719.41 5 3.16228 -51.4794 -149.524
79 510.414 717.923 5 1.58114 -50.1094 108.679
80 510.833 718.195 5 1.5 -42.7204 15.5824
81 511.672 718.74 5 1.80278 -46.8841 -148.528
82 512.091 719.012 5 2.12132 -47.8187 6.68592
83 512.51 719.285 5 2.5 -45.2344 33.4212
84 512.93 719.557 5 2.91548 -52.1298 -130.869
85 513.349 719.829 5 3.3541 -43.8477 19.84
86 510.141 718.342 5 2.06155 -54.5324 135.838
87 510.561 718.615 5 2 -45.5738 -9.88473
88 511.399 719.159 5 2.23607 -47.6042 35.2257
89 511.819 719.432 5 2.5 -54.8964 45.1215
90 512.238 719.704 5 2.82843 -43.8953 121.158
91 512.657 719.976 5 3.20156 -55.7867 32.7361
92 513.077 720.249 5 3.60555 -49.4717 131.289
93 509.869 718.762 5 2.54951 -48.2091 172.818
94 510.288 719.034 5 2.5 -49.6393 43.4401
95 511.127 719.579 5 2.69258 -56.1089 -15.9255
96 511.546 719.851 5 2.91548 -48.1441 -176.859
97 511.966 720.123 5 3.20156 -53.3993 -175.943
98 512.385 720.396 5 3.53553 -49.2911 -146.703
99 512.804 720.668 5 3.90513 -50.9058 145.615
100 509.597 719.181 5 3.04138 -44.9397 -116.34
101 510.016 719.453 5 3 -46.8039 -20.1508
102 509.324 719.6 5 3.53553 -44.8369 -109.77
103 509.744 719.873 5 3.5 -43.2824 -53.1106
104 509.052 720.02 5 4.03113 -43.1411 -58.7545
105 509.471 720.292 5 4 -42.2546 -48.6372
