1 514.644 719.84 5 6.9829 -62.5941 172.01
2 514.371 720.259 5 7.16243 -71.8257 10.2978
3 514.097 720.678 5 7.37157 -53.9372 -98.4927
4 513.824 721.096 5 7.60786 -51.7084 -142.808
5 513.551 721.515 5 7.86887 -69.8934 -84.4041
6 513.278 721.934 5 8.15222 -68.1207 3.01796
7 513.004 722.353 5 8.45567 -76.3629 31.0324
8 512.731 722.771 5 8.77712 -73.1795 -23.0398
9 512.458 723.19 5 9.11468 -82.8338 -67.8979
10 512.185 723.609 5 9.46663 -93.9966 161.428
11 515.063 720.113 5 7.45706 -72.6624 -145.154
12 514.789 720.532 5 7.62544 -84.1409 68.7238
13 514.516 720.951 5 7.82221 -63.6679 85.1334
14 514.243 721.37 5 8.04528 -49.8901 98.4142
15 513.97 721.788 5 8.29253 -66.9978 40.7461
16 513.696 722.207 5 8.56187 -76.6441 -154.865
17 513.423 722.626 5 8.85128 -77.3669 143.568
18 513.15 723.045 5 9.15886 -69.9771 134.3
19 512.877 723.463 5 9.48284 -84.7288 78.4637
20 512.603 723.882 5 9.8216 -85.6178 -130.609
21 515.481 720.387 5 7.9344 -65.2717 147.714
22 515.208 720.805 5 8.09285 -57.7134 -39.7511
23 514.935 721.224 5 8.27851 -67.0701 159.763
24 514.662 721.643 5 8.4896 -55.3596 -44.5955
25 514.388 722.062 5 8.72427 -51.3682 -66.8238
26 514.115 722.48 5 8.98067 -77.6546 109.161
27 513.842 722.899 5 9.257 -64.0922 93.8953
28 513.568 723.318 5 9.55153 -79.0476 -17.4818
29 513.295 723.737 5 9.86262 -66.4228 -125.823
30 513.022 724.155 5 10.1888 -83.0546 -122.979
31 515.9 720.66 5 8.41436 -66.9367 -149.142
32 515.627 721.079 5 8.56394 -63.5864 119.143
33 515.353 721.497 5 8.7396 -68.612 72.079
34 515.08 721.916 5 8.93981 -58.08 66.2952
35 514.807 722.335 5 9.16296 -52.2677 144.086
36 514.534 722.754 5 9.40741 -58.2822 47.6284
37 514.26 723.172 5 9.67155 -69.345 -164.232
38 513.987 723.591 5 9.95382 -82.5747 -81.1083
39 516.319 720.933 5 8.89654 -61.493 -13.616
40 516.045 721.352 5 9.03814 -65.1064 -112.012
41 515.772 721.771 5 9.20476 -70.6289 -41.1366
42 515.499 722.189 5 9.39506 -59.0631 -126.207
43 515.226 722.608 5 9.60764 -57.4959 -9.36838
44 514.952 723.027 5 9.84105 -51.4668 -14.1943
45 514.679 723.446 5 10.0939 -69.9273 -152.192
46 514.406 723.864 5 10.3646 -116.203 52.7764
47 516.737 721.206 5 9.38058 -93.455 171.427
48 516.464 721.625 5 9.51498 -60.5471 -172.287
49 516.191 722.044 5 9.67339 -61.6048 170.11
50 515.918 722.463 5 9.85464 -65.4243 -160.491
51 515.644 722.881 5 10.0575 -61.1527 89.6701
52 515.371 723.3 5 10.2807 -54.3998 -178.198
53 515.098 723.719 5 10.523 -58.5674 149.041
54 514.825 724.138 5 10.783 -110.982 -161.545
55 517.156 721.48 5 9.86621 -72.7431 -73.6507
56 516.883 721.898 5 9.99408 -64.7513 -25.6417
57 516.61 722.317 5 10.145 -65.0626 -81.919
58 516.336 722.736 5 10.318 -72.5149 -61.5752
59 516.063 723.155 5 10.5119 -66.1666 -107.823
60 515.79 723.573 5 10.7257 -56.9039 -29.976
61 515.517 723.992 5 10.9581 -54.9492 15.3866
62 515.243 724.411 5 11.208 -116.581 -113.907
63 517.575 721.753 5 10.3532 -68.6853 -122.574
64 517.302 722.172 5 10.4751 -65.2439 147.578
65 517.028 722.59 5 10.6192 -66.9397 -176.452
66 516.755 723.009 5 10.7846 -60.0311 -168.994
67 516.482 723.428 5 10.9703 -69.505 -45.8587
68 516.209 723.847 5 11.1753 -58.5192 126.978
69 515.935 724.265 5 11.3985 -57.9684 -152.837
70 515.662 724.684 5 11.639 -67.2153 93.2866
71 517.994 722.026 5 10.8414 -65.018 -162.736
72 517.72 722.445 5 10.9579 -56.4469 -152.418
73 517.447 722.864 5 11.0957 -61.2464 105.966
74 517.174 723.282 5 11.2541 -75.6764 168.245
75 516.901 723.701 5 11.4322 -67.9079 43.5541
76 516.627 724.12 5 11.629 -68.1587 -101.19
77 516.354 724.539 5 11.8437 -56.4725 -12.0201
78 516.081 724.957 5 12.0753 -59.5375 47.2896
