1 514.644 719.84 5 4.26303 -93.3625 -141.253
2 514.371 720.259 5 4.14952 -82.1217 129.189
3 514.097 720.678 5 4.09433 -79.7663 -42.9111
4 513.824 721.096 5 4.09983 -87.4521 130.009
5 513.551 721.515 5 4.16578 -82.3202 -112.528
6 513.278 721.934 5 4.28938 -82.1846 56.0717
7 513.004 722.353 5 4.46585 -79.8877 92.3626
8 512.731 722.771 5 4.68923 -84.5787 -125.787
9 512.458 723.19 5 4.95318 -103.819 66.5137
10 512.185 723.609 5 5.25157 -98.2305 48.241
11 515.063 720.113 5 4.74475 -74.2585 -25.7647
12 514.789 720.532 5 4.64303 -82.5251 75.8453
13 514.516 720.951 5 4.59377 -86.213 -86.3498
14 514.243 721.37 5 4.59868 -75.8078 5.72841
15 513.97 721.788 5 4.65756 -96.7584 -3.16495
16 513.696 722.207 5 4.76843 -85.83 107.653
17 513.423 722.626 5 4.92778 -90.2507 35.4899
18 513.15 723.045 5 5.13109 -89.2199 -159.972
19 512.877 723.463 5 5.37338 -86.7859 104.777
20 512.603 723.882 5 5.64962 -91.8424 161.622
21 515.481 720.387 5 5.2299 -64.7584 36.6522
22 515.208 720.805 5 5.13779 -83.4044 128.034
23 514.935 721.224 5 5.09333 -72.7981 0.611228
24 514.662 721.643 5 5.09775 -76.181 46.3709
25 514.388 722.062 5 5.15093 -99.0404 14.736
26 514.115 722.48 5 5.2514 -88.9429 151.672
27 513.842 722.899 5 5.3965 -83.2596 38.6638
28 513.568 723.318 5 5.58277 -101.782 -116.402
29 513.295 723.737 5 5.80624 -93.626 -96.1618
30 513.022 724.155 5 6.06279 -91.0141 48.1272
31 515.9 720.66 5 5.71761 -61.7325 117.308
32 515.627 721.079 5 5.63348 -73.0397 101.366
33 515.353 721.497 5 5.59296 -84.2646 -132.784
34 515.08 721.916 5 5.59698 -72.1816 -172.129
35 514.807 722.335 5 5.64547 -78.3133 91.2507
36 514.534 722.754 5 5.73728 -98.5518 122.556
37 514.26 723.172 5 5.87039 -84.6448 136.6
38 513.987 723.591 5 6.04206 -78.7299 -168.507
39 516.319 720.933 5 6.20727 -67.0746 176.132
40 516.045 721.352 5 6.12987 -72.0356 -150.515
41 515.772 721.771 5 6.09265 -90.8563 9.83078
42 515.499 722.189 5 6.09635 -95.3241 51.8471
43 515.226 722.608 5 6.14089 -82.5987 -72.4009
44 514.952 723.027 5 6.2254 -81.7379 -126.911
45 514.679 723.446 5 6.34828 -91.3006 -57.8513
46 514.406 723.864 5 6.50736 -116.307 -94.2027
47 516.737 721.206 5 6.69847 -76.822 143.101
48 516.464 721.625 5 6.6268 -68.9527 32.4926
49 516.191 722.044 5 6.59239 -74.3674 35.3774
50 515.918 722.463 5 6.5958 -82.2913 28.9709
51 515.644 722.881 5 6.63699 -83.9693 115.822
52 515.371 723.3 5 6.71526 -82.5073 21.9439
53 515.098 723.719 5 6.82934 -87.1707 9.37127
54 514.825 724.138 5 6.97746 -250 0
55 517.156 721.48 5 7.19087 -84.1626 -147.215
56 516.883 721.898 5 7.12416 -63.8754 -127.845
57 516.61 722.317 5 7.09216 -72.4774 -103.447
58 516.336 722.736 5 7.09534 -77.1915 -120.848
59 516.063 723.155 5 7.13365 -79.4684 178.129
60 515.79 723.573 5 7.20652 -89.1077 129.309
61 515.517 723.992 5 7.31294 -93.5259 -165.58
62 515.243 724.411 5 7.45145 -133.259 86.8398
63 517.575 721.753 5 7.68426 -80.3825 70.7881
64 517.302 722.172 5 7.62187 -78.2231 -53.271
65 517.028 722.59 5 7.59197 -69.3706 4.61332
66 516.755 723.009 5 7.59494 -71.8591 33.95
67 516.482 723.428 5 7.63073 -84.4594 54.0654
68 516.209 723.847 5 7.69891 -82.5537 -80.4277
69 515.935 724.265 5 7.7986 -83.6139 -28.3225
70 515.662 724.684 5 7.92864 -86.1186 -79.4328
71 517.994 722.026 5 8.17845 -85.2959 94.4244
72 517.72 722.445 5 8.11986 -81.6182 140.885
73 517.447 722.864 5 8.0918 -72.8446 112.693
74 517.174 723.282 5 8.09458 -84.8538 -67.3917
75 516.901 723.701 5 8.12818 -80.5004 -107.981
76 516.627 724.12 5 8.19221 -82.218 -67.3303
77 516.354 724.539 5 8.28598 -81.9606 53.2215
78 516.081 724.957 5 8.40848 -122.08 57.6943
