1 509.951 714.045 5 2.69258 -49.2918 124.395
2 510.37 714.318 5 2.54951 -50.1201 -108.832
3 510.79 714.59 5 2.5 -45.0654 33.4969
4 511.209 714.862 5 2.54951 -48.6086 -103.145
5 511.628 715.135 5 2.69258 -56.7505 123.287
6 512.048 715.407 5 2.91548 -45.2092 -128.303
7 512.467 715.679 5 3.20156 -54.3976 -21.4455
8 512.886 715.952 5 3.53553 -53.0537 -84.2996
9 513.306 716.224 5 3.90512 -58.9575 -173.496
10 513.725 716.496 5 4.30116 -47.5639 160.564
11 514.144 716.769 5 4.71699 -50.7521 158.188
12 514.564 717.041 5 5.14782 -56.8455 -23.0712
13 514.983 717.313 5 5.59017 -51.2196 -134.606
14 509.679 714.465 5 2.23607 -43.7329 5.55899
15 510.098 714.737 5 2.06155 -50.7668 -135.171
16 510.517 715.009 5 2 -42.1763 14.5104
17 510.937 715.282 5 2.06155 -49.731 -173.126
18 511.356 715.554 5 2.23607 -43.6748 14.7812
19 511.775 715.826 5 2.5 -48.1542 33.8323
20 512.195 716.099 5 2.82843 -41.9025 118.65
21 512.614 716.371 5 3.20156 -49.1522 -165.834
22 513.033 716.643 5 3.60555 -50.3954 41.4662
23 513.453 716.916 5 4.03113 -55.3699 -74.5755
24 513.872 717.188 5 4.47214 -58.9478 66.2311
25 514.291 717.46 5 4.92443 -45.8778 -79.3944
26 514.711 717.733 5 5.38516 -53.2762 20.8952
27 509.406 714.884 5 1.80278 -48.4498 -130.942
28 509.826 715.156 5 1.58114 -50.8931 112.995
29 510.245 715.429 5 1.5 -42.1152 14.5398
30 510.664 715.701 5 1.58114 -52.0364 103.869
31 511.084 715.973 5 1.80278 -43.8736 -140.184
32 511.503 716.246 5 2.12132 -42.0514 -11.8354
33 511.922 716.518 5 2.5 -57.6047 -6.32417
34 512.342 716.79 5 2.91548 -46.1726 -59.9632
35 512.761 717.063 5 3.3541 -47.3249 47.8913
36 513.18 717.335 5 3.80789 -53.071 -169.394
37 513.6 717.607 5 4.272 -50.6311 -36.8794
38 514.019 717.88 5 4.74342 -48.4579 -7.77312
39 514.438 718.152 5 5.22015 -44.4695 74.1983
40 509.134 715.303 5 1.41421 -46.7796 -144.48
41 509.553 715.576 5 1.11803 -39.8937 -13.4025
42 509.973 715.848 5 1 -38.8346 5.57712
43 510.392 716.12 5 1.11803 -39.7697 -11.0353
44 510.811 716.393 5 1.41421 -45.4223 -127.779
45 511.231 716.665 5 1.80278 -51.9829 101.189
46 511.65 716.937 5 2.23607 -53.8837 37.2827
47 512.069 717.21 5 2.69258 -43.1513 162.408
48 512.489 717.482 5 3.16228 -48.3617 -89.3939
49 512.908 717.754 5 3.64006 -46.5407 -55.6026
50 513.327 718.027 5 4.12311 -46.4578 15.4969
51 513.747 718.299 5 4.60977 -52.5047 25.9508
52 514.166 718.571 5 5.09902 -54.9536 52.7925
53 508.862 715.723 5 1.11803 -43.1939 -3.24443
54 509.281 715.995 5 0.707107 -37.5525 132.87
55 509.7 716.267 5 0.5 -33.9716 6.23121
56 510.12 716.54 5 0.707107 -38.084 131.087
57 510.539 716.812 5 1.11803 -41.9039 3.08522
58 510.958 717.084 5 1.58114 -41.8321 101.721
59 511.378 717.357 5 2.06155 -51.8818 139.258
60 511.797 717.629 5 2.54951 -45.7344 -129.748
61 512.216 717.901 5 3.04138 -49.9236 -21.7305
62 512.636 718.174 5 3.53553 -59.7295 -150.077
63 513.055 718.446 5 4.03113 -53.6052 -114.541
64 513.474 718.718 5 4.52769 -54.2096 -95.0822
65 513.894 718.991 5 5.02494 -50.1659 -111.883
66 508.589 716.142 5 1 -38.7414 -36.4055
67 509.009 716.414 5 0.5 -32.8908 5.7132
68 509.428 716.687 5 0 -42.692 42.7763
69 509.847 716.959 5 0.5 -33.1536 12.9254
70 510.267 717.231 5 1 -41.6274 -9.26023
71 510.686 717.504 5 1.5 -51.4187 7.51318
72 511.105 717.776 5 2 -42.1583 17.0694
73 511.525 718.048 5 2.5 -46.6406 10.6358
74 511.944 718.321 5 3 -53.3288 -11.89
75 512.363 718.593 5 3.5 -51.0608 -50.2431
76 512.783 718.865 5 4 -50.6439 -41.9712
77 513.202 719.138 5 4.5 -50.5621 -9.35849
78 513.621 719.41 5 5 -53.1537 -48.1078
79 510.414 717.923 5 1.58114 -44.95 160.545
80 510.833 718.195 5 2.06155 -42.3651 -158.312
81 511.672 718.74 5 3.04138 -56.2584 -111.22
82 512.091 719.012 5 3.53553 -54.478 -28.7416
83 512.51 719.285 5 4.03113 -60.3397 -43.8771
84 512.93 719.557 5 4.52769 -56.0535 -17.3716
85 513.349 719.829 5 5.02494 -56.6748 -13.2574
86 510.141 718.342 5 1.80278 -55.5234 -94.3255
87 510.561 718.615 5 2.23607 -58.1799 -95.0876
88 511.399 719.159 5 3.16228 -67.6666 -59.1196
89 511.819 719.432 5 3.64006 -50.3391 -164.788
90 512.238 719.704 5 4.12311 -48.496 -106.167
91 512.657 719.976 5 4.60977 -55.5402 -105.641
92 513.077 720.249 5 5.09902 -68.1237 -46.7638
93 509.869 718.762 5 2.12132 -54.3821 80.2652
94 510.288 719.034 5 2.5 -51.7813 -27.017
95 511.127 719.579 5 3.3541 -59.5484 -170.738
96 511.546 719.851 5 3.80789 -55.3002 -170.916
97 511.966 720.123 5 4.272 -56.4841 59.6388
98 512.385 720.396 5 4.74342 -55.6737 115.928
99 512.804 720.668 5 5.22015 -79.0772 61.4447
100 509.597 719.181 5 2.5 -67.0116 -69.2062
101 510.016 719.453 5 2.82843 -57.0542 -3.32195
102 509.324 719.6 5 2.91548 -62.9178 165.459
103 509.744 719.873 5 3.20156 -54.8582 4.88287
104 509.052 720.02 5 3.3541 -68.4273 -55.5315
105 509.471 720.292 5 3.60555 -55.2205 42.4728
