1 509.951 714.045 5 2.06155 -46.6716 -148.786
2 510.37 714.318 5 2 -43.2528 -2.40831
3 510.79 714.59 5 2.06155 -47.8579 -151.811
4 511.209 714.862 5 2.23607 -47.0173 26.5831
5 511.628 715.135 5 2.5 -45.9412 31.9993
6 512.048 715.407 5 2.82843 -43.8181 138.814
7 512.467 715.679 5 3.20156 -43.6445 169.85
8 512.886 715.952 5 3.60555 -46.4854 41.6131
9 513.306 716.224 5 4.03113 -51.6902 -121.561
10 513.725 716.496 5 4.47214 -46.7503 61.6807
11 514.144 716.769 5 4.92443 -56.3933 -57.0113
12 514.564 717.041 5 5.38516 -50.0516 66.6601
13 514.983 717.313 5 5.85235 -46.1528 -165.041
14 509.679 714.465 5 1.58114 -44.8661 79.531
15 510.098 714.737 5 1.5 -40.7881 25.827
16 510.517 715.009 5 1.58114 -47.8972 110.296
17 510.937 715.282 5 1.80278 -49.8211 -118.499
18 511.356 715.554 5 2.12132 -49.0762 -17.1855
19 511.775 715.826 5 2.5 -43.5958 16.8754
20 512.195 716.099 5 2.91548 -46.2805 -82.3027
21 512.614 716.371 5 3.3541 -44.499 56.3
22 513.033 716.643 5 3.80789 -45.0335 144.022
23 513.453 716.916 5 4.272 -48.6626 -162.801
24 513.872 717.188 5 4.74342 -51.2218 113.057
25 514.291 717.46 5 5.22015 -45.7467 57.9332
26 514.711 717.733 5 5.70088 -60.8561 -140.54
27 509.406 714.884 5 1.11803 -43.1482 4.19851
28 509.826 715.156 5 1 -37.993 1.38496
29 510.245 715.429 5 1.11803 -42.1605 5.30758
30 510.664 715.701 5 1.41421 -40.6711 -100.956
31 511.084 715.973 5 1.80278 -45.904 -135.24
32 511.503 716.246 5 2.23607 -44.6657 58.168
33 511.922 716.518 5 2.69258 -50.0623 161.576
34 512.342 716.79 5 3.16228 -49.7408 -130.622
35 512.761 717.063 5 3.64006 -54.5936 -24.085
36 513.18 717.335 5 4.12311 -48.7087 -19.0712
37 513.6 717.607 5 4.60977 -50.0366 -28.647
38 514.019 717.88 5 5.09902 -45.922 15.776
39 514.438 718.152 5 5.59017 -63.5076 -89.6661
40 509.134 715.303 5 0.707107 -38.6015 126.703
41 509.553 715.576 5 0.5 -33.3866 10.6025
42 509.973 715.848 5 0.707107 -37.8174 115.11
43 510.392 716.12 5 1.11803 -42.2411 -0.503304
44 510.811 716.393 5 1.58114 -51.5103 95.7338
45 511.231 716.665 5 2.06155 -40.7236 -158.711
46 511.65 716.937 5 2.54951 -44.8097 -99.523
47 512.069 717.21 5 3.04138 -49.1129 -95.9121
48 512.489 717.482 5 3.53553 -45.9291 -120.042
49 512.908 717.754 5 4.03113 -52.5097 -118.843
50 513.327 718.027 5 4.52769 -50.8028 -79.9566
51 513.747 718.299 5 5.02494 -69.9473 -132.594
52 514.166 718.571 5 5.52268 -54.0796 107.679
53 508.862 715.723 5 0.5 -33.4753 -19.4314
54 509.281 715.995 5 0 -47.7827 132.117
55 509.7 716.267 5 0.5 -33.1833 -6.42576
56 510.12 716.54 5 1 -39.4552 13.8569
57 510.539 716.812 5 1.5 -39.3645 15.9124
58 510.958 717.084 5 2 -45.8229 -7.68483
59 511.378 717.357 5 2.5 -51.3933 63.9594
60 511.797 717.629 5 3 -52.529 22.3926
61 512.216 717.901 5 3.5 -48.7706 -46.2945
62 512.636 718.174 5 4 -47.7556 -13.0134
63 513.055 718.446 5 4.5 -47.2012 12.1564
64 513.474 718.718 5 5 -57.3387 3.56808
65 513.894 718.991 5 5.5 -80.3885 -150.184
66 508.589 716.142 5 0.707107 -38.5405 136.007
67 509.009 716.414 5 0.5 -33.1345 4.84814
68 509.428 716.687 5 0.707107 -38.1052 130.688
69 509.847 716.959 5 1.11803 -41.9362 -0.71592
70 510.267 717.231 5 1.58114 -42.7621 104.062
71 510.686 717.504 5 2.06155 -54.1533 169.795
72 511.105 717.776 5 2.54951 -44.8484 -127.116
73 511.525 718.048 5 3.04138 -50.9107 -76.8619
74 511.944 718.321 5 3.53553 -51.596 -44.6063
75 512.363 718.593 5 4.03113 -52.7843 -68.15
76 512.783 718.865 5 4.52769 -52.4531 -46.3555
77 513.202 719.138 5 5.02494 -60.7416 -32.932
78 513.621 719.41 5 5.52268 -51.3247 -67.7767
79 510.414 717.923 5 2.23607 -43.5671 55.4062
80 510.833 718.195 5 2.69258 -47.4566 115.388
81 511.672 718.74 5 3.64006 -57.2721 -110.088
82 512.091 719.012 5 4.12311 -51.9151 -27.738
83 512.51 719.285 5 4.60977 -51.6755 51.119
84 512.93 719.557 5 5.09902 -51.1594 79.1358
85 513.349 719.829 5 5.59017 -56.579 134.46
86 510.141 718.342 5 2.5 -50.1558 -108.226
87 510.561 718.615 5 2.91548 -49.6716 -172.794
88 511.399 719.159 5 3.80789 -51.7723 40.0394
89 511.819 719.432 5 4.272 -51.2767 99.5379
90 512.238 719.704 5 4.74342 -55.4576 -83.2362
91 512.657 719.976 5 5.22015 -59.1305 -2.17859
92 513.077 720.249 5 5.70088 -55.9853 -62.9041
93 509.869 718.762 5 2.82843 -55.5295 74.6594
94 510.288 719.034 5 3.20156 -49.0021 -160.003
95 511.127 719.579 5 4.03113 -71.1655 -3.19347
96 511.546 719.851 5 4.47214 -48.8979 164.331
97 511.966 720.123 5 4.92443 -54.4039 -116.74
98 512.385 720.396 5 5.38517 -60.614 174.07
99 512.804 720.668 5 5.85235 -59.243 163.3
100 509.597 719.181 5 3.20156 -61.2427 32.6936
101 510.016 719.453 5 3.53553 -54.4345 -64.1559
102 509.324 719.6 5 3.60555 -65.2468 -92.3457
103 509.744 719.873 5 3.90513 -61.2937 -133.44
104 509.052 720.02 5 4.03113 -57.7555 18.4971
105 509.471 720.292 5 4.30116 -59.0965 -108.622
