1 514.644 719.84 5 2.20457 -66.328 -114.8
2 514.371 720.259 5 2.0999 -51.5545 -95.7721
3 514.097 720.678 5 2.11164 -55.2753 -56.3449
4 513.824 721.096 5 2.23797 -61.8069 -111.668
5 513.551 721.515 5 2.46129 -58.2653 -90.3941
6 513.278 721.934 5 2.75815 -78.0023 -11.5927
7 513.004 722.353 5 3.10755 -69.3872 -80.4984
8 512.731 722.771 5 3.49375 -65.28 -29.1569
9 512.458 723.19 5 3.90586 -84.8351 -22.3759
10 512.185 723.609 5 4.3365 -82.0025 79.0901
11 515.063 720.113 5 2.68336 -59.0222 -35.7107
12 514.789 720.532 5 2.59805 -55.6582 -17.7984
13 514.516 720.951 5 2.60755 -53.2408 -14.5878
14 514.243 721.37 5 2.71087 -52.1238 -40.2308
15 513.97 721.788 5 2.89797 -70.4012 102.654
16 513.696 722.207 5 3.154 -69.1448 -137.722
17 513.423 722.626 5 3.46369 -68.1961 25.2391
18 513.15 723.045 5 3.814 -74.1736 -11.5371
19 512.877 723.463 5 4.19477 -76.2444 -59.3171
20 512.603 723.882 5 4.59842 -86.1072 -113.808
21 515.481 720.387 5 3.16871 -48.9166 60.6847
22 515.208 720.805 5 3.0968 -48.6134 -51.5952
23 514.935 721.224 5 3.10478 -58.4253 -122.321
24 514.662 721.643 5 3.19204 -54.0401 26.0869
25 514.388 722.062 5 3.35239 -70.3031 -147.216
26 514.115 722.48 5 3.57603 -67.3635 -141.18
27 513.842 722.899 5 3.85194 -68.5325 77.8225
28 513.568 723.318 5 4.16976 -71.7597 -33.2473
29 513.295 723.737 5 4.52066 -65.193 43.1978
30 513.022 724.155 5 4.89753 -81.5846 33.0373
31 515.9 720.66 5 3.65801 -62.8485 142.042
32 515.627 721.079 5 3.5959 -58.6734 -72.5768
33 515.353 721.497 5 3.60277 -76.6067 7.13791
34 515.08 721.916 5 3.67823 -53.6887 111.501
35 514.807 722.335 5 3.81823 -53.6368 -22.4192
36 514.534 722.754 5 4.01601 -72.3713 -171.363
37 514.26 723.172 5 4.26354 -69.9019 -160.093
38 513.987 723.591 5 4.55271 -70.6822 1.35032
39 516.319 720.933 5 4.14986 -56.3299 -172.049
40 516.045 721.352 5 4.09522 -64.1636 -50.2113
41 515.772 721.771 5 4.10125 -63.6869 -9.92742
42 515.499 722.189 5 4.1677 -55.0703 130.759
43 515.226 722.608 5 4.29175 -71.7306 70.6854
44 514.952 723.027 5 4.46862 -66.2713 -176.793
45 514.679 723.446 5 4.69234 -81.9349 -74.5686
46 514.406 723.864 5 4.95656 -104.476 159.226
47 516.737 721.206 5 4.64345 -52.1994 163.635
48 516.464 721.625 5 4.59468 -62.2609 -42.152
49 516.191 722.044 5 4.60006 -63.1323 -98.4721
50 515.918 722.463 5 4.6594 -63.1392 111.795
51 515.644 722.881 5 4.77069 -54.2265 141.008
52 515.371 723.3 5 4.93041 -58.4364 68.3988
53 515.098 723.719 5 5.13404 -71.2522 -26.4863
54 514.825 724.138 5 5.3766 -128.465 2.27098
55 517.156 721.48 5 5.13828 -54.8419 171.573
56 516.883 721.898 5 5.09425 -58.1098 -27.7601
57 516.61 722.317 5 5.0991 -53.5787 -87.3864
58 516.336 722.736 5 5.1527 -52.8291 134.304
59 516.063 723.155 5 5.25355 -62.031 -132.745
60 515.79 723.573 5 5.399 -52.7982 157.832
61 515.517 723.992 5 5.58558 -65.7597 -142.432
62 515.243 724.411 5 5.80931 -112.963 53.7759
63 517.575 721.753 5 5.63403 -60.7745 91.992
64 517.302 722.172 5 5.5939 -62.0034 38.1745
65 517.028 722.59 5 5.59832 -61.9147 -21.2625
66 516.755 723.009 5 5.64718 -62.5929 161.474
67 516.482 723.428 5 5.73934 -58.9904 -81.5599
68 516.209 723.847 5 5.87278 -66.1532 165.121
69 515.935 724.265 5 6.04475 -63.2165 -37.7328
70 515.662 724.684 5 6.25207 -74.4609 25.6528
71 517.994 722.026 5 6.13046 -68.5041 -178.599
72 517.72 722.445 5 6.0936 -62.9515 -48.6239
73 517.447 722.864 5 6.09766 -59.5188 -29.0738
74 517.174 723.282 5 6.14255 -54.8571 -153.695
75 516.901 723.701 5 6.22739 -64.5337 -86.724
76 516.627 724.12 5 6.35058 -57.6972 -70.0693
77 516.354 724.539 5 6.50994 -53.7096 100.518
78 516.081 724.957 5 6.70289 -63.919 54.8959
