1 505.473 717.831 5 6.72278 -77.0037 90.1792
2 505.747 717.412 5 6.54318 -79.4248 21.5629
3 506.02 716.994 5 6.3977 -75.1825 110.708
4 506.294 716.575 5 6.28871 -79.6036 -28.7819
5 506.567 716.157 5 6.21814 -66.9547 -96.7568
6 505.891 718.104 5 6.26577 -67.9516 138.6
7 506.165 717.686 5 6.07267 -75.0371 -71.3
8 506.439 717.267 5 5.91563 -71.9848 54.2199
9 506.712 716.849 5 5.79759 -69.9595 -118.158
10 506.986 716.43 5 5.72096 -73.8065 80.9897
11 506.31 718.378 5 5.81584 -79.2662 125.074
12 506.584 717.96 5 5.60726 -76.1931 2.59887
13 506.857 717.541 5 5.4368 -69.3601 58.505
14 507.131 717.123 5 5.30812 -78.036 -169.955
15 507.404 716.704 5 5.22432 -62.6489 -129.021
16 506.728 718.652 5 5.37477 -71.2632 53.08
17 507.002 718.233 5 5.14835 -73.9733 162.338
18 507.276 717.815 5 4.96215 -86.1627 112.454
19 507.549 717.396 5 4.82082 -65.3395 108.653
20 507.823 716.978 5 4.72839 -63.6781 121.661
21 507.147 718.925 5 4.94492 -67.251 8.59022
22 507.421 718.507 5 4.69783 -66.8367 -118.637
23 507.694 718.088 5 4.493 -61.198 -23.887
24 507.968 717.67 5 4.3364 -67.119 -80.1247
25 508.241 717.251 5 4.23341 -70.6439 126.388
26 507.565 719.199 5 4.5295 -70.9061 161.26
27 507.839 718.78 5 4.25838 -63.9113 -148.297
28 508.113 718.362 5 4.03127 -73.8552 -166.51
29 508.386 717.943 5 3.85597 -68.0455 -155.246
30 508.66 717.525 5 3.73977 -70.2188 14.4932
31 507.984 719.472 5 4.13286 -62.0674 75.1919
32 508.258 719.054 5 3.83378 -80.2034 52.0591
33 508.531 718.635 5 3.57984 -77.3217 -20.9559
34 508.805 718.217 5 3.38122 -77.8856 -52.3076
35 509.078 717.798 5 3.24808 -72.3489 -96.6288
36 508.402 719.746 5 3.76094 -60.4958 77.644
37 508.676 719.328 5 3.42958 -64.939 -131.366
38 508.95 718.909 5 3.14315 -74.1902 -48.1231
39 509.223 718.491 5 2.91492 -71.1916 149.948
40 509.497 718.072 5 2.75937 -76.9702 172.518
