1 505.473 717.831 5 7.65321 -68.5 16.922
2 505.747 717.412 5 7.32738 -66.7317 169.143
3 506.02 716.994 5 7.02207 -67.9567 -98.0163
4 506.294 716.575 5 6.74006 -68.9354 33.8569
5 506.567 716.157 5 6.48438 -73.239 5.44334
6 505.891 718.104 5 7.28995 -66.5544 21.5313
7 506.165 717.686 5 6.9471 -67.4917 -68.2855
8 506.439 717.267 5 6.62428 -67.2228 32.1114
9 506.712 716.849 5 6.32456 -61.7336 135.232
10 506.986 716.43 5 6.05136 -64.901 161.929
11 506.31 718.378 5 6.9437 -66.1711 -82.0595
12 506.584 717.96 5 6.58285 -64.8867 -105.824
13 506.857 717.541 5 6.24122 -67.4038 138.31
14 507.131 717.123 5 5.92214 -64.0461 -80.1968
15 507.404 716.704 5 5.62944 -63.4391 -24.5635
16 506.728 718.652 5 6.61715 -69.2615 158.372
17 507.002 718.233 5 6.23743 -70.608 -178.883
18 507.276 717.815 5 5.87575 -60.5651 147.067
19 507.549 717.396 5 5.53565 -64.5553 40.285
20 507.823 716.978 5 5.22133 -61.7049 124.518
21 507.147 718.925 5 6.31335 -70.6112 -178.302
22 507.421 718.507 5 5.91416 -73.6938 -12.2989
23 507.694 718.088 5 5.53138 -76.2645 1.47788
24 507.968 717.67 5 5.16866 -56.5878 9.69981
25 508.241 717.251 5 4.83052 -64.6317 -125.859
26 507.565 719.199 5 6.03573 -73.9815 -121.104
27 507.839 718.78 5 5.61684 -81.5963 -143.349
28 508.113 718.362 5 5.21228 -72.5345 -134.092
29 508.386 717.943 5 4.82563 -77.1665 -24.8294
30 508.66 717.525 5 4.46157 -56.0822 -115.493
31 507.984 719.472 5 5.78807 -70.9061 123.001
32 508.258 719.054 5 5.34982 -64.6166 146.135
33 508.531 718.635 5 4.92336 -67.7031 117.163
34 508.805 718.217 5 4.51203 -71.503 -103.21
35 509.078 717.798 5 4.12035 -75.303 127.84
36 508.402 719.746 5 5.57435 -77.6964 -100.61
37 508.676 719.328 5 5.11784 -62.337 -106.384
38 508.95 718.909 5 4.67024 -63.3321 -11.7237
39 509.223 718.491 5 4.23439 -63.2969 32.5592
40 509.497 718.072 5 3.81431 -64.225 107.165
