1 505.473 717.831 5 4.50745 -61.8866 159.763
2 505.747 717.412 5 4.11643 -62.1641 161.095
3 506.02 716.994 5 3.7514 -56.764 131.566
4 506.294 716.575 5 3.42066 -79.8277 102.96
5 506.567 716.157 5 3.1351 -68.7342 -149.527
6 505.891 718.104 5 4.22897 -55.7846 -78.6328
7 506.165 717.686 5 3.80948 -54.2077 1.60334
8 506.439 717.267 5 3.41176 -58.2868 92.2507
9 506.712 716.849 5 3.04435 -60.2356 -13.3362
10 506.986 716.43 5 2.71956 -64.0215 88.9669
11 506.31 718.378 5 3.99391 -59.2773 -134.626
12 506.584 717.96 5 3.54673 -62.1299 107.952
13 506.857 717.541 5 3.11564 -55.334 -137.611
14 507.131 717.123 5 2.70835 -55.2015 -43.3344
15 507.404 716.704 5 2.33733 -61.4589 -120.921
16 506.728 718.652 5 3.81031 -55.2262 153.062
17 507.002 718.233 5 3.33863 -62.0581 61.9978
18 507.276 717.815 5 2.87652 -62.8374 -135.552
19 507.549 717.396 5 2.42947 -51.9868 75.3686
20 507.823 716.978 5 2.00755 -51.8135 146.396
21 507.147 718.925 5 3.68587 -56.6225 -162.562
22 507.421 718.507 5 3.19586 -59.0614 -133.809
23 507.694 718.088 5 2.70952 -68.9101 -108.435
24 507.968 717.67 5 2.22922 -52.7441 -64.0821
25 508.241 717.251 5 1.75994 -50.536 -124.217
26 507.565 719.199 5 3.62667 -49.1721 -27.7575
27 507.839 718.78 5 3.12741 -46.5596 -31.5169
28 508.113 718.362 5 2.62843 -46.2341 -32.9986
29 508.386 717.943 5 2.12992 -45.8073 -37.3455
30 508.66 717.525 5 1.63233 -45.8959 -40.5371
31 507.984 719.472 5 3.63591 -48.3804 -44.5291
32 508.258 719.054 5 3.13812 -49.3342 -36.4753
33 508.531 718.635 5 2.64116 -46.9181 -41.7191
34 508.805 718.217 5 2.14562 -47.6889 -54.9498
35 509.078 717.798 5 1.65277 -47.6643 -81.2598
36 508.402 719.746 5 3.71308 -57.4421 27.1729
37 508.676 719.328 5 3.22722 -84.9168 -133.385
38 508.95 718.909 5 2.74643 -69.6089 -16.432
39 509.223 718.491 5 2.27394 -72.2977 -78.5412
40 509.497 718.072 5 1.81625 -77.8708 78.0721
