1 505.473 717.831 5 5.91038 -61.7853 41.0508
2 505.747 717.412 5 5.52788 -59.6981 91.8766
3 506.02 716.994 5 5.1655 -60.4639 21.192
4 506.294 716.575 5 4.82777 -65.2188 -133.564
5 506.567 716.157 5 4.52021 -62.7635 -100.024
6 505.891 718.104 5 5.61273 -57.9649 -98.5873
7 506.165 717.686 5 5.20842 -66.7516 -68.0311
8 506.439 717.267 5 4.82209 -55.9451 -60.308
9 506.712 716.849 5 4.45842 -63.3484 -117.184
10 506.986 716.43 5 4.1234 -64.2155 117.68
11 506.31 718.378 5 5.34536 -57.2178 -66.6493
12 506.584 717.96 5 4.91912 -56.5741 48.9686
13 506.857 717.541 5 4.50807 -59.3228 168.866
14 507.131 717.123 5 4.11675 -60.3836 -179.534
15 507.404 716.704 5 3.75134 -56.4797 113.942
16 506.728 718.652 5 5.11302 -60.3186 -142.677
17 507.002 718.233 5 4.66561 -62.737 71.0486
18 507.276 717.815 5 4.23 -57.0189 -66.86
19 507.549 717.396 5 3.81022 -55.7319 17.2542
20 507.823 716.978 5 3.41214 -57.1262 73.4987
21 507.147 718.925 5 4.92069 -59.9722 140.149
22 507.421 718.507 5 4.454 -59.3708 51.3493
23 507.694 718.088 5 3.99538 -68.5009 -178.999
24 507.968 717.67 5 3.54795 -55.8626 55.3386
25 508.241 717.251 5 3.11655 -58.9888 -86.7739
26 507.565 719.199 5 4.77319 -64.2892 -28.2354
27 507.839 718.78 5 4.29048 -64.6883 -132.383
28 508.113 718.362 5 3.81224 -62.1821 129.632
29 508.386 717.943 5 3.34038 -57.2902 -12.1518
30 508.66 717.525 5 2.87803 -55.0268 -102.26
31 507.984 719.472 5 4.67477 -61.0334 70.996
32 508.258 719.054 5 4.18072 -64.5952 129.639
33 508.531 718.635 5 3.68827 -61.5598 64.759
34 508.805 718.217 5 3.19817 -62.8559 128.062
35 509.078 717.798 5 2.71168 -57.7279 107.601
36 508.402 719.746 5 4.62857 -62.0079 -54.8284
37 508.676 719.328 5 4.12899 -66.2896 -66.7581
38 508.95 718.909 5 3.62953 -81.988 -30.0975
39 509.223 718.491 5 3.13024 -69.5371 -58.2674
40 509.497 718.072 5 2.63122 -80.9093 -158.037
