1 514.644 719.84 5 3.11197 -64.0279 -140.119
2 514.371 720.259 5 3.49769 -67.494 4.25297
3 514.097 720.678 5 3.90938 -67.6296 -10.3465
4 513.824 721.096 5 4.33967 -83.5054 -99.0504
5 513.551 721.515 5 4.78353 -64.9431 10.2262
6 513.278 721.934 5 5.23752 -75.8157 11.9525
7 513.004 722.353 5 5.69921 -80.4787 -78.3109
8 512.731 722.771 5 6.16689 -65.2389 -3.11117
9 512.458 723.19 5 6.63927 -89.6563 -27.1513
10 512.185 723.609 5 7.11543 -82.3185 53.1876
11 515.063 720.113 5 3.46861 -58.4905 -146.604
12 514.789 720.532 5 3.81847 -58.547 119.595
13 514.516 720.951 5 4.19883 -72.1021 -28.201
14 514.243 721.37 5 4.60213 -69.8595 44.085
15 513.97 721.788 5 5.02285 -75.218 74.1931
16 513.696 722.207 5 5.45697 -75.4055 -147.103
17 513.423 722.626 5 5.90152 -71.3548 -2.7281
18 513.15 723.045 5 6.35432 -90.1051 16.3483
19 512.877 723.463 5 6.81372 -77.3159 166.46
20 512.603 723.882 5 7.27848 -83.9428 -0.2881
21 515.481 720.387 5 3.85722 -73.7986 21.3267
22 515.208 720.805 5 4.17464 -60.4585 -12.434
23 514.935 721.224 5 4.52516 -69.6288 -64.5704
24 514.662 721.643 5 4.90168 -59.9001 110.497
25 514.388 722.062 5 5.29867 -70.6637 -69.9354
26 514.115 722.48 5 5.71186 -73.2671 -115.17
27 513.842 722.899 5 6.13798 -79.7174 45.0469
28 513.568 723.318 5 6.57452 -72.1435 -36.3563
29 513.295 723.737 5 7.01952 -83.4993 -151.313
30 513.022 724.155 5 7.47149 -75.3179 89.3381
31 515.9 720.66 5 4.26908 -59.3725 -7.90655
32 515.627 721.079 5 4.5579 -67.4379 12.9825
33 515.353 721.497 5 4.88098 -61.8492 130.056
34 515.08 721.916 5 5.23196 -60.8274 58.0894
35 514.807 722.335 5 5.60561 -70.4692 -2.57396
36 514.534 722.754 5 5.99769 -73.0695 -76.189
37 514.26 723.172 5 6.40482 -86.4933 -73.5378
38 513.987 723.591 5 6.82431 -92.6154 -13.285
39 516.319 720.933 5 4.69808 -55.8599 -94.9685
40 516.045 721.352 5 4.96199 -64.3265 171.807
41 515.772 721.771 5 5.2603 -62.6919 155.461
42 515.499 722.189 5 5.58751 -83.9374 -139.318
43 515.226 722.608 5 5.93883 -68.0551 -175.545
44 514.952 723.027 5 6.31024 -77.0874 179.452
45 514.679 723.446 5 6.6984 -80.165 4.15429
46 514.406 723.864 5 7.10057 -100.025 -85.8608
47 516.737 721.206 5 5.13992 -66.4176 137.661
48 516.464 721.625 5 5.38222 -57.3393 75.3679
49 516.191 722.044 5 5.65842 -60.5786 -139.037
50 515.918 722.463 5 5.96382 -61.6678 -103.242
51 515.644 722.881 5 6.29417 -74.7125 -53.7225
52 515.371 723.3 5 6.64575 -65.935 -46.585
53 515.098 723.719 5 7.01537 -68.9637 -126.918
54 514.825 724.138 5 7.40033 -117.174 148.271
55 517.156 721.48 5 5.59157 -71.1472 -57.3392
56 516.883 721.898 5 5.81508 -56.734 -82.822
57 516.61 722.317 5 6.07162 -60.1717 -175.466
58 516.336 722.736 5 6.3572 -70.0417 -28.2696
59 516.063 723.155 5 6.66809 -63.4076 53.59
60 515.79 723.573 5 7.00092 -66.9913 143.642
61 515.517 723.992 5 7.35271 -63.4153 81.3486
62 515.243 724.411 5 7.72087 -113.044 -151.728
63 517.575 721.753 5 6.05083 -78.7646 -98.6156
64 517.302 722.172 5 6.25796 -69.8144 77.7508
65 517.028 722.59 5 6.49703 -59.1607 103.979
66 516.755 723.009 5 6.76468 -64.2747 -21.7428
67 516.482 723.428 5 7.05764 -76.7437 -168.143
68 516.209 723.847 5 7.37291 -65.9583 152.319
69 515.935 724.265 5 7.70774 -67.9877 -110.005
70 515.662 724.684 5 8.0597 -67.4189 -157.602
71 517.994 722.026 5 6.51609 -72.2217 -50.3963
72 517.72 722.445 5 6.70887 -65.8055 -88.3206
73 517.447 722.864 5 6.93241 -58.4717 -77.4426
74 517.174 723.282 5 7.18386 -65.7275 -143.721
75 516.901 723.701 5 7.46038 -65.3711 -174.154
76 516.627 724.12 5 7.7593 -70.7986 115.724
77 516.354 724.539 5 8.07813 -65.7276 -85.2386
78 516.081 724.957 5 8.4146 -65.9997 7.36027
