1 514.644 719.84 5 1.13338 -56.6179 129.741
2 514.371 720.259 5 1.35506 -65.3252 91.8988
3 514.097 720.678 5 1.69936 -58.1674 -4.05572
4 513.824 721.096 5 2.10701 -58.4589 -99.6026
5 513.551 721.515 5 2.54777 -66.0189 -100.212
6 513.278 721.934 5 3.00712 -70.9433 -4.853
7 513.004 722.353 5 3.4777 -69.319 138.88
8 512.731 722.771 5 3.95551 -75.5516 67.1553
9 512.458 723.19 5 4.43821 -80.6431 -140.305
10 512.185 723.609 5 4.92436 -94.0005 124.099
11 515.063 720.113 5 1.62082 -43.4825 -4.02504
12 514.789 720.532 5 1.78289 -60.3787 83.1892
13 514.516 720.951 5 2.05678 -61.708 -117.157
14 514.243 721.37 5 2.40457 -60.1164 -176.318
15 513.97 721.788 5 2.79886 -58.8724 -51.0237
16 513.696 722.207 5 3.22262 -70.3648 172.196
17 513.423 722.626 5 3.66564 -73.6014 102.235
18 513.15 723.045 5 4.12172 -63.6063 -0.837699
19 512.877 723.463 5 4.58696 -69.0996 124.483
20 512.603 723.882 5 5.05884 -77.8167 -82.2554
21 515.481 720.387 5 2.11413 -67.7643 110.201
22 515.208 720.805 5 2.2408 -50.1568 153.846
23 514.935 721.224 5 2.46431 -71.4896 -97.3225
24 514.662 721.643 5 2.76125 -60.8684 105.206
25 514.388 722.062 5 3.11065 -61.2396 -127.313
26 514.115 722.48 5 3.49682 -64.2991 -44.7525
27 513.842 722.899 5 3.90889 -59.8839 36.217
28 513.568 723.318 5 4.33948 -68.5738 139.845
29 513.295 723.737 5 4.78359 -67.8132 142.286
30 513.022 724.155 5 5.23778 -73.1406 19.5463
31 515.9 720.66 5 2.60999 -51.4835 81.0725
32 515.627 721.079 5 2.71361 -49.4205 -0.522751
33 515.353 721.497 5 2.90092 -55.6258 -117.147
34 515.08 721.916 5 3.15705 -62.9277 -92.3912
35 514.807 722.335 5 3.46679 -63.1691 -58.0603
36 514.534 722.754 5 3.8171 -65.1053 70.3473
37 514.26 723.172 5 4.19785 -90.7002 -84.3347
38 513.987 723.591 5 4.60147 -71.8786 37.1125
39 516.319 720.933 5 3.10718 -56.8865 -179.285
40 516.045 721.352 5 3.19471 -51.8685 139.33
41 515.772 721.771 5 3.35527 -63.8433 160.886
42 515.499 722.189 5 3.57903 -54.3379 31.8878
43 515.226 722.608 5 3.85501 -68.248 154.76
44 514.952 723.027 5 4.17286 -64.9832 73.0601
45 514.679 723.446 5 4.52376 -64.9665 117.311
46 514.406 723.864 5 4.90062 -103.922 80.2261
47 516.737 721.206 5 3.60514 -57.8618 -59.8731
48 516.464 721.625 5 3.68085 -59.6647 76.8836
49 516.191 722.044 5 3.82104 -47.2277 26.7324
50 515.918 722.463 5 4.01895 -63.0803 32.1042
51 515.644 722.881 5 4.26657 -59.1367 144.305
52 515.371 723.3 5 4.55579 -69.429 -47.302
53 515.098 723.719 5 4.87923 -65.2634 133.961
54 514.825 724.138 5 5.23054 -132.685 -40.8244
55 517.156 721.48 5 4.1036 -67.4737 -94.7244
56 516.883 721.898 5 4.17027 -60.8195 -85.3652
57 516.61 722.317 5 4.29451 -53.2593 179.66
58 516.336 722.736 5 4.47152 -70.0903 162.073
59 516.063 723.155 5 4.69533 -63.6605 138.303
60 515.79 723.573 5 4.95961 -63.2039 -119.829
61 515.517 723.992 5 5.25827 -67.2595 166.853
62 515.243 724.411 5 5.58579 -138.675 -153.166
63 517.575 721.753 5 4.60239 -68.659 -21.8081
64 517.302 722.172 5 4.66194 -61.6752 -13.3905
65 517.028 722.59 5 4.7734 -61.1494 173.422
66 516.755 723.009 5 4.93325 -48.9003 46.2709
67 516.482 723.428 5 5.13698 -61.5027 -119.538
68 516.209 723.847 5 5.37962 -62.2495 -59.2575
69 515.935 724.265 5 5.65614 -61.829 11.7507
70 515.662 724.684 5 5.96184 -79.4557 155.282
71 517.994 722.026 5 5.10142 -64.6302 86.6061
72 517.72 722.445 5 5.15521 -62.3579 -6.59268
73 517.447 722.864 5 5.25622 -76.096 145.491
74 517.174 723.282 5 5.4018 -60.293 175.53
75 516.901 723.701 5 5.58848 -56.5287 -131.427
76 516.627 724.12 5 5.81229 -67.1227 149.751
77 516.354 724.539 5 6.06914 -62.5348 86.3733
78 516.081 724.957 5 6.355 -56.3378 131.922
