1 505.473 717.831 5 6.74388 -73.7748 49.1579
2 505.747 717.412 5 6.48835 -65.5499 -112.176
3 506.02 716.994 5 6.2624 -72.3822 -53.6943
4 506.294 716.575 5 6.06931 -75.6229 -72.2583
5 506.567 716.157 5 5.91231 -73.5616 14.5477
6 505.891 718.104 5 6.32827 -88.4356 -113.127
7 506.165 717.686 5 6.05524 -69.4014 -127.626
8 506.439 717.267 5 5.81247 -63.3111 51.4538
9 506.712 716.849 5 5.6039 -69.4039 141.118
10 506.986 716.43 5 5.43347 -77.4976 52.6327
11 506.31 718.378 5 5.92572 -74.3596 40.1049
12 506.584 717.96 5 5.63321 -79.815 12.9919
13 506.857 717.541 5 5.3714 -74.6597 -147.404
14 507.131 717.123 5 5.14498 -68.8621 -112.059
15 507.404 716.704 5 4.9588 -71.6238 -117.452
16 506.728 718.652 5 5.53907 -69.8168 -2.90238
17 507.002 718.233 5 5.22496 -78.7622 -25.3661
18 507.276 717.815 5 4.94156 -66.7976 99.6847
19 507.549 717.396 5 4.69446 -63.8133 1.50423
20 507.823 716.978 5 4.48964 -65.4253 116.677
21 507.147 718.925 5 5.17189 -67.4877 -80.2355
22 507.421 718.507 5 4.83398 -72.1284 -99.226
23 507.694 718.088 5 4.52617 -67.6702 -69.1741
24 507.968 717.67 5 4.25501 -79.3238 -165.378
25 508.241 717.251 5 4.0279 -61.5133 168.906
26 507.565 719.199 5 4.82862 -84.4498 89.4108
27 507.839 718.78 5 4.4648 -65.6922 76.6762
28 508.113 718.362 5 4.12957 -80.3831 -157.426
29 508.386 717.943 5 3.83043 -73.642 -56.5389
30 508.66 717.525 5 3.57647 -63.6958 4.77577
31 507.984 719.472 5 4.51472 -70.3791 -8.32693
32 508.258 719.054 5 4.1233 -72.7402 -89.3934
33 508.531 718.635 5 3.75772 -74.6818 -119.769
34 508.805 718.217 5 3.42628 -79.3598 -124.36
35 509.078 717.798 5 3.13979 -70.1293 -97.1065
36 508.402 719.746 5 4.23673 -60.3841 -129.217
37 508.676 719.328 5 3.8169 -76.9394 -20.908
38 508.95 718.909 5 3.41872 -73.7999 60.566
39 509.223 718.491 5 3.05066 -67.4641 -22.3293
40 509.497 718.072 5 2.72496 -75.3309 -41.2204
