1 505.473 717.831 5 5.37256 -73.1846 10.3131
2 505.747 717.412 5 5.14648 -74.619 -138.37
3 506.02 716.994 5 4.96066 -67.8957 -59.6073
4 506.294 716.575 5 4.81976 -80.4371 -146.304
5 506.567 716.157 5 4.72779 -70.3231 31.1891
6 505.891 718.104 5 4.94252 -69.3509 -76.5589
7 506.165 717.686 5 4.69579 -60.8969 -145.942
8 506.439 717.267 5 4.49136 -69.642 0.200444
9 506.712 716.849 5 4.33523 -72.2507 12.9949
10 506.986 716.43 5 4.23274 -71.9161 -99.7679
11 506.31 718.378 5 4.52688 -75.6517 -124.495
12 506.584 717.96 5 4.25612 -75.4364 -67.4809
13 506.857 717.541 5 4.02945 -67.1678 7.23682
14 507.131 717.123 5 3.85465 -69.1962 -133.945
15 507.404 716.704 5 3.73901 -60.3551 -23.2626
16 506.728 718.652 5 4.12998 -69.7081 -173.419
17 507.002 718.233 5 3.83127 -68.64 -179.592
18 507.276 717.815 5 3.57779 -63.6815 118.223
19 507.549 717.396 5 3.37971 -58.9768 -136.058
20 507.823 716.978 5 3.24721 -62.5872 -89.0248
21 507.147 718.925 5 3.75777 -62.7241 39.1586
22 507.421 718.507 5 3.42677 -66.9624 114.33
23 507.694 718.088 5 3.14081 -69.0598 156.96
24 507.968 717.67 5 2.91317 -67.6377 -5.14339
25 508.241 717.251 5 2.75834 -61.6309 -6.86971
26 507.565 719.199 5 3.41833 -61.9411 -4.14067
27 507.839 718.78 5 3.05072 -57.7531 -7.47804
28 508.113 718.362 5 2.72558 -62.159 -102.838
29 508.386 717.943 5 2.45981 -65.4195 -102.023
30 508.66 717.525 5 2.27433 -68.4381 -15.4846
31 507.984 719.472 5 3.12236 -62.0256 131.467
32 508.258 719.054 5 2.71496 -64.0675 -108.167
33 508.531 718.635 5 2.34369 -62.7451 -61.7849
34 508.805 718.217 5 2.0285 -72.8144 -107.682
35 509.078 717.798 5 1.79908 -63.6129 174.399
36 508.402 719.746 5 2.88327 -53.7506 150.989
37 508.676 719.328 5 2.43621 -55.0129 79.0566
38 508.95 718.909 5 2.01421 -58.2157 142.476
39 509.223 718.491 5 1.63674 -57.8885 -127.13
40 509.497 718.072 5 1.34195 -60.8645 -46.0553
