1 509.951 714.045 5 2.5 -47.1508 3.80523
2 510.37 714.318 5 2.12132 -46.1304 12.5087
3 510.79 714.59 5 1.80278 -40.584 -162.671
4 511.209 714.862 5 1.58114 -45.9199 97.1246
5 511.628 715.135 5 1.5 -39.9291 15.5661
6 512.048 715.407 5 1.58114 -44.6199 117.34
7 512.467 715.679 5 1.80278 -43.8029 -177.732
8 512.886 715.952 5 2.12132 -43.5328 -12.5337
9 513.306 716.224 5 2.5 -47.7088 24.332
10 513.725 716.496 5 2.91548 -48.324 -99.6143
11 514.144 716.769 5 3.3541 -51.0829 -25.7047
12 514.564 717.041 5 3.80789 -45.6277 -4.34151
13 514.983 717.313 5 4.272 -49.5931 -67.7782
14 509.679 714.465 5 2.23607 -47.8489 80.0702
15 510.098 714.737 5 1.80278 -50.6163 -178.34
16 510.517 715.009 5 1.41421 -41.2333 -114.815
17 510.937 715.282 5 1.11803 -41.5658 20.2862
18 511.356 715.554 5 1 -38.9454 5.73264
19 511.775 715.826 5 1.11803 -40.2942 5.54272
20 512.195 716.099 5 1.41421 -42.3035 -114.776
21 512.614 716.371 5 1.80278 -46.3385 -160.812
22 513.033 716.643 5 2.23607 -48.5637 71.5171
23 513.453 716.916 5 2.69258 -50.1257 155.395
24 513.872 717.188 5 3.16228 -48.1626 -100.123
25 514.291 717.46 5 3.64006 -48.9025 21.6378
26 514.711 717.733 5 4.12311 -52.8062 24.0755
27 509.406 714.884 5 2.06155 -54.2992 -133.633
28 509.826 715.156 5 1.58114 -46.7557 162.326
29 510.245 715.429 5 1.11803 -40.1027 6.19528
30 510.664 715.701 5 0.707107 -38.9734 111.966
31 511.084 715.973 5 0.5 -33.0831 4.58616
32 511.503 716.246 5 0.707107 -38.5851 113.796
33 511.922 716.518 5 1.11803 -40.3674 7.59914
34 512.342 716.79 5 1.58114 -47.6922 122.038
35 512.761 717.063 5 2.06155 -56.1994 -169.857
36 513.18 717.335 5 2.54951 -56.4825 -128.067
37 513.6 717.607 5 3.04138 -49.5737 -116.055
38 514.019 717.88 5 3.53553 -51.2761 -101.586
39 514.438 718.152 5 4.03113 -46.5419 -138.089
40 509.134 715.303 5 2 -42.8702 20.0914
41 509.553 715.576 5 1.5 -41.3679 -2.60719
42 509.973 715.848 5 1 -37.7603 -14.3645
43 510.392 716.12 5 0.5 -32.0042 -3.63367
44 510.811 716.393 5 0 -51.0908 69.34
45 511.231 716.665 5 0.5 -32.7162 -6.78363
46 511.65 716.937 5 1 -37.8688 0.647222
47 512.069 717.21 5 1.5 -43.0178 -1.76629
48 512.489 717.482 5 2 -44.9342 13.9774
49 512.908 717.754 5 2.5 -51.0372 -0.0162144
50 513.327 718.027 5 3 -47.6765 3.92117
51 513.747 718.299 5 3.5 -46.9664 16.8166
52 514.166 718.571 5 4 -49.1966 -27.5581
53 508.862 715.723 5 2.06155 -41.6242 -170.262
54 509.281 715.995 5 1.58114 -49.6423 85.5186
55 509.7 716.267 5 1.11803 -42.8504 -0.358233
56 510.12 716.54 5 0.707107 -39.6561 115.657
57 510.539 716.812 5 0.5 -33.6596 6.23577
58 510.958 717.084 5 0.707107 -39.3806 118.35
59 511.378 717.357 5 1.11803 -38.299 17.2049
60 511.797 717.629 5 1.58114 -42.9197 103.837
61 512.216 717.901 5 2.06155 -47.01 -169.496
62 512.636 718.174 5 2.54951 -54.1127 -127.762
63 513.055 718.446 5 3.04138 -53.3837 -106.062
64 513.474 718.718 5 3.53553 -54.9844 -70.4124
65 513.894 718.991 5 4.03113 -48.5097 -88.6728
66 508.589 716.142 5 2.23607 -52.7723 46.5451
67 509.009 716.414 5 1.80278 -53.0712 -167.256
68 509.428 716.687 5 1.41421 -45.8429 -131.645
69 509.847 716.959 5 1.11803 -41.4529 -13.5727
70 510.267 717.231 5 1 -39.6873 11.364
71 510.686 717.504 5 1.11803 -42.9412 -1.94839
72 511.105 717.776 5 1.41421 -42.7613 -112.735
73 511.525 718.048 5 1.80278 -44.1804 -174.687
74 511.944 718.321 5 2.23607 -50.2659 44.0943
75 512.363 718.593 5 2.69258 -46.043 161.913
76 512.783 718.865 5 3.16228 -45.4693 -132.817
77 513.202 719.138 5 3.64006 -51.1886 -109.434
78 513.621 719.41 5 4.12311 -55.6119 -10.1714
79 510.414 717.923 5 1.58114 -47.7597 100.067
80 510.833 718.195 5 1.80278 -47.1145 -154.648
81 511.672 718.74 5 2.5 -46.0847 26.4981
82 512.091 719.012 5 2.91548 -46.5339 -111.32
83 512.51 719.285 5 3.3541 -46.2051 19.1381
84 512.93 719.557 5 3.80789 -49.1231 178.334
85 513.349 719.829 5 4.272 -57.9633 -61.1893
86 510.141 718.342 5 2.06155 -54.9512 -133.895
87 510.561 718.615 5 2.23607 -47.6702 41.8949
88 511.399 719.159 5 2.82843 -52.4499 38.6283
89 511.819 719.432 5 3.20156 -59.8984 -139.306
90 512.238 719.704 5 3.60555 -53.2583 127.801
91 512.657 719.976 5 4.03113 -47.8927 -135.198
92 513.077 720.249 5 4.47214 -48.1806 56.2016
93 509.869 718.762 5 2.54951 -52.4039 -20.9807
94 510.288 719.034 5 2.69258 -46.4666 -164.607
95 511.127 719.579 5 3.20156 -54.4137 112.132
96 511.546 719.851 5 3.53553 -43.9023 38.438
97 511.966 720.123 5 3.90513 -54.104 -34.4243
98 512.385 720.396 5 4.30116 -57.8661 137.653
99 512.804 720.668 5 4.71699 -47.4127 -28.6818
100 509.597 719.181 5 3.04138 -51.9812 -1.51912
101 510.016 719.453 5 3.16228 -51.5108 -149.884
102 509.324 719.6 5 3.53553 -46.5065 -92.092
103 509.744 719.873 5 3.64006 -48.3309 -45.757
104 509.052 720.02 5 4.03113 -53.1648 174.315
105 509.471 720.292 5 4.12311 -48.9971 29.0892
