1 509.951 714.045 5 4 -47.6651 -41.5721
2 510.37 714.318 5 3.5 -46.1343 -48.642
3 510.79 714.59 5 3 -43.5006 -37.8737
4 511.209 714.862 5 2.5 -46.8693 -71.5442
5 511.628 715.135 5 2 -52.5704 75.5202
6 512.048 715.407 5 1.5 -39.6683 -34.5369
7 512.467 715.679 5 1 -40.5645 -19.5977
8 512.886 715.952 5 0.5 -31.8023 11.0297
9 513.306 716.224 5 0 -40.9041 -24.4295
10 513.725 716.496 5 0.5 -33.6435 1.16533
11 514.144 716.769 5 1 -40.0696 -18.4472
12 514.564 717.041 5 1.5 -47.2855 131.188
13 514.983 717.313 5 2 -43.8375 -112.141
14 509.679 714.465 5 4.03113 -48.045 -40.6158
15 510.098 714.737 5 3.53553 -44.9646 -73.7007
16 510.517 715.009 5 3.04138 -47.2871 -142.816
17 510.937 715.282 5 2.54951 -47.649 -120.744
18 511.356 715.554 5 2.06155 -49.0862 110.097
19 511.775 715.826 5 1.58114 -42.9295 109.564
20 512.195 716.099 5 1.11803 -38.6646 -5.90338
21 512.614 716.371 5 0.707107 -35.324 130.226
22 513.033 716.643 5 0.5 -31.7973 -9.52875
23 513.453 716.916 5 0.707107 -34.3239 128.527
24 513.872 717.188 5 1.11803 -39.3916 6.90105
25 514.291 717.46 5 1.58114 -42.5564 72.3092
26 514.711 717.733 5 2.06155 -55.4098 176.266
27 509.406 714.884 5 4.12311 -49.2704 -11.8419
28 509.826 715.156 5 3.64006 -45.6993 -41.6619
29 510.245 715.429 5 3.16228 -43.5998 -146.378
30 510.664 715.701 5 2.69258 -42.83 161.687
31 511.084 715.973 5 2.23607 -45.2825 46.6577
32 511.503 716.246 5 1.80278 -41.6811 -165.023
33 511.922 716.518 5 1.41421 -45.0326 -143.22
34 512.342 716.79 5 1.11803 -44.8806 28.8131
35 512.761 717.063 5 1 -38.2385 -22.1407
36 513.18 717.335 5 1.11803 -45.6384 38.1919
37 513.6 717.607 5 1.41421 -43.6806 -145.643
38 514.019 717.88 5 1.80278 -42.0303 -168.846
39 514.438 718.152 5 2.23607 -46.9316 50.5304
40 509.134 715.303 5 4.272 -57.5667 -121.715
41 509.553 715.576 5 3.80789 -48.3619 -179.783
42 509.973 715.848 5 3.3541 -46.1834 -18.8732
43 510.392 716.12 5 2.91548 -49.0027 -117.843
44 510.811 716.393 5 2.5 -46.7077 11.8571
45 511.231 716.665 5 2.12132 -43.3176 -27.2827
46 511.65 716.937 5 1.80278 -41.5246 -171.042
47 512.069 717.21 5 1.58114 -44.3839 135.717
48 512.489 717.482 5 1.5 -41.9299 -46.0188
49 512.908 717.754 5 1.58114 -41.1362 143.11
50 513.327 718.027 5 1.80278 -42.1149 -175.337
51 513.747 718.299 5 2.12132 -44.3779 -12.1806
52 514.166 718.571 5 2.5 -47.1215 -8.36437
53 508.862 715.723 5 4.47214 -43.9926 36.7896
54 509.281 715.995 5 4.03113 -53.3462 -119.449
55 509.7 716.267 5 3.60555 -47.147 34.611
56 510.12 716.54 5 3.20156 -45.4422 167.827
57 510.539 716.812 5 2.82843 -45.2008 134.463
58 510.958 717.084 5 2.5 -48.0082 32.0392
59 511.378 717.357 5 2.23607 -46.933 33.7705
60 511.797 717.629 5 2.06155 -43.8911 161.095
61 512.216 717.901 5 2 -44.5935 -63.2762
62 512.636 718.174 5 2.06155 -41.0397 -165.887
63 513.055 718.446 5 2.23607 -48.1374 40.1023
64 513.474 718.718 5 2.5 -47.1305 54.8197
65 513.894 718.991 5 2.82843 -48.0611 148.135
66 508.589 716.142 5 4.71699 -46.5286 165.026
67 509.009 716.414 5 4.30116 -48.213 173.886
68 509.428 716.687 5 3.90512 -62.586 158.062
69 509.847 716.959 5 3.53553 -49.6963 -90.1199
70 510.267 717.231 5 3.20156 -55.6173 -36.8205
71 510.686 717.504 5 2.91548 -44.6412 -148.575
72 511.105 717.776 5 2.69258 -52.639 166.092
73 511.525 718.048 5 2.54951 -46.599 -124.064
74 511.944 718.321 5 2.5 -45.1472 -55.0149
75 512.363 718.593 5 2.54951 -44.2057 -138.672
76 512.783 718.865 5 2.69258 -59.9622 101.855
77 513.202 719.138 5 2.91548 -48.7647 -148.819
78 513.621 719.41 5 3.20156 -64.2577 150.238
79 510.414 717.923 5 3.3541 -53.1558 7.74592
80 510.833 718.195 5 3.16228 -46.4902 -78.4503
81 511.672 718.74 5 3 -46.9099 -71.4014
82 512.091 719.012 5 3.04138 -43.6937 -125.629
83 512.51 719.285 5 3.16228 -50.3619 -42.5211
84 512.93 719.557 5 3.3541 -45.9215 11.9384
85 513.349 719.829 5 3.60555 -53.3686 89.6184
86 510.141 718.342 5 3.80789 -50.4061 -111.643
87 510.561 718.615 5 3.64005 -46.791 -16.2601
88 511.399 719.159 5 3.5 -47.3211 -106.806
89 511.819 719.432 5 3.53553 -43.3606 -97.0392
90 512.238 719.704 5 3.64005 -48.279 -23.2385
91 512.657 719.976 5 3.80789 -54.011 111.541
92 513.077 720.249 5 4.03113 -44.8151 -63.3106
93 509.869 718.762 5 4.272 -49.6997 57.2187
94 510.288 719.034 5 4.12311 -45.5518 52.5884
95 511.127 719.579 5 4 -48.3614 -81.8626
96 511.546 719.851 5 4.03113 -48.7584 162.137
97 511.966 720.123 5 4.12311 -49.5923 25.9752
98 512.385 720.396 5 4.272 -50.1945 -125.832
99 512.804 720.668 5 4.47214 -47.9054 -115.036
100 509.597 719.181 5 4.74342 -61.2107 128.126
101 510.016 719.453 5 4.60977 -58.9203 44.9838
102 509.324 719.6 5 5.22015 -50.1988 138.515
103 509.744 719.873 5 5.09902 -47.4268 82.0256
104 509.052 720.02 5 5.70088 -51.6661 -165.554
105 509.471 720.292 5 5.59017 -53.3991 141.02
