1 509.951 714.045 5 5.59017 -49.1383 100.205
2 510.37 714.318 5 5.09902 -44.6324 59.2938
3 510.79 714.59 5 4.60977 -46.6367 -11.0643
4 511.209 714.862 5 4.12311 -53.278 11.0038
5 511.628 715.135 5 3.64006 -46.8256 -54.2394
6 512.048 715.407 5 3.16228 -48.9143 -173.52
7 512.467 715.679 5 2.69258 -43.0316 137.566
8 512.886 715.952 5 2.23607 -45.5789 47.1136
9 513.306 716.224 5 1.80278 -41.2605 -163.055
10 513.725 716.496 5 1.41421 -45.7806 -133.472
11 514.144 716.769 5 1.11803 -42.7059 15.9161
12 514.564 717.041 5 1 -41.0191 -177.956
13 514.983 717.313 5 1.11803 -43.1285 -159.696
14 509.679 714.465 5 5.52268 -48.6395 -70.2844
15 510.098 714.737 5 5.02494 -49.9383 -157.836
16 510.517 715.009 5 4.52769 -55.6587 -28.2077
17 510.937 715.282 5 4.03113 -49.9602 -131.018
18 511.356 715.554 5 3.53553 -44.9046 -105.981
19 511.775 715.826 5 3.04138 -43.621 -120.856
20 512.195 716.099 5 2.54951 -47.2325 -173.66
21 512.614 716.371 5 2.06155 -44.9161 160.726
22 513.033 716.643 5 1.58114 -46.2648 104.344
23 513.453 716.916 5 1.11803 -43.3366 37.9119
24 513.872 717.188 5 0.707107 -36.4754 116.711
25 514.291 717.46 5 0.5 -34.8446 6.09
26 514.711 717.733 5 0.707107 -36.8303 127.326
27 509.406 714.884 5 5.5 -47.6945 12.6889
28 509.826 715.156 5 5 -56.5071 -98.0336
29 510.245 715.429 5 4.5 -46.6134 -47.7057
30 510.664 715.701 5 4 -46.5506 17.6378
31 511.084 715.973 5 3.5 -43.5501 6.47113
32 511.503 716.246 5 3 -48.6574 -27.4073
33 511.922 716.518 5 2.5 -48.1048 -10.351
34 512.342 716.79 5 2 -50.05 -9.95422
35 512.761 717.063 5 1.5 -46.849 18.4353
36 513.18 717.335 5 1 -38.9097 -6.05139
37 513.6 717.607 5 0.5 -33.7717 2.66996
38 514.019 717.88 5 0 -56.3865 8.96023
39 514.438 718.152 5 0.5 -33.7087 -13.3597
40 509.134 715.303 5 5.52268 -47.3468 -36.6645
41 509.553 715.576 5 5.02494 -56.4746 -128.432
42 509.973 715.848 5 4.52769 -49.2156 -119.764
43 510.392 716.12 5 4.03113 -50.7242 -156.945
44 510.811 716.393 5 3.53553 -50.9341 -90.6938
45 511.231 716.665 5 3.04138 -49.4593 -115.947
46 511.65 716.937 5 2.54951 -53.6387 -135.883
47 512.069 717.21 5 2.06155 -55.5153 -125.236
48 512.489 717.482 5 1.58114 -44.2954 127.459
49 512.908 717.754 5 1.11803 -37.3634 7.03779
50 513.327 718.027 5 0.707107 -37.4067 92.9379
51 513.747 718.299 5 0.5 -33.922 -1.0456
52 514.166 718.571 5 0.707107 -40.7108 127.184
53 508.862 715.723 5 5.59017 -54.8398 -89.8754
54 509.281 715.995 5 5.09902 -46.2712 13.6484
55 509.7 716.267 5 4.60977 -48.9604 -27.8047
56 510.12 716.54 5 4.12311 -53.4333 -28.8008
57 510.539 716.812 5 3.64006 -57.7471 -17.1277
58 510.958 717.084 5 3.16228 -49.8005 -116.996
59 511.378 717.357 5 2.69258 -43.5894 170.201
60 511.797 717.629 5 2.23607 -47.3484 62.5882
61 512.216 717.901 5 1.80278 -48.5127 -142.617
62 512.636 718.174 5 1.41421 -42.8838 -91.6292
63 513.055 718.446 5 1.11803 -39.5583 15.1868
64 513.474 718.718 5 1 -41.1946 17.7967
65 513.894 718.991 5 1.11803 -40.7284 3.94673
66 508.589 716.142 5 5.70088 -51.8576 128.622
67 509.009 716.414 5 5.22015 -45.654 40.5121
68 509.428 716.687 5 4.74342 -49.0467 -27.9441
69 509.847 716.959 5 4.272 -50.3169 -80.3818
70 510.267 717.231 5 3.80789 -47.9817 -174.853
71 510.686 717.504 5 3.3541 -48.4992 53.3929
72 511.105 717.776 5 2.91548 -49.3889 -91.1402
73 511.525 718.048 5 2.5 -48.1595 -26.1217
74 511.944 718.321 5 2.12132 -41.031 14.6847
75 512.363 718.593 5 1.80278 -52.4991 -143.662
76 512.783 718.865 5 1.58114 -44.4408 107.689
77 513.202 719.138 5 1.5 -43.8811 13.5877
78 513.621 719.41 5 1.58114 -44.2724 97.5399
79 510.414 717.923 5 3.60555 -50.4186 75.1933
80 510.833 718.195 5 3.20156 -47.6187 126.034
81 511.672 718.74 5 2.5 -50.6217 40.4126
82 512.091 719.012 5 2.23607 -47.6022 20.2181
83 512.51 719.285 5 2.06155 -52.2683 167.752
84 512.93 719.557 5 2 -49.3796 38.6238
85 513.349 719.829 5 2.06155 -71.8251 93.3811
86 510.141 718.342 5 3.90512 -53.5886 -31.7437
87 510.561 718.615 5 3.53553 -54.0396 -145.633
88 511.399 719.159 5 2.91548 -47.5063 -111.275
89 511.819 719.432 5 2.69258 -49.0579 138.082
90 512.238 719.704 5 2.54951 -52.9568 -26.035
91 512.657 719.976 5 2.5 -46.0328 75.86
92 513.077 720.249 5 2.54951 -44.3462 -129.109
93 509.869 718.762 5 4.24264 -54.4028 -133.776
94 510.288 719.034 5 3.90513 -63.9469 -22.1824
95 511.127 719.579 5 3.3541 -54.1152 16.6281
96 511.546 719.851 5 3.16228 -50.7831 69.6705
97 511.966 720.123 5 3.04138 -55.4262 -77.7993
98 512.385 720.396 5 3 -50.9532 82.781
99 512.804 720.668 5 3.04138 -56.0841 -54.7742
100 509.597 719.181 5 4.60977 -51.3081 -27.794
101 510.016 719.453 5 4.30116 -67.9771 47.1944
102 509.324 719.6 5 5 -50.7078 102.43
103 509.744 719.873 5 4.71699 -53.0976 -81.0707
104 509.052 720.02 5 5.40833 -58.9005 90.7641
105 509.471 720.292 5 5.14782 -53.4605 91.1428
