1 505.473 717.831 5 5.56463 -76.6839 -172.996
2 505.747 717.412 5 5.10828 -66.4591 53.7061
3 506.02 716.994 5 4.6609 -68.3205 93.9793
4 506.294 716.575 5 4.22534 -78.6582 -138.737
5 506.567 716.157 5 3.80565 -63.8949 -107.573
6 505.891 718.104 5 5.38858 -63.9268 -45.0085
7 506.165 717.686 5 4.91592 -63.8382 127.219
8 506.439 717.267 5 4.44923 -77.6778 -76.5204
9 506.712 716.849 5 3.99063 -67.6922 -111.988
10 506.986 716.43 5 3.54325 -66.7389 -66.9337
11 506.31 718.378 5 5.25437 -63.8277 -11.067
12 506.584 717.96 5 4.76843 -71.7833 144.616
13 506.857 717.541 5 4.28571 -61.9288 142.437
14 507.131 717.123 5 3.80747 -57.8318 139.263
15 507.404 716.704 5 3.33561 -58.0473 69.0152
16 506.728 718.652 5 5.16528 -52.2946 -109.148
17 507.002 718.233 5 4.67007 -54.3515 -112.588
18 507.276 717.815 5 4.176 -56.1888 -130.381
19 507.549 717.396 5 3.68354 -56.5649 -160.89
20 507.823 716.978 5 3.19342 -56.4915 136.812
21 507.147 718.925 5 5.12364 -50.0611 -27.3644
22 507.421 718.507 5 4.62398 -48.675 -24.9799
23 507.694 718.088 5 4.1244 -49.5286 -16.9712
24 507.968 717.67 5 3.62493 -48.1498 -38.4044
25 508.241 717.251 5 3.12563 -46.9671 -23.9581
26 507.565 719.199 5 5.13063 -52.1522 -36.3726
27 507.839 718.78 5 4.63172 -49.9744 -38.6397
28 508.113 718.362 5 4.13308 -50.158 -30.1791
29 508.386 717.943 5 3.6348 -49.8689 -53.2391
30 508.66 717.525 5 3.13707 -49.3298 -42.1709
31 507.984 719.472 5 5.18604 -53.8608 170.656
32 508.258 719.054 5 4.69303 -54.1651 -146.618
33 508.531 718.635 5 4.20166 -60.2927 167.704
34 508.805 718.217 5 3.7126 -69.4973 159.649
35 509.078 717.798 5 3.2269 -60.3428 -55.5439
36 508.402 719.746 5 5.28836 -57.9606 69.0442
37 508.676 719.328 5 4.80585 -64.6342 7.43447
38 508.95 718.909 5 4.32731 -82.9441 177.674
39 509.223 718.491 5 3.85423 -83.339 -144.909
40 509.497 718.072 5 3.38889 -80.5875 156.149
