1 505.473 717.831 5 8.54629 -68.8216 -105.374
2 505.747 717.412 5 8.28574 -64.8076 157.385
3 506.02 716.994 5 8.04785 -66.0909 120.52
4 506.294 716.575 5 7.83468 -73.4954 -40.3011
5 506.567 716.157 5 7.6483 -72.4195 14.0709
6 505.891 718.104 5 8.13076 -71.8704 98.0519
7 506.165 717.686 5 7.85644 -71.4106 102.712
8 506.439 717.267 5 7.60513 -67.3538 3.30033
9 506.712 716.849 5 7.37919 -63.1556 -58.8853
10 506.986 716.43 5 7.181 -74.4064 -144.26
11 506.31 718.378 5 7.72525 -76.2008 -92.2864
12 506.584 717.96 5 7.43598 -72.5146 -77.672
13 506.857 717.541 5 7.16995 -74.0422 -19.7203
14 507.131 717.123 5 6.92983 -67.076 -107.096
15 507.404 716.704 5 6.7184 -64.7292 -125.516
16 506.728 718.652 5 7.33141 -80.7389 64.7548
17 507.002 718.233 5 7.02595 -75.9848 129.362
18 507.276 717.815 5 6.74376 -66.4669 169.637
19 507.549 717.396 5 6.48789 -66.7327 -170.769
20 507.823 716.978 5 6.26156 -64.389 179.868
21 507.147 718.925 5 6.95124 -86.5138 127.645
22 507.421 718.507 5 6.62828 -71.2654 28.5701
23 507.694 718.088 5 6.32839 -67.717 43.5184
24 507.968 717.67 5 6.05499 -67.3462 54.9901
25 508.241 717.251 5 5.81182 -66.3887 89.5313
26 507.565 719.199 5 6.58711 -70.5129 -79.4045
27 507.839 718.78 5 6.24534 -78.5072 -163.509
28 508.113 718.362 5 5.9261 -76.9892 121.691
29 508.386 717.943 5 5.63321 -76.2562 50.5189
30 508.66 717.525 5 5.37098 -66.3185 -103.513
31 507.984 719.472 5 6.24181 -83.2497 100.019
32 508.258 719.054 5 5.88001 -68.0598 61.6734
33 508.531 718.635 5 5.53975 -76.5319 -82.3095
34 508.805 718.217 5 5.22525 -81.5734 -16.9115
35 509.078 717.798 5 4.94141 -77.965 142.897
36 508.402 719.746 5 5.91864 -64.5684 -129.918
37 508.676 719.328 5 5.53576 -80.5206 -136.178
38 508.95 718.909 5 5.17291 -75.9539 -8.81327
39 509.223 718.491 5 4.8346 -96.1172 147.475
40 509.497 718.072 5 4.52634 -74.6466 -85.8493
