1 509.951 714.045 5 6.04152 -60.4427 -98.3241
2 510.37 714.318 5 5.59017 -49.0976 122.092
3 510.79 714.59 5 5.14782 -47.1004 -143.22
4 511.209 714.862 5 4.71699 -53.4341 117.087
5 511.628 715.135 5 4.30116 -49.1044 170.092
6 512.048 715.407 5 3.90512 -62.1684 -75.5445
7 512.467 715.679 5 3.53553 -51.191 -85.1022
8 512.886 715.952 5 3.20156 -51.1404 128.544
9 513.306 716.224 5 2.91548 -50.8116 -137.23
10 513.725 716.496 5 2.69258 -50.7376 176.934
11 514.144 716.769 5 2.54951 -49.0704 -119.034
12 514.564 717.041 5 2.5 -48.2248 169.759
13 514.983 717.313 5 2.54951 -50.4433 60.9438
14 509.679 714.465 5 5.85235 -52.5994 17.2349
15 510.098 714.737 5 5.38516 -45.2129 -31.0205
16 510.517 715.009 5 4.92443 -49.3542 -101.132
17 510.937 715.282 5 4.47214 -53.8573 87.693
18 511.356 715.554 5 4.03113 -47.9989 -136.178
19 511.775 715.826 5 3.60555 -51.8436 37.563
20 512.195 716.099 5 3.20156 -48.6699 -171.197
21 512.614 716.371 5 2.82843 -44.2293 107.612
22 513.033 716.643 5 2.5 -43.5236 -3.39163
23 513.453 716.916 5 2.23607 -51.9338 43.9304
24 513.872 717.188 5 2.06155 -45.9168 -175.358
25 514.291 717.46 5 2 -45.3345 39.5069
26 514.711 717.733 5 2.06155 -51.5567 169.541
27 509.406 714.884 5 5.70088 -50.0799 79.9742
28 509.826 715.156 5 5.22015 -47.6789 55.3299
29 510.245 715.429 5 4.74342 -50.7969 -4.17025
30 510.664 715.701 5 4.272 -47.5704 -64.8022
31 511.084 715.973 5 3.80789 -52.7083 156.985
32 511.503 716.246 5 3.3541 -47.0243 52.0089
33 511.922 716.518 5 2.91548 -52.7355 -73.0661
34 512.342 716.79 5 2.5 -46.7124 -24.4513
35 512.761 717.063 5 2.12132 -41.5948 24.9429
36 513.18 717.335 5 1.80278 -45.629 -177.783
37 513.6 717.607 5 1.58114 -47.1252 99.6628
38 514.019 717.88 5 1.5 -44.2734 11.3139
39 514.438 718.152 5 1.58114 -43.9525 113.506
40 509.134 715.303 5 5.59017 -51.7919 169.07
41 509.553 715.576 5 5.09902 -52.0664 89.5906
42 509.973 715.848 5 4.60977 -51.7824 37.3794
43 510.392 716.12 5 4.12311 -51.6392 -56.0982
44 510.811 716.393 5 3.64006 -51.3765 -108.829
45 511.231 716.665 5 3.16228 -46.8679 -132.013
46 511.65 716.937 5 2.69258 -44.8448 152.061
47 512.069 717.21 5 2.23607 -47.3465 34.9026
48 512.489 717.482 5 1.80278 -50.4513 166.206
49 512.908 717.754 5 1.41421 -43.6482 -126.258
50 513.327 718.027 5 1.11803 -39.9427 3.84148
51 513.747 718.299 5 1 -41.782 5.5624
52 514.166 718.571 5 1.11803 -38.0116 8.23504
53 508.862 715.723 5 5.52268 -53.9367 -73.145
54 509.281 715.995 5 5.02494 -55.9465 -68.8416
55 509.7 716.267 5 4.52769 -49.0749 -78.7043
56 510.12 716.54 5 4.03113 -52.2436 -127.923
57 510.539 716.812 5 3.53553 -49.4298 -74.431
58 510.958 717.084 5 3.04138 -58.288 -19.5669
59 511.378 717.357 5 2.54951 -50.8179 -122.314
60 511.797 717.629 5 2.06155 -45.8277 133.842
61 512.216 717.901 5 1.58114 -43.458 123.467
62 512.636 718.174 5 1.11803 -42.0783 29.4768
63 513.055 718.446 5 0.707107 -38.7164 112.183
64 513.474 718.718 5 0.5 -34.0692 -1.21274
65 513.894 718.991 5 0.707107 -36.9123 118.85
66 508.589 716.142 5 5.5 -50.6214 -49.4708
67 509.009 716.414 5 5 -55.2171 -78.4963
68 509.428 716.687 5 4.5 -49.4138 -31.8723
69 509.847 716.959 5 4 -47.788 -39.9406
70 510.267 717.231 5 3.5 -45.7126 -51.8478
71 510.686 717.504 5 3 -52.0271 -30.7513
72 511.105 717.776 5 2.5 -42.0399 -4.4857
73 511.525 718.048 5 2 -45.8185 -10.9503
74 511.944 718.321 5 1.5 -45.1045 -1.98751
75 512.363 718.593 5 1 -40.2785 0.766966
76 512.783 718.865 5 0.5 -33.214 -5.14846
77 513.202 719.138 5 0 -54.6945 95.5333
78 513.621 719.41 5 0.5 -32.5276 2.52963
79 510.414 717.923 5 3.04138 -46.128 -105.512
80 510.833 718.195 5 2.54951 -56.1979 176.941
81 511.672 718.74 5 1.58114 -44.8108 104.93
82 512.091 719.012 5 1.11803 -42.744 14.1185
83 512.51 719.285 5 0.707107 -40.9465 117.736
84 512.93 719.557 5 0.5 -33.5097 -12.6185
85 513.349 719.829 5 0.707107 -36.7668 133.728
86 510.141 718.342 5 3.16228 -49.0891 82.8897
87 510.561 718.615 5 2.69258 -48.0479 -0.656538
88 511.399 719.159 5 1.80278 -42.757 -148.488
89 511.819 719.432 5 1.41421 -41.494 -91.5944
90 512.238 719.704 5 1.11803 -38.9857 -20.163
91 512.657 719.976 5 1 -39.8755 27.4781
92 513.077 720.249 5 1.11803 -37.6197 23.9866
93 509.869 718.762 5 3.3541 -48.9827 -93.3162
94 510.288 719.034 5 2.91548 -47.0117 57.459
95 511.127 719.579 5 2.12132 -47.3975 -12.1898
96 511.546 719.851 5 1.80278 -41.5007 73.32
97 511.966 720.123 5 1.58114 -45.9908 93.7951
98 512.385 720.396 5 1.5 -40.1142 28.7885
99 512.804 720.668 5 1.58114 -42.6729 -0.0597379
100 509.597 719.181 5 3.60555 -48.7343 -93.0736
101 510.016 719.453 5 3.20156 -53.3165 6.24179
102 509.324 719.6 5 3.90513 -50.4222 162.166
103 509.744 719.873 5 3.53553 -56.6919 98.4928
104 509.052 720.02 5 4.24264 -48.9724 -73.7094
105 509.471 720.292 5 3.90513 -57.9339 67.3399
