1 509.951 714.045 5 5.31507 -53.3917 37.1877
2 510.37 714.318 5 4.94975 -59.8429 23.8615
3 510.79 714.59 5 4.60977 -54.033 -45.205
4 511.209 714.862 5 4.30116 -57.2136 28.9696
5 511.628 715.135 5 4.03113 -53.8784 -102.724
6 512.048 715.407 5 3.80789 -54.3445 81.5079
7 512.467 715.679 5 3.64005 -46.8976 -16.3076
8 512.886 715.952 5 3.53553 -45.7513 -124.582
9 513.306 716.224 5 3.5 -47.3459 -115.524
10 513.725 716.496 5 3.53553 -51.6339 -174.566
11 514.144 716.769 5 3.64005 -47.0351 8.39897
12 514.564 717.041 5 3.80789 -47.9085 25.2423
13 514.983 717.313 5 4.03113 -55.1227 58.8607
14 509.679 714.465 5 5 -53.6373 173.403
15 510.098 714.737 5 4.60977 -55.8654 -106.957
16 510.517 715.009 5 4.24264 -51.0533 -123.078
17 510.937 715.282 5 3.90512 -49.6763 165.631
18 511.356 715.554 5 3.60555 -53.9053 -13.3778
19 511.775 715.826 5 3.3541 -48.2341 68.4952
20 512.195 716.099 5 3.16228 -56.4491 -149.629
21 512.614 716.371 5 3.04138 -45.5388 -141.89
22 513.033 716.643 5 3 -48.0356 -124.678
23 513.453 716.916 5 3.04138 -50.1062 168.704
24 513.872 717.188 5 3.16228 -45.3441 -59.6933
25 514.291 717.46 5 3.3541 -45.7423 17.7258
26 514.711 717.733 5 3.60555 -50.7384 91.7604
27 509.406 714.884 5 4.71699 -54.8223 -71.5015
28 509.826 715.156 5 4.30116 -49.0329 73.5153
29 510.245 715.429 5 3.90512 -50.4801 96.9656
30 510.664 715.701 5 3.53553 -59.6035 139.918
31 511.084 715.973 5 3.20156 -50.649 19.7471
32 511.503 716.246 5 2.91548 -55.6816 -169.89
33 511.922 716.518 5 2.69258 -49.5437 139.746
34 512.342 716.79 5 2.54951 -47.8044 -151.767
35 512.761 717.063 5 2.5 -51.5869 -147.499
36 513.18 717.335 5 2.54951 -48.6448 177.667
37 513.6 717.607 5 2.69258 -47.0049 -171.046
38 514.019 717.88 5 2.91548 -48.1793 -101.553
39 514.438 718.152 5 3.20156 -53.4736 146.59
40 509.134 715.303 5 4.47214 -52.6919 -113.688
41 509.553 715.576 5 4.03113 -52.9392 137.663
42 509.973 715.848 5 3.60555 -55.0138 -145.862
43 510.392 716.12 5 3.20156 -48.338 12.7283
44 510.811 716.393 5 2.82843 -50.2257 49.4479
45 511.231 716.665 5 2.5 -49.9247 -109.384
46 511.65 716.937 5 2.23607 -50.2967 36.7617
47 512.069 717.21 5 2.06155 -42.3138 178.55
48 512.489 717.482 5 2 -50.4763 -134.775
49 512.908 717.754 5 2.06155 -44.825 175.277
50 513.327 718.027 5 2.23607 -51.7062 152.645
51 513.747 718.299 5 2.5 -48.023 -16.7935
52 514.166 718.571 5 2.82843 -43.2085 118.609
53 508.862 715.723 5 4.272 -49.5852 103.648
54 509.281 715.995 5 3.80789 -50.4919 41.8764
55 509.7 716.267 5 3.3541 -51.4184 -71.3983
56 510.12 716.54 5 2.91548 -48.4276 78.0309
57 510.539 716.812 5 2.5 -46.9216 -133.435
58 510.958 717.084 5 2.12132 -45.2126 -99.4232
59 511.378 717.357 5 1.80278 -49.7454 114.984
60 511.797 717.629 5 1.58114 -42.9512 130.822
61 512.216 717.901 5 1.5 -53.6113 -107.882
62 512.636 718.174 5 1.58114 -37.4288 112.015
63 513.055 718.446 5 1.80278 -40.6495 -166.866
64 513.474 718.718 5 2.12132 -49.5525 -11.8785
65 513.894 718.991 5 2.5 -43.6575 54.3821
66 508.589 716.142 5 4.12311 -52.3522 -68.5456
67 509.009 716.414 5 3.64006 -56.9049 -135.597
68 509.428 716.687 5 3.16228 -56.6468 -42.8389
69 509.847 716.959 5 2.69258 -56.7672 -24.1294
70 510.267 717.231 5 2.23607 -45.5478 -117.011
71 510.686 717.504 5 1.80278 -54.677 58.9731
72 511.105 717.776 5 1.41421 -43.3707 133.483
73 511.525 718.048 5 1.11803 -47.2923 22.5404
74 511.944 718.321 5 1 -43.1259 -59.6145
75 512.363 718.593 5 1.11803 -39.6427 47.6377
76 512.783 718.865 5 1.41421 -45.5321 -154.926
77 513.202 719.138 5 1.80278 -43.618 -151.016
78 513.621 719.41 5 2.23607 -45.6301 -23.9781
79 510.414 717.923 5 1.58114 -43.8286 -45.6906
80 510.833 718.195 5 1.11803 -45.5301 -114.749
81 511.672 718.74 5 0.5 -35.9951 14.8233
82 512.091 719.012 5 0.707107 -33.7018 117.563
83 512.51 719.285 5 1.11803 -41.8272 15.8912
84 512.93 719.557 5 1.58114 -54.0877 81.8856
85 513.349 719.829 5 2.06155 -44.5316 -131.797
86 510.141 718.342 5 1.5 -53.5563 -124.103
87 510.561 718.615 5 1 -48.5497 -158.14
88 511.399 719.159 5 0 -38.9237 119.834
89 511.819 719.432 5 0.5 -32.8872 26.3387
90 512.238 719.704 5 1 -40.0894 -3.76715
91 512.657 719.976 5 1.5 -40.774 33.5931
92 513.077 720.249 5 2 -43.0373 51.7383
93 509.869 718.762 5 1.58114 -44.3783 -49.1084
94 510.288 719.034 5 1.11803 -44.8626 -134.807
95 511.127 719.579 5 0.5 -34.3254 0.710858
96 511.546 719.851 5 0.707107 -33.8508 13.2373
97 511.966 720.123 5 1.11803 -44.9401 115.914
98 512.385 720.396 5 1.58114 -44.7059 71.2446
99 512.804 720.668 5 2.06155 -52.4089 111.3
100 509.597 719.181 5 1.80278 -42.3981 57.8778
101 510.016 719.453 5 1.41421 -45.4824 134.483
102 509.324 719.6 5 2.12132 -49.9329 -52.0506
103 509.744 719.873 5 1.80278 -58.9258 -167.629
104 509.052 720.02 5 2.5 -53.71 -24.1793
105 509.471 720.292 5 2.23607 -52.2659 -149.246
