1 505.473 717.831 5 4.73378 -50.2278 -65.2448
2 505.747 717.412 5 4.69367 -61.2947 -140.116
3 506.02 716.994 5 4.70664 -48.0459 -21.9152
4 506.294 716.575 5 4.77224 -51.1438 -3.97378
5 506.567 716.157 5 4.88837 -54.3826 -103.321
6 505.891 718.104 5 4.23872 -47.7347 -95.8358
7 506.165 717.686 5 4.19388 -51.0472 109.115
8 506.439 717.267 5 4.20838 -52.7367 114.849
9 506.712 716.849 5 4.28163 -51.7445 72.153
10 506.986 716.43 5 4.4107 -53.7217 -93.4538
11 506.31 718.378 5 3.74497 -50.365 -158.119
12 506.584 717.96 5 3.69414 -51.9197 -23.9485
13 506.857 717.541 5 3.7106 -48.6552 -22.3063
14 507.131 717.123 5 3.79348 -54.8499 137.848
15 507.404 716.704 5 3.93857 -57.5509 -96.9101
16 506.728 718.652 5 3.25313 -48.8865 119.239
17 507.002 718.233 5 3.19449 -48.8593 92.2418
18 507.276 717.815 5 3.21351 -47.585 -12.6141
19 507.549 717.396 5 3.30886 -50.3402 119.218
20 507.823 716.978 5 3.47425 -59.1849 -125.77
21 507.147 718.925 5 2.76423 -46.5895 -73.5461
22 507.421 718.507 5 2.69497 -51.6779 -47.564
23 507.694 718.088 5 2.71749 -48.4967 -4.68941
24 507.968 717.67 5 2.8296 -54.8653 64.6517
25 508.241 717.251 5 3.02134 -54.2264 95.7635
26 507.565 719.199 5 2.28014 -50.0657 112.382
27 507.839 718.78 5 2.19566 -50.0434 -52.7793
28 508.113 718.362 5 2.22324 -61.5818 -58.1168
29 508.386 717.943 5 2.35896 -63.0495 28.1264
30 508.66 717.525 5 2.58585 -71.0464 -161.629
31 507.984 719.472 5 1.80475 -40.8276 109.713
32 508.258 719.054 5 1.69676 -45.984 14.2168
33 508.531 718.635 5 1.73231 -60.2527 171.144
34 508.805 718.217 5 1.90336 -64.3439 -69.0062
35 509.078 717.798 5 2.17823 -57.5741 -87.8306
36 508.402 719.746 5 1.34729 -40.4146 -37.7763
37 508.676 719.328 5 1.19878 -42.2847 7.96071
38 508.95 718.909 5 1.24859 -72.8761 168.855
39 509.223 718.491 5 1.47678 -58.7698 134.1
40 509.497 718.072 5 1.81735 -58.599 -134.081
