1 505.473 717.831 5 5.16766 -64.7537 51.2229
2 505.747 717.412 5 4.83007 -67.3587 -119.914
3 506.02 716.994 5 4.52267 -62.5491 -61.5404
4 506.294 716.575 5 4.25199 -63.2282 8.33291
5 506.567 716.157 5 4.02547 -71.0974 -142.758
6 505.891 718.104 5 4.82409 -62.969 -103.695
7 506.165 717.686 5 4.46058 -56.7466 -87.4384
8 506.439 717.267 5 4.12573 -64.2934 6.99079
9 506.712 716.849 5 3.82709 -59.3097 137.829
10 506.986 716.43 5 3.57372 -64.305 165.081
11 506.31 718.378 5 4.50987 -57.9964 175.687
12 506.584 717.96 5 4.11872 -57.1754 160.101
13 506.857 717.541 5 3.7535 -56.7451 102.848
14 507.131 717.123 5 3.42253 -77.7702 -58.2836
15 507.404 716.704 5 3.13666 -61.7025 -99.5778
16 506.728 718.652 5 4.23156 -54.2723 -87.6058
17 507.002 718.233 5 3.81196 -58.3424 3.29813
18 507.276 717.815 5 3.41408 -56.3287 70.3821
19 507.549 717.396 5 3.04645 -54.3448 16.0558
20 507.823 716.978 5 2.72136 -56.4174 33.9808
21 507.147 718.925 5 3.99665 -61.2414 -155.297
22 507.421 718.507 5 3.54939 -64.5001 98.8528
23 507.694 718.088 5 3.11818 -56.2333 -120.717
24 507.968 717.67 5 2.71072 -54.9388 -55.8805
25 508.241 717.251 5 2.33943 -57.1835 -130.979
26 507.565 719.199 5 3.81318 -63.0512 146.454
27 507.839 718.78 5 3.34145 -59.8768 119.274
28 508.113 718.362 5 2.87927 -57.0136 -165.387
29 508.386 717.943 5 2.4321 -55.0344 67.0294
30 508.66 717.525 5 2.00999 -51.9618 146.189
31 507.984 719.472 5 3.68883 -59.9335 -11.8242
32 508.258 719.054 5 3.19881 -62.7863 -17.5785
33 508.531 718.635 5 2.71244 -66.7502 -27.3412
34 508.805 718.217 5 2.2321 -68.1631 -61.9875
35 509.078 717.798 5 1.76272 -59.3577 -115.589
36 508.402 719.746 5 3.62969 -56.2282 45.041
37 508.676 719.328 5 3.13042 -66.5011 68.2259
38 508.95 718.909 5 2.63144 -74.0085 -164.594
39 509.223 718.491 5 2.13293 -75.9356 90.0295
40 509.497 718.072 5 1.63533 -76.3895 101.667
