1 509.951 714.045 5 1.80278 -43.5363 -170.369
2 510.37 714.318 5 1.41421 -46.0879 -120.499
3 510.79 714.59 5 1.11803 -42.4203 30.1338
4 511.209 714.862 5 1 -38.0862 14.1496
5 511.628 715.135 5 1.11803 -41.5166 20.5141
6 512.048 715.407 5 1.41421 -48.8215 -119.514
7 512.467 715.679 5 1.80278 -43.5736 -149.721
8 512.886 715.952 5 2.23607 -50.2512 55.8945
9 513.306 716.224 5 2.69258 -42.7137 161.197
10 513.725 716.496 5 3.16228 -46.7159 -140.094
11 514.144 716.769 5 3.64006 -46.5549 -58.4637
12 514.564 717.041 5 4.12311 -59.9429 37.7778
13 514.983 717.313 5 4.60977 -52.3834 126.8
14 509.679 714.465 5 1.58114 -46.2694 101.371
15 510.098 714.737 5 1.11803 -47.8976 40.1368
16 510.517 715.009 5 0.707107 -36.3239 132.745
17 510.937 715.282 5 0.5 -32.7818 5.47649
18 511.356 715.554 5 0.707107 -37.955 115.989
19 511.775 715.826 5 1.11803 -46.2685 -3.52158
20 512.195 716.099 5 1.58114 -44.7044 116.859
21 512.614 716.371 5 2.06155 -52.6588 -171.599
22 513.033 716.643 5 2.54951 -46.8098 -127.952
23 513.453 716.916 5 3.04138 -45.6806 -93.9894
24 513.872 717.188 5 3.53553 -48.0555 -88.2971
25 514.291 717.46 5 4.03113 -50.841 -171.475
26 514.711 717.733 5 4.52769 -50.0664 -28.8919
27 509.406 714.884 5 1.5 -43.929 10.1139
28 509.826 715.156 5 1 -40.503 -1.34331
29 510.245 715.429 5 0.5 -32.5394 3.08899
30 510.664 715.701 5 0 -49.8119 58.1919
31 511.084 715.973 5 0.5 -34.3003 -3.54735
32 511.503 716.246 5 1 -39.332 3.90688
33 511.922 716.518 5 1.5 -43.3868 15.9563
34 512.342 716.79 5 2 -49.3094 19.3151
35 512.761 717.063 5 2.5 -47.8278 -6.71548
36 513.18 717.335 5 3 -48.5091 5.22492
37 513.6 717.607 5 3.5 -45.1362 20.6951
38 514.019 717.88 5 4 -46.1195 15.3601
39 514.438 718.152 5 4.5 -47.4059 -20.5791
40 509.134 715.303 5 1.58114 -44.7562 124.236
41 509.553 715.576 5 1.11803 -39.0259 1.39752
42 509.973 715.848 5 0.707107 -38.0524 120.694
43 510.392 716.12 5 0.5 -33.3925 5.04317
44 510.811 716.393 5 0.707107 -38.8622 111.945
45 511.231 716.665 5 1.11803 -39.1273 21.4334
46 511.65 716.937 5 1.58114 -44.9762 133.974
47 512.069 717.21 5 2.06155 -49.3398 -174.057
48 512.489 717.482 5 2.54951 -52.0093 -145.46
49 512.908 717.754 5 3.04138 -48.6536 -108.95
50 513.327 718.027 5 3.53553 -55.1468 -82.9012
51 513.747 718.299 5 4.03113 -55.0678 -156.21
52 514.166 718.571 5 4.52769 -51.3143 -126.872
53 508.862 715.723 5 1.80278 -44.5354 -146.06
54 509.281 715.995 5 1.41421 -41.0842 -102.388
55 509.7 716.267 5 1.11803 -38.8181 -1.5641
56 510.12 716.54 5 1 -39.6108 5.77371
57 510.539 716.812 5 1.11803 -39.4201 5.54595
58 510.958 717.084 5 1.41421 -42.2903 -111.639
59 511.378 717.357 5 1.80278 -45.7729 -143.832
60 511.797 717.629 5 2.23607 -46.8789 56.4804
61 512.216 717.901 5 2.69258 -45.6247 161.168
62 512.636 718.174 5 3.16228 -47.5712 -80.5403
63 513.055 718.446 5 3.64006 -54.5964 -50.2846
64 513.474 718.718 5 4.12311 -52.8484 -62.7724
65 513.894 718.991 5 4.60977 -54.0214 7.02027
66 508.589 716.142 5 2.12132 -43.4183 -9.51064
67 509.009 716.414 5 1.80278 -42.4462 -141.194
68 509.428 716.687 5 1.58114 -49.5828 118.281
69 509.847 716.959 5 1.5 -43.2444 18.0009
70 510.267 717.231 5 1.58114 -47.3957 119.25
71 510.686 717.504 5 1.80278 -46.3719 -137.804
72 511.105 717.776 5 2.12132 -44.8575 14.4695
73 511.525 718.048 5 2.5 -51.8643 7.49389
74 511.944 718.321 5 2.91548 -48.2873 -95.2226
75 512.363 718.593 5 3.3541 -46.6304 23.519
76 512.783 718.865 5 3.80789 -55.4585 -126.36
77 513.202 719.138 5 4.272 -48.7963 -60.0092
78 513.621 719.41 5 4.74342 -51.1881 4.48803
79 510.414 717.923 5 2.23607 -44.016 21.2706
80 510.833 718.195 5 2.5 -46.8809 19.5275
81 511.672 718.74 5 3.20156 -46.1232 127.615
82 512.091 719.012 5 3.60555 -55.0836 87.5879
83 512.51 719.285 5 4.03113 -48.8142 -102.356
84 512.93 719.557 5 4.47214 -52.1935 119.938
85 513.349 719.829 5 4.92443 -49.4041 167.626
86 510.141 718.342 5 2.69258 -52.404 95.4639
87 510.561 718.615 5 2.91548 -62.2556 -90.051
88 511.399 719.159 5 3.53553 -56.7233 147.862
89 511.819 719.432 5 3.90512 -48.5228 -74.855
90 512.238 719.704 5 4.30116 -49.9673 -165.77
91 512.657 719.976 5 4.71699 -51.0698 72.37
92 513.077 720.249 5 5.14782 -48.1634 -71.0821
93 509.869 718.762 5 3.16228 -59.8878 111.243
94 510.288 719.034 5 3.3541 -45.0537 54.7117
95 511.127 719.579 5 3.90513 -54.705 101.32
96 511.546 719.851 5 4.24264 -49.0897 76.8762
97 511.966 720.123 5 4.60977 -55.318 138.055
98 512.385 720.396 5 5 -48.6151 -16.2038
99 512.804 720.668 5 5.40833 -50.7495 103.602
100 509.597 719.181 5 3.64006 -49.4878 177.194
101 510.016 719.453 5 3.80789 -56.4267 143.362
102 509.324 719.6 5 4.12311 -51.0472 44.4669
103 509.744 719.873 5 4.272 -46.0827 -168.113
104 509.052 720.02 5 4.60977 -53.662 -25.4097
105 509.471 720.292 5 4.74342 -51.4307 -149.076
