1 509.951 714.045 5 2.69258 -41.5393 152.219
2 510.37 714.318 5 2.23607 -42.2623 54.4367
3 510.79 714.59 5 1.80278 -43.9216 -168.825
4 511.209 714.862 5 1.41421 -43.9091 -127.026
5 511.628 715.135 5 1.11803 -43.3889 -2.12383
6 512.048 715.407 5 1 -38.6365 -7.66481
7 512.467 715.679 5 1.11803 -42.8005 33.7433
8 512.886 715.952 5 1.41421 -45.2955 -126.185
9 513.306 716.224 5 1.80278 -42.0151 -161.782
10 513.725 716.496 5 2.23607 -47.9386 76.2139
11 514.144 716.769 5 2.69258 -43.6468 177.067
12 514.564 717.041 5 3.16228 -53.5887 96.9588
13 514.983 717.313 5 3.64006 -50.1102 119.829
14 509.679 714.465 5 2.54951 -44.8523 -122.121
15 510.098 714.737 5 2.06155 -49.2537 -166.341
16 510.517 715.009 5 1.58114 -46.1829 96.6666
17 510.937 715.282 5 1.11803 -45.5709 7.2546
18 511.356 715.554 5 0.707107 -36.4583 132.487
19 511.775 715.826 5 0.5 -33.1963 -1.03333
20 512.195 716.099 5 0.707107 -37.3606 132.927
21 512.614 716.371 5 1.11803 -44.1574 26.0695
22 513.033 716.643 5 1.58114 -46.6703 96.7975
23 513.453 716.916 5 2.06155 -46.3793 158.084
24 513.872 717.188 5 2.54951 -48.165 -151.803
25 514.291 717.46 5 3.04138 -45.9428 -122.347
26 514.711 717.733 5 3.53553 -49.6665 -146.708
27 509.406 714.884 5 2.5 -50.6279 11.469
28 509.826 715.156 5 2 -47.8151 -1.20087
29 510.245 715.429 5 1.5 -42.6049 7.17228
30 510.664 715.701 5 1 -39.0112 -1.73138
31 511.084 715.973 5 0.5 -33.2594 -6.14918
32 511.503 716.246 5 0 -56.9317 -60.821
33 511.922 716.518 5 0.5 -34.3166 -9.99817
34 512.342 716.79 5 1 -40.3468 -9.49616
35 512.761 717.063 5 1.5 -41.4567 16.2947
36 513.18 717.335 5 2 -47.5425 6.40997
37 513.6 717.607 5 2.5 -49.3496 23.1051
38 514.019 717.88 5 3 -48.6769 -20.8206
39 514.438 718.152 5 3.5 -43.2048 2.01343
40 509.134 715.303 5 2.54951 -45.3337 -141.264
41 509.553 715.576 5 2.06155 -49.5329 -129.109
42 509.973 715.848 5 1.58114 -48.7691 152.073
43 510.392 716.12 5 1.11803 -40.9387 14.0728
44 510.811 716.393 5 0.707107 -37.1653 117.822
45 511.231 716.665 5 0.5 -34.79 1.89139
46 511.65 716.937 5 0.707107 -37.6133 125.234
47 512.069 717.21 5 1.11803 -41.7174 10.0832
48 512.489 717.482 5 1.58114 -45.8335 136.015
49 512.908 717.754 5 2.06155 -50.3526 -177.737
50 513.327 718.027 5 2.54951 -55.0152 152.32
51 513.747 718.299 5 3.04138 -49.1954 -105.321
52 514.166 718.571 5 3.53553 -48.403 -107.288
53 508.862 715.723 5 2.69258 -51.3756 126.337
54 509.281 715.995 5 2.23607 -43.407 63.0533
55 509.7 716.267 5 1.80278 -47.7799 -169.865
56 510.12 716.54 5 1.41421 -42.4137 -107.785
57 510.539 716.812 5 1.11803 -39.2891 7.5568
58 510.958 717.084 5 1 -40.498 -17.5339
59 511.378 717.357 5 1.11803 -41.7853 1.58971
60 511.797 717.629 5 1.41421 -42.3257 -111.12
61 512.216 717.901 5 1.80278 -46.0774 -139.771
62 512.636 718.174 5 2.23607 -47.4033 68.3775
63 513.055 718.446 5 2.69258 -45.5102 176.444
64 513.474 718.718 5 3.16228 -48.356 -113.525
65 513.894 718.991 5 3.64006 -59.1257 -1.40876
66 508.589 716.142 5 2.91548 -45.3069 -64.4298
67 509.009 716.414 5 2.5 -60.4944 124.81
68 509.428 716.687 5 2.12132 -42.9754 -11.0638
69 509.847 716.959 5 1.80278 -44.0643 -161.632
70 510.267 717.231 5 1.58114 -50.5148 96.3345
71 510.686 717.504 5 1.5 -42.433 -16.5909
72 511.105 717.776 5 1.58114 -45.3408 105.682
73 511.525 718.048 5 1.80278 -47.1066 -158.23
74 511.944 718.321 5 2.12132 -43.0133 9.04548
75 512.363 718.593 5 2.5 -49.478 -39.1832
76 512.783 718.865 5 2.91548 -47.4262 -67.6633
77 513.202 719.138 5 3.3541 -47.8066 52.6744
78 513.621 719.41 5 3.80789 -56.5677 159.55
79 510.414 717.923 5 2 -44.7614 -21.4853
80 510.833 718.195 5 2.06155 -46.5584 -157.313
81 511.672 718.74 5 2.5 -48.3144 26.113
82 512.091 719.012 5 2.82843 -51.4743 145.138
83 512.51 719.285 5 3.20156 -49.6683 130.928
84 512.93 719.557 5 3.60555 -49.5207 79.4187
85 513.349 719.829 5 4.03113 -48.6269 -103.72
86 510.141 718.342 5 2.5 -46.9298 -10.1784
87 510.561 718.615 5 2.54951 -43.9626 -140.125
88 511.399 719.159 5 2.91548 -56.5445 -166.761
89 511.819 719.432 5 3.20156 -46.8894 121.396
90 512.238 719.704 5 3.53553 -44.2582 -112.82
91 512.657 719.976 5 3.90512 -51.4833 -106.139
92 513.077 720.249 5 4.30116 -60.1508 116.01
93 509.869 718.762 5 3 -52.84 -6.99323
94 510.288 719.034 5 3.04138 -45.6744 -141.45
95 511.127 719.579 5 3.3541 -53.7348 -132.291
96 511.546 719.851 5 3.60555 -64.327 -125.07
97 511.966 720.123 5 3.90513 -59.4281 -6.41071
98 512.385 720.396 5 4.24264 -56.6492 73.8159
99 512.804 720.668 5 4.60977 -56.3712 165.101
100 509.597 719.181 5 3.5 -54.6871 20.5471
101 510.016 719.453 5 3.53553 -43.6868 -133.235
102 509.324 719.6 5 4 -54.8659 44.408
103 509.744 719.873 5 4.03113 -46.1799 -105.357
104 509.052 720.02 5 4.5 -54.8642 4.02351
105 509.471 720.292 5 4.52769 -48.1568 -91.9388
