1 509.951 714.045 5 1.11803 -41.7061 6.72493
2 510.37 714.318 5 0.707107 -35.0019 125.981
3 510.79 714.59 5 0.5 -33.0051 -2.66648
4 511.209 714.862 5 0.707107 -35.0676 115.857
5 511.628 715.135 5 1.11803 -37.9192 2.43265
6 512.048 715.407 5 1.58114 -45.8048 76.6773
7 512.467 715.679 5 2.06155 -45.9143 103.636
8 512.886 715.952 5 2.54951 -48.8594 -74.07
9 513.306 716.224 5 3.04138 -49.8193 -137.85
10 513.725 716.496 5 3.53553 -43.6719 -109.194
11 514.144 716.769 5 4.03113 -60.0914 -58.0458
12 514.564 717.041 5 4.52769 -54.5556 20.4493
13 514.983 717.313 5 5.02494 -43.393 51.9574
14 509.679 714.465 5 1 -42.4209 13.8524
15 510.098 714.737 5 0.5 -35.8124 -0.605954
16 510.517 715.009 5 0 -46.3598 -48.6081
17 510.937 715.282 5 0.5 -36.429 2.19872
18 511.356 715.554 5 1 -39.6956 27.3942
19 511.775 715.826 5 1.5 -43.3576 27.5356
20 512.195 716.099 5 2 -42.4303 23.3502
21 512.614 716.371 5 2.5 -59.3239 -34.3212
22 513.033 716.643 5 3 -53.633 146.155
23 513.453 716.916 5 3.5 -44.2837 -18.6164
24 513.872 717.188 5 4 -51.0115 2.19049
25 514.291 717.46 5 4.5 -46.0995 -44.0577
26 514.711 717.733 5 5 -50.8077 33.1468
27 509.406 714.884 5 1.11803 -46.6201 26.7897
28 509.826 715.156 5 0.707107 -37.478 138.655
29 510.245 715.429 5 0.5 -34.3217 3.70518
30 510.664 715.701 5 0.707107 -36.6697 130.926
31 511.084 715.973 5 1.11803 -44.4796 34.2751
32 511.503 716.246 5 1.58114 -46.4482 94.2939
33 511.922 716.518 5 2.06155 -47.5206 -156.741
34 512.342 716.79 5 2.54951 -49.8148 -127.402
35 512.761 717.063 5 3.04138 -42.727 -119.778
36 513.18 717.335 5 3.53553 -43.2108 -96.3999
37 513.6 717.607 5 4.03113 -50.6082 -141.426
38 514.019 717.88 5 4.52769 -53.3558 -24.2327
39 514.438 718.152 5 5.02494 -51.7854 -161.234
40 509.134 715.303 5 1.41421 -41.9696 -110.75
41 509.553 715.576 5 1.11803 -40.055 -2.69934
42 509.973 715.848 5 1 -37.171 7.84438
43 510.392 716.12 5 1.11803 -38.8272 4.14826
44 510.811 716.393 5 1.41421 -40.6377 -110.821
45 511.231 716.665 5 1.80278 -51.3282 -168.219
46 511.65 716.937 5 2.23607 -48.6307 67.644
47 512.069 717.21 5 2.69258 -48.5321 159.787
48 512.489 717.482 5 3.16228 -45.9051 -90.8067
49 512.908 717.754 5 3.64006 -53.9936 -9.11309
50 513.327 718.027 5 4.12311 -50.3932 -8.53944
51 513.747 718.299 5 4.60977 -50.8175 -7.53564
52 514.166 718.571 5 5.09902 -58.6829 93.4811
53 508.862 715.723 5 1.80278 -44.4017 -167.823
54 509.281 715.995 5 1.58114 -46.4767 129.441
55 509.7 716.267 5 1.5 -44.2464 19.0657
56 510.12 716.54 5 1.58114 -48.5586 107.238
57 510.539 716.812 5 1.80278 -52.0987 -112.062
58 510.958 717.084 5 2.12132 -47.2604 -17.5894
59 511.378 717.357 5 2.5 -45.5105 -3.38018
60 511.797 717.629 5 2.91548 -53.1518 -87.1112
61 512.216 717.901 5 3.3541 -49.3275 32.4217
62 512.636 718.174 5 3.80789 -51.446 144.855
63 513.055 718.446 5 4.272 -66.2425 -53.0525
64 513.474 718.718 5 4.74342 -59.6574 87.5093
65 513.894 718.991 5 5.22015 -50.3334 130.45
66 508.589 716.142 5 2.23607 -43.9976 -14.9549
67 509.009 716.414 5 2.06155 -49.4296 -136.473
68 509.428 716.687 5 2 -42.1602 14.1019
69 509.847 716.959 5 2.06155 -48.9498 -144.518
70 510.267 717.231 5 2.23607 -45.0195 6.51769
71 510.686 717.504 5 2.5 -47.905 9.2089
72 511.105 717.776 5 2.82843 -43.9264 138.764
73 511.525 718.048 5 3.20156 -47.2745 156.07
74 511.944 718.321 5 3.60555 -48.7167 69.0218
75 512.363 718.593 5 4.03113 -50.9726 -90.346
76 512.783 718.865 5 4.47214 -53.1347 86.8247
77 513.202 719.138 5 4.92443 -49.2039 -100.85
78 513.621 719.41 5 5.38516 -47.6955 -37.0078
79 510.414 717.923 5 2.91548 -50.1356 -95.6345
80 510.833 718.195 5 3.20156 -46.9904 173.296
81 511.672 718.74 5 3.90512 -53.7714 -105.396
82 512.091 719.012 5 4.30116 -53.9305 -162.771
83 512.51 719.285 5 4.71699 -56.9833 91.6947
84 512.93 719.557 5 5.14782 -51.2867 -88.5563
85 513.349 719.829 5 5.59017 -47.9902 81.9128
86 510.141 718.342 5 3.3541 -67.3143 -13.1346
87 510.561 718.615 5 3.60555 -52.3637 59.836
88 511.399 719.159 5 4.24264 -50.8323 -112.488
89 511.819 719.432 5 4.60977 -67.5534 59.4482
90 512.238 719.704 5 5 -53.4071 0.283004
91 512.657 719.976 5 5.40833 -51.1428 -83.1763
92 513.077 720.249 5 5.83095 -49.8413 147.622
93 509.869 718.762 5 3.80789 -56.9122 -52.4829
94 510.288 719.034 5 4.03113 -51.6817 -170.284
95 511.127 719.579 5 4.60977 -52.6175 -56.4562
96 511.546 719.851 5 4.94975 -47.6207 -51.4883
97 511.966 720.123 5 5.31507 -59.7241 -13.6226
98 512.385 720.396 5 5.70088 -54.8318 126.799
99 512.804 720.668 5 6.10328 -57.0805 -88.6228
100 509.597 719.181 5 4.272 -56.5458 -91.13
101 510.016 719.453 5 4.47214 -54.5234 157.654
102 509.324 719.6 5 4.74342 -54.147 136.73
103 509.744 719.873 5 4.92443 -53.2659 -7.27875
104 509.052 720.02 5 5.22015 -52.2736 178.899
105 509.471 720.292 5 5.38516 -58.0962 -82.7741
