1 505.473 717.831 5 5.78004 -60.6752 120.693
2 505.747 717.412 5 5.34199 -62.2006 -78.9572
3 506.02 716.994 5 4.91577 -63.6038 -41.2448
4 506.294 716.575 5 4.50475 -66.4548 -28.322
5 506.567 716.157 5 4.11348 -67.4689 107.164
6 505.891 718.104 5 5.56602 -62.6466 47.4255
7 506.165 717.686 5 5.10965 -61.0543 -39.5141
8 506.439 717.267 5 4.66224 -60.3023 99.6135
9 506.712 716.849 5 4.22663 -59.045 -79.161
10 506.986 716.43 5 3.80688 -76.4507 -7.81691
11 506.31 718.378 5 5.39001 -65.9609 -109.375
12 506.584 717.96 5 4.91733 -57.224 117.109
13 506.857 717.541 5 4.45063 -59.8718 43.0933
14 507.131 717.123 5 3.992 -65.1306 -84.3683
15 507.404 716.704 5 3.54458 -61.6216 76.7717
16 506.728 718.652 5 5.25584 -66.225 2.81802
17 507.002 718.233 5 4.76989 -74.516 137.109
18 507.276 717.815 5 4.28716 -61.8694 166.649
19 507.549 717.396 5 3.8089 -61.0499 139.01
20 507.823 716.978 5 3.33702 -61.0685 -2.23941
21 507.147 718.925 5 5.16677 -52.9765 -114.876
22 507.421 718.507 5 4.67156 -54.8889 -134.899
23 507.694 718.088 5 4.17749 -53.1811 -140.348
24 507.968 717.67 5 3.68502 -52.7647 -127.777
25 508.241 717.251 5 3.19489 -61.8578 -108.036
26 507.565 719.199 5 5.12515 -48.7714 -18.2556
27 507.839 718.78 5 4.62549 -49.8629 -25.4616
28 508.113 718.362 5 4.12591 -50.8318 -6.7183
29 508.386 717.943 5 3.62644 -49.5274 -19.9234
30 508.66 717.525 5 3.12714 -49.7233 -27.0605
31 507.984 719.472 5 5.13214 -50.2987 -36.6192
32 508.258 719.054 5 4.63323 -51.0296 -34.9623
33 508.531 718.635 5 4.13458 -51.9596 -44.3596
34 508.805 718.217 5 3.6363 -48.6943 -61.3088
35 509.078 717.798 5 3.13858 -52.272 -42.3358
36 508.402 719.746 5 5.18753 -64.6932 -77.5442
37 508.676 719.328 5 4.69451 -85.4871 38.5414
38 508.95 718.909 5 4.20314 -74.9939 75.6253
39 509.223 718.491 5 3.71408 -75.4376 -113.368
40 509.497 718.072 5 3.22836 -74.7061 -27.3861
