1 509.951 714.045 5 4.71699 -56.1143 82.7433
2 510.37 714.318 5 4.47214 -66.5846 -170.198
3 510.79 714.59 5 4.272 -60.4357 175.553
4 511.209 714.862 5 4.12311 -56.4808 25.4636
5 511.628 715.135 5 4.03113 -49.6645 -37.4547
6 512.048 715.407 5 4 -57.0531 1.03528
7 512.467 715.679 5 4.03113 -48.073 -93.5379
8 512.886 715.952 5 4.12311 -52.8018 -27.9418
9 513.306 716.224 5 4.272 -52.3527 43.893
10 513.725 716.496 5 4.47214 -47.0816 74.3046
11 514.144 716.769 5 4.71699 -48.3217 123.755
12 514.564 717.041 5 5 -62.116 84.3565
13 514.983 717.313 5 5.31507 -87.9705 -178.665
14 509.679 714.465 5 4.30116 -57.7263 46.1577
15 510.098 714.737 5 4.03113 -56.1373 -11.1611
16 510.517 715.009 5 3.80789 -60.1296 -42.7653
17 510.937 715.282 5 3.64006 -60.2249 -158.425
18 511.356 715.554 5 3.53553 -54.3218 -68.7304
19 511.775 715.826 5 3.5 -48.0347 19.6099
20 512.195 716.099 5 3.53553 -45.3673 -94.4139
21 512.614 716.371 5 3.64006 -53.1906 150.684
22 513.033 716.643 5 3.80789 -54.3233 167.446
23 513.453 716.916 5 4.03113 -44.4896 -88.004
24 513.872 717.188 5 4.30116 -64.0625 -138.489
25 514.291 717.46 5 4.60977 -50.1772 51.3853
26 514.711 717.733 5 4.94975 -60.7195 34.9565
27 509.406 714.884 5 3.90512 -60.5121 -133.7
28 509.826 715.156 5 3.60555 -58.2767 117.568
29 510.245 715.429 5 3.3541 -60.1257 143.74
30 510.664 715.701 5 3.16228 -63.5605 58.9463
31 511.084 715.973 5 3.04138 -50.4491 -44.2522
32 511.503 716.246 5 3 -49.7745 15.5757
33 511.922 716.518 5 3.04138 -48.0081 -146.948
34 512.342 716.79 5 3.16228 -51.0363 89.9936
35 512.761 717.063 5 3.3541 -43.7975 75.4084
36 513.18 717.335 5 3.60555 -46.0482 54.4505
37 513.6 717.607 5 3.90513 -53.4971 32.7162
38 514.019 717.88 5 4.24264 -54.8522 -136.09
39 514.438 718.152 5 4.60977 -49.9167 -94.153
40 509.134 715.303 5 3.53553 -55.3775 -99.9149
41 509.553 715.576 5 3.20156 -56.718 124.202
42 509.973 715.848 5 2.91548 -67.965 -129.325
43 510.392 716.12 5 2.69258 -52.2713 36.2194
44 510.811 716.393 5 2.54951 -50.8365 -21.0097
45 511.231 716.665 5 2.5 -53.3577 33.838
46 511.65 716.937 5 2.54951 -46.3824 158
47 512.069 717.21 5 2.69258 -47.8394 175.971
48 512.489 717.482 5 2.91548 -42.1029 -133.212
49 512.908 717.754 5 3.20156 -55.7209 -17.3764
50 513.327 718.027 5 3.53553 -52.7546 -148.327
51 513.747 718.299 5 3.90513 -53.9844 88.6477
52 514.166 718.571 5 4.30116 -50.8828 78.5644
53 508.862 715.723 5 3.20156 -51.0787 149.029
54 509.281 715.995 5 2.82843 -55.7926 99.2807
55 509.7 716.267 5 2.5 -56.2961 -97.373
56 510.12 716.54 5 2.23607 -54.7198 91.0819
57 510.539 716.812 5 2.06155 -62.2897 -75.6865
58 510.958 717.084 5 2 -45.0531 12.3728
59 511.378 717.357 5 2.06155 -49.5005 56.8384
60 511.797 717.629 5 2.23607 -42.9426 46.5225
61 512.216 717.901 5 2.5 -49.1779 178.78
62 512.636 718.174 5 2.82843 -48.9277 69.6301
63 513.055 718.446 5 3.20156 -52.5113 30.7363
64 513.474 718.718 5 3.60555 -46.8533 -83.9084
65 513.894 718.991 5 4.03113 -49.3389 155.043
66 508.589 716.142 5 2.91548 -64.1808 -177.68
67 509.009 716.414 5 2.5 -59.3881 130.498
68 509.428 716.687 5 2.12132 -56.6979 66.8413
69 509.847 716.959 5 1.80278 -54.9573 26.3258
70 510.267 717.231 5 1.58114 -49.4299 -89.4861
71 510.686 717.504 5 1.5 -42.7677 45.6049
72 511.105 717.776 5 1.58114 -49.9056 -170.68
73 511.525 718.048 5 1.80278 -47.9849 163.796
74 511.944 718.321 5 2.12132 -46.0823 -115.948
75 512.363 718.593 5 2.5 -45.2215 -119.67
76 512.783 718.865 5 2.91548 -48.1664 106.224
77 513.202 719.138 5 3.3541 -47.5191 -99.5141
78 513.621 719.41 5 3.80789 -46.5778 -6.34003
79 510.414 717.923 5 1 -33.1087 7.14781
80 510.833 718.195 5 1.11803 -38.4772 -26.36
81 511.672 718.74 5 1.80278 -43.607 71.7887
82 512.091 719.012 5 2.23607 -47.1693 -149.724
83 512.51 719.285 5 2.69258 -50.5858 0.54664
84 512.93 719.557 5 3.16228 -51.7861 72.1587
85 513.349 719.829 5 3.64006 -59.7999 -146.955
86 510.141 718.342 5 0.5 -46.0048 74.1002
87 510.561 718.615 5 0.707107 -33.5905 104.894
88 511.399 719.159 5 1.58114 -45.4779 -43.2705
89 511.819 719.432 5 2.06155 -46.6325 38.3566
90 512.238 719.704 5 2.54951 -53.0125 35.6783
91 512.657 719.976 5 3.04138 -59.3406 81.0923
92 513.077 720.249 5 3.53553 -55.5203 123.209
93 509.869 718.762 5 0 -32.1324 -101.211
94 510.288 719.034 5 0.5 -31.4175 -36.641
95 511.127 719.579 5 1.5 -52.6431 -133.487
96 511.546 719.851 5 2 -53.8128 -43.4836
97 511.966 720.123 5 2.5 -54.134 42.0744
98 512.385 720.396 5 3 -54.1912 -18.0703
99 512.804 720.668 5 3.5 -57.5007 132.734
100 509.597 719.181 5 0.5 -43.8899 94.9356
101 510.016 719.453 5 0.707107 -32.4266 105.772
102 509.324 719.6 5 1 -33.6792 8.07615
103 509.744 719.873 5 1.11803 -38.177 -25.5955
104 509.052 720.02 5 1.5 -40.471 53.8799
105 509.471 720.292 5 1.58114 -51.1036 -177.752
