1 514.644 719.84 5 1.73732 -68.7401 -151.789
2 514.371 720.259 5 1.60276 -55.2967 -87.2768
3 514.097 720.678 5 1.61845 -53.5869 -133.274
4 513.824 721.096 5 1.78043 -53.9256 65.1422
5 513.551 721.515 5 2.05438 -56.8761 -155.194
6 513.278 721.934 5 2.4023 -78.1387 -23.4483
7 513.004 722.353 5 2.79671 -75.1529 114.048
8 512.731 722.771 5 3.22058 -74.9953 -108.812
9 512.458 723.19 5 3.6637 -84.1448 -17.3013
10 512.185 723.609 5 4.11986 -87.5899 159.149
11 515.063 720.113 5 2.20422 -51.1459 -34.5922
12 514.789 720.532 5 2.0998 -56.3015 -32.3884
13 514.516 720.951 5 2.1118 -52.6895 -36.7379
14 514.243 721.37 5 2.23836 -52.1872 -108.315
15 513.97 721.788 5 2.46187 -64.9768 91.0754
16 513.696 722.207 5 2.75887 -80.6252 80.1986
17 513.423 722.626 5 3.10836 -68.6374 -68.2051
18 513.15 723.045 5 3.49463 -70.204 -48.5251
19 512.877 723.463 5 3.90679 -78.4255 -32.7792
20 512.603 723.882 5 4.33746 -76.653 14.0611
21 515.481 720.387 5 2.68308 -54.0544 38.9923
22 515.208 720.805 5 2.59797 -52.72 -85.9461
23 514.935 721.224 5 2.60768 -55.3842 -102.606
24 514.662 721.643 5 2.71119 -53.5368 -3.35483
25 514.388 722.062 5 2.89847 -59.459 159.827
26 514.115 722.48 5 3.15462 -62.656 -62.5449
27 513.842 722.899 5 3.46442 -75.9417 -147.243
28 513.568 723.318 5 3.81481 -70.0566 -132.392
29 513.295 723.737 5 4.19563 -75.5819 -19.0598
30 513.022 724.155 5 4.59933 -83.0111 -1.88824
31 515.9 720.66 5 3.16847 -52.7173 128.192
32 515.627 721.079 5 3.09673 -52.0736 -59.6539
33 515.353 721.497 5 3.10488 -52.229 -74.2603
34 515.08 721.916 5 3.19231 -49.0547 58.5065
35 514.807 722.335 5 3.35282 -50.8326 -57.1363
36 514.534 722.754 5 3.57658 -83.1848 166.258
37 514.26 723.172 5 3.8526 -65.4998 -87.1465
38 513.987 723.591 5 4.1705 -69.7307 -42.4662
39 516.319 720.933 5 3.6578 -55.143 141.979
40 516.045 721.352 5 3.59584 -54.6325 -43.1292
41 515.772 721.771 5 3.60286 -59.5558 -166.11
42 515.499 722.189 5 3.67847 -54.7683 105.289
43 515.226 722.608 5 3.8186 -55.1489 11.6522
44 514.952 723.027 5 4.0165 -53.8238 128.159
45 514.679 723.446 5 4.26413 -60.0547 54.5953
46 514.406 723.864 5 4.55339 -113.799 -61.9179
47 516.737 721.206 5 4.14968 -53.1468 140.058
48 516.464 721.625 5 4.09516 -74.4472 171.998
49 516.191 722.044 5 4.10133 -59.0416 -61.9413
50 515.918 722.463 5 4.16791 -58.8755 80.4358
51 515.644 722.881 5 4.29209 -52.255 86.626
52 515.371 723.3 5 4.46907 -53.8394 -28.2456
53 515.098 723.719 5 4.69288 -76.0183 -20.3523
54 514.825 724.138 5 4.95718 -139.351 -2.41948
55 517.156 721.48 5 4.64329 -58.8058 146.218
56 516.883 721.898 5 4.59463 -72.2255 2.48475
57 516.61 722.317 5 4.60013 -59.2003 -50.4235
58 516.336 722.736 5 4.65959 -53.5139 92.8017
59 516.063 723.155 5 4.77099 -52.0016 -177.277
60 515.79 723.573 5 4.93081 -58.5911 54.5811
61 515.517 723.992 5 5.13453 -57.5233 114.035
62 515.243 724.411 5 5.37717 -120.677 -59.3425
63 517.575 721.753 5 5.13813 -61.2553 139.868
64 517.302 722.172 5 5.09421 -59.0156 2.77745
65 517.028 722.59 5 5.09917 -60.5728 -92.3866
66 516.755 723.009 5 5.15287 -61.0509 150.969
67 516.482 723.428 5 5.25382 -57.6218 -139.487
68 516.209 723.847 5 5.39937 -54.7342 133.337
69 515.935 724.265 5 5.58603 -58.6895 -15.7965
70 515.662 724.684 5 5.80984 -71.5177 -173.05
71 517.994 722.026 5 5.63389 -55.4408 62.0127
72 517.72 722.445 5 5.59386 -64.4465 -3.64676
73 517.447 722.864 5 5.59838 -60.6451 -12.5647
74 517.174 723.282 5 5.64733 -60.3471 108.369
75 516.901 723.701 5 5.73959 -60.4498 -102.007
76 516.627 724.12 5 5.87311 -52.1372 -121.565
77 516.354 724.539 5 6.04517 -65.0088 127.591
78 516.081 724.957 5 6.25257 -60.4457 -167.836
