1 505.473 717.831 5 8.35939 -69.405 139.567
2 505.747 717.412 5 8.03099 -64.3735 -37.3898
3 506.02 716.994 5 7.72102 -67.3274 175.172
4 506.294 716.575 5 7.43179 -71.2895 161.496
5 506.567 716.157 5 7.16582 -87.665 -50.9084
6 505.891 718.104 5 7.99704 -61.0679 154.164
7 506.165 717.686 5 7.6531 -68.4044 70.4869
8 506.439 717.267 5 7.32717 -63.5135 -167.525
9 506.712 716.849 5 7.02173 -72.7548 -35.3114
10 506.986 716.43 5 6.73959 -67.238 -35.8828
11 506.31 718.378 5 7.65021 -68.0429 47.0089
12 506.584 717.96 5 7.28994 -60.2751 31.8272
13 506.857 717.541 5 6.94698 -73.8251 -88.0228
14 507.131 717.123 5 6.62404 -63.3612 48.8729
15 507.404 716.704 5 6.32419 -69.9021 174.667
16 506.728 718.652 5 7.32113 -72.3595 -147.127
17 507.002 718.233 5 6.9438 -69.718 -90.0893
18 507.276 717.815 5 6.58284 -63.673 -87.1999
19 507.549 717.396 5 6.24108 -72.4341 -88.4278
20 507.823 716.978 5 5.92187 -62.2795 -83.1893
21 507.147 718.925 5 7.01229 -80.694 87.2688
22 507.421 718.507 5 6.61737 -77.5606 -106.663
23 507.694 718.088 5 6.23754 -67.9209 167.323
24 507.968 717.67 5 5.87574 -62.0651 141.866
25 508.241 717.251 5 5.53549 -94.363 97.5517
26 507.565 719.199 5 6.72647 -68.6417 155.928
27 507.839 718.78 5 6.31369 -82.9142 -137.701
28 508.113 718.362 5 5.9144 -85.7515 140.777
29 508.386 717.943 5 5.5315 -66.5964 30.7805
30 508.66 717.525 5 5.16864 -58.1312 19.3622
31 507.984 719.472 5 6.46672 -76.3279 -103.901
32 508.258 719.054 5 6.03622 -64.6161 -37.0797
33 508.531 718.635 5 5.61723 -76.6112 9.40269
34 508.805 718.217 5 5.21255 -80.4507 144.871
35 509.078 717.798 5 4.82577 -72.4474 -95.4399
36 508.402 719.746 5 6.23632 -64.8065 126.356
37 508.676 719.328 5 5.7887 -62.6914 72.8168
38 508.95 718.909 5 5.35037 -63.6454 173.608
39 509.223 718.491 5 4.9238 -64.6901 -91.0922
40 509.497 718.072 5 4.51234 -73.7291 -78.8765
