1 514.644 719.84 5 6.22985 -73.1933 36.1049
2 514.371 720.259 5 6.35229 -58.9484 -62.4248
3 514.097 720.678 5 6.51094 -58.4552 76.4304
4 513.824 721.096 5 6.70321 -71.7274 -75.3506
5 513.551 721.515 5 6.9263 -75.7341 135.991
6 513.278 721.934 5 7.17735 -78.0103 -60.9186
7 513.004 722.353 5 7.45352 -88.0533 20.6471
8 512.731 722.771 5 7.75214 -67.109 5.81902
9 512.458 723.19 5 8.07071 -88.7936 -92.3409
10 512.185 723.609 5 8.40696 -89.024 -50.0741
11 515.063 720.113 5 6.7198 -62.7311 81.6223
12 514.789 720.532 5 6.83347 -61.4865 -13.0778
13 514.516 720.951 5 6.98119 -55.2335 -129.614
14 514.243 721.37 5 7.16084 -52.7478 141.897
15 513.97 721.788 5 7.3701 -78.4149 -48.8337
16 513.696 722.207 5 7.60651 -73.1605 164.622
17 513.423 722.626 5 7.86764 -79.9838 125.398
18 513.15 723.045 5 8.1511 -63.5022 -9.05549
19 512.877 723.463 5 8.45465 -88.9098 -67.4229
20 512.603 723.882 5 8.7762 -92.2249 8.05918
21 515.481 720.387 5 7.21113 -64.8281 94.1969
22 515.208 720.805 5 7.31717 -70.3858 62.1524
23 514.935 721.224 5 7.45531 -61.8216 -14.7178
24 514.662 721.643 5 7.6238 -58.95 -118.327
25 514.388 722.062 5 7.82068 -59.1469 -51.4611
26 514.115 722.48 5 8.04386 -78.2004 -154.97
27 513.842 722.899 5 8.29122 -68.3929 70.5169
28 513.568 723.318 5 8.56067 -81.47 -131.639
29 513.295 723.737 5 8.85018 -64.7379 135.251
30 513.022 724.155 5 9.15786 -89.9929 117.089
31 515.9 720.66 5 7.70357 -63.6802 -86.1071
32 515.627 721.079 5 7.80293 -65.3039 -91.8875
33 515.353 721.497 5 7.93261 -64.5678 39.7472
34 515.08 721.916 5 8.09117 -56.875 -47.9574
35 514.807 722.335 5 8.27694 -57.4124 150.24
36 514.534 722.754 5 8.48813 -59.9308 91.3568
37 514.26 723.172 5 8.7229 -73.7812 163.378
38 513.987 723.591 5 8.97941 -106.53 -109.648
39 516.319 720.933 5 8.19693 -58.1089 82.5427
40 516.045 721.352 5 8.29038 -62.5863 143.218
41 515.772 721.771 5 8.41255 -63.68 -0.900673
42 515.499 722.189 5 8.56223 -58.2751 78.8616
43 515.226 722.608 5 8.73799 -64.2473 -87.9714
44 514.952 723.027 5 8.93829 -68.5996 -17.8935
45 514.679 723.446 5 9.16154 -60.6412 -149.127
46 514.406 723.864 5 9.40608 -111.619 154.793
47 516.737 721.206 5 8.69105 -57.6117 0.0535206
48 516.464 721.625 5 8.77924 -62.7065 -122.136
49 516.191 722.044 5 8.8947 -65.2115 172.747
50 515.918 722.463 5 9.03639 -53.6302 120.87
51 515.644 722.881 5 9.2031 -59.7995 -3.70395
52 515.371 723.3 5 9.39349 -59.6671 -177.115
53 515.098 723.719 5 9.60617 -62.5094 -144.709
54 514.825 724.138 5 9.83967 -126.813 -95.8435
55 517.156 721.48 5 9.18581 -59.3258 41.554
56 516.883 721.898 5 9.26929 -57.9029 111.745
57 516.61 722.317 5 9.37872 -60.4222 125.519
58 516.336 722.736 5 9.51321 -61.3779 163.036
59 516.063 723.155 5 9.6717 -58.1517 119.957
60 515.79 723.573 5 9.85304 -63.4181 -66.6613
61 515.517 723.992 5 10.056 -67.1779 -4.70597
62 515.243 724.411 5 10.2793 -129.362 -37.1597
63 517.575 721.753 5 9.6811 -64.9121 -77.4455
64 517.302 722.172 5 9.76035 -64.084 53.3088
65 517.028 722.59 5 9.86433 -77.3611 -28.5014
66 516.755 723.009 5 9.99228 -63.1202 -44.5871
67 516.482 723.428 5 10.1433 -64.2116 172.641
68 516.209 723.847 5 10.3164 -57.3673 30.3262
69 515.935 724.265 5 10.5104 -60.6685 -148.009
70 515.662 724.684 5 10.7242 -73.6077 59.2397
71 517.994 722.026 5 10.1769 -81.2046 -95.3235
72 517.72 722.445 5 10.2523 -65.578 94.2828
73 517.447 722.864 5 10.3513 -63.4256 159.442
74 517.174 723.282 5 10.4733 -63.8789 176.142
75 516.901 723.701 5 10.6175 -61.255 -67.9205
76 516.627 724.12 5 10.7829 -64.8525 -114.038
77 516.354 724.539 5 10.9687 -70.0316 26.7044
78 516.081 724.957 5 11.1738 -70.0802 140.454
