1 514.644 719.84 5 3.09804 -74.9125 52.6994
2 514.371 720.259 5 3.10566 -54.7061 -55.713
3 514.097 720.678 5 3.19255 -53.1449 33.7704
4 513.824 721.096 5 3.35255 -50.9869 -135.49
5 513.551 721.515 5 3.57587 -69.0072 -16.9063
6 513.278 721.934 5 3.85151 -70.0896 83.713
7 513.004 722.353 5 4.1691 -74.0232 132.79
8 512.731 722.771 5 4.51981 -67.9637 27.144
9 512.458 723.19 5 4.89652 -89.175 161.525
10 512.185 723.609 5 5.29369 -67.4132 -13.8932
11 515.063 720.113 5 3.59712 -68.3286 -20.5567
12 514.789 720.532 5 3.60368 -53.6928 -41.7543
13 514.516 720.951 5 3.67882 -55.4339 91.0211
14 514.243 721.37 5 3.81851 -53.2277 21.0776
15 513.97 721.788 5 4.016 -70.7872 80.2089
16 513.696 722.207 5 4.26328 -68.2714 22.6902
17 513.423 722.626 5 4.55223 -67.9201 51.3472
18 513.15 723.045 5 4.87545 -66.5208 48.852
19 512.877 723.463 5 5.2266 -79.6629 106.432
20 512.603 723.882 5 5.60041 -81.4114 119.037
21 515.481 720.387 5 4.09642 -65.6873 124.867
22 515.208 720.805 5 4.10218 -58.7745 -16.7633
23 514.935 721.224 5 4.16835 -53.7222 107.405
24 514.662 721.643 5 4.29213 -55.4988 112.268
25 514.388 722.062 5 4.46874 -73.7534 -19.9277
26 514.115 722.48 5 4.69222 -70.018 -135.709
27 513.842 722.899 5 4.95623 -71.5049 -90.1048
28 513.568 723.318 5 5.25466 -73.2451 157.902
29 513.295 723.737 5 5.582 -69.6928 168.957
30 513.022 724.155 5 5.93346 -91.4376 38.8954
31 515.9 720.66 5 4.59587 -61.6386 -15.2396
32 515.627 721.079 5 4.60101 -56.1443 -46.2405
33 515.353 721.497 5 4.6601 -52.5082 146.496
34 515.08 721.916 5 4.77114 -51.9419 -147.449
35 514.807 722.335 5 4.93063 -59.8421 48.5143
36 514.534 722.754 5 5.13404 -65.0111 -36.8743
37 514.26 723.172 5 5.37639 -75.7264 149.74
38 513.987 723.591 5 5.65268 -84.9502 99.1359
39 516.319 720.933 5 5.09543 -49.2521 59.3492
40 516.045 721.352 5 5.10007 -71.9399 -42.0209
41 515.772 721.771 5 5.15344 -55.1089 156.903
42 515.499 722.189 5 5.25407 -56.7749 -106.918
43 515.226 722.608 5 5.3993 -55.7468 119.678
44 514.952 723.027 5 5.58567 -69.5899 -112.141
45 514.679 723.446 5 5.80921 -68.4402 82.598
46 514.406 723.864 5 6.06583 -94.2057 -26.9652
47 516.737 721.206 5 5.59507 -61.0237 132.848
48 516.464 721.625 5 5.59929 -56.9912 -36.8875
49 516.191 722.044 5 5.64795 -55.812 -135.944
50 515.918 722.463 5 5.73991 -55.8956 -97.7878
51 515.644 722.881 5 5.87315 -56.6645 -89.8072
52 515.371 723.3 5 6.04492 -57.8322 -178.429
53 515.098 723.719 5 6.25207 -68.3656 86.8924
54 514.825 724.138 5 6.4912 -122.481 116.359
55 517.156 721.48 5 6.09477 -74.1032 92.1092
56 516.883 721.898 5 6.09865 -67.9616 128.352
57 516.61 722.317 5 6.14335 -57.1061 -163.547
58 516.336 722.736 5 6.228 -55.7729 -72.5161
59 516.063 723.155 5 6.351 -57.0372 7.85625
60 515.79 723.573 5 6.51019 -59.7683 -173.34
61 515.517 723.992 5 6.70297 -72.1577 149.101
62 515.243 724.411 5 6.92655 -131.112 35.276
63 517.575 721.753 5 6.59451 -68.4251 56.6452
64 517.302 722.172 5 6.5981 -52.6599 162.859
65 517.028 722.59 5 6.63944 -62.6042 -71.7428
66 516.755 723.009 5 6.71784 -55.3784 -40.1841
67 516.482 723.428 5 6.83203 -61.1037 1.96612
68 516.209 723.847 5 6.98025 -52.6393 -92.9041
69 515.935 724.265 5 7.16039 -66.4208 -56.4428
70 515.662 724.684 5 7.3701 -93.6166 -11.8838
71 517.994 722.026 5 7.09429 -71.1437 -36.2228
72 517.72 722.445 5 7.09762 -53.9743 -112.322
73 517.447 722.864 5 7.13607 -60.3335 -155.916
74 517.174 723.282 5 7.20908 -62.6704 -32.2194
75 516.901 723.701 5 7.3156 -57.9448 30.8273
76 516.627 724.12 5 7.45421 -59.5764 47.395
77 516.354 724.539 5 7.62316 -68.1041 -134.853
78 516.081 724.957 5 7.82047 -70.6152 65.8198
