1 514.644 719.84 5 4.47188 -61.927 -70.232
2 514.371 720.259 5 4.69497 -72.8831 42.3984
3 514.097 720.678 5 4.95861 -52.5834 -33.6215
4 513.824 721.096 5 5.2567 -50.9643 -136.393
5 513.551 721.515 5 5.58372 -66.6401 158.66
6 513.278 721.934 5 5.93489 -74.3179 132.306
7 513.004 722.353 5 6.30619 -89.0655 110.494
8 512.731 722.771 5 6.69426 -69.9938 142.742
9 512.458 723.19 5 7.09635 -86.4807 -168.927
10 512.185 723.609 5 7.51021 -73.97 52.438
11 515.063 720.113 5 4.93391 -65.382 -55.1205
12 514.789 720.532 5 5.13698 -67.3289 146.659
13 514.516 720.951 5 5.37899 -53.876 -139.813
14 514.243 721.37 5 5.65497 -52.7376 146.037
15 513.97 721.788 5 5.96018 -72.4612 141.413
16 513.696 722.207 5 6.29037 -71.5453 -105.711
17 513.423 722.626 5 6.64182 -74.3888 -149.401
18 513.15 723.045 5 7.01134 -78.117 35.8932
19 512.877 723.463 5 7.39621 -89.9438 97.8169
20 512.603 723.882 5 7.79416 -88.9199 -9.03492
21 515.481 720.387 5 5.40271 -60.824 115.075
22 515.208 720.805 5 5.58877 -68.3497 109.047
23 514.935 721.224 5 5.812 -63.0803 -58.7737
24 514.662 721.643 5 6.06831 -51.1051 39.392
25 514.388 722.062 5 6.3537 -51.8727 -53.8424
26 514.115 722.48 5 6.66442 -74.2735 -128.897
27 513.842 722.899 5 6.99711 -67.8853 -156.802
28 513.568 723.318 5 7.34879 -79.4224 -105.943
29 513.295 723.737 5 7.71685 -75.7819 -158.117
30 513.022 724.155 5 8.09906 -79.4181 174.901
31 515.9 720.66 5 5.87665 -60.9894 52.7269
32 515.627 721.079 5 6.04815 -63.4235 9.63863
33 515.353 721.497 5 6.25501 -64.0556 -122.597
34 515.08 721.916 5 6.49386 -68.5588 -161.915
35 514.807 722.335 5 6.76131 -52.9572 -129.882
36 514.534 722.754 5 7.0541 -53.6392 98.8381
37 514.26 723.172 5 7.36922 -70.4276 29.4686
38 513.987 723.591 5 7.70392 -93.3524 134.18
39 516.319 720.933 5 6.35459 -66.4213 -129.601
40 516.045 721.352 5 6.51351 -55.0743 -169.429
41 515.772 721.771 5 6.70604 -63.8344 117.755
42 515.499 722.189 5 6.92936 -60.8075 -3.11001
43 515.226 722.608 5 7.1806 -56.4869 96.8543
44 514.952 723.027 5 7.45695 -51.0109 35.666
45 514.679 723.446 5 7.75572 -86.6406 -58.0782
46 514.406 723.864 5 8.07442 -108.704 -161.378
47 516.737 721.206 5 6.83568 -73.76 15.8912
48 516.464 721.625 5 6.98367 -69.7296 -46.9068
49 516.191 722.044 5 7.16357 -65.3146 -7.88062
50 515.918 722.463 5 7.37304 -65.0901 -42.8765
51 515.644 722.881 5 7.60965 -61.3987 173.293
52 515.371 723.3 5 7.87095 -54.6886 -78.5243
53 515.098 723.719 5 8.15457 -55.4114 160.958
54 514.825 724.138 5 8.45825 -105.73 -44.0122
55 517.156 721.48 5 7.31931 -70.7485 154.661
56 516.883 721.898 5 7.45771 -66.1148 -74.3653
57 516.61 722.317 5 7.62643 -65.3049 -163.176
58 516.336 722.736 5 7.82353 -71.5462 112.072
59 516.063 723.155 5 8.0469 -61.745 50.6334
60 515.79 723.573 5 8.29444 -60.9952 117.337
61 515.517 723.992 5 8.56404 -53.349 76.2812
62 515.243 724.411 5 8.85369 -117.429 -66.7756
63 517.575 721.753 5 7.80501 -78.7995 -36.3092
64 517.302 722.172 5 7.93494 -63.0064 -38.3246
65 517.028 722.59 5 8.09372 -66.0692 -26.6742
66 516.755 723.009 5 8.27969 -61.808 70.8043
67 516.482 723.428 5 8.49108 -79.7615 -83.7433
68 516.209 723.847 5 8.72602 -62.9741 -120.738
69 515.935 724.265 5 8.98268 -63.0443 -43.8933
70 515.662 724.684 5 9.25924 -65.1445 166.499
71 517.994 722.026 5 8.2924 -73.9238 -18.7103
72 517.72 722.445 5 8.41481 -68.7103 -134.864
73 517.447 722.864 5 8.5647 -60.5175 -66.9878
74 517.174 723.282 5 8.74066 -60.3617 -51.8631
75 516.901 723.701 5 8.94115 -59.871 -130.527
76 516.627 724.12 5 9.16456 -80.2023 52.4411
77 516.354 724.539 5 9.40927 -70.4677 34.4347
78 516.081 724.957 5 9.67364 -58.8906 150.582
