1 514.644 719.84 5 2.76231 -67.3982 -4.73786
2 514.371 720.259 5 3.11123 -73.1052 38.237
3 514.097 720.678 5 3.49703 -64.5732 -149.841
4 513.824 721.096 5 3.90879 -62.5084 151.98
5 513.551 721.515 5 4.33914 -62.7694 -135.248
6 513.278 721.934 5 4.78305 -65.1772 -158.659
7 513.004 722.353 5 5.23708 -66.7747 13.5659
8 512.731 722.771 5 5.69881 -82.8397 -45.9686
9 512.458 723.19 5 6.16652 -97.9567 152.85
10 512.185 723.609 5 6.63893 -81.9591 36.9798
11 515.063 720.113 5 3.1585 -62.9198 80.0958
12 514.789 720.532 5 3.46779 -73.8619 -78.616
13 514.516 720.951 5 3.81772 -78.4843 72.9953
14 514.243 721.37 5 4.19815 -72.5422 -115.912
15 513.97 721.788 5 4.60151 -77.0598 -82.8285
16 513.696 722.207 5 5.02229 -77.6 51.8786
17 513.423 722.626 5 5.45645 -65.9054 145.731
18 513.15 723.045 5 5.90104 -75.3115 -158.901
19 512.877 723.463 5 6.35387 -70.6521 37.5759
20 512.603 723.882 5 6.81331 -85.9657 153.715
21 515.481 720.387 5 3.58077 -62.8154 48.3227
22 515.208 720.805 5 3.85634 -51.2272 33.5908
23 514.935 721.224 5 4.17382 -68.0635 28.9368
24 514.662 721.643 5 4.52441 -65.819 -68.9217
25 514.388 722.062 5 4.90099 -60.8297 140.967
26 514.115 722.48 5 5.29803 -69.9878 -118.763
27 513.842 722.899 5 5.71127 -67.9985 -117.226
28 513.568 723.318 5 6.13743 -74.0783 -14.265
29 513.295 723.737 5 6.574 -74.1105 50.488
30 513.022 724.155 5 7.01904 -68.6144 -141.933
31 515.9 720.66 5 4.02091 -64.2121 22.5293
32 515.627 721.079 5 4.26815 -57.4162 151.595
33 515.353 721.497 5 4.55704 -56.6951 -170.97
34 515.08 721.916 5 4.88017 -69.7697 160.525
35 514.807 722.335 5 5.2312 -60.3961 53.4787
36 514.534 722.754 5 5.6049 -67.8744 -138.904
37 514.26 723.172 5 5.99703 -73.6798 -158.075
38 513.987 723.591 5 6.4042 -76.5427 154.453
39 516.319 720.933 5 4.47364 -68.9987 154.239
40 516.045 721.352 5 4.69712 -63.7189 -109.407
41 515.772 721.771 5 4.96109 -63.2193 -89.8397
42 515.499 722.189 5 5.25945 -56.903 -95.9485
43 515.226 722.608 5 5.5867 -67.4618 -36.0126
44 514.952 723.027 5 5.93807 -69.6191 -143.453
45 514.679 723.446 5 6.30953 -70.3783 -1.21133
46 514.406 723.864 5 6.69773 -101.487 -97.3777
47 516.737 721.206 5 4.93551 -57.4285 -93.519
48 516.464 721.625 5 5.13894 -71.3058 158.59
49 516.191 722.044 5 5.38128 -60.3928 -97.8906
50 515.918 722.463 5 5.65753 -58.35 34.9401
51 515.644 722.881 5 5.96297 -53.9683 18.8901
52 515.371 723.3 5 6.29337 -68.01 92.0158
53 515.098 723.719 5 6.64499 -68.2885 -10.5628
54 514.825 724.138 5 7.01466 -129.596 -134.998
55 517.156 721.48 5 5.40417 -64.6984 -163.449
56 516.883 721.898 5 5.59057 -69.1668 -166.881
57 516.61 722.317 5 5.81412 -64.7843 -79.8771
58 516.336 722.736 5 6.0707 -58.0768 49.7047
59 516.063 723.155 5 6.35632 -59.7206 96.4699
60 515.79 723.573 5 6.66726 -58.6484 166.746
61 515.517 723.992 5 7.00012 -69.7571 -158.266
62 515.243 724.411 5 7.35195 -118.167 -150.423
63 517.575 721.753 5 5.878 -65.7899 -129.987
64 517.302 722.172 5 6.04982 -63.1984 -69.3525
65 517.028 722.59 5 6.25698 -59.245 1.58369
66 516.755 723.009 5 6.49609 -62.5209 175.712
67 516.482 723.428 5 6.76377 -60.1705 169.404
68 516.209 723.847 5 7.05678 -59.8247 -139.186
69 515.935 724.265 5 7.37208 -60.4926 -80.8427
70 515.662 724.684 5 7.70694 -71.9526 -1.73518
71 517.994 722.026 5 6.35583 -75.9726 169.288
72 517.72 722.445 5 6.51507 -55.4975 49.0793
73 517.447 722.864 5 6.70787 -61.6169 -122.459
74 517.174 723.282 5 6.93145 -64.7583 -18.2286
75 516.901 723.701 5 7.18293 -67.1448 25.8891
76 516.627 724.12 5 7.45948 -60.1761 -28.2099
77 516.354 724.539 5 7.75843 -56.8557 -32.6171
78 516.081 724.957 5 8.0773 -57.5907 26.143
