1 509.951 714.045 5 4.92443 -51.3824 -111.708
2 510.37 714.318 5 4.47214 -44.6887 71.8452
3 510.79 714.59 5 4.03113 -61.2865 -51.9302
4 511.209 714.862 5 3.60555 -50.2548 26.9597
5 511.628 715.135 5 3.20156 -53.7146 172.483
6 512.048 715.407 5 2.82843 -47.7163 139.881
7 512.467 715.679 5 2.5 -46.365 55.1016
8 512.886 715.952 5 2.23607 -44.2124 17.7389
9 513.306 716.224 5 2.06155 -40.1641 -171.697
10 513.725 716.496 5 2 -42.8092 -29.6606
11 514.144 716.769 5 2.06155 -41.6463 -141.179
12 514.564 717.041 5 2.23607 -48.0794 -148.051
13 514.983 717.313 5 2.5 -50.0035 -161.612
14 509.679 714.465 5 4.74342 -53.3022 103.567
15 510.098 714.737 5 4.272 -53.6183 -172.951
16 510.517 715.009 5 3.80789 -51.3632 137.099
17 510.937 715.282 5 3.3541 -46.6799 36.5975
18 511.356 715.554 5 2.91548 -47.6584 -123.118
19 511.775 715.826 5 2.5 -45.132 -16.2503
20 512.195 716.099 5 2.12132 -50.9436 9.3782
21 512.614 716.371 5 1.80278 -48.1627 -135.753
22 513.033 716.643 5 1.58114 -41.6743 154.288
23 513.453 716.916 5 1.5 -41.7148 -7.10852
24 513.872 717.188 5 1.58114 -46.2197 140.198
25 514.291 717.46 5 1.80278 -49.7139 -158.447
26 514.711 717.733 5 2.12132 -48.3881 -0.96398
27 509.406 714.884 5 4.60977 -51.4122 -31.4315
28 509.826 715.156 5 4.12311 -48.9448 -43.1681
29 510.245 715.429 5 3.64006 -54.9378 -4.07803
30 510.664 715.701 5 3.16228 -49.7791 -75.6912
31 511.084 715.973 5 2.69258 -45.5821 162.946
32 511.503 716.246 5 2.23607 -45.9151 49.7709
33 511.922 716.518 5 1.80278 -43.4922 -130.989
34 512.342 716.79 5 1.41421 -46.5719 -94.997
35 512.761 717.063 5 1.11803 -44.955 -6.3868
36 513.18 717.335 5 1 -37.4856 -1.57273
37 513.6 717.607 5 1.11803 -40.1003 13.4352
38 514.019 717.88 5 1.41421 -44.0593 -89.5503
39 514.438 718.152 5 1.80278 -43.8491 -150.961
40 509.134 715.303 5 4.52769 -54.0785 -58.6807
41 509.553 715.576 5 4.03113 -53.4921 -95.0656
42 509.973 715.848 5 3.53553 -57.7488 -107.16
43 510.392 716.12 5 3.04138 -50.6235 -130.023
44 510.811 716.393 5 2.54951 -53.1946 -102.158
45 511.231 716.665 5 2.06155 -45.6393 173.146
46 511.65 716.937 5 1.58114 -45.5336 107.843
47 512.069 717.21 5 1.11803 -39.6388 25.5989
48 512.489 717.482 5 0.707107 -36.3203 122.799
49 512.908 717.754 5 0.5 -31.3987 2.30658
50 513.327 718.027 5 0.707107 -39.1244 115.451
51 513.747 718.299 5 1.11803 -39.2245 20.3132
52 514.166 718.571 5 1.58114 -44.946 118.38
53 508.862 715.723 5 4.5 -51.4357 -16.0738
54 509.281 715.995 5 4 -47.0496 -15.9528
55 509.7 716.267 5 3.5 -48.58 -15.2216
56 510.12 716.54 5 3 -55.2127 -23.0094
57 510.539 716.812 5 2.5 -46.4703 45.15
58 510.958 717.084 5 2 -43.7858 8.39366
59 511.378 717.357 5 1.5 -42.6204 10.4467
60 511.797 717.629 5 1 -39.2928 -2.83927
61 512.216 717.901 5 0.5 -34.1051 2.8143
62 512.636 718.174 5 0 -46.9417 -79.5752
63 513.055 718.446 5 0.5 -33.5081 -13.8286
64 513.474 718.718 5 1 -38.1725 -6.85144
65 513.894 718.991 5 1.5 -43.632 8.80162
66 508.589 716.142 5 4.52769 -47.1685 -88.3861
67 509.009 716.414 5 4.03113 -51.1274 -68.1107
68 509.428 716.687 5 3.53553 -55.9552 -26.0664
69 509.847 716.959 5 3.04138 -49.7148 -36.3454
70 510.267 717.231 5 2.54951 -49.9681 -97.3959
71 510.686 717.504 5 2.06155 -48.8066 144.474
72 511.105 717.776 5 1.58114 -42.6868 97.9844
73 511.525 718.048 5 1.11803 -40.5993 15.3161
74 511.944 718.321 5 0.707107 -37.2463 118.989
75 512.363 718.593 5 0.5 -32.8849 -3.11308
76 512.783 718.865 5 0.707107 -37.494 123.139
77 513.202 719.138 5 1.11803 -42.2056 28.7189
78 513.621 719.41 5 1.58114 -46.1528 84.9747
79 510.414 717.923 5 2.23607 -46.3233 61.0547
80 510.833 718.195 5 1.80278 -43.0805 -150.602
81 511.672 718.74 5 1.11803 -41.7882 30.3926
82 512.091 719.012 5 1 -37.5445 -25.9667
83 512.51 719.285 5 1.11803 -41.6006 3.54815
84 512.93 719.557 5 1.41421 -43.3488 -120.592
85 513.349 719.829 5 1.80278 -41.5475 -156.621
86 510.141 718.342 5 2.5 -48.8475 71.2487
87 510.561 718.615 5 2.12132 -43.4568 -92.5185
88 511.399 719.159 5 1.58114 -37.8154 122.665
89 511.819 719.432 5 1.5 -39.149 -0.82608
90 512.238 719.704 5 1.58114 -43.7794 135.065
91 512.657 719.976 5 1.80278 -44.2241 -177.286
92 513.077 720.249 5 2.12132 -43.5038 -13.5116
93 509.869 718.762 5 2.82843 -49.3683 68.2752
94 510.288 719.034 5 2.5 -48.8321 -90.6545
95 511.127 719.579 5 2.06155 -48.1078 116.185
96 511.546 719.851 5 2 -44.0642 120.817
97 511.966 720.123 5 2.06155 -47.4552 167.354
98 512.385 720.396 5 2.23607 -45.6708 52.1164
99 512.804 720.668 5 2.5 -50.3958 -113.093
100 509.597 719.181 5 3.20156 -53.8377 -102.443
101 510.016 719.453 5 2.91548 -64.9792 -40.3834
102 509.324 719.6 5 3.60555 -64.6357 -115.694
103 509.744 719.873 5 3.3541 -51.8668 -70.4708
104 509.052 720.02 5 4.03113 -54.1869 68.9051
105 509.471 720.292 5 3.80789 -62.6998 -55.0703
