1 505.473 717.831 5 7.01966 -75.6488 8.45298
2 505.747 717.412 5 6.88415 -70.3982 51.9266
3 506.02 716.994 5 6.78287 -74.657 -57.507
4 506.294 716.575 5 6.71738 -72.5641 113.859
5 506.567 716.157 5 6.68873 -73.3508 -62.1564
6 505.891 718.104 5 6.54509 -73.3477 -102.683
7 506.165 717.686 5 6.39954 -77.6425 -118.198
8 506.439 717.267 5 6.29047 -74.0871 -101.062
9 506.712 716.849 5 6.21979 -68.1212 -128.664
10 506.986 716.43 5 6.18884 -74.5722 44.0768
11 506.31 718.378 5 6.07461 -71.6059 -9.25858
12 506.584 717.96 5 5.91749 -70.1384 142.599
13 506.857 717.541 5 5.79936 -75.7696 43.2443
14 507.131 717.123 5 5.72263 -72.4213 -177.421
15 507.404 716.704 5 5.68896 -80.0787 -105.826
16 506.728 718.652 5 5.60923 -72.6507 -79.3722
17 507.002 718.233 5 5.43869 -70.8022 -131.067
18 507.276 717.815 5 5.30992 -71.124 140.343
19 507.549 717.396 5 5.226 -70.1345 58.0637
20 507.823 716.978 5 5.18912 -69.2976 57.8181
21 507.147 718.925 5 5.15035 -68.8833 -146.777
22 507.421 718.507 5 4.96407 -68.9268 34.4079
23 507.694 718.088 5 4.82264 -73.2837 -97.7812
24 507.968 717.67 5 4.73008 -78.5148 81.9888
25 508.241 717.251 5 4.6893 -74.9881 -66.2206
26 507.565 719.199 5 4.69986 -72.2957 -141.953
27 507.839 718.78 5 4.49495 -70.856 -1.28113
28 508.113 718.362 5 4.33825 -69.9401 178.188
29 508.386 717.943 5 4.23513 -71.8957 15.5644
30 508.66 717.525 5 4.18953 -83.0686 -107.363
31 507.984 719.472 5 4.26044 -70.0806 -121.665
32 508.258 719.054 5 4.03326 -81.5271 -50.8863
33 508.531 718.635 5 3.85786 -74.097 23.8647
34 508.805 718.217 5 3.74151 -82.1343 -77.6078
35 509.078 717.798 5 3.68982 -72.4901 179.37
36 508.402 719.746 5 3.83588 -61.7572 162.305
37 508.676 719.328 5 3.58187 -81.6489 -51.2217
38 508.95 718.909 5 3.38315 -78.4197 147.929
39 509.223 718.491 5 3.24985 -68.6808 -170.221
40 509.497 718.072 5 3.1902 -67.9158 -75.7442
