1 514.644 719.84 5 6.35335 -65.6831 -103.035
2 514.371 720.259 5 6.51196 -63.276 -149.5
3 514.097 720.678 5 6.7042 -52.423 -59.6468
4 513.824 721.096 5 6.92727 -52.6255 46.7324
5 513.551 721.515 5 7.17828 -62.2409 30.5605
6 513.278 721.934 5 7.45442 -77.5696 -88.4174
7 513.004 722.353 5 7.753 -79.6495 -89.6598
8 512.731 722.771 5 8.07154 -65.1729 -153.218
9 512.458 723.19 5 8.40776 -85.1831 101.932
10 512.185 723.609 5 8.75963 -76.7624 110.552
11 515.063 720.113 5 6.83453 -56.7903 -160.754
12 514.789 720.532 5 6.98222 -64.0494 -141.587
13 514.516 720.951 5 7.16185 -53.629 111.252
14 514.243 721.37 5 7.37108 -62.1866 -106.091
15 513.97 721.788 5 7.60746 -83.1383 -23.8535
16 513.696 722.207 5 7.86855 -73.2593 63.4116
17 513.423 722.626 5 8.15198 -74.2585 -95.0646
18 513.15 723.045 5 8.4555 -68.5374 -19.6721
19 512.877 723.463 5 8.77702 -80.6653 174.397
20 512.603 723.882 5 9.11465 -90.6966 -135.062
21 515.481 720.387 5 7.31824 -69.0327 -2.7366
22 515.208 720.805 5 7.45636 -57.5286 -156.953
23 514.935 721.224 5 7.62482 -59.8007 -122.315
24 514.662 721.643 5 7.82167 -51.9685 5.6211
25 514.388 722.062 5 8.04483 -55.154 119.97
26 514.115 722.48 5 8.29216 -81.9979 -20.325
27 513.842 722.899 5 8.56158 -66.1579 -24.8729
28 513.568 723.318 5 8.85106 -88.4071 -84.338
29 513.295 723.737 5 9.15871 -68.3086 125.372
30 513.022 724.155 5 9.48275 -81.1393 100.735
31 515.9 720.66 5 7.804 -55.2833 58.5709
32 515.627 721.079 5 7.93366 -56.3369 -115.398
33 515.353 721.497 5 8.0922 -74.5801 -69.8232
34 515.08 721.916 5 8.27794 -55.0787 135.064
35 514.807 722.335 5 8.48911 -55.6235 -157.615
36 514.534 722.754 5 8.72386 -63.0747 -96.6494
37 514.26 723.172 5 8.98033 -76.6767 125.096
38 513.987 723.591 5 9.25673 -77.7359 -75.0803
39 516.319 720.933 5 8.29145 -62.8157 -1.42159
40 516.045 721.352 5 8.41361 -64.7392 -79.7042
41 515.772 721.771 5 8.56326 -77.6981 -73.7062
42 515.499 722.189 5 8.739 -58.9768 -96.0019
43 515.226 722.608 5 8.93928 -55.7421 22.6574
44 514.952 723.027 5 9.1625 -63.4738 -100.288
45 514.679 723.446 5 9.40703 -61.2692 60.6851
46 514.406 723.864 5 9.67124 -118.996 -45.0336
47 516.737 721.206 5 8.78031 -62.8478 68.7143
48 516.464 721.625 5 8.89576 -73.1836 118.569
49 516.191 722.044 5 9.03744 -65.1641 51.5353
50 515.918 722.463 5 9.20412 -62.5226 34.8527
51 515.644 722.881 5 9.3945 -56.4751 -170.963
52 515.371 723.3 5 9.60715 -60.1862 -87.8049
53 515.098 723.719 5 9.84063 -60.0222 80.369
54 514.825 724.138 5 10.0935 -143.417 -5.62535
55 517.156 721.48 5 9.27037 -61.7854 -108.336
56 516.883 721.898 5 9.37978 -74.6275 -70.3152
57 516.61 722.317 5 9.51425 -69.6463 -142.534
58 516.336 722.736 5 9.67273 -55.5259 108.631
59 516.063 723.155 5 9.85405 -58.8292 -60.3126
60 515.79 723.573 5 10.057 -54.4673 57.7936
61 515.517 723.992 5 10.2803 -64.9097 -164.675
62 515.243 724.411 5 10.5226 -132.488 52.7028
63 517.575 721.753 5 9.76143 -71.0523 141.846
64 517.302 722.172 5 9.8654 -54.5786 -166.343
65 517.028 722.59 5 9.99334 -68.4253 -164.541
66 516.755 723.009 5 10.1443 -71.088 -101.419
67 516.482 723.428 5 10.3174 -57.4663 39.9322
68 516.209 723.847 5 10.5114 -56.7416 -147.038
69 515.935 724.265 5 10.7252 -62.1584 -84.0316
70 515.662 724.684 5 10.9577 -68.9516 177.065
71 517.994 722.026 5 10.2534 -64.8966 91.2184
72 517.72 722.445 5 10.3524 -67.4511 130.321
73 517.447 722.864 5 10.4744 -69.9068 75.2183
74 517.174 723.282 5 10.6185 -61.0023 -75.2987
75 516.901 723.701 5 10.784 -64.7578 139.048
76 516.627 724.12 5 10.9697 -60.0229 -27.9422
77 516.354 724.539 5 11.1748 -61.8377 101.651
78 516.081 724.957 5 11.3981 -67.3293 -6.04569
