1 505.473 717.831 5 5.92387 -78.2429 -89.275
2 505.747 717.412 5 5.63153 -64.4824 -52.5908
3 506.02 716.994 5 5.36992 -66.4196 -41.8863
4 506.294 716.575 5 5.14373 -71.8746 143.493
5 506.567 716.157 5 4.95781 -79.79 145.754
6 505.891 718.104 5 5.53709 -73.5436 44.4121
7 506.165 717.686 5 5.22315 -84.9084 94.0229
8 506.439 717.267 5 4.93996 -62.3068 143.89
9 506.712 716.849 5 4.69309 -70.7126 141.861
10 506.986 716.43 5 4.48854 -72.2426 -150.988
11 506.31 718.378 5 5.16977 -78.3958 -71.8293
12 506.584 717.96 5 4.83202 -70.0575 -157.247
13 506.857 717.541 5 4.52442 -62.27 -17.5521
14 507.131 717.123 5 4.2535 -65.9217 -55.698
15 507.404 716.704 5 4.02668 -64.8203 68.922
16 506.728 718.652 5 4.82635 -68.5522 86.6532
17 507.002 718.233 5 4.46269 -66.7321 78.1313
18 507.276 717.815 5 4.12765 -65.6329 23.5043
19 507.549 717.396 5 3.82876 -61.7796 127.333
20 507.823 716.978 5 3.57509 -64.758 71.4224
21 507.147 718.925 5 4.5123 -71.8358 84.4671
22 507.421 718.507 5 4.12101 -69.7427 141.36
23 507.694 718.088 5 3.75561 -67.8585 96.3382
24 507.968 717.67 5 3.4244 -63.6273 -75.7325
25 508.241 717.251 5 3.13822 -56.504 -77.4026
26 507.565 719.199 5 4.23414 -63.6191 3.26322
27 507.839 718.78 5 3.81443 -60.5295 -44.591
28 508.113 718.362 5 3.4164 -59.4751 164.146
29 508.386 717.943 5 3.04855 -65.9276 28.8907
30 508.66 717.525 5 2.72316 -63.1002 35.2815
31 507.984 719.472 5 3.99939 -61.0348 -125.18
32 508.258 719.054 5 3.55204 -61.2992 -39.7809
33 508.531 718.635 5 3.12072 -62.7431 -29.3421
34 508.805 718.217 5 2.71308 -64.7699 140
35 509.078 717.798 5 2.34152 -64.2687 122.972
36 508.402 719.746 5 3.81605 -62.6594 -96.6311
37 508.676 719.328 5 3.34427 -58.1489 58.0957
38 508.95 718.909 5 2.88202 -66.7491 90.8158
39 509.223 718.491 5 2.43474 -58.2282 -134.427
40 509.497 718.072 5 2.01243 -67.2207 -41.5311
