1 509.951 714.045 5 6.32456 -52.9753 -172.867
2 510.37 714.318 5 5.85235 -48.2373 50.6835
3 510.79 714.59 5 5.38516 -50.123 -85.0245
4 511.209 714.862 5 4.92443 -50.5768 -147.535
5 511.628 715.135 5 4.47214 -40.9705 51.7705
6 512.048 715.407 5 4.03113 -49.2115 -22.5463
7 512.467 715.679 5 3.60555 -52.7661 29.0648
8 512.886 715.952 5 3.20156 -50.0064 161.278
9 513.306 716.224 5 2.82843 -45.2772 152.424
10 513.725 716.496 5 2.5 -47.7361 33.8528
11 514.144 716.769 5 2.23607 -46.2033 11.9018
12 514.564 717.041 5 2.06155 -45.504 16.109
13 514.983 717.313 5 2 -52.1725 -174.207
14 509.679 714.465 5 6.18466 -53.3069 -144.202
15 510.098 714.737 5 5.70088 -56.2196 -21.5029
16 510.517 715.009 5 5.22015 -50.4272 134.328
17 510.937 715.282 5 4.74342 -55.1368 -151.405
18 511.356 715.554 5 4.272 -46.9217 -150.074
19 511.775 715.826 5 3.80789 -46.8131 149.257
20 512.195 716.099 5 3.3541 -44.6081 50.8566
21 512.614 716.371 5 2.91548 -51.6312 -69.5342
22 513.033 716.643 5 2.5 -45.7256 -13.626
23 513.453 716.916 5 2.12132 -46.0376 -28.7965
24 513.872 717.188 5 1.80278 -46.1806 -142.801
25 514.291 717.46 5 1.58114 -49.7593 110.476
26 514.711 717.733 5 1.5 -44.4383 33.7011
27 509.406 714.884 5 6.08276 -52.0572 172.526
28 509.826 715.156 5 5.59017 -57.6096 -111.295
29 510.245 715.429 5 5.09902 -48.8176 -3.82763
30 510.664 715.701 5 4.60977 -56.0917 -21.1733
31 511.084 715.973 5 4.12311 -54.4309 -79.0014
32 511.503 716.246 5 3.64006 -53.9204 -39.9419
33 511.922 716.518 5 3.16228 -54.7202 -79.0014
34 512.342 716.79 5 2.69258 -45.3613 147.282
35 512.761 717.063 5 2.23607 -44.2035 29.5142
36 513.18 717.335 5 1.80278 -41.6836 -131.714
37 513.6 717.607 5 1.41421 -43.27 -122.367
38 514.019 717.88 5 1.11803 -40.454 7.53023
39 514.438 718.152 5 1 -45.8284 38.7116
40 509.134 715.303 5 6.0208 -52.2397 20.552
41 509.553 715.576 5 5.52268 -54.7158 50.3989
42 509.973 715.848 5 5.02494 -55.3766 9.56832
43 510.392 716.12 5 4.52769 -51.2872 -53.8528
44 510.811 716.393 5 4.03113 -49.244 -84.9726
45 511.231 716.665 5 3.53553 -52.7158 -88.1665
46 511.65 716.937 5 3.04138 -59.6103 -124.707
47 512.069 717.21 5 2.54951 -57.3603 -53.272
48 512.489 717.482 5 2.06155 -50.8231 -156.789
49 512.908 717.754 5 1.58114 -46.5742 113.29
50 513.327 718.027 5 1.11803 -40.1454 8.64498
51 513.747 718.299 5 0.707107 -37.4585 131.106
52 514.166 718.571 5 0.5 -33.8638 4.37461
53 508.862 715.723 5 6 -63.8637 -44.4584
54 509.281 715.995 5 5.5 -67.8292 -121.503
55 509.7 716.267 5 5 -60.3666 53.139
56 510.12 716.54 5 4.5 -47.6552 0.51736
57 510.539 716.812 5 4 -49.4585 -14.455
58 510.958 717.084 5 3.5 -48.7359 1.57271
59 511.378 717.357 5 3 -56.2597 -42.6133
60 511.797 717.629 5 2.5 -48.1317 12.792
61 512.216 717.901 5 2 -44.3732 15.7425
62 512.636 718.174 5 1.5 -44.6602 10.7594
63 513.055 718.446 5 1 -39.561 25.6164
64 513.474 718.718 5 0.5 -33.0403 13.6946
65 513.894 718.991 5 0 -42.5769 93.1332
66 508.589 716.142 5 6.0208 -49.2852 -14.4065
67 509.009 716.414 5 5.52268 -47.536 -47.458
68 509.428 716.687 5 5.02494 -54.414 -97.5837
69 509.847 716.959 5 4.52769 -55.7826 -71.1153
70 510.267 717.231 5 4.03113 -53.7394 -153.946
71 510.686 717.504 5 3.53553 -58.0904 -118.783
72 511.105 717.776 5 3.04138 -48.6037 -87.0433
73 511.525 718.048 5 2.54951 -45.9962 -137.333
74 511.944 718.321 5 2.06155 -49.0249 148.49
75 512.363 718.593 5 1.58114 -45.6963 111.332
76 512.783 718.865 5 1.11803 -38.289 10.7293
77 513.202 719.138 5 0.707107 -36.6395 114.986
78 513.621 719.41 5 0.5 -33.501 9.84562
79 510.414 717.923 5 3.64006 -50.6885 -79.1897
80 510.833 718.195 5 3.16228 -50.5929 -132.741
81 511.672 718.74 5 2.23607 -46.145 -21.1677
82 512.091 719.012 5 1.80278 -40.5927 -164.548
83 512.51 719.285 5 1.41421 -41.2387 -116.755
84 512.93 719.557 5 1.11803 -38.7215 29.5062
85 513.349 719.829 5 1 -39.2132 18.4045
86 510.141 718.342 5 3.80789 -47.4935 30.6138
87 510.561 718.615 5 3.3541 -47.0127 -95.895
88 511.399 719.159 5 2.5 -43.8715 56.5698
89 511.819 719.432 5 2.12132 -56.7754 14.0335
90 512.238 719.704 5 1.80278 -48.9631 -135.3
91 512.657 719.976 5 1.58114 -43.7292 82.3762
92 513.077 720.249 5 1.5 -51.2533 24.546
93 509.869 718.762 5 4.03113 -49.2545 153.199
94 510.288 719.034 5 3.60555 -49.2079 -77.5504
95 511.127 719.579 5 2.82843 -49.9266 138.384
96 511.546 719.851 5 2.5 -51.4994 -117.64
97 511.966 720.123 5 2.23607 -44.778 32.4122
98 512.385 720.396 5 2.06155 -48.7201 -167.013
99 512.804 720.668 5 2 -36.0769 -107.788
100 509.597 719.181 5 4.30116 -49.1413 43.5016
101 510.016 719.453 5 3.90513 -46.6623 108.581
102 509.324 719.6 5 4.60977 -48.9443 -104.884
103 509.744 719.873 5 4.24264 -48.8933 -101.37
104 509.052 720.02 5 4.94975 -53.3644 47.611
105 509.471 720.292 5 4.60977 -54.8898 92.0307
