1 505.473 717.831 5 7.49796 -83.2463 17.7747
2 505.747 717.412 5 7.37114 -88.4444 49.8516
3 506.02 716.994 5 7.27655 -78.9466 -75.4692
4 506.294 716.575 5 7.21543 -70.9412 -136.53
5 506.567 716.157 5 7.18866 -70.5244 30.7444
6 505.891 718.104 5 7.02012 -74.4087 -117.64
7 506.165 717.686 5 6.8845 -83.4895 -155.416
8 506.439 717.267 5 6.78312 -79.2843 -61.435
9 506.712 716.849 5 6.71752 -71.8698 -160.636
10 506.986 716.43 5 6.68876 -85.3626 63.0179
11 506.31 718.378 5 6.54558 -76.7705 43.2233
12 506.584 717.96 5 6.39992 -73.1349 137.191
13 506.857 717.541 5 6.29074 -69.5681 159.319
14 507.131 717.123 5 6.21995 -67.8201 14.8991
15 507.404 716.704 5 6.18887 -70.3216 69.3269
16 506.728 718.652 5 6.07514 -72.0537 -67.123
17 507.002 718.233 5 5.91791 -70.9823 -23.7005
18 507.276 717.815 5 5.79965 -70.3908 -88.0055
19 507.549 717.396 5 5.72279 -82.1618 75.0198
20 507.823 716.978 5 5.689 -73.8326 -54.5435
21 507.147 718.925 5 5.6098 -71.6106 -85.2147
22 507.421 718.507 5 5.43914 -67.7846 94.7845
23 507.694 718.088 5 5.31024 -81.2699 -18.6192
24 507.968 717.67 5 5.22618 -69.7801 157.908
25 508.241 717.251 5 5.18915 -68.0083 -107.451
26 507.565 719.199 5 5.15097 -74.6031 -109.736
27 507.839 718.78 5 4.96456 -74.1697 132.728
28 508.113 718.362 5 4.82299 -71.9388 -102.7
29 508.386 717.943 5 4.73028 -69.5716 110.835
30 508.66 717.525 5 4.68934 -69.6418 14.287
31 507.984 719.472 5 4.70055 -74.7187 -47.5178
32 508.258 719.054 5 4.4955 -75.1078 -82.202
33 508.531 718.635 5 4.33865 -72.9513 -129.887
34 508.805 718.217 5 4.23535 -74.2796 22.3038
35 509.078 717.798 5 4.18958 -71.0737 -115.8
36 508.402 719.746 5 4.26119 -65.9139 167.222
37 508.676 719.328 5 4.03387 -64.7978 63.5416
38 508.95 718.909 5 3.8583 -66.6507 123.683
39 509.223 718.491 5 3.74177 -70.9386 115.199
40 509.497 718.072 5 3.68987 -70.8064 -133.482
