1 514.644 719.84 5 4.64428 -75.4125 149.357
2 514.371 720.259 5 4.59492 -62.6064 -58.5822
3 514.097 720.678 5 4.5997 -79.5806 -22.1114
4 513.824 721.096 5 4.65846 -74.5715 -100.782
5 513.551 721.515 5 4.76919 -67.1023 146.397
6 513.278 721.934 5 4.9284 -77.7717 -121.386
7 513.004 722.353 5 5.13158 -90.4409 -135.028
8 512.731 722.771 5 5.37374 -90.967 -103.739
9 512.458 723.19 5 5.64987 -85.9531 165.758
10 512.185 723.609 5 5.95525 -98.7473 -112.445
11 515.063 720.113 5 5.13903 -68.0564 62.2288
12 514.789 720.532 5 5.09446 -61.1237 -29.9302
13 514.516 720.951 5 5.09878 -69.9035 103.731
14 514.243 721.37 5 5.15184 -69.1671 179.171
15 513.97 721.788 5 5.25219 -66.5508 -179.336
16 513.696 722.207 5 5.39717 -85.2625 -102.598
17 513.423 722.626 5 5.58332 -83.4982 -130.016
18 513.15 723.045 5 5.80667 -94.6387 -21.8877
19 512.877 723.463 5 6.06311 -84.4617 109.63
20 512.603 723.882 5 6.34865 -99.2747 -129.46
21 515.481 720.387 5 5.6347 -66.7821 -136.779
22 515.208 720.805 5 5.59409 -64.1093 -43.2325
23 514.935 721.224 5 5.59802 -68.1333 -100.22
24 514.662 721.643 5 5.6464 -75.2026 -152.739
25 514.388 722.062 5 5.7381 -71.8546 82.9242
26 514.115 722.48 5 5.87109 -86.7032 -9.53695
27 513.842 722.899 5 6.04266 -81.0833 -152.816
28 513.568 723.318 5 6.24961 -88.3036 86.2658
29 513.295 723.737 5 6.48858 -82.6169 93.0771
30 513.022 724.155 5 6.75615 -88.1955 -14.789
31 515.9 720.66 5 6.13108 -54.1372 153.241
32 515.627 721.079 5 6.09378 -74.252 44.462
33 515.353 721.497 5 6.09739 -68.7099 -25.9598
34 515.08 721.916 5 6.14183 -63.7717 131.052
35 514.807 722.335 5 6.22624 -72.185 73.1857
36 514.534 722.754 5 6.34902 -73.2408 145.76
37 514.26 723.172 5 6.508 -75.8211 -103.903
38 513.987 723.591 5 6.7006 -82.7459 -26.127
39 516.319 720.933 5 6.62801 -52.5364 173.067
40 516.045 721.352 5 6.59352 -63.2123 -111.694
41 515.772 721.771 5 6.59685 -65.25 -14.0946
42 515.499 722.189 5 6.63795 -63.5574 24.0671
43 515.226 722.608 5 6.71613 -70.8104 -15.4526
44 514.952 723.027 5 6.83011 -77.1593 137.975
45 514.679 723.446 5 6.97813 -82.0307 -52.7288
46 514.406 723.864 5 7.15809 -148.291 -152.933
47 516.737 721.206 5 7.12536 -55.7443 -116.421
48 516.464 721.625 5 7.09329 -63.8193 -140.183
49 516.191 722.044 5 7.09639 -62.1852 102.661
50 515.918 722.463 5 7.13461 -63.5746 44.2771
51 515.644 722.881 5 7.2074 -67.6473 157.058
52 515.371 723.3 5 7.31373 -72.1232 121.648
53 515.098 723.719 5 7.45215 -84.1664 -68.3438
54 514.825 724.138 5 7.62093 -166.8 165.456
55 517.156 721.48 5 7.62306 -67.7277 -103.352
56 516.883 721.898 5 7.59309 -66.7326 -174.091
57 516.61 722.317 5 7.59599 -73.4113 -70.2975
58 516.336 722.736 5 7.63171 -74.8936 100.23
59 516.063 723.155 5 7.6998 -73.4576 -94.4938
60 515.79 723.573 5 7.79942 -69.6739 -27.8533
61 515.517 723.992 5 7.92937 -75.4638 -110.38
62 515.243 724.411 5 8.08819 -130.633 145.146
63 517.575 721.753 5 8.12105 -61.5409 -40.0004
64 517.302 722.172 5 8.09292 -54.8208 -49.3318
65 517.028 722.59 5 8.09564 -61.6101 -112.586
66 516.755 723.009 5 8.12916 -64.7185 140.906
67 516.482 723.428 5 8.19312 -76.2821 52.3855
68 516.209 723.847 5 8.28681 -77.3212 -143.532
69 515.935 724.265 5 8.40923 -91.314 -160.046
70 515.662 724.684 5 8.55916 -75.2591 14.861
71 517.994 722.026 5 8.61926 -68.9615 -12.4854
72 517.72 722.445 5 8.59277 -61.3969 -26.74
73 517.447 722.864 5 8.59533 -65.6601 -57.1283
74 517.174 723.282 5 8.62691 -66.905 -14.867
75 516.901 723.701 5 8.68721 -67.9398 -121.52
76 516.627 724.12 5 8.77562 -72.4375 -28.2579
77 516.354 724.539 5 8.89132 -71.283 28.211
78 516.081 724.957 5 9.03324 -77.9114 5.96171
