1 505.473 717.831 5 6.32741 -64.8101 80.5289
2 505.747 717.412 5 6.05446 -65.35 -174.199
3 506.02 716.994 5 5.81179 -65.3293 96.6191
4 506.294 716.575 5 5.60332 -69.3608 -115.753
5 506.567 716.157 5 5.43301 -66.9745 -139.281
6 505.891 718.104 5 5.9248 -68.3734 20.0459
7 506.165 717.686 5 5.63237 -64.0633 -66.7045
8 506.439 717.267 5 5.37066 -66.8231 19.0052
9 506.712 716.849 5 5.14435 -77.9268 163.96
10 506.986 716.43 5 4.9583 -63.2917 -137.91
11 506.31 718.378 5 5.53808 -92.1952 -17.1586
12 506.584 717.96 5 5.22405 -63.2469 171.143
13 506.857 717.541 5 4.94076 -59.4526 143.472
14 507.131 717.123 5 4.69378 -66.6436 162.812
15 507.404 716.704 5 4.48909 -61.9907 141.334
16 506.728 718.652 5 5.17083 -80.0983 10.8031
17 507.002 718.233 5 4.833 -68.0321 166.338
18 507.276 717.815 5 4.52529 -58.6048 32.3699
19 507.549 717.396 5 4.25425 -61.1319 -8.67055
20 507.823 716.978 5 4.02729 -61.1299 92.097
21 507.147 718.925 5 4.82749 -74.0046 -94.3101
22 507.421 718.507 5 4.46375 -74.9931 -21.3996
23 507.694 718.088 5 4.12861 -63.1587 -86.6178
24 507.968 717.67 5 3.8296 -65.759 -73.4279
25 508.241 717.251 5 3.57578 -65.9347 62.215
26 507.565 719.199 5 4.51351 -71.3673 54.0389
27 507.839 718.78 5 4.12216 -63.5391 124.918
28 508.113 718.362 5 3.75667 -65.3304 68.626
29 508.386 717.943 5 3.42534 -64.5317 140.532
30 508.66 717.525 5 3.139 -59.9617 -110.485
31 507.984 719.472 5 4.23543 -57.6506 6.47638
32 508.258 719.054 5 3.81567 -71.3712 53.6622
33 508.531 718.635 5 3.41756 -68.7822 -85.8401
34 508.805 718.217 5 3.04961 -70.4413 -171.188
35 509.078 717.798 5 2.72406 -68.2579 -4.69315
36 508.402 719.746 5 4.00076 -58.964 14.8249
37 508.676 719.328 5 3.55337 -58.4784 131.373
38 508.95 718.909 5 3.12199 -57.195 -116.548
39 509.223 718.491 5 2.71426 -59.1762 -111.5
40 509.497 718.072 5 2.34257 -68.2281 6.62016
