1 509.951 714.045 5 2.82843 -41.7898 137.885
2 510.37 714.318 5 2.5 -46.2544 30.9306
3 510.79 714.59 5 2.23607 -47.2494 21.0667
4 511.209 714.862 5 2.06155 -49.602 -154.727
5 511.628 715.135 5 2 -42.6628 10.2641
6 512.048 715.407 5 2.06155 -48.0206 -172.21
7 512.467 715.679 5 2.23607 -52.0184 29.4558
8 512.886 715.952 5 2.5 -47.5161 22.1498
9 513.306 716.224 5 2.82843 -44.4611 125.111
10 513.725 716.496 5 3.20156 -49.3514 176.986
11 514.144 716.769 5 3.60555 -51.3874 44.8142
12 514.564 717.041 5 4.03113 -54.9061 52.2607
13 514.983 717.313 5 4.47214 -50.1404 163.439
14 509.679 714.465 5 2.5 -43.7926 -1.33256
15 510.098 714.737 5 2.12132 -53.9938 -43.0838
16 510.517 715.009 5 1.80278 -49.0227 -126.828
17 510.937 715.282 5 1.58114 -48.7372 99.0221
18 511.356 715.554 5 1.5 -41.7776 18.0931
19 511.775 715.826 5 1.58114 -48.5274 87.6229
20 512.195 716.099 5 1.80278 -50.0787 -155.048
21 512.614 716.371 5 2.12132 -50.1315 -32.3059
22 513.033 716.643 5 2.5 -44.149 -11.535
23 513.453 716.916 5 2.91548 -52.7692 -93.1618
24 513.872 717.188 5 3.3541 -48.0789 35.3337
25 514.291 717.46 5 3.80789 -50.7026 135.601
26 514.711 717.733 5 4.272 -56.0941 -75.2591
27 509.406 714.884 5 2.23607 -44.2452 67.4414
28 509.826 715.156 5 1.80278 -46.1013 -160.771
29 510.245 715.429 5 1.41421 -42.4799 -86.9171
30 510.664 715.701 5 1.11803 -39.2919 3.60625
31 511.084 715.973 5 1 -39.0707 9.93965
32 511.503 716.246 5 1.11803 -38.5818 8.54209
33 511.922 716.518 5 1.41421 -44.4456 -96.7884
34 512.342 716.79 5 1.80278 -47.5211 -128.171
35 512.761 717.063 5 2.23607 -53.4218 26.0022
36 513.18 717.335 5 2.69258 -47.8189 151.345
37 513.6 717.607 5 3.16228 -49.5501 -111.76
38 514.019 717.88 5 3.64006 -56.2938 -65.382
39 514.438 718.152 5 4.12311 -50.7078 -55.369
40 509.134 715.303 5 2.06155 -41.7623 -170.246
41 509.553 715.576 5 1.58114 -54.5481 89.4352
42 509.973 715.848 5 1.11803 -43.2217 -1.38643
43 510.392 716.12 5 0.707107 -38.129 123.111
44 510.811 716.393 5 0.5 -34.1826 6.93408
45 511.231 716.665 5 0.707107 -38.3165 118.637
46 511.65 716.937 5 1.11803 -42.2703 9.51901
47 512.069 717.21 5 1.58114 -44.6835 93.7627
48 512.489 717.482 5 2.06155 -47.3131 171.827
49 512.908 717.754 5 2.54951 -55.2303 -127.596
50 513.327 718.027 5 3.04138 -48.9741 -122.337
51 513.747 718.299 5 3.53553 -47.8357 -124.52
52 514.166 718.571 5 4.03113 -48.3453 -100.256
53 508.862 715.723 5 2 -42.7771 -17.8585
54 509.281 715.995 5 1.5 -39.8601 13.8986
55 509.7 716.267 5 1 -40.5362 17.271
56 510.12 716.54 5 0.5 -33.7971 -7.00202
57 510.539 716.812 5 0 -55.8003 81.1332
58 510.958 717.084 5 0.5 -32.9295 -8.72124
59 511.378 717.357 5 1 -37.9865 5.34871
60 511.797 717.629 5 1.5 -41.6661 21.3685
61 512.216 717.901 5 2 -42.8659 8.24445
62 512.636 718.174 5 2.5 -48.6707 50.7921
63 513.055 718.446 5 3 -53.0084 23.1994
64 513.474 718.718 5 3.5 -49.8819 -31.6749
65 513.894 718.991 5 4 -50.8223 -16.0843
66 508.589 716.142 5 2.06155 -55.1018 -177.336
67 509.009 716.414 5 1.58114 -41.2309 88.5287
68 509.428 716.687 5 1.11803 -40.8916 -13.1621
69 509.847 716.959 5 0.707107 -37.7252 140.827
70 510.267 717.231 5 0.5 -33.5691 9.69377
71 510.686 717.504 5 0.707107 -38.4732 115.717
72 511.105 717.776 5 1.11803 -39.2058 11.8914
73 511.525 718.048 5 1.58114 -42.0652 109.792
74 511.944 718.321 5 2.06155 -51.8814 144.214
75 512.363 718.593 5 2.54951 -45.7893 -123.585
76 512.783 718.865 5 3.04138 -50.2067 -83.8017
77 513.202 719.138 5 3.53553 -49.7796 -71.9162
78 513.621 719.41 5 4.03113 -52.2296 -64.8098
79 510.414 717.923 5 1.11803 -40.413 -1.62228
80 510.833 718.195 5 1.41421 -39.9569 -139.414
81 511.672 718.74 5 2.23607 -50.3861 86.1202
82 512.091 719.012 5 2.69258 -49.0451 161.192
83 512.51 719.285 5 3.16228 -46.169 -141.838
84 512.93 719.557 5 3.64006 -51.2306 -114.739
85 513.349 719.829 5 4.12311 -66.4412 34.1441
86 510.141 718.342 5 1.58114 -57.0455 118.344
87 510.561 718.615 5 1.80278 -45.1308 -167.742
88 511.399 719.159 5 2.5 -47.0072 -140.072
89 511.819 719.432 5 2.91548 -58.955 -156.461
90 512.238 719.704 5 3.3541 -58.7715 -58.184
91 512.657 719.976 5 3.80789 -48.7322 -161.665
92 513.077 720.249 5 4.272 -55.7245 -137.528
93 509.869 718.762 5 2.06155 -72.031 -69.7132
94 510.288 719.034 5 2.23607 -57.2864 80.9014
95 511.127 719.579 5 2.82843 -54.8094 -24.036
96 511.546 719.851 5 3.20156 -55.8426 -115.61
97 511.966 720.123 5 3.60555 -54.9896 69.8517
98 512.385 720.396 5 4.03113 -52.3202 -87.7555
99 512.804 720.668 5 4.47214 -56.1994 -38.0148
100 509.597 719.181 5 2.54951 -50.6757 -15.0657
101 510.016 719.453 5 2.69258 -45.7537 -148.701
102 509.324 719.6 5 3.04138 -74.7559 -170.712
103 509.744 719.873 5 3.16228 -45.8889 -165.06
104 509.052 720.02 5 3.53553 -52.144 -64.1001
105 509.471 720.292 5 3.64006 -51.6379 -38.4643
