1 514.644 719.84 5 2.01702 -60.9025 -49.7882
2 514.371 720.259 5 1.61865 -51.017 151.714
3 514.097 720.678 5 1.29293 -43.7179 16.6969
4 513.824 721.096 5 1.10604 -47.9863 -95.6221
5 513.551 721.515 5 1.12915 -95.4499 -13.8558
6 513.278 721.934 5 1.35153 -44.4078 176.389
7 513.004 722.353 5 1.69655 -65.2779 179.73
8 512.731 722.771 5 2.10474 -77.3939 -23.105
9 512.458 723.19 5 2.54589 -81.0209 63.9773
10 512.185 723.609 5 3.00553 -75.6045 35.1474
11 515.063 720.113 5 2.32519 -52.1927 -82.0838
12 514.789 720.532 5 1.98951 -45.2883 -163.421
13 514.516 720.951 5 1.73487 -46.3334 -178.273
14 514.243 721.37 5 1.60045 -55.1782 -4.85936
15 513.97 721.788 5 1.61651 -69.9194 -163.1
16 513.696 722.207 5 1.77897 -63.0278 -157.901
17 513.423 722.626 5 2.05338 -52.0531 -40.1221
18 513.15 723.045 5 2.40167 -64.3491 -11.489
19 512.877 723.463 5 2.79637 -75.5403 -169.956
20 512.603 723.882 5 3.22046 -70.5661 90.4649
21 515.481 720.387 5 2.69158 -49.3911 -30.5237
22 515.208 720.805 5 2.40754 -46.0174 53.7424
23 514.935 721.224 5 2.2018 -49.2488 -52.0759
24 514.662 721.643 5 2.09751 -63.5212 119.907
25 514.388 722.062 5 2.10979 -63.4811 55.4353
26 514.115 722.48 5 2.23671 -60.8305 173.131
27 513.842 722.899 5 2.46059 -47.4462 -175.602
28 513.568 723.318 5 2.75792 -54.3411 92.7884
29 513.295 723.737 5 3.1077 -62.5774 126.949
30 513.022 724.155 5 3.4942 -73.8944 -80.1278
31 515.9 720.66 5 3.0956 -50.0571 -136.825
32 515.627 721.079 5 2.85208 -60.2227 -104.239
33 515.353 721.497 5 2.68067 -58.7573 17.724
34 515.08 721.916 5 2.5957 -60.9476 149.433
35 514.807 722.335 5 2.60563 -61.5828 -155.004
36 514.534 722.754 5 2.70942 -59.2987 -135.214
37 514.26 723.172 5 2.897 -66.431 -147.683
38 513.987 723.591 5 3.15345 -51.0587 4.00855
39 516.319 720.933 5 3.52432 -50.9033 21.1843
40 516.045 721.352 5 3.31247 -58.5173 -90.3543
41 515.772 721.771 5 3.16609 -57.3469 82.6888
42 515.499 722.189 5 3.09447 -71.0009 -133.102
43 515.226 722.608 5 3.10281 -73.7875 19.7554
44 514.952 723.027 5 3.19047 -80.333 -43.4724
45 514.679 723.446 5 3.35123 -71.4436 -7.62208
46 514.406 723.864 5 3.57524 -250 0
47 516.737 721.206 5 3.96975 -50.0472 -98.6481
48 516.464 721.625 5 3.78293 -55.2725 63.5627
49 516.191 722.044 5 3.65544 -75.9366 4.49492
50 515.918 722.463 5 3.59359 -73.2845 -77.7808
51 515.644 722.881 5 3.60077 -76.2219 158.291
52 515.371 723.3 5 3.67657 -63.3352 -122.304
53 515.098 723.719 5 3.81691 -62.8715 -117.29
54 514.825 724.138 5 4.01503 -250 0
55 517.156 721.48 5 4.42686 -55.9879 160.782
56 516.883 721.898 5 4.26013 -57.532 105.035
57 516.61 722.317 5 4.14733 -57.4007 149.968
58 516.336 722.736 5 4.09292 -63.3721 65.0419
59 516.063 723.155 5 4.09922 -69.3583 -90.5662
60 515.79 723.573 5 4.16597 -68.1082 -88.5341
61 515.517 723.992 5 4.29033 -68.7267 27.6959
62 515.243 724.411 5 4.4675 -250 0
63 517.575 721.753 5 4.89236 -55.4432 24.0309
64 517.302 722.172 5 4.74203 -58.8805 -95.4282
65 517.028 722.59 5 4.64095 -56.3138 -171.36
66 516.755 723.009 5 4.5924 -65.4546 -46.0057
67 516.482 723.428 5 4.59802 -64.6351 133.848
68 516.209 723.847 5 4.65762 -67.2186 -122.193
69 515.935 724.265 5 4.76918 -72.3726 61.3947
70 515.662 724.684 5 4.92917 -87.3878 29.8447
71 517.994 722.026 5 5.36407 -53.4965 -171.281
72 517.72 722.445 5 5.22732 -53.0304 -163.61
73 517.447 722.864 5 5.13581 -55.5636 121.889
74 517.174 723.282 5 5.09198 -62.2805 -126.931
75 516.901 723.701 5 5.09705 -67.831 79.9254
76 516.627 724.12 5 5.15088 -76.2278 -75.986
77 516.354 724.539 5 5.25197 -66.5118 53.1703
78 516.081 724.957 5 5.39767 -69.3486 72.8504
