1 505.473 717.831 5 4.82295 -60.6019 -26.9018
2 505.747 717.412 5 4.45952 -65.2874 -130.936
3 506.02 716.994 5 4.12477 -66.7947 69.5774
4 506.294 716.575 5 3.82625 -62.5956 123.882
5 506.567 716.157 5 3.57304 -70.0028 169.325
6 505.891 718.104 5 4.50866 -64.515 -169.98
7 506.165 717.686 5 4.11758 -58.5536 155.999
8 506.439 717.267 5 3.75245 -56.1693 145.487
9 506.712 716.849 5 3.4216 -74.592 149.011
10 506.986 716.43 5 3.13588 -62.0469 -70.7966
11 506.31 718.378 5 4.23027 -53.6056 -83.2487
12 506.584 717.96 5 3.81072 -56.4133 -2.73608
13 506.857 717.541 5 3.41292 -56.3801 92.3516
14 507.131 717.123 5 3.0454 -69.4378 17.8317
15 507.404 716.704 5 2.72046 -57.6936 46.7112
16 506.728 718.652 5 3.99528 -58.1834 -101.97
17 507.002 718.233 5 3.54806 -63.8171 127.165
18 507.276 717.815 5 3.11691 -53.4996 -143.228
19 507.549 717.396 5 2.70953 -55.3562 -68.6459
20 507.823 716.978 5 2.33838 -63.3919 179.889
21 507.147 718.925 5 3.81175 -56.2125 171.391
22 507.421 718.507 5 3.34004 -62.4316 40.4057
23 507.694 718.088 5 2.87789 -63.7639 -155.019
24 507.968 717.67 5 2.43078 -50.3769 64.3259
25 508.241 717.251 5 2.00877 -51.7947 133.62
26 507.565 719.199 5 3.68735 -55.8612 -127.196
27 507.839 718.78 5 3.19734 -61.4977 -57.7009
28 508.113 718.362 5 2.71098 -54.7623 -40.2384
29 508.386 717.943 5 2.23066 -50.6548 -35.0073
30 508.66 717.525 5 1.76133 -50.2269 -96.529
31 507.984 719.472 5 3.62818 -51.3412 29.8766
32 508.258 719.054 5 3.12891 -49.7848 22.6659
33 508.531 718.635 5 2.62993 -48.0494 3.38117
34 508.805 718.217 5 2.13143 -49.39 -14.8763
35 509.078 717.798 5 1.63383 -46.9545 -44.8255
36 508.402 719.746 5 3.63742 -59.2449 120.627
37 508.676 719.328 5 3.13962 -77.0592 53.7514
38 508.95 718.909 5 2.64266 -79.9266 -150.656
39 509.223 718.491 5 2.14712 -69.4153 -9.81881
40 509.497 718.072 5 1.65425 -81.5433 144.342
