1 509.951 714.045 5 3.64005 -47.5323 -6.09895
2 510.37 714.318 5 3.16228 -51.4276 -143.829
3 510.79 714.59 5 2.69258 -43.3813 150.744
4 511.209 714.862 5 2.23607 -46.9126 55.1551
5 511.628 715.135 5 1.80278 -44.6172 -165.176
6 512.048 715.407 5 1.41421 -46.6664 -134.085
7 512.467 715.679 5 1.11803 -41.5616 16.658
8 512.886 715.952 5 1 -38.5423 1.97761
9 513.306 716.224 5 1.11803 -44.9533 24.9336
10 513.725 716.496 5 1.41421 -45.1518 -154.58
11 514.144 716.769 5 1.80278 -40.4392 -166.075
12 514.564 717.041 5 2.23607 -46.0759 -144.754
13 514.983 717.313 5 2.69258 -54.6014 -158.405
14 509.679 714.465 5 3.53553 -46.4394 -124.077
15 510.098 714.737 5 3.04138 -43.5437 -128.013
16 510.517 715.009 5 2.54951 -48.756 -140.715
17 510.937 715.282 5 2.06155 -48.1243 159.662
18 511.356 715.554 5 1.58114 -53.094 117.395
19 511.775 715.826 5 1.11803 -47.982 36.5059
20 512.195 716.099 5 0.707107 -36.9241 130.662
21 512.614 716.371 5 0.5 -33.711 3.42291
22 513.033 716.643 5 0.707107 -37.0564 131.704
23 513.453 716.916 5 1.11803 -42.2034 33.9758
24 513.872 717.188 5 1.58114 -47.2937 131.92
25 514.291 717.46 5 2.06155 -47.1115 118.818
26 514.711 717.733 5 2.54951 -59.1083 -109.823
27 509.406 714.884 5 3.5 -51.4818 11.6016
28 509.826 715.156 5 3 -47.6161 5.40315
29 510.245 715.429 5 2.5 -47.1102 -16.1355
30 510.664 715.701 5 2 -48.5313 15.0009
31 511.084 715.973 5 1.5 -42.4807 12.5102
32 511.503 716.246 5 1 -39.2744 -8.67712
33 511.922 716.518 5 0.5 -34.2405 -5.56803
34 512.342 716.79 5 0 -69.274 -54.5337
35 512.761 717.063 5 0.5 -34.2883 -1.46212
36 513.18 717.335 5 1 -38.2017 -5.10411
37 513.6 717.607 5 1.5 -42.5813 20.3541
38 514.019 717.88 5 2 -49.274 0.430306
39 514.438 718.152 5 2.5 -45.6768 8.19774
40 509.134 715.303 5 3.53553 -50.9787 -137.916
41 509.553 715.576 5 3.04138 -55.4499 -140.684
42 509.973 715.848 5 2.54951 -49.2684 -123.524
43 510.392 716.12 5 2.06155 -49.6359 -167.256
44 510.811 716.393 5 1.58114 -44.8387 143.095
45 511.231 716.665 5 1.11803 -40.3213 12.4879
46 511.65 716.937 5 0.707107 -37.45 127.76
47 512.069 717.21 5 0.5 -34.6317 -2.86327
48 512.489 717.482 5 0.707107 -35.9663 127.733
49 512.908 717.754 5 1.11803 -38.39 12.904
50 513.327 718.027 5 1.58114 -43.7547 123.767
51 513.747 718.299 5 2.06155 -50.0845 -121.908
52 514.166 718.571 5 2.54951 -51.0867 -104.749
53 508.862 715.723 5 3.64005 -47.1855 -18.6328
54 509.281 715.995 5 3.16228 -51.0115 -126.25
55 509.7 716.267 5 2.69258 -48.5052 167.353
56 510.12 716.54 5 2.23607 -44.2947 76.0743
57 510.539 716.812 5 1.80278 -47.2091 -129.846
58 510.958 717.084 5 1.41421 -42.1726 -122.513
59 511.378 717.357 5 1.11803 -41.9989 5.8981
60 511.797 717.629 5 1 -40.0078 8.90194
61 512.216 717.901 5 1.11803 -42.0124 17.9349
62 512.636 718.174 5 1.41421 -44.0011 -100.928
63 513.055 718.446 5 1.80278 -43.8939 -139.842
64 513.474 718.718 5 2.23607 -46.3081 61.2827
65 513.894 718.991 5 2.69258 -43.777 154.725
66 508.589 716.142 5 3.80789 -54.0761 173.19
67 509.009 716.414 5 3.3541 -46.0034 56.0594
68 509.428 716.687 5 2.91548 -46.8549 -63.5587
69 509.847 716.959 5 2.5 -55.9071 -57.1474
70 510.267 717.231 5 2.12132 -43.8803 -2.07716
71 510.686 717.504 5 1.80278 -48.9646 -172.506
72 511.105 717.776 5 1.58114 -52.1508 119.204
73 511.525 718.048 5 1.5 -43.4172 10.9325
74 511.944 718.321 5 1.58114 -45.7257 110.093
75 512.363 718.593 5 1.80278 -49.8784 -128.628
76 512.783 718.865 5 2.12132 -42.1987 14.4438
77 513.202 719.138 5 2.5 -49.0489 -26.5854
78 513.621 719.41 5 2.91548 -50.149 -83.3464
79 510.414 717.923 5 2.23607 -45.2733 47.2916
80 510.833 718.195 5 2.06155 -45.5334 -166.963
81 511.672 718.74 5 2.06155 -45.5291 170.052
82 512.091 719.012 5 2.23607 -43.6981 19.6247
83 512.51 719.285 5 2.5 -45.5966 10.1357
84 512.93 719.557 5 2.82843 -49.0456 135.217
85 513.349 719.829 5 3.20156 -50.2765 131.661
86 510.141 718.342 5 2.69258 -48.7165 166.716
87 510.561 718.615 5 2.54951 -53.6446 -116.77
88 511.399 719.159 5 2.54951 -46.1481 -158.197
89 511.819 719.432 5 2.69258 -54.402 145.904
90 512.238 719.704 5 2.91548 -56.9658 172.272
91 512.657 719.976 5 3.20156 -47.2653 111.984
92 513.077 720.249 5 3.53553 -47.2515 -92.014
93 509.869 718.762 5 3.16228 -49.6834 72.837
94 510.288 719.034 5 3.04138 -48.0873 -116.975
95 511.127 719.579 5 3.04138 -50.7369 -134.27
96 511.546 719.851 5 3.16228 -49.356 143.106
97 511.966 720.123 5 3.3541 -45.8537 106.588
98 512.385 720.396 5 3.60555 -48.8748 70.4823
99 512.804 720.668 5 3.90513 -53.9089 136.623
100 509.597 719.181 5 3.64006 -49.0966 117.043
101 510.016 719.453 5 3.53553 -42.9856 -74.9557
102 509.324 719.6 5 4.12311 -52.2298 -15.6517
103 509.744 719.873 5 4.03113 -57.0521 -23.8691
104 509.052 720.02 5 4.60977 -46.7923 26.7923
105 509.471 720.292 5 4.52769 -53.2941 -133.744
