1 509.951 714.045 5 2.12132 -45.6447 2.54541
2 510.37 714.318 5 1.80278 -41.4486 -164.524
3 510.79 714.59 5 1.58114 -44.35 118.182
4 511.209 714.862 5 1.5 -40.6167 5.74336
5 511.628 715.135 5 1.58114 -45.2758 108.775
6 512.048 715.407 5 1.80278 -40.9313 -153.441
7 512.467 715.679 5 2.12132 -48.002 24.4388
8 512.886 715.952 5 2.5 -45.4629 15.243
9 513.306 716.224 5 2.91548 -48.1269 -115.332
10 513.725 716.496 5 3.3541 -45.3829 11.1811
11 514.144 716.769 5 3.80789 -50.4642 -119.023
12 514.564 717.041 5 4.272 -57.2918 -4.68236
13 514.983 717.313 5 4.74342 -44.8006 152.632
14 509.679 714.465 5 1.80278 -48.5901 -157.423
15 510.098 714.737 5 1.41421 -40.6647 -119.899
16 510.517 715.009 5 1.11803 -39.2285 8.12475
17 510.937 715.282 5 1 -38.2709 5.55121
18 511.356 715.554 5 1.11803 -42.3527 11.6096
19 511.775 715.826 5 1.41421 -42.2446 -116.165
20 512.195 716.099 5 1.80278 -51.9134 -176.061
21 512.614 716.371 5 2.23607 -52.7391 75.5579
22 513.033 716.643 5 2.69258 -45.5095 156.712
23 513.453 716.916 5 3.16228 -47.2889 -93.5481
24 513.872 717.188 5 3.64006 -49.3817 -24.5406
25 514.291 717.46 5 4.12311 -46.7444 7.02442
26 514.711 717.733 5 4.60977 -60.2297 13.8986
27 509.406 714.884 5 1.58114 -49.5097 103.09
28 509.826 715.156 5 1.11803 -38.9739 10.8495
29 510.245 715.429 5 0.707107 -38.6994 119.682
30 510.664 715.701 5 0.5 -33.0066 6.07723
31 511.084 715.973 5 0.707107 -39.9867 108.156
32 511.503 716.246 5 1.11803 -38.7834 9.75641
33 511.922 716.518 5 1.58114 -50.0488 125.919
34 512.342 716.79 5 2.06155 -51.684 -141.494
35 512.761 717.063 5 2.54951 -50.4266 -128.198
36 513.18 717.335 5 3.04138 -51.6468 -78.5313
37 513.6 717.607 5 3.53553 -55.9153 -95.8853
38 514.019 717.88 5 4.03113 -50.8015 -152.336
39 514.438 718.152 5 4.52769 -46.265 -128.669
40 509.134 715.303 5 1.5 -45.1543 13.4186
41 509.553 715.576 5 1 -38.1434 -9.48114
42 509.973 715.848 5 0.5 -32.5403 -5.35126
43 510.392 716.12 5 0 -50.1996 28.6334
44 510.811 716.393 5 0.5 -32.6491 -6.85086
45 511.231 716.665 5 1 -39.071 -12.0125
46 511.65 716.937 5 1.5 -43.472 -3.8661
47 512.069 717.21 5 2 -44.6425 15.5922
48 512.489 717.482 5 2.5 -48.0828 2.87001
49 512.908 717.754 5 3 -51.6999 -0.848287
50 513.327 718.027 5 3.5 -50.2841 5.76254
51 513.747 718.299 5 4 -49.3119 -17.7455
52 514.166 718.571 5 4.5 -45.9377 -33.5311
53 508.862 715.723 5 1.58114 -45.5789 70.6031
54 509.281 715.995 5 1.11803 -41.4654 15.096
55 509.7 716.267 5 0.707107 -37.7474 111.794
56 510.12 716.54 5 0.5 -34.0562 4.96618
57 510.539 716.812 5 0.707107 -38.4663 120.528
58 510.958 717.084 5 1.11803 -42.0768 3.89858
59 511.378 717.357 5 1.58114 -45.8631 97.2858
60 511.797 717.629 5 2.06155 -45.7902 -173.41
61 512.216 717.901 5 2.54951 -58.8472 -63.9143
62 512.636 718.174 5 3.04138 -50.5491 -113.551
63 513.055 718.446 5 3.53553 -52.2208 -52.9248
64 513.474 718.718 5 4.03113 -54.4849 -84.1194
65 513.894 718.991 5 4.52769 -51.6906 -68.4772
66 508.589 716.142 5 1.80278 -58.4205 118.85
67 509.009 716.414 5 1.41421 -45.0632 -128.158
68 509.428 716.687 5 1.11803 -39.8977 -9.41362
69 509.847 716.959 5 1 -39.6075 11.7834
70 510.267 717.231 5 1.11803 -41.1819 -5.2805
71 510.686 717.504 5 1.41421 -43.1294 -104.043
72 511.105 717.776 5 1.80278 -48.6909 -160.877
73 511.525 718.048 5 2.23607 -44.0757 7.99386
74 511.944 718.321 5 2.69258 -43.5868 140.678
75 512.363 718.593 5 3.16228 -47.7881 -120.451
76 512.783 718.865 5 3.64006 -56.8755 -83.4062
77 513.202 719.138 5 4.12311 -52.9024 -52.8742
78 513.621 719.41 5 4.60977 -55.166 69.7035
79 510.414 717.923 5 1.80278 -44.2901 -159.727
80 510.833 718.195 5 2.12132 -48.2746 26.9297
81 511.672 718.74 5 2.91548 -47.0183 -100.656
82 512.091 719.012 5 3.3541 -45.4088 14.0277
83 512.51 719.285 5 3.80789 -58.5962 -91.7691
84 512.93 719.557 5 4.272 -49.1548 -78.1156
85 513.349 719.829 5 4.74342 -64.3177 5.76393
86 510.141 718.342 5 2.23607 -53.0975 -14.4268
87 510.561 718.615 5 2.5 -46.4423 20.1439
88 511.399 719.159 5 3.20156 -48.412 14.0208
89 511.819 719.432 5 3.60555 -55.6318 121.917
90 512.238 719.704 5 4.03113 -45.5137 -74.2727
91 512.657 719.976 5 4.47214 -55.9259 136.008
92 513.077 720.249 5 4.92443 -53.8577 179.381
93 509.869 718.762 5 2.69258 -53.9495 35.2677
94 510.288 719.034 5 2.91548 -62.7397 -21.8525
95 511.127 719.579 5 3.53553 -49.528 169.808
96 511.546 719.851 5 3.90513 -50.0004 66.2913
97 511.966 720.123 5 4.30116 -52.8044 65.9541
98 512.385 720.396 5 4.71699 -55.6125 123.983
99 512.804 720.668 5 5.14782 -56.4374 -142.023
100 509.597 719.181 5 3.16228 -53.9008 153.797
101 510.016 719.453 5 3.3541 -53.3369 31.3311
102 509.324 719.6 5 3.64006 -57.7228 -150.345
103 509.744 719.873 5 3.80789 -52.6293 -22.5192
104 509.052 720.02 5 4.12311 -60.7447 115.269
105 509.471 720.292 5 4.272 -62.4894 155.301
