1 514.644 719.84 5 3.59718 -70.7729 -132.056
2 514.371 720.259 5 3.60359 -54.1487 -47.4854
3 514.097 720.678 5 3.67859 -58.413 98.4829
4 513.824 721.096 5 3.81814 -66.737 -90.5218
5 513.551 721.515 5 4.01551 -74.1776 42.9808
6 513.278 721.934 5 4.26268 -68.9181 116.607
7 513.004 722.353 5 4.55155 -70.5656 64.5
8 512.731 722.771 5 4.87471 -54.7531 136.705
9 512.458 723.19 5 5.2258 -83.478 -38.5295
10 512.185 723.609 5 5.59956 -79.2203 -76.4693
11 515.063 720.113 5 4.09647 -69.7794 53.5692
12 514.789 720.532 5 4.1021 -58.004 -23.2882
13 514.516 720.951 5 4.16814 -55.0281 123.225
14 514.243 721.37 5 4.2918 -58.0121 99.0865
15 513.97 721.788 5 4.4683 -69.3815 -127.767
16 513.696 722.207 5 4.69168 -72.5992 -34.8618
17 513.423 722.626 5 4.95561 -66.7503 -164.761
18 513.15 723.045 5 5.25397 -64.4018 -179.838
19 512.877 723.463 5 5.58125 -78.7166 153.215
20 512.603 723.882 5 5.93267 -81.6299 123.231
21 515.481 720.387 5 4.59592 -63.3772 -174.772
22 515.208 720.805 5 4.60094 -53.4562 16.0505
23 514.935 721.224 5 4.65991 -51.9447 125.174
24 514.662 721.643 5 4.77084 -53.9098 166.744
25 514.388 722.062 5 4.93022 -64.8957 -135.692
26 514.115 722.48 5 5.13354 -74.5662 -16.022
27 513.842 722.899 5 5.37582 -60.34 -132.692
28 513.568 723.318 5 5.65204 -93.7792 135.096
29 513.295 723.737 5 5.9575 -67.5328 -19.0343
30 513.022 724.155 5 6.28792 -91.2683 -72.1247
31 515.9 720.66 5 5.09547 -61.9348 78.472
32 515.627 721.079 5 5.1 -56.7128 -9.4825
33 515.353 721.497 5 5.15327 -54.4526 146.559
34 515.08 721.916 5 5.25379 -58.8131 -103.513
35 514.807 722.335 5 5.39894 -59.0815 89.9279
36 514.534 722.754 5 5.58522 -62.2623 29.8787
37 514.26 723.172 5 5.80869 -68.5625 -157.595
38 513.987 723.591 5 6.06523 -70.04 29.8535
39 516.319 720.933 5 5.59511 -56.3583 171.122
40 516.045 721.352 5 5.59923 -60.701 -51.4715
41 515.772 721.771 5 5.64779 -59.2307 170.693
42 515.499 722.189 5 5.73966 -58.2907 -40.9048
43 515.226 722.608 5 5.87281 -60.2092 -148.006
44 514.952 723.027 5 6.04451 -67.4793 -75.4106
45 514.679 723.446 5 6.25158 -73.1476 38.1326
46 514.406 723.864 5 6.49064 -117.787 -165.551
47 516.737 721.206 5 6.09481 -56.6474 177.35
48 516.464 721.625 5 6.09859 -53.259 21.9042
49 516.191 722.044 5 6.14321 -62.5184 152.723
50 515.918 722.463 5 6.22777 -55.7836 -35.5631
51 515.644 722.881 5 6.35069 -59.2819 -39.9193
52 515.371 723.3 5 6.5098 -66.773 -168.443
53 515.098 723.719 5 6.70251 -64.5247 44.0041
54 514.825 724.138 5 6.92602 -107.569 79.4424
55 517.156 721.48 5 6.59455 -59.8354 -159.362
56 516.883 721.898 5 6.59805 -59.5798 -34.5536
57 516.61 722.317 5 6.63931 -56.3241 -118.741
58 516.336 722.736 5 6.71763 -59.4954 -23.343
59 516.063 723.155 5 6.83174 -59.0361 72.3084
60 515.79 723.573 5 6.97989 -70.551 26.507
61 515.517 723.992 5 7.15996 -79.0896 16.9314
62 515.243 724.411 5 7.36961 -139.461 26.8708
63 517.575 721.753 5 7.09433 -70.4611 -179.371
64 517.302 722.172 5 7.09758 -60.8324 -75.5004
65 517.028 722.59 5 7.13595 -65.6948 -149.275
66 516.755 723.009 5 7.20888 -57.7644 -7.36471
67 516.482 723.428 5 7.31533 -63.5308 96.2253
68 516.209 723.847 5 7.45388 -64.0704 -29.6261
69 515.935 724.265 5 7.62276 -86.8484 -125.439
70 515.662 724.684 5 7.82001 -74.6864 -72.3889
71 517.994 722.026 5 7.59413 -67.1307 19.898
72 517.72 722.445 5 7.59717 -68.8055 -99.946
73 517.447 722.864 5 7.63303 -56.6633 -84.6371
74 517.174 723.282 5 7.70126 -58.6975 -1.73639
75 516.901 723.701 5 7.80099 -62.8508 120.742
76 516.627 724.12 5 7.93106 -59.7514 74.2452
77 516.354 724.539 5 8.08998 -68.5583 4.97109
78 516.081 724.957 5 8.27611 -71.237 -31.9291
