1 514.644 719.84 5 3.35559 -64.6914 160.914
2 514.371 720.259 5 3.57872 -68.148 -41.1479
3 514.097 720.678 5 3.85415 -50.8758 -84.7993
4 513.824 721.096 5 4.17154 -49.4984 114.368
5 513.551 721.515 5 4.52205 -57.967 84.0515
6 513.278 721.934 5 4.8986 -70.2312 120.201
7 513.004 722.353 5 5.29561 -81.5109 -150.275
8 512.731 722.771 5 5.70883 -75.3763 166.699
9 512.458 723.19 5 6.13498 -84.2931 161.926
10 512.185 723.609 5 6.57155 -93.3375 131.957
11 515.063 720.113 5 3.8216 -65.8222 -112.801
12 514.789 720.532 5 4.01894 -67.8522 -2.53814
13 514.516 720.951 5 4.26605 -56.6186 144.071
14 514.243 721.37 5 4.55482 -48.9042 89.1099
15 513.97 721.788 5 4.87788 -60.633 151.711
16 513.696 722.207 5 5.22885 -67.8342 -87.3841
17 513.423 722.626 5 5.60252 -77.6454 -0.970771
18 513.15 723.045 5 5.99462 -89.8397 61.6843
19 512.877 723.463 5 6.40177 -99.833 -49.2664
20 512.603 723.882 5 6.82129 -87.7536 32.0232
21 515.481 720.387 5 4.29527 -56.2095 95.5484
22 515.208 720.805 5 4.47175 -63.8665 32.7178
23 514.935 721.224 5 4.69509 -70.6267 -93.5134
24 514.662 721.643 5 4.95894 -51.6938 -16.1757
25 514.388 722.062 5 5.25722 -49.9056 -124.732
26 514.115 722.48 5 5.58441 -67.8862 -96.2804
27 513.842 722.899 5 5.93573 -66.4152 158.959
28 513.568 723.318 5 6.30715 -75.9276 -22.4624
29 513.295 723.737 5 6.69532 -68.0042 177.137
30 513.022 724.155 5 7.09751 -86.3558 -84.7564
31 515.9 720.66 5 4.77431 -60.8654 -49.9201
32 515.627 721.079 5 4.93369 -71.9355 -52.7627
33 515.353 721.497 5 5.13698 -76.7466 29.0653
34 515.08 721.916 5 5.3792 -62.6565 160.795
35 514.807 722.335 5 5.65536 -51.2901 170.251
36 514.534 722.754 5 5.96073 -53.1326 27.5093
37 514.26 723.172 5 6.29107 -64.6158 24.7387
38 513.987 723.591 5 6.64265 -67.6384 -25.7306
39 516.319 720.933 5 5.25725 -62.5627 116.464
40 516.045 721.352 5 5.4024 -74.0169 171.839
41 515.772 721.771 5 5.58867 -68.7517 -107.193
42 515.499 722.189 5 5.8121 -67.0085 -69.2006
43 515.226 722.608 5 6.06859 -56.1208 45.911
44 514.952 723.027 5 6.35413 -50.7162 -41.7578
45 514.679 723.446 5 6.665 -53.612 136.604
46 514.406 723.864 5 6.99782 -101.17 -121.818
47 516.737 721.206 5 5.74312 -58.0674 -143.746
48 516.464 721.625 5 5.87628 -54.533 -30.3846
49 516.191 722.044 5 6.04797 -67.029 -81.5511
50 515.918 722.463 5 6.25501 -69.1714 -54.6876
51 515.644 722.881 5 6.49403 -67.2105 114.087
52 515.371 723.3 5 6.76163 -54.9388 -142.153
53 515.098 723.719 5 7.05457 -52.2338 116.078
54 514.825 724.138 5 7.36982 -123.81 -65.449
55 517.156 721.48 5 6.23122 -63.7085 -163.343
56 516.883 721.898 5 6.35416 -71.0799 23.1958
57 516.61 722.317 5 6.51326 -68.6599 -91.8458
58 516.336 722.736 5 6.70596 -67.7905 143.663
59 516.063 723.155 5 6.92944 -68.9923 26.1261
60 515.79 723.573 5 7.18083 -66.7568 -1.04358
61 515.517 723.992 5 7.45732 -53.7693 23.3444
62 515.243 724.411 5 7.75621 -134.068 102.682
63 517.575 721.753 5 6.72107 -62.7717 -151.237
64 517.302 722.172 5 6.83521 -61.539 -99.6982
65 517.028 722.59 5 6.98336 -67.9503 -98.8364
66 516.755 723.009 5 7.16342 -70.0354 30.6958
67 516.482 723.428 5 7.37305 -70.5948 67.4876
68 516.209 723.847 5 7.6098 -66.503 -157.897
69 515.935 724.265 5 7.87123 -58.9952 -94.4769
70 515.662 724.684 5 8.15497 -64.9401 97.2256
71 517.994 722.026 5 7.21231 -69.5656 -103.407
72 517.72 722.445 5 7.31879 -67.3836 0.754902
73 517.447 722.864 5 7.45734 -64.3429 15.6342
74 517.174 723.282 5 7.62622 -63.5257 -132.374
75 516.901 723.701 5 7.82346 -61.766 166.044
76 516.627 724.12 5 8.04697 -78.9224 -115.206
77 516.354 724.539 5 8.29464 -69.25 -26.1878
78 516.081 724.957 5 8.56436 -61.4714 62.9783
