1 514.644 719.84 5 7.09454 -74.7359 165.686
2 514.371 720.259 5 7.09725 -56.0911 -2.15479
3 514.097 720.678 5 7.13509 -65.3307 99.6288
4 513.824 721.096 5 7.20749 -66.4009 101.1
5 513.551 721.515 5 7.31344 -68.3249 -85.3669
6 513.278 721.934 5 7.45151 -69.3504 -54.2045
7 513.004 722.353 5 7.61994 -92.5063 -36.9412
8 512.731 722.771 5 7.81677 -80.9534 149.471
9 512.458 723.19 5 8.03992 -85.2737 -105.103
10 512.185 723.609 5 8.28727 -97.4441 -90.8101
11 515.063 720.113 5 7.59433 -69.6428 -172.991
12 514.789 720.532 5 7.59687 -60.1364 3.74605
13 514.516 720.951 5 7.63223 -60.9919 -121.328
14 514.243 721.37 5 7.69996 -68.207 145.675
15 513.97 721.788 5 7.79922 -72.0487 -22.8546
16 513.696 722.207 5 7.92883 -83.9807 -96.1323
17 513.423 722.626 5 8.08732 -75.3318 -14.0486
18 513.15 723.045 5 8.27305 -82.6728 28.8241
19 512.877 723.463 5 8.48421 -99.0884 -164.056
20 512.603 723.882 5 8.71896 -93.7441 -60.0027
21 515.481 720.387 5 8.09415 -69.4318 -39.091
22 515.208 720.805 5 8.09653 -55.2086 -12.3145
23 514.935 721.224 5 8.12971 -65.0846 -42.6386
24 514.662 721.643 5 8.19334 -64.6309 6.22139
25 514.388 722.062 5 8.28669 -62.2086 -75.1607
26 514.115 722.48 5 8.40879 -79.8091 148.058
27 513.842 722.899 5 8.5584 -86.0737 22.5259
28 513.568 723.318 5 8.73411 -80.6803 -98.8436
29 513.295 723.737 5 8.93438 -82.0965 -130.025
30 513.022 724.155 5 9.1576 -83.9699 -178.687
31 515.9 720.66 5 8.59399 -57.3475 -122.421
32 515.627 721.079 5 8.59623 -64.3003 8.8132
33 515.353 721.497 5 8.62749 -59.0952 -165.996
34 515.08 721.916 5 8.68747 -75.5241 -63.6762
35 514.807 722.335 5 8.77557 -72.5741 -178.679
36 514.534 722.754 5 8.89096 -68.0591 66.0079
37 514.26 723.172 5 9.03258 -77.2073 116.572
38 513.987 723.591 5 9.19924 -85.5808 144.209
39 516.319 720.933 5 9.09385 -59.1933 -34.2346
40 516.045 721.352 5 9.09596 -59.8113 14.6209
41 515.772 721.771 5 9.12552 -59.1866 -134.915
42 515.499 722.189 5 9.18224 -66.9524 165.661
43 515.226 722.608 5 9.26564 -82.0753 61.6585
44 514.952 723.027 5 9.37499 -72.6193 -72.4011
45 514.679 723.446 5 9.50941 -70.3522 179.572
46 514.406 723.864 5 9.66786 -110.794 -75.6424
47 516.737 721.206 5 9.59372 -59.8625 12.842
48 516.464 721.625 5 9.59573 -66.5353 -29.8333
49 516.191 722.044 5 9.62374 -55.5792 -117.369
50 515.918 722.463 5 9.67755 -72.4167 155.476
51 515.644 722.881 5 9.75671 -74.8846 -99.526
52 515.371 723.3 5 9.86062 -81.2856 163.496
53 515.098 723.719 5 9.98851 -74.3891 50.3114
54 514.825 724.138 5 10.1395 -120.654 -0.971616
55 517.156 721.48 5 10.0936 -67.3387 117.672
56 516.883 721.898 5 10.0955 -59.163 25.3328
57 516.61 722.317 5 10.1221 -66.8057 -1.51908
58 516.336 722.736 5 10.1733 -68.7941 138.14
59 516.063 723.155 5 10.2486 -69.1617 175.831
60 515.79 723.573 5 10.3476 -70.3937 121.477
61 515.517 723.992 5 10.4696 -74.2423 60.4087
62 515.243 724.411 5 10.6137 -123.075 175.107
63 517.575 721.753 5 10.5935 -65.8149 -176.592
64 517.302 722.172 5 10.5953 -54.8708 62.9895
65 517.028 722.59 5 10.6207 -64.6708 -55.2042
66 516.755 723.009 5 10.6695 -66.1917 -111.995
67 516.482 723.428 5 10.7413 -70.0307 142.767
68 516.209 723.847 5 10.8358 -67.1532 52.115
69 515.935 724.265 5 10.9523 -73.6728 -76.6711
70 515.662 724.684 5 11.0902 -75.0535 -64.5563
71 517.994 722.026 5 11.0934 -68.0854 169.657
72 517.72 722.445 5 11.0951 -69.0532 57.7445
73 517.447 722.864 5 11.1194 -56.757 -9.01214
74 517.174 723.282 5 11.166 -63.8983 98.3189
75 516.901 723.701 5 11.2347 -70.4376 -4.52309
76 516.627 724.12 5 11.325 -73.2724 47.2137
77 516.354 724.539 5 11.4365 -67.6958 -102.083
78 516.081 724.957 5 11.5686 -67.9313 32.216
