1 514.644 719.84 5 5.25617 -86.9529 -46.1668
2 514.371 720.259 5 5.40094 -67.2652 132.455
3 514.097 720.678 5 5.58686 -51.752 -51.9756
4 513.824 721.096 5 5.80998 -54.4821 7.80835
5 513.551 721.515 5 6.0662 -85.6201 -35.4902
6 513.278 721.934 5 6.35151 -68.5129 -148.773
7 513.004 722.353 5 6.66217 -88.8332 9.16189
8 512.731 722.771 5 6.99481 -59.9755 164.893
9 512.458 723.19 5 7.34644 -69.487 159.509
10 512.185 723.609 5 7.71447 -90.7756 -30.1229
11 515.063 720.113 5 5.74212 -62.3648 26.2478
12 514.789 720.532 5 5.87493 -78.3701 -126.202
13 514.516 720.951 5 6.0463 -56.9018 62.9196
14 514.243 721.37 5 6.25305 -57.3912 -144.442
15 513.97 721.788 5 6.4918 -73.0676 -113.639
16 513.696 722.207 5 6.75917 -75.8294 26.8029
17 513.423 722.626 5 7.05189 -73.038 148.623
18 513.15 723.045 5 7.36696 -68.7405 -170.308
19 512.877 723.463 5 7.70162 -90.3979 -14.056
20 512.603 723.882 5 8.05343 -75.4057 37.5022
21 515.481 720.387 5 6.2303 -63.8073 -118.319
22 515.208 720.805 5 6.35292 -71.115 -104.873
23 514.935 721.224 5 6.51171 -65.1628 -171.134
24 514.662 721.643 5 6.70412 -52.9787 -18.2699
25 514.388 722.062 5 6.92735 -57.9036 111.348
26 514.115 722.48 5 7.17851 -72.9448 -108.367
27 513.842 722.899 5 7.45479 -64.727 -98.0898
28 513.568 723.318 5 7.7535 -70.7814 143.406
29 513.295 723.737 5 8.07215 -69.9849 -5.22963
30 513.022 724.155 5 8.40848 -93.0642 42.7926
31 515.9 720.66 5 6.72022 -57.5363 -86.1395
32 515.627 721.079 5 6.83405 -69.553 86.541
33 515.353 721.497 5 6.98191 -73.5131 160.183
34 515.08 721.916 5 7.1617 -55.3602 144.951
35 514.807 722.335 5 7.37108 -58.713 -119.059
36 514.534 722.754 5 7.60761 -66.6854 33.2992
37 514.26 723.172 5 7.86883 -65.4634 12.4727
38 513.987 723.591 5 8.15239 -84.0254 128.492
39 516.319 720.933 5 7.21152 -58.3516 -32.5842
40 516.045 721.352 5 7.31771 -61.7533 -81.2584
41 515.772 721.771 5 7.45599 -61.6392 -119.22
42 515.499 722.189 5 7.62461 -53.4257 -129.443
43 515.226 722.608 5 7.8216 -56.1795 33.1908
44 514.952 723.027 5 8.0449 -61.8198 115.341
45 514.679 723.446 5 8.29236 -74.1723 -25.4169
46 514.406 723.864 5 8.5619 -123.929 138.855
47 516.737 721.206 5 7.70394 -55.1009 -17.5105
48 516.464 721.625 5 7.80343 -58.5165 -143.566
49 516.191 722.044 5 7.93325 -64.5258 -74.0217
50 515.918 722.463 5 8.09193 -55.625 -41.8292
51 515.644 722.881 5 8.27781 -59.2026 168.122
52 515.371 723.3 5 8.48911 -59.5725 -88.94
53 515.098 723.719 5 8.72399 -66.3361 49.5514
54 514.825 724.138 5 8.98058 -129.824 -175.033
55 517.156 721.48 5 8.19728 -79.0777 13.8447
56 516.883 721.898 5 8.29085 -73.3371 19.4927
57 516.61 722.317 5 8.41315 -61.6206 20.4453
58 516.336 722.736 5 8.56294 -67.0116 7.04403
59 516.063 723.155 5 8.73881 -64.867 -113.061
60 515.79 723.573 5 8.93922 -56.8252 57.891
61 515.517 723.992 5 9.16257 -73.2994 159.961
62 515.243 724.411 5 9.4072 -125.979 103.265
63 517.575 721.753 5 8.69138 -59.4744 176.06
64 517.302 722.172 5 8.77969 -64.7434 36.2314
65 517.028 722.59 5 8.89527 -78.6124 -2.2378
66 516.755 723.009 5 9.03707 -70.1882 169.214
67 516.482 723.428 5 9.20389 -79.1082 -37.3809
68 516.209 723.847 5 9.39438 -55.8409 -144.936
69 515.935 724.265 5 9.60715 -58.9586 -81.7986
70 515.662 724.684 5 9.84074 -82.4315 -45.8816
71 517.994 722.026 5 9.18612 -68.309 -135.791
72 517.72 722.445 5 9.26972 -55.9376 93.9352
73 517.447 722.864 5 9.37926 -60.814 4.23353
74 517.174 723.282 5 9.51385 -79.829 72.9421
75 516.901 723.701 5 9.67245 -69.1113 114.374
76 516.627 724.12 5 9.85389 -56.9512 -76.3717
77 516.354 724.539 5 10.0569 -55.1058 77.2996
78 516.081 724.957 5 10.2803 -66.9854 110.156
