1 505.473 717.831 5 4.96352 -68.2339 -152.478
2 505.747 717.412 5 4.8227 -69.824 -56.5775
3 506.02 716.994 5 4.73078 -71.0634 11.6661
4 506.294 716.575 5 4.69065 -59.9161 46.323
5 506.567 716.157 5 4.70363 -57.0172 -36.3339
6 505.891 718.104 5 4.49418 -64.705 146.449
7 506.165 717.686 5 4.33815 -57.5967 143.129
8 506.439 717.267 5 4.23573 -58.8682 -123.029
9 506.712 716.849 5 4.19086 -68.1412 153.108
10 506.986 716.43 5 4.20538 -59.6963 -67.4347
11 506.31 718.378 5 4.03221 -59.0426 45.6335
12 506.584 717.96 5 3.85754 -69.0892 -100.626
13 506.857 717.541 5 3.74199 -71.3761 -19.1231
14 507.131 717.123 5 3.69112 -61.9511 148.116
15 507.404 716.704 5 3.7076 -54.7076 -59.9635
16 506.728 718.652 5 3.58048 -59.5555 74.6313
17 507.002 718.233 5 3.38256 -60.7053 144.844
18 507.276 717.815 5 3.25017 -55.6794 -18.8663
19 507.549 717.396 5 3.19147 -53.5008 177.543
20 507.823 716.978 5 3.21051 -70.7397 136.362
21 507.147 718.925 5 3.14339 -62.3756 12.971
22 507.421 718.507 5 2.91596 -60.1412 50.5133
23 507.694 718.088 5 2.76129 -57.0842 12.9643
24 507.968 717.67 5 2.69195 -70.3666 -11.26
25 508.241 717.251 5 2.7145 -62.9765 -151.891
26 507.565 719.199 5 2.728 -60.104 162.99
27 507.839 718.78 5 2.4625 -54.27 -55.0811
28 508.113 718.362 5 2.27724 -62.9308 33.2141
29 508.386 717.943 5 2.19265 -62.6361 32.1362
30 508.66 717.525 5 2.22027 -57.2278 17.6721
31 507.984 719.472 5 2.34587 -50.3967 136.615
32 508.258 719.054 5 2.03101 -53.8353 -104.945
33 508.531 718.635 5 1.80192 -61.2953 -45.141
34 508.805 718.217 5 1.69375 -60.5495 -64.6447
35 509.078 717.798 5 1.72936 -62.3908 -127.608
36 508.402 719.746 5 2.01599 -50.8043 78.8857
37 508.676 719.328 5 1.63893 -58.2211 -142.407
38 508.95 718.909 5 1.34462 -63.1145 38.1918
39 509.223 718.491 5 1.19578 -63.8232 136.416
40 509.497 718.072 5 1.24571 -71.1174 -134.358
