1 514.644 719.84 5 4.64385 -91.7543 31.4767
2 514.371 720.259 5 4.42837 -87.4093 -110.621
3 514.097 720.678 5 4.26093 -95.5084 -45.7444
4 513.824 721.096 5 4.14736 -87.507 97.0414
5 513.551 721.515 5 4.09214 -84.63 126.375
6 513.278 721.934 5 4.09764 -88.647 131.363
7 513.004 722.353 5 4.16362 -96.5705 -55.6971
8 512.731 722.771 5 4.28729 -84.5834 126.204
9 512.458 723.19 5 4.46384 -90.3478 42.7527
10 512.185 723.609 5 4.68732 -88.3867 67.4412
11 515.063 720.113 5 5.08944 -77.7962 16.9914
12 514.789 720.532 5 4.89361 -83.8709 -73.8545
13 514.516 720.951 5 4.74263 -78.6346 2.03965
14 514.243 721.37 5 4.64086 -81.877 112.835
15 513.97 721.788 5 4.59158 -101.393 -156.02
16 513.696 722.207 5 4.59649 -90.0064 -162.716
17 513.423 722.626 5 4.6554 -90.7058 -113.578
18 513.15 723.045 5 4.76632 -86.6076 -161.661
19 512.877 723.463 5 4.92574 -89.0043 -44.7929
20 512.603 723.882 5 5.12913 -85.2001 -130.512
21 515.481 720.387 5 5.54431 -78.5238 159.876
22 515.208 720.805 5 5.36511 -80.6194 146.859
23 514.935 721.224 5 5.22776 -86.2467 -90.0261
24 514.662 721.643 5 5.13562 -97.2039 -111.19
25 514.388 722.062 5 5.09113 -93.4125 176.002
26 514.115 722.48 5 5.09556 -87.8751 72.5158
27 513.842 722.899 5 5.14876 -88.9089 -127.315
28 513.568 723.318 5 5.24927 -87.9537 138.114
29 513.295 723.737 5 5.39443 -84.8183 28.0787
30 513.022 724.155 5 5.58077 -89.5459 -124.117
31 515.9 720.66 5 6.00636 -90.6943 -110.425
32 515.627 721.079 5 5.84136 -85.6241 -96.2774
33 515.353 721.497 5 5.71546 -79.4694 -58.0987
34 515.08 721.916 5 5.6313 -101.198 164.913
35 514.807 722.335 5 5.59076 -81.8588 -122.51
36 514.534 722.754 5 5.59479 -92.4472 58.5583
37 514.26 723.172 5 5.6433 -98.0584 161.512
38 513.987 723.591 5 5.73514 -86.2337 121.465
39 516.319 720.933 5 6.47405 -78.3989 -179.063
40 516.045 721.352 5 6.32127 -86.6842 -43.4917
41 515.772 721.771 5 6.20512 -100.533 51.1423
42 515.499 722.189 5 6.12769 -86.5935 29.1579
43 515.226 722.608 5 6.09046 -93.981 13.5105
44 514.952 723.027 5 6.09415 -83.7457 -27.8917
45 514.679 723.446 5 6.13871 -93.5118 -18.6041
46 514.406 723.864 5 6.22325 -122.115 152.662
47 516.737 721.206 5 6.94625 -92.7501 -73.3361
48 516.464 721.625 5 6.80408 -88.2703 128.232
49 516.191 722.044 5 6.69631 -86.5085 -95.3888
50 515.918 722.463 5 6.62462 -80.1607 -49.2183
51 515.644 722.881 5 6.59019 -91.4404 121.506
52 515.371 723.3 5 6.59361 -86.6918 -117.914
53 515.098 723.719 5 6.63482 -92.5125 -71.4035
54 514.825 724.138 5 6.71311 -165.449 -179.427
55 517.156 721.48 5 7.42209 -87.3838 -149.672
56 516.883 721.898 5 7.2892 -87.6004 -133.04
57 516.61 722.317 5 7.18871 -80.4711 -93.7771
58 516.336 722.736 5 7.12198 -93.7462 135.035
59 516.063 723.155 5 7.08997 -82.139 114.791
60 515.79 723.573 5 7.09315 -91.8318 -149.651
61 515.517 723.992 5 7.13147 -90.6882 -101.728
62 515.243 724.411 5 7.20437 -166.794 -54.8434
63 517.575 721.753 5 7.90091 -86.9751 64.6844
64 517.302 722.172 5 7.77621 -90.7846 28.5379
65 517.028 722.59 5 7.68209 -95.0545 -79.2757
66 516.755 723.009 5 7.61969 -79.9623 27.4098
67 516.482 723.428 5 7.58977 -98.2727 -96.0131
68 516.209 723.847 5 7.59274 -84.0322 -18.4498
69 515.935 724.265 5 7.62855 -82.5242 -7.80201
70 515.662 724.684 5 7.69674 -85.3994 38.8762
71 517.994 722.026 5 8.38221 -92.9176 157.798
72 517.72 722.445 5 8.26477 -89.0057 -24.7472
73 517.447 722.864 5 8.17628 -81.8148 -78.9476
74 517.174 723.282 5 8.11767 -93.486 -128.485
75 516.901 723.701 5 8.0896 -86.294 -98.8731
76 516.627 724.12 5 8.09239 -81.137 118.571
77 516.354 724.539 5 8.126 -87.4939 153.245
78 516.081 724.957 5 8.19005 -79.2278 156.163
