1 514.644 719.84 5 4.2673 -58.2033 126.229
2 514.371 720.259 5 4.55588 -71.4624 -103.499
3 514.097 720.678 5 4.87875 -55.4849 -130.926
4 513.824 721.096 5 5.22956 -53.732 -56.4409
5 513.551 721.515 5 5.60308 -62.6756 -110.31
6 513.278 721.934 5 5.99505 -77.4302 -11.2527
7 513.004 722.353 5 6.40209 -68.82 -133.125
8 512.731 722.771 5 6.82151 -70.384 -62.852
9 512.458 723.19 5 7.25115 -90.9095 -0.058691
10 512.185 723.609 5 7.6893 -91.0987 -18.7272
11 515.063 720.113 5 4.69646 -52.7976 -161.923
12 514.789 720.532 5 4.96013 -70.3202 26.3337
13 514.516 720.951 5 5.25824 -64.681 146.627
14 514.243 721.37 5 5.58527 -52.7873 -10.8134
15 513.97 721.788 5 5.93645 -59.2376 3.36829
16 513.696 722.207 5 6.30774 -76.1099 62.1132
17 513.423 722.626 5 6.6958 -71.0849 -146.522
18 513.15 723.045 5 7.09788 -81.2461 98.3174
19 512.877 723.463 5 7.51172 -82.6434 -88.1596
20 512.603 723.882 5 7.9355 -79.3795 -122.063
21 515.481 720.387 5 5.13845 -63.1452 90.8661
22 515.208 720.805 5 5.3805 -59.6066 -155.093
23 514.935 721.224 5 5.6565 -67.205 -138.028
24 514.662 721.643 5 5.96172 -60.284 -58.861
25 514.388 722.062 5 6.29192 -53.25 159.396
26 514.115 722.48 5 6.64337 -69.1471 142.091
27 513.842 722.899 5 7.01289 -68.5654 34.0352
28 513.568 723.318 5 7.39775 -71.7102 155.817
29 513.295 723.737 5 7.7957 -72.8161 158.562
30 513.022 724.155 5 8.20482 -74.0624 -178.677
31 515.9 720.66 5 5.59022 -53.6517 -144.398
32 515.627 721.079 5 5.81349 -55.1168 -99.7884
33 515.353 721.497 5 6.06983 -64.872 20.4799
34 515.08 721.916 5 6.35523 -71.9003 24.3941
35 514.807 722.335 5 6.66597 -62.528 90.6646
36 514.534 722.754 5 6.99866 -54.6675 -67.5371
37 514.26 723.172 5 7.35034 -71.8293 -88.0386
38 513.987 723.591 5 7.71839 -79.2737 -135.116
39 516.319 720.933 5 6.04958 -62.4211 -113.367
40 516.045 721.352 5 6.25648 -59.0833 24.2497
41 515.772 721.771 5 6.49536 -55.6415 109.06
42 515.499 722.189 5 6.76283 -60.9512 -121.742
43 515.226 722.608 5 7.05564 -74.2845 61.0969
44 514.952 723.027 5 7.37077 -64.1152 -161.378
45 514.679 723.446 5 7.70547 -55.4847 64.1765
46 514.406 723.864 5 8.05733 -118.533 -28.795
47 516.737 721.206 5 6.51493 -54.9493 4.33998
48 516.464 721.625 5 6.70749 -61.9461 30.2278
49 516.191 722.044 5 6.93084 -80.9915 80.7896
50 515.918 722.463 5 7.18211 -64.002 62.7392
51 515.644 722.881 5 7.45848 -65.9726 165.086
52 515.371 723.3 5 7.75726 -67.8191 138.508
53 515.098 723.719 5 8.07597 -67.9024 3.82119
54 514.825 724.138 5 8.41233 -132.972 107.182
55 517.156 721.48 5 6.98507 -67.5836 -32.6491
56 516.883 721.898 5 7.16501 -61.4737 -58.4026
57 516.61 722.317 5 7.37452 -60.8723 75.4103
58 516.336 722.736 5 7.61115 -65.4845 145.175
59 516.063 723.155 5 7.87247 -62.9146 -40.3632
60 515.79 723.573 5 8.1561 -69.3439 4.58609
61 515.517 723.992 5 8.45979 -75.6567 -84.7104
62 515.243 724.411 5 8.78147 -134.221 23.3656
63 517.575 721.753 5 7.45909 -84.1558 116.954
64 517.302 722.172 5 7.62786 -63.9251 37.3112
65 517.028 722.59 5 7.82498 -56.2416 113.109
66 516.755 723.009 5 8.04839 -64.6564 -102.327
67 516.482 723.428 5 8.29594 -56.2902 59.702
68 516.209 723.847 5 8.56556 -62.0607 97.6367
69 515.935 724.265 5 8.85522 -65.4381 171.154
70 515.662 724.684 5 9.16303 -73.3172 158.254
71 517.994 722.026 5 7.9363 -76.9979 -113.567
72 517.72 722.445 5 8.09513 -56.0311 170.107
73 517.447 722.864 5 8.28114 -61.6486 -27.3593
74 517.174 723.282 5 8.49255 -61.4879 128.903
75 516.901 723.701 5 8.72752 -59.5633 136.09
76 516.627 724.12 5 8.98419 -71.124 -91.8188
77 516.354 724.539 5 9.26077 -64.7466 162.122
78 516.081 724.957 5 9.55552 -66.1063 -106.317
