1 509.951 714.045 5 5 -55.4937 -54.8498
2 510.37 714.318 5 4.71699 -65.883 -97.0424
3 510.79 714.59 5 4.47214 -52.3982 48.6227
4 511.209 714.862 5 4.272 -53.6327 -127.341
5 511.628 715.135 5 4.12311 -46.6224 25.7685
6 512.048 715.407 5 4.03113 -43.8046 -86.1269
7 512.467 715.679 5 4 -49.0036 -38.1208
8 512.886 715.952 5 4.03113 -44.7809 -87.8273
9 513.306 716.224 5 4.12311 -47.4809 55.3364
10 513.725 716.496 5 4.272 -53.9016 24.4337
11 514.144 716.769 5 4.47214 -56.6055 -77.6474
12 514.564 717.041 5 4.71699 -59.9875 165.145
13 514.983 717.313 5 5 -63.4449 -162.795
14 509.679 714.465 5 4.60977 -56.538 -0.791267
15 510.098 714.737 5 4.30116 -50.889 -146.827
16 510.517 715.009 5 4.03113 -53.4533 172.742
17 510.937 715.282 5 3.80789 -55.9759 -109.713
18 511.356 715.554 5 3.64006 -45.9762 -20.5635
19 511.775 715.826 5 3.53553 -43.2666 -119.265
20 512.195 716.099 5 3.5 -48.0856 -22.9453
21 512.614 716.371 5 3.53553 -42.3648 -97.3884
22 513.033 716.643 5 3.64006 -55.6161 1.97301
23 513.453 716.916 5 3.80789 -67.0856 125.75
24 513.872 717.188 5 4.03113 -64.1183 134.913
25 514.291 717.46 5 4.30116 -67.9852 -175.953
26 514.711 717.733 5 4.60977 -59.6529 -56.1964
27 509.406 714.884 5 4.24264 -55.1269 144.626
28 509.826 715.156 5 3.90512 -57.0959 39.2135
29 510.245 715.429 5 3.60555 -50.009 137.542
30 510.664 715.701 5 3.3541 -45.9522 57.6062
31 511.084 715.973 5 3.16228 -44.9399 -164.229
32 511.503 716.246 5 3.04138 -50.8374 -156.136
33 511.922 716.518 5 3 -52.6112 -31.6195
34 512.342 716.79 5 3.04138 -47.1278 -118.426
35 512.761 717.063 5 3.16228 -59.6202 -3.03372
36 513.18 717.335 5 3.3541 -63.0172 -40.6367
37 513.6 717.607 5 3.60555 -58.225 176.27
38 514.019 717.88 5 3.90513 -64.6969 -45.7212
39 514.438 718.152 5 4.24264 -58.4041 -79.6343
40 509.134 715.303 5 3.90512 -51.844 172.055
41 509.553 715.576 5 3.53553 -52.9356 100.19
42 509.973 715.848 5 3.20156 -68.0386 -91.7741
43 510.392 716.12 5 2.91548 -59.1413 -34.1044
44 510.811 716.393 5 2.69258 -45.248 -153.718
45 511.231 716.665 5 2.54951 -46.3994 -108.183
46 511.65 716.937 5 2.5 -53.521 37.6429
47 512.069 717.21 5 2.54951 -46.7472 -132.215
48 512.489 717.482 5 2.69258 -55.7516 -28.4657
49 512.908 717.754 5 2.91548 -59.864 -100.878
50 513.327 718.027 5 3.20156 -61.3425 153.398
51 513.747 718.299 5 3.53553 -56.5798 -178.813
52 514.166 718.571 5 3.90513 -49.1582 114.844
53 508.862 715.723 5 3.60555 -52.9613 63.4016
54 509.281 715.995 5 3.20156 -49.0806 -157.294
55 509.7 716.267 5 2.82843 -56.967 144.972
56 510.12 716.54 5 2.5 -54.0209 -86.9294
57 510.539 716.812 5 2.23607 -55.4711 89.4954
58 510.958 717.084 5 2.06155 -39.4235 157.797
59 511.378 717.357 5 2 -40.2149 7.21289
60 511.797 717.629 5 2.06155 -42.3461 -152.553
61 512.216 717.901 5 2.23607 -61.0155 144.008
62 512.636 718.174 5 2.5 -49.3405 -81.6615
63 513.055 718.446 5 2.82843 -50.4653 -10.843
64 513.474 718.718 5 3.20156 -58.3234 6.05993
65 513.894 718.991 5 3.60555 -48.6501 -71.6105
66 508.589 716.142 5 3.3541 -53.9141 134.412
67 509.009 716.414 5 2.91548 -54.4395 -81.0244
68 509.428 716.687 5 2.5 -53.0883 -32.6349
69 509.847 716.959 5 2.12132 -62.1937 -97.7121
70 510.267 717.231 5 1.80278 -53.5701 157.488
71 510.686 717.504 5 1.58114 -40.3469 147.129
72 511.105 717.776 5 1.5 -37.1919 -8.5204
73 511.525 718.048 5 1.58114 -48.1673 129.243
74 511.944 718.321 5 1.80278 -53.935 93.8875
75 512.363 718.593 5 2.12132 -50.7642 -124.93
76 512.783 718.865 5 2.5 -47.7535 -118.805
77 513.202 719.138 5 2.91548 -48.762 55.3385
78 513.621 719.41 5 3.3541 -49.1056 -138.455
79 510.414 717.923 5 1.11803 -43.1304 -15.5453
80 510.833 718.195 5 1 -36.553 1.56662
81 511.672 718.74 5 1.41421 -45.1562 126.516
82 512.091 719.012 5 1.80278 -42.2467 54.011
83 512.51 719.285 5 2.23607 -60.6026 -169.629
84 512.93 719.557 5 2.69258 -48.4203 20.9619
85 513.349 719.829 5 3.16228 -58.4685 155.601
86 510.141 718.342 5 0.707107 -34.2427 106.773
87 510.561 718.615 5 0.5 -31.6653 7.20991
88 511.399 719.159 5 1.11803 -44.4312 -139.722
89 511.819 719.432 5 1.58114 -46.382 -40.3299
90 512.238 719.704 5 2.06155 -48.5373 39.7073
91 512.657 719.976 5 2.54951 -51.6671 80.7972
92 513.077 720.249 5 3.04138 -55.03 41.2728
93 509.869 718.762 5 0.5 -31.5539 -34.8051
94 510.288 719.034 5 0 -36.4991 -74.1202
95 511.127 719.579 5 1 -51.8286 -147.068
96 511.546 719.851 5 1.5 -44.4979 130.616
97 511.966 720.123 5 2 -56.2011 67.2774
98 512.385 720.396 5 2.5 -59.6242 -143.206
99 512.804 720.668 5 3 -61.6034 -14.7969
100 509.597 719.181 5 0.707107 -32.9718 109.969
101 510.016 719.453 5 0.5 -31.8008 7.84577
102 509.324 719.6 5 1.11803 -40.5729 -20.2251
103 509.744 719.873 5 1 -36.2625 -1.03159
104 509.052 720.02 5 1.58114 -40.8753 155.635
105 509.471 720.292 5 1.5 -42.2821 14.888
