1 514.644 719.84 5 2.60961 -63.1794 -31.5388
2 514.371 720.259 5 2.71264 -53.8819 -50.0349
3 514.097 720.678 5 2.89944 -48.7473 118.109
4 513.824 721.096 5 3.15517 -45.5416 137.626
5 513.551 721.515 5 3.4646 -69.9033 152.95
6 513.278 721.934 5 3.81468 -75.7183 -7.01148
7 513.004 722.353 5 4.19526 -83.1447 -87.096
8 512.731 722.771 5 4.59875 -71.9142 -77.6101
9 512.458 723.19 5 5.01965 -90.0543 -47.6349
10 512.185 723.609 5 5.45392 -79.7882 -66.7031
11 515.063 720.113 5 3.10685 -58.8674 -86.0133
12 514.789 720.532 5 3.19388 -64.263 11.1487
13 514.516 720.951 5 3.35399 -52.3773 -102.362
14 514.243 721.37 5 3.57737 -47.1647 14.0544
15 513.97 721.788 5 3.85305 -66.377 135.153
16 513.696 722.207 5 4.17065 -73.3595 -84.2827
17 513.423 722.626 5 4.52136 -70.7072 -63.2568
18 513.15 723.045 5 4.89806 -66.2163 -103.926
19 512.877 723.463 5 5.29522 -77.5139 -59.2749
20 512.603 723.882 5 5.70857 -81.6912 10.4387
21 515.481 720.387 5 3.60486 -61.7839 81.8288
22 515.208 720.805 5 3.68013 -60.3306 -1.46479
23 514.935 721.224 5 3.81991 -52.4697 -8.45056
24 514.662 721.643 5 4.01747 -48.3265 157.657
25 514.388 722.062 5 4.26479 -49.1985 -151.942
26 514.115 722.48 5 4.55377 -68.1877 -63.1517
27 513.842 722.899 5 4.877 -70.1927 145.389
28 513.568 723.318 5 5.22815 -63.9245 -67.5207
29 513.295 723.737 5 5.60195 -73.24 44.7393
30 513.022 724.155 5 5.99418 -89.716 115.948
31 515.9 720.66 5 4.10336 -65.0641 113.367
32 515.627 721.079 5 4.16964 -61.7237 -14.2224
33 515.353 721.497 5 4.29351 -53.2401 110.347
34 515.08 721.916 5 4.47019 -50.1748 -48.763
35 514.807 722.335 5 4.69371 -46.8046 5.65093
36 514.534 722.754 5 4.95775 -62.1032 -38.8253
37 514.26 723.172 5 5.2562 -73.6898 58.6504
38 513.987 723.591 5 5.58355 -74.6201 -95.7673
39 516.319 720.933 5 4.60218 -58.7705 13.8974
40 516.045 721.352 5 4.66137 -66.5838 73.4922
41 515.772 721.771 5 4.7725 -71.897 103.661
42 515.499 722.189 5 4.93205 -54.8768 37.5864
43 515.226 722.608 5 5.13551 -48.8647 -176.29
44 514.952 723.027 5 5.3779 -54.9913 -131.466
45 514.679 723.446 5 5.65422 -60.1566 97.7293
46 514.406 723.864 5 5.95974 -107.472 -144.839
47 516.737 721.206 5 5.10123 -58.5458 168.032
48 516.464 721.625 5 5.15469 -64.5964 -159.641
49 516.191 722.044 5 5.2554 -60.8619 -49.6617
50 515.918 722.463 5 5.4007 -55.8866 174.43
51 515.644 722.881 5 5.58712 -53.4196 -19.8329
52 515.371 723.3 5 5.8107 -52.1077 52.0934
53 515.098 723.719 5 6.06734 -59.2219 78.584
54 514.825 724.138 5 6.35303 -118.165 57.784
55 517.156 721.48 5 5.60045 -58.3017 -154.848
56 516.883 721.898 5 5.64919 -60.7375 23.1113
57 516.61 722.317 5 5.74123 -57.0579 -93.5234
58 516.336 722.736 5 5.87453 -59.0352 -149.422
59 516.063 723.155 5 6.04636 -53.9672 96.9016
60 515.79 723.573 5 6.25354 -49.7882 -165.501
61 515.517 723.992 5 6.4927 -53.7789 -112.576
62 515.243 724.411 5 6.76044 -116.673 162.126
63 517.575 721.753 5 6.0998 -62.0593 150.568
64 517.302 722.172 5 6.14458 -60.7477 145.601
65 517.028 722.59 5 6.2293 -65.5452 -141.231
66 516.755 723.009 5 6.35237 -65.6476 -107.182
67 516.482 723.428 5 6.5116 -55.9436 -160.366
68 516.209 723.847 5 6.70442 -56.3491 -10.4493
69 515.935 724.265 5 6.92803 -49.3835 53.0472
70 515.662 724.684 5 7.17955 -60.1833 -26.5686
71 517.994 722.026 5 6.59924 -60.0315 157.082
72 517.72 722.445 5 6.64066 -62.7324 -109.377
73 517.447 722.864 5 6.71913 -65.2827 51.8286
74 517.174 723.282 5 6.83338 -65.0164 -49.3811
75 516.901 723.701 5 6.98165 -61.4335 -78.9365
76 516.627 724.12 5 7.16183 -58.0124 116.46
77 516.354 724.539 5 7.37158 -51.4127 -137.401
78 516.081 724.957 5 7.60845 -57.9567 -95.4683
