1 509.951 714.045 5 3.5 -50.9414 -29.9032
2 510.37 714.318 5 3 -43.5403 -18.2206
3 510.79 714.59 5 2.5 -40.3903 -40.7468
4 511.209 714.862 5 2 -49.9766 -17.6421
5 511.628 715.135 5 1.5 -38.0218 -48.1112
6 512.048 715.407 5 1 -44.1356 -33.3781
7 512.467 715.679 5 0.5 -32.7995 12.6186
8 512.886 715.952 5 0 -46.8155 -23.667
9 513.306 716.224 5 0.5 -31.6126 8.1842
10 513.725 716.496 5 1 -37.4714 -17.3583
11 514.144 716.769 5 1.5 -36.3664 -61.6349
12 514.564 717.041 5 2 -45.6077 -111.88
13 514.983 717.313 5 2.5 -40.7895 131.204
14 509.679 714.465 5 3.53553 -48.4904 -43.1502
15 510.098 714.737 5 3.04138 -52.3496 -122.688
16 510.517 715.009 5 2.54951 -50.4662 -80.5332
17 510.937 715.282 5 2.06155 -53.6435 120.128
18 511.356 715.554 5 1.58114 -45.5963 70.857
19 511.775 715.826 5 1.11803 -42.1809 4.40639
20 512.195 716.099 5 0.707107 -34.3836 122.164
21 512.614 716.371 5 0.5 -32.2631 -2.96427
22 513.033 716.643 5 0.707107 -35.3692 126.954
23 513.453 716.916 5 1.11803 -38.2079 25.7915
24 513.872 717.188 5 1.58114 -47.1756 83.9417
25 514.291 717.46 5 2.06155 -44.5004 79.8465
26 514.711 717.733 5 2.54951 -48.7996 -101.365
27 509.406 714.884 5 3.64005 -48.1312 4.53923
28 509.826 715.156 5 3.16228 -45.6432 -132.514
29 510.245 715.429 5 2.69258 -44.1429 172.431
30 510.664 715.701 5 2.23607 -50.1844 55.8868
31 511.084 715.973 5 1.80278 -44.2428 -162.172
32 511.503 716.246 5 1.41421 -44.7657 -128.67
33 511.922 716.518 5 1.11803 -44.1065 6.80134
34 512.342 716.79 5 1 -39.3166 -2.74376
35 512.761 717.063 5 1.11803 -44.4629 38.1519
36 513.18 717.335 5 1.41421 -46.6822 -169.738
37 513.6 717.607 5 1.80278 -42.5469 -167.348
38 514.019 717.88 5 2.23607 -46.0084 58.883
39 514.438 718.152 5 2.69258 -43.7861 148.174
40 509.134 715.303 5 3.80789 -49.0251 -152.067
41 509.553 715.576 5 3.3541 -48.5017 -39.7713
42 509.973 715.848 5 2.91548 -49.589 -93.2158
43 510.392 716.12 5 2.5 -45.9744 13.9025
44 510.811 716.393 5 2.12132 -43.5936 -20.1711
45 511.231 716.665 5 1.80278 -41.4992 -167.794
46 511.65 716.937 5 1.58114 -45.5997 146.309
47 512.069 717.21 5 1.5 -39.9433 -14.7852
48 512.489 717.482 5 1.58114 -42.2936 133.629
49 512.908 717.754 5 1.80278 -42.2402 176.074
50 513.327 718.027 5 2.12132 -41.5167 -3.06655
51 513.747 718.299 5 2.5 -44.6331 -0.394746
52 514.166 718.571 5 2.91548 -47.9875 -88.9258
53 508.862 715.723 5 4.03113 -53.2253 -127.543
54 509.281 715.995 5 3.60555 -47.0824 42.5231
55 509.7 716.267 5 3.20156 -46.4681 162.735
56 510.12 716.54 5 2.82843 -42.5175 143.899
57 510.539 716.812 5 2.5 -48.324 21.9571
58 510.958 717.084 5 2.23607 -55.4318 47.1517
59 511.378 717.357 5 2.06155 -47.8522 177.553
60 511.797 717.629 5 2 -43.6545 -9.77292
61 512.216 717.901 5 2.06155 -40.6379 179.455
62 512.636 718.174 5 2.23607 -45.3316 23.7269
63 513.055 718.446 5 2.5 -49.4545 23.1645
64 513.474 718.718 5 2.82843 -44.6155 135.955
65 513.894 718.991 5 3.20156 -48.9123 147.251
66 508.589 716.142 5 4.30116 -51.5134 172.742
67 509.009 716.414 5 3.90512 -57.5121 123.472
68 509.428 716.687 5 3.53553 -53.2918 -77.6346
69 509.847 716.959 5 3.20156 -51.9196 3.1964
70 510.267 717.231 5 2.91548 -45.2036 -120.102
71 510.686 717.504 5 2.69258 -47.8931 169.403
72 511.105 717.776 5 2.54951 -48.2067 -114.224
73 511.525 718.048 5 2.5 -45.7811 13.2464
74 511.944 718.321 5 2.54951 -45.1617 -168.083
75 512.363 718.593 5 2.69258 -53.4666 99.4953
76 512.783 718.865 5 2.91548 -43.3429 -132.07
77 513.202 719.138 5 3.20156 -52.3005 127.894
78 513.621 719.41 5 3.53553 -50.71 -91.1494
79 510.414 717.923 5 3.16228 -55.7187 -144.088
80 510.833 718.195 5 3.04138 -46.3991 -130.231
81 511.672 718.74 5 3.04138 -49.1326 -133.029
82 512.091 719.012 5 3.16228 -50.2513 -32.1099
83 512.51 719.285 5 3.3541 -53.0642 9.74663
84 512.93 719.557 5 3.60555 -46.1078 75.1277
85 513.349 719.829 5 3.90512 -50.7971 -95.4494
86 510.141 718.342 5 3.64005 -56.3743 -7.56969
87 510.561 718.615 5 3.53553 -47.5754 -98.8357
88 511.399 719.159 5 3.53553 -47.0344 -117.555
89 511.819 719.432 5 3.64005 -50.5297 -22.2209
90 512.238 719.704 5 3.80789 -63.8342 91.0269
91 512.657 719.976 5 4.03113 -46.9157 -119.722
92 513.077 720.249 5 4.30116 -56.6616 32.0364
93 509.869 718.762 5 4.12311 -50.8546 0.969058
94 510.288 719.034 5 4.03113 -43.4509 -83.7423
95 511.127 719.579 5 4.03113 -47.4473 -110.032
96 511.546 719.851 5 4.12311 -47.2548 -92.6983
97 511.966 720.123 5 4.272 -49.389 -65.1234
98 512.385 720.396 5 4.47214 -48.5883 1.66517
99 512.804 720.668 5 4.71699 -42.8443 13.5002
100 509.597 719.181 5 4.60977 -44.4438 52.1694
101 510.016 719.453 5 4.52769 -46.5016 -81.2929
102 509.324 719.6 5 5.09902 -46.5724 53.1041
103 509.744 719.873 5 5.02494 -48.0571 -83.1595
104 509.052 720.02 5 5.59017 -44.6756 101.103
105 509.471 720.292 5 5.52268 -59.1547 -49.9568
