1 514.644 719.84 5 3.52643 -66.7867 -42.7381
2 514.371 720.259 5 3.31406 -56.0349 -25.722
3 514.097 720.678 5 3.16706 -64.1488 -45.9293
4 513.824 721.096 5 3.09475 -68.5638 -111.32
5 513.551 721.515 5 3.10238 -68.9902 58.3915
6 513.278 721.934 5 3.18936 -76.6197 -16.1
7 513.004 722.353 5 3.34952 -90.9094 -63.295
8 512.731 722.771 5 3.57303 -83.4458 142.004
9 512.458 723.19 5 3.84887 -83.6796 125.098
10 512.185 723.609 5 4.16666 -89.9783 71.4199
11 515.063 720.113 5 3.97163 -53.9763 -152.008
12 514.789 720.532 5 3.78432 -58.715 -38.0291
13 514.516 720.951 5 3.65628 -68.5775 -130.327
14 514.243 721.37 5 3.59383 -75.1792 -111.948
15 513.97 721.788 5 3.6004 -71.4161 53.322
16 513.696 722.207 5 3.67561 -80.0394 -136.615
17 513.423 722.626 5 3.81542 -87.7424 125.031
18 513.15 723.045 5 4.01306 -81.6457 -114.022
19 512.877 723.463 5 4.26051 -90.2685 -146.431
20 512.603 723.882 5 4.54964 -95.9412 119.506
21 515.481 720.387 5 4.42854 -53.9133 -75.6047
22 515.208 720.805 5 4.26136 -59.982 -21.6572
23 514.935 721.224 5 4.14807 -60.988 56.2641
24 514.662 721.643 5 4.09313 -73.0282 39.546
25 514.388 722.062 5 4.0989 -73.8042 -9.34226
26 514.115 722.48 5 4.16512 -84.9539 -60.7867
27 513.842 722.899 5 4.289 -83.2558 98.0155
28 513.568 723.318 5 4.46573 -96.9881 -68.6105
29 513.295 723.737 5 4.68935 -86.4993 120.172
30 513.022 724.155 5 4.95351 -93.0928 -51.3324
31 515.9 720.66 5 4.89388 -76.9217 101.188
32 515.627 721.079 5 4.74313 -58.6688 40.0039
33 515.353 721.497 5 4.64161 -64.1926 59.5611
34 515.08 721.916 5 4.59258 -74.3122 106.039
35 514.807 722.335 5 4.59773 -69.6276 58.8698
36 514.534 722.754 5 4.65686 -76.5362 -90.662
37 514.26 723.172 5 4.76798 -75.9159 43.5201
38 513.987 723.591 5 4.92756 -77.8993 -87.2821
39 516.319 720.933 5 5.36546 -60.7353 169.412
40 516.045 721.352 5 5.22833 -69.4676 44.6912
41 515.772 721.771 5 5.13641 -60.9322 89.7231
42 515.499 722.189 5 5.09214 -60.7069 106.228
43 515.226 722.608 5 5.09678 -73.4756 83.8891
44 514.952 723.027 5 5.15019 -81.8959 23.5215
45 514.679 723.446 5 5.25088 -73.4075 -147.604
46 514.406 723.864 5 5.3962 -105.737 5.94192
47 516.737 721.206 5 5.84177 -60.9284 155.139
48 516.464 721.625 5 5.71607 -68.5166 148.585
49 516.191 722.044 5 5.63212 -73.8427 155.34
50 515.918 722.463 5 5.59178 -60.9356 -155.526
51 515.644 722.881 5 5.59601 -55.0533 -69.5642
52 515.371 723.3 5 5.64469 -76.6429 139.298
53 515.098 723.719 5 5.73671 -83.2548 -27.589
54 514.825 724.138 5 5.87002 -118 136.138
55 517.156 721.48 5 6.32174 -59.4068 -155.795
56 516.883 721.898 5 6.20577 -66.3059 5.20512
57 516.61 722.317 5 6.12853 -66.7055 -109.29
58 516.336 722.736 5 6.09148 -70.1469 -80.7759
59 516.063 723.155 5 6.09536 -61.8487 46.364
60 515.79 723.573 5 6.14009 -60.7379 78.2185
61 515.517 723.992 5 6.22478 -76.9098 41.168
62 515.243 724.411 5 6.34785 -135.993 10.1068
63 517.575 721.753 5 6.80459 -57.9941 -65.3122
64 517.302 722.172 5 6.69699 -68.2602 15.179
65 517.028 722.59 5 6.62548 -72.2631 -135.159
66 516.755 723.009 5 6.59123 -69.8728 -125.555
67 516.482 723.428 5 6.59481 -71.8007 -142.687
68 516.209 723.847 5 6.63617 -72.1798 -73.1451
69 515.935 724.265 5 6.71461 -79.481 -168.422
70 515.662 724.684 5 6.82886 -74.0686 -149.667
71 517.994 722.026 5 7.28976 -54.8951 -14.8056
72 517.72 722.445 5 7.18942 -58.3805 -122.709
73 517.447 722.864 5 7.12286 -76.9602 1.24942
74 517.174 723.282 5 7.09101 -81.7491 112.483
75 516.901 723.701 5 7.09434 -70.8861 2.60607
76 516.627 724.12 5 7.1328 -70.3985 74.7998
77 516.354 724.539 5 7.20584 -66.0706 -128.534
78 516.081 724.957 5 7.31241 -71.5397 -11.3277
