1 514.644 719.84 5 4.6617 -76.9456 52.0289
2 514.371 720.259 5 4.77236 -71.5676 -153.333
3 514.097 720.678 5 4.93147 -58.652 3.6444
4 513.824 721.096 5 5.13452 -53.5912 162.394
5 513.551 721.515 5 5.37655 -74.1979 -67.3324
6 513.278 721.934 5 5.65254 -68.4854 37.2108
7 513.004 722.353 5 5.95779 -77.6741 -157.951
8 512.731 722.771 5 6.28802 -57.0246 41.5137
9 512.458 723.19 5 6.63951 -72.1429 65.5144
10 512.185 723.609 5 7.00907 -81.3867 162.141
11 515.063 720.113 5 5.1551 -69.3579 154.172
12 514.789 720.532 5 5.25538 -67.4429 -56.887
13 514.516 720.951 5 5.40027 -53.8153 126.547
14 514.243 721.37 5 5.58631 -55.7967 -13.9397
15 513.97 721.788 5 5.80955 -72.1039 55.4797
16 513.696 722.207 5 6.06587 -68.3791 -95.5863
17 513.423 722.626 5 6.35128 -74.4497 26.1864
18 513.15 723.045 5 6.66204 -64.5974 72.5236
19 512.877 723.463 5 6.99476 -78.4707 100.897
20 512.603 723.882 5 7.34648 -72.8025 -83.9279
21 515.481 720.387 5 5.64965 -82.0571 50.0394
22 515.208 720.805 5 5.7413 -56.4089 -48.2409
23 514.935 721.224 5 5.87423 -57.7347 -148.624
24 514.662 721.643 5 6.0457 -55.4587 68.1786
25 514.388 722.062 5 6.25256 -77.9219 -139.568
26 514.115 722.48 5 6.49141 -90.2656 -105.646
27 513.842 722.899 5 6.75887 -60.2164 139.31
28 513.568 723.318 5 7.05169 -86.2858 120.346
29 513.295 723.737 5 7.36684 -65.9743 -144.65
30 513.022 724.155 5 7.70158 -111.756 -56.9582
31 515.9 720.66 5 6.14509 -61.9727 107.875
32 515.627 721.079 5 6.22946 -66.4842 -53.9543
33 515.353 721.497 5 6.35217 -56.6254 -29.8519
34 515.08 721.916 5 6.51107 -58.2384 -165.407
35 514.807 722.335 5 6.70358 -55.491 10.6439
36 514.534 722.754 5 6.9269 -66.8423 -63.1542
37 514.26 723.172 5 7.17816 -66.9694 -108.25
38 513.987 723.591 5 7.45452 -73.0782 -90.2164
39 516.319 720.933 5 6.64122 -67.1455 49.4349
40 516.045 721.352 5 6.71936 -73.6332 -10.889
41 515.772 721.771 5 6.83328 -62.7372 5.68866
42 515.499 722.189 5 6.98124 -60.1615 -79.6225
43 515.226 722.608 5 7.16112 -57.0638 110.079
44 514.952 723.027 5 7.37059 -75.1862 -160.202
45 514.679 723.446 5 7.6072 -70.5804 -138.442
46 514.406 723.864 5 7.86852 -117.295 112.67
47 516.737 721.206 5 7.13788 -65.3414 95.3648
48 516.464 721.625 5 7.21064 -68.2225 -58.7216
49 516.191 722.044 5 7.31692 -72.0732 27.4832
50 515.918 722.463 5 7.45528 -65.1712 24.7547
51 515.644 722.881 5 7.62399 -58.625 -111.55
52 515.371 723.3 5 7.82107 -58.3023 101.512
53 515.098 723.719 5 8.04445 -104.019 -155.616
54 514.825 724.138 5 8.29199 -120.871 74.403
55 517.156 721.48 5 7.63498 -62.3871 171.669
56 516.883 721.898 5 7.70305 -68.9122 -88.3369
57 516.61 722.317 5 7.80262 -68.712 -44.1747
58 516.336 722.736 5 7.93252 -60.7784 80.0069
59 516.063 723.155 5 8.09128 -58.912 -21.8947
60 515.79 723.573 5 8.27724 -64.4467 -139.918
61 515.517 723.992 5 8.48862 -77.0302 -94.1445
62 515.243 724.411 5 8.72357 -114.48 -86.0397
63 517.575 721.753 5 8.13244 -61.7123 -168.261
64 517.302 722.172 5 8.19637 -59.1069 146.209
65 517.028 722.59 5 8.29002 -62.8246 119.301
66 516.755 723.009 5 8.4124 -59.8986 167.539
67 516.482 723.428 5 8.56227 -61.7732 51.6507
68 516.209 723.847 5 8.73821 -60.3712 -95.5116
69 515.935 724.265 5 8.9387 -65.6096 76.2623
70 515.662 724.684 5 9.16211 -84.5973 -35.1064
71 517.994 722.026 5 8.63019 -59.4635 -124.403
72 517.72 722.445 5 8.69046 -62.7831 -146.107
73 517.447 722.864 5 8.77884 -63.9816 88.8953
74 517.174 723.282 5 8.89449 -66.8456 -176.568
75 516.901 723.701 5 9.03637 -63.9259 140.892
76 516.627 724.12 5 9.20326 -59.2897 10.2223
77 516.354 724.539 5 9.39382 -63.8689 -108.681
78 516.081 724.957 5 9.60666 -73.5514 58.6891
