1 509.951 714.045 5 4.30116 -55.0047 170.676
2 510.37 714.318 5 3.90512 -51.0916 -104.125
3 510.79 714.59 5 3.53553 -56.021 -110.007
4 511.209 714.862 5 3.20156 -60.3312 149.543
5 511.628 715.135 5 2.91548 -44.9788 -143.582
6 512.048 715.407 5 2.69258 -52.2709 142.912
7 512.467 715.679 5 2.54951 -49.9333 -109.542
8 512.886 715.952 5 2.5 -46.926 -1.03757
9 513.306 716.224 5 2.54951 -48.5012 -131.26
10 513.725 716.496 5 2.69258 -47.9857 135.72
11 514.144 716.769 5 2.91548 -46.4796 -123.799
12 514.564 717.041 5 3.20156 -54.9786 -29.0947
13 514.983 717.313 5 3.53553 -51.37 55.7563
14 509.679 714.465 5 4.03113 -53.1523 -111.63
15 510.098 714.737 5 3.60555 -51.9678 71.2596
16 510.517 715.009 5 3.20156 -45.7197 153.745
17 510.937 715.282 5 2.82843 -44.6454 136.726
18 511.356 715.554 5 2.5 -46.4584 12.5655
19 511.775 715.826 5 2.23607 -45.1996 8.75902
20 512.195 716.099 5 2.06155 -51.3454 -140.127
21 512.614 716.371 5 2 -47.2396 7.64551
22 513.033 716.643 5 2.06155 -52.1099 -170.624
23 513.453 716.916 5 2.23607 -43.5315 25.7894
24 513.872 717.188 5 2.5 -47.934 11.9743
25 514.291 717.46 5 2.82843 -43.4437 127.181
26 514.711 717.733 5 3.20156 -50.3844 157.443
27 509.406 714.884 5 3.80789 -53.2019 161.414
28 509.826 715.156 5 3.3541 -45.8794 38.8828
29 510.245 715.429 5 2.91548 -48.8334 -93.7958
30 510.664 715.701 5 2.5 -50.8083 -9.63971
31 511.084 715.973 5 2.12132 -45.9714 21.0884
32 511.503 716.246 5 1.80278 -46.6803 -154.858
33 511.922 716.518 5 1.58114 -51.5025 86.5256
34 512.342 716.79 5 1.5 -44.1419 12.2191
35 512.761 717.063 5 1.58114 -50.9876 59.5259
36 513.18 717.335 5 1.80278 -46.8874 -131.885
37 513.6 717.607 5 2.12132 -43.5067 4.6483
38 514.019 717.88 5 2.5 -47.7713 -22.6256
39 514.438 718.152 5 2.91548 -47.7242 -98.1177
40 509.134 715.303 5 3.64005 -53.3843 -61.0221
41 509.553 715.576 5 3.16228 -44.7055 -130.636
42 509.973 715.848 5 2.69258 -44.8962 145.222
43 510.392 716.12 5 2.23607 -46.5271 8.904
44 510.811 716.393 5 1.80278 -44.7718 -167.764
45 511.231 716.665 5 1.41421 -42.8055 -125.062
46 511.65 716.937 5 1.11803 -43.8525 -1.60469
47 512.069 717.21 5 1 -42.5091 5.78607
48 512.489 717.482 5 1.11803 -40.075 4.03892
49 512.908 717.754 5 1.41421 -42.9168 -144.444
50 513.327 718.027 5 1.80278 -45.1521 166.518
51 513.747 718.299 5 2.23607 -45.7959 -13.1246
52 514.166 718.571 5 2.69258 -45.3573 164.056
53 508.862 715.723 5 3.53553 -57.0995 -78.6015
54 509.281 715.995 5 3.04138 -50.3885 -83.5458
55 509.7 716.267 5 2.54951 -48.4058 -125.065
56 510.12 716.54 5 2.06155 -48.5358 153.016
57 510.539 716.812 5 1.58114 -42.1777 102.812
58 510.958 717.084 5 1.11803 -40.0693 28.5523
59 511.378 717.357 5 0.707107 -36.7116 118.071
60 511.797 717.629 5 0.5 -35.7407 18.6739
61 512.216 717.901 5 0.707107 -37.9874 118.584
62 512.636 718.174 5 1.11803 -40.5294 17.6362
63 513.055 718.446 5 1.58114 -44.5219 117.376
64 513.474 718.718 5 2.06155 -50.2118 -178.695
65 513.894 718.991 5 2.54951 -44.2579 -135.396
66 508.589 716.142 5 3.5 -46.9388 -91.6605
67 509.009 716.414 5 3 -63.708 144.745
68 509.428 716.687 5 2.5 -46.3631 -2.16866
69 509.847 716.959 5 2 -44.0408 -25.6642
70 510.267 717.231 5 1.5 -42.2669 -24.93
71 510.686 717.504 5 1 -41.4191 -9.56148
72 511.105 717.776 5 0.5 -32.6667 -11.1801
73 511.525 718.048 5 0 -43.9642 167.639
74 511.944 718.321 5 0.5 -33.5197 3.15877
75 512.363 718.593 5 1 -37.8942 -3.56321
76 512.783 718.865 5 1.5 -45.4733 1.11388
77 513.202 719.138 5 2 -45.3877 10.099
78 513.621 719.41 5 2.5 -44.1505 4.87916
79 510.414 717.923 5 1.11803 -39.4368 15.4099
80 510.833 718.195 5 0.707107 -36.5277 123.146
81 511.672 718.74 5 0.707107 -39.0355 120.021
82 512.091 719.012 5 1.11803 -40.0531 7.04267
83 512.51 719.285 5 1.58114 -44.5679 104.706
84 512.93 719.557 5 2.06155 -47.087 -164.079
85 513.349 719.829 5 2.54951 -51.45 -81.4723
86 510.141 718.342 5 1.41421 -41.8333 -131.246
87 510.561 718.615 5 1.11803 -39.4773 28.6499
88 511.399 719.159 5 1.11803 -45.2126 13.8942
89 511.819 719.432 5 1.41421 -39.6345 -125.486
90 512.238 719.704 5 1.80278 -44.2001 -152.171
91 512.657 719.976 5 2.23607 -44.5452 48.323
92 513.077 720.249 5 2.69258 -45.9787 119.328
93 509.869 718.762 5 1.80278 -46.0063 161.995
94 510.288 719.034 5 1.58114 -48.5033 134.244
95 511.127 719.579 5 1.58114 -51.7634 81.2645
96 511.546 719.851 5 1.80278 -43.2683 94.3523
97 511.966 720.123 5 2.12132 -51.4521 127.272
98 512.385 720.396 5 2.5 -58.5649 -22.1681
99 512.804 720.668 5 2.91548 -45.2419 132.389
100 509.597 719.181 5 2.23607 -41.6485 61.7897
101 510.016 719.453 5 2.06155 -45.9361 -147.641
102 509.324 719.6 5 2.69258 -43.7731 -118.616
103 509.744 719.873 5 2.54951 -48.6297 -120.698
104 509.052 720.02 5 3.16228 -55.1549 -102.991
105 509.471 720.292 5 3.04138 -53.5853 118.362
