1 514.644 719.84 5 1.61939 -49.5053 -63.144
2 514.371 720.259 5 1.29386 -43.3705 79.4981
3 514.097 720.678 5 1.10712 -42.9033 -57.5277
4 513.824 721.096 5 1.13021 -59.493 160.996
5 513.551 721.515 5 1.35241 -59.4669 -124.477
6 513.278 721.934 5 1.69725 -62.6064 80.7506
7 513.004 722.353 5 2.10531 -68.1769 -139.13
8 512.731 722.771 5 2.54636 -74.7924 -20.0414
9 512.458 723.19 5 3.00593 -86.3514 -128.913
10 512.185 723.609 5 3.47667 -77.5529 -17.0211
11 515.063 720.113 5 1.99038 -46.734 -89.9178
12 514.789 720.532 5 1.73588 -47.7859 -97.236
13 514.516 720.951 5 1.60154 -46.3374 -63.6746
14 514.243 721.37 5 1.61758 -71.6034 -69.5151
15 513.97 721.788 5 1.77995 -60.905 -168.08
16 513.696 722.207 5 2.05423 -64.549 -24.7546
17 513.423 722.626 5 2.4024 -64.6359 -9.19981
18 513.15 723.045 5 2.79699 -66.7477 152.856
19 512.877 723.463 5 3.221 -77.7449 9.5848
20 512.603 723.882 5 3.66421 -85.9725 -124.702
21 515.481 720.387 5 2.40849 -48.9249 97.8858
22 515.208 720.805 5 2.20284 -50.9567 -9.23279
23 514.935 721.224 5 2.0986 -50.6176 -0.198994
24 514.662 721.643 5 2.11087 -54.1264 -45.333
25 514.388 722.062 5 2.23773 -62.4969 109.562
26 514.115 722.48 5 2.46152 -63.4971 137.059
27 513.842 722.899 5 2.75875 -70.1224 -124.89
28 513.568 723.318 5 3.10844 -70.844 -66.0666
29 513.295 723.737 5 3.49486 -73.6723 16.5149
30 513.022 724.155 5 3.90713 -88.0402 13.2499
31 515.9 720.66 5 2.85308 -48.9265 -112.465
32 515.627 721.079 5 2.68173 -50.2249 83.4873
33 515.353 721.497 5 2.59679 -57.5365 9.58735
34 515.08 721.916 5 2.60672 -72.3622 -82.0303
35 514.807 722.335 5 2.71047 -59.165 -69.7151
36 514.534 722.754 5 2.89798 -69.0161 -46.207
37 514.26 723.172 5 3.15435 -65.6443 86.1196
38 513.987 723.591 5 3.46433 -64.0339 82.7354
39 516.319 720.933 5 3.3135 -56.4658 67.7315
40 516.045 721.352 5 3.16716 -52.5576 111.268
41 515.772 721.771 5 3.09557 -60.673 -14.1096
42 515.499 722.189 5 3.1039 -60.6481 54.3476
43 515.226 722.608 5 3.19153 -62.006 108.601
44 514.952 723.027 5 3.35224 -61.5005 -91.407
45 514.679 723.446 5 3.57619 -68.1837 15.167
46 514.406 723.864 5 3.85237 -130.88 176.662
47 516.737 721.206 5 3.78397 -50.0604 108.155
48 516.464 721.625 5 3.65652 -59.5024 -97.6874
49 516.191 722.044 5 3.59468 -63.2401 120.436
50 515.918 722.463 5 3.60186 -62.1832 -109.57
51 515.644 722.881 5 3.67764 -71.2085 -84.7808
52 515.371 723.3 5 3.81794 -66.0051 -46.7304
53 515.098 723.719 5 4.01601 -70.8039 51.6232
54 514.825 724.138 5 4.2638 -160.068 -159.805
55 517.156 721.48 5 4.26118 -51.0269 -115.327
56 516.883 721.898 5 4.14841 -62.8305 -98.5051
57 516.61 722.317 5 4.09402 -52.2573 38.6844
58 516.336 722.736 5 4.10032 -60.3985 71.3386
59 516.063 723.155 5 4.16704 -62.5265 158.393
60 515.79 723.573 5 4.29138 -70.4836 131.918
61 515.517 723.992 5 4.46851 -73.2853 19.1314
62 515.243 724.411 5 4.69246 -165.253 15.7731
63 517.575 721.753 5 4.74309 -52.9012 8.03383
64 517.302 722.172 5 4.64204 -50.4897 140.284
65 517.028 722.59 5 4.59349 -53.2565 18.289
66 516.755 723.009 5 4.59911 -66.772 96.2271
67 516.482 723.428 5 4.6587 -60.5847 167.165
68 516.209 723.847 5 4.77023 -90.9795 145.549
69 515.935 724.265 5 4.93019 -67.2771 12.8316
70 515.662 724.684 5 5.13404 -82.9114 -144.791
71 517.994 722.026 5 5.22839 -50.5295 -149.581
72 517.72 722.445 5 5.1369 -54.9151 -97.6221
73 517.447 722.864 5 5.09307 -55.1414 9.03574
74 517.174 723.282 5 5.09814 -64.7143 156.646
75 516.901 723.701 5 5.15196 -61.8016 -119.604
76 516.627 724.12 5 5.25303 -62.4361 -99.3198
77 516.354 724.539 5 5.3987 -65.2856 148.524
78 516.081 724.957 5 5.58548 -74.5378 175.75
