1 509.951 714.045 5 3.20156 -55.9035 -11.9414
2 510.37 714.318 5 2.91548 -44.3372 -121.188
3 510.79 714.59 5 2.69258 -51.3307 100.038
4 511.209 714.862 5 2.54951 -48.5564 -128.719
5 511.628 715.135 5 2.5 -48.2406 19.2749
6 512.048 715.407 5 2.54951 -47.6901 -100.271
7 512.467 715.679 5 2.69258 -48.024 122.216
8 512.886 715.952 5 2.91548 -44.8717 -126.283
9 513.306 716.224 5 3.20156 -54.2055 -13.013
10 513.725 716.496 5 3.53553 -53.1336 -92.7374
11 514.144 716.769 5 3.90512 -50.3371 -82.0966
12 514.564 717.041 5 4.30116 -56.2025 -50.2295
13 514.983 717.313 5 4.71699 -50.9749 -156.279
14 509.679 714.465 5 2.82843 -40.7297 119.435
15 510.098 714.737 5 2.5 -50.4392 12.7188
16 510.517 715.009 5 2.23607 -44.6863 0.904749
17 510.937 715.282 5 2.06155 -48.3682 -144.149
18 511.356 715.554 5 2 -44.0057 21.5163
19 511.775 715.826 5 2.06155 -50.3376 -147.176
20 512.195 716.099 5 2.23607 -44.5879 22.3779
21 512.614 716.371 5 2.5 -49.7697 5.26078
22 513.033 716.643 5 2.82843 -41.6562 114.224
23 513.453 716.916 5 3.20156 -50.2917 155.295
24 513.872 717.188 5 3.60555 -50.7781 21.677
25 514.291 717.46 5 4.03113 -48.9899 -108.097
26 514.711 717.733 5 4.47214 -47.3014 76.616
27 509.406 714.884 5 2.5 -60.4794 164.825
28 509.826 715.156 5 2.12132 -44.967 -12.3724
29 510.245 715.429 5 1.80278 -44.4944 -143.918
30 510.664 715.701 5 1.58114 -49.1546 103.742
31 511.084 715.973 5 1.5 -42.9398 11.2033
32 511.503 716.246 5 1.58114 -49.5411 106.948
33 511.922 716.518 5 1.80278 -45.1333 -148.639
34 512.342 716.79 5 2.12132 -44.0694 -5.82426
35 512.761 717.063 5 2.5 -55.0708 -14.4044
36 513.18 717.335 5 2.91548 -48.364 -88.664
37 513.6 717.607 5 3.3541 -47.1566 53.0581
38 514.019 717.88 5 3.80789 -48.1337 -175.269
39 514.438 718.152 5 4.272 -51.0715 -88.9501
40 509.134 715.303 5 2.23607 -49.6402 19.2412
41 509.553 715.576 5 1.80278 -55.4757 178.924
42 509.973 715.848 5 1.41421 -46.9417 -125.437
43 510.392 716.12 5 1.11803 -40.4094 -4.16472
44 510.811 716.393 5 1 -39.3188 6.19367
45 511.231 716.665 5 1.11803 -40.7285 -12.1135
46 511.65 716.937 5 1.41421 -42.9935 -136.064
47 512.069 717.21 5 1.80278 -50.1871 -140.528
48 512.489 717.482 5 2.23607 -46.8025 48.7917
49 512.908 717.754 5 2.69258 -44.4992 145.763
50 513.327 718.027 5 3.16228 -44.762 -144.721
51 513.747 718.299 5 3.64006 -55.9685 -53.4448
52 514.166 718.571 5 4.12311 -50.5424 -24.5642
53 508.862 715.723 5 2.06155 -48.6793 141.257
54 509.281 715.995 5 1.58114 -41.3709 102.4
55 509.7 716.267 5 1.11803 -40.5626 -9.9593
56 510.12 716.54 5 0.707107 -37.487 137.525
57 510.539 716.812 5 0.5 -33.3532 9.41945
58 510.958 717.084 5 0.707107 -39.6161 133.298
59 511.378 717.357 5 1.11803 -39.5048 9.37135
60 511.797 717.629 5 1.58114 -47.1312 77.0782
61 512.216 717.901 5 2.06155 -51.0861 156.479
62 512.636 718.174 5 2.54951 -53.1569 -122.135
63 513.055 718.446 5 3.04138 -52.8492 -40.9963
64 513.474 718.718 5 3.53553 -66.0181 119.918
65 513.894 718.991 5 4.03113 -51.1262 -129.159
66 508.589 716.142 5 2 -42.418 -23.6865
67 509.009 716.414 5 1.5 -46.1309 3.46711
68 509.428 716.687 5 1 -40.5912 -19.7559
69 509.847 716.959 5 0.5 -34.4405 9.57406
70 510.267 717.231 5 0 -48.8089 92.9402
71 510.686 717.504 5 0.5 -34.5053 9.94203
72 511.105 717.776 5 1 -40.5524 9.57317
73 511.525 718.048 5 1.5 -44.6169 -10.7844
74 511.944 718.321 5 2 -45.9847 -11.6399
75 512.363 718.593 5 2.5 -42.5334 22.1977
76 512.783 718.865 5 3 -54.5385 54.2079
77 513.202 719.138 5 3.5 -46.3457 -44.8951
78 513.621 719.41 5 4 -49.6157 -34.8245
79 510.414 717.923 5 0.707107 -35.1518 129.145
80 510.833 718.195 5 1.11803 -43.8339 29.1983
81 511.672 718.74 5 2.06155 -56.4421 164.313
82 512.091 719.012 5 2.54951 -53.4045 -7.92277
83 512.51 719.285 5 3.04138 -45.0124 -69.8906
84 512.93 719.557 5 3.53553 -45.5159 -42.8282
85 513.349 719.829 5 4.03113 -50.94 -58.9649
86 510.141 718.342 5 1.11803 -59.9931 129.481
87 510.561 718.615 5 1.41421 -42.9844 -88.2739
88 511.399 719.159 5 2.23607 -48.606 -130.591
89 511.819 719.432 5 2.69258 -55.6119 -13.9126
90 512.238 719.704 5 3.16228 -51.6878 159.776
91 512.657 719.976 5 3.64006 -51.3728 174.035
92 513.077 720.249 5 4.12311 -59.3548 -30.6642
93 509.869 718.762 5 1.58114 -51.1569 -101.709
94 510.288 719.034 5 1.80278 -55.9823 136.571
95 511.127 719.579 5 2.5 -45.5698 -119.01
96 511.546 719.851 5 2.91548 -47.8832 -25.5946
97 511.966 720.123 5 3.3541 -53.6679 115.284
98 512.385 720.396 5 3.80789 -49.2434 -6.93389
99 512.804 720.668 5 4.272 -48.523 -19.6486
100 509.597 719.181 5 2.06155 -58.8977 -100.916
101 510.016 719.453 5 2.23607 -56.4747 -94.1258
102 509.324 719.6 5 2.54951 -52.5266 8.337
103 509.744 719.873 5 2.69258 -49.906 -68.1177
104 509.052 720.02 5 3.04138 -56.5317 49.8532
105 509.471 720.292 5 3.16228 -66.0263 -48.6658
