1 505.473 717.831 5 8.30007 -72.7158 -96.9792
2 505.747 717.412 5 8.12428 -79.1815 -88.1677
3 506.02 716.994 5 7.97601 -68.6233 2.25533
4 506.294 716.575 5 7.85682 -66.0058 -42.0819
5 506.567 716.157 5 7.76804 -63.1973 18.6635
6 505.891 718.104 5 7.83944 -70.7846 130.833
7 506.165 717.686 5 7.65308 -70.0082 113.356
8 506.439 717.267 5 7.49549 -80.3333 -150.389
9 506.712 716.849 5 7.36853 -61.8019 -84.3037
10 506.986 716.43 5 7.2738 -76.2881 5.53703
11 506.31 718.378 5 7.38393 -80.022 59.3054
12 506.584 717.96 5 7.18577 -68.5725 -12.7747
13 506.857 717.541 5 7.0177 -63.1428 104.798
14 507.131 717.123 5 6.88193 -68.125 -72.6051
15 507.404 716.704 5 6.7804 -72.8571 95.6469
16 506.728 718.652 5 6.93455 -79.1866 38.0891
17 507.002 718.233 5 6.72316 -65.2243 -3.02526
18 507.276 717.815 5 6.54322 -67.7036 -165.239
19 507.549 717.396 5 6.39739 -66.8057 -128.327
20 507.823 716.978 5 6.28804 -82.2949 -118.619
21 507.147 718.925 5 6.49259 -81.6417 -98.9666
22 507.421 718.507 5 6.2663 -67.9685 27.6554
23 507.694 718.088 5 6.07284 -71.0769 155.984
24 507.968 717.67 5 5.91542 -71.4397 120.481
25 508.241 717.251 5 5.79699 -65.5218 94.5581
26 507.565 719.199 5 6.05965 -60.3565 -79.008
27 507.839 718.78 5 5.81654 -66.1561 19.6168
28 508.113 718.362 5 5.60758 -81.9086 -122.861
29 508.386 717.943 5 5.43671 -76.0838 -83.1217
30 508.66 717.525 5 5.30761 -73.1855 -14.2442
31 507.984 719.472 5 5.63781 -66.2592 -83.982
32 508.258 719.054 5 5.37567 -73.1579 -119.977
33 508.531 718.635 5 5.14885 -72.538 -14.3027
34 508.805 718.217 5 4.96221 -86.3578 -1.38043
35 509.078 717.798 5 4.82041 -75.2935 -163.69
36 508.402 719.746 5 5.22978 -55.2621 -167.382
37 508.676 719.328 5 4.94605 -87.2296 18.5111
38 508.95 718.909 5 4.69854 -75.3639 145.777
39 509.223 718.491 5 4.49323 -81.3556 -138.174
40 509.497 718.072 5 4.33612 -80.5212 -55.1848
