1 514.644 719.84 5 2.80045 -87.1016 -146.334
2 514.371 720.259 5 3.22383 -93.5431 -155.095
3 514.097 720.678 5 3.66655 -108.468 -5.6106
4 513.824 721.096 5 4.1224 -106.968 -21.9376
5 513.551 721.515 5 4.58745 -250 0
6 513.278 721.934 5 5.05918 -123.937 -33.5724
7 513.004 722.353 5 5.53586 -107.266 -170.615
8 512.731 722.771 5 6.01634 -104.881 -160.221
9 512.458 723.19 5 6.49976 -149.025 -53.6875
10 512.185 723.609 5 6.98552 -118.847 -48.1527
11 515.063 720.113 5 3.11278 -89.0378 175.384
12 514.789 720.532 5 3.49857 -92.7512 94.686
13 514.516 720.951 5 3.91031 -109.702 -62.4856
14 514.243 721.37 5 4.34063 -107.183 119.641
15 513.97 721.788 5 4.78452 -119.288 -166.052
16 513.696 722.207 5 5.23852 -124.217 135.257
17 513.423 722.626 5 5.70024 -111.622 26.2557
18 513.15 723.045 5 6.16792 -113.728 53.3403
19 512.877 723.463 5 6.64031 -124.106 3.39155
20 512.603 723.882 5 7.11648 -131.874 -80.9087
21 515.481 720.387 5 3.46934 -78.2089 110.688
22 515.208 720.805 5 3.81927 -93.608 -80.4438
23 514.935 721.224 5 4.19969 -94.1224 12.3439
24 514.662 721.643 5 4.60304 -92.4384 67.217
25 514.388 722.062 5 5.02379 -91.8716 94.7081
26 514.115 722.48 5 5.45793 -100.518 122.277
27 513.842 722.899 5 5.90251 -97.9619 -18.0351
28 513.568 723.318 5 6.35532 -100.558 -32.1987
29 513.295 723.737 5 6.81474 -97.6232 -73.9216
30 513.022 724.155 5 7.27951 -99.9434 -32.8266
31 515.9 720.66 5 3.85787 -77.4766 7.90632
32 515.627 721.079 5 4.17537 -90.1092 -94.3857
33 515.353 721.497 5 4.52596 -95.8439 -43.5418
34 515.08 721.916 5 4.90253 -91.5065 -51.3378
35 514.807 722.335 5 5.29956 -100.041 -38.3478
36 514.534 722.754 5 5.71278 -95.2999 16.9956
37 514.26 723.172 5 6.13893 -93.417 55.0207
38 513.987 723.591 5 6.57548 -88.9025 36.588
39 516.319 720.933 5 4.26967 -87.2429 -25.6518
40 516.045 721.352 5 4.55858 -91.5782 -30.5366
41 515.772 721.771 5 4.88172 -85.5996 -54.4841
42 515.499 722.189 5 5.23275 -101.64 34.4273
43 515.226 722.608 5 5.60645 -109.957 -34.9454
44 514.952 723.027 5 5.99857 -107.171 -73.5229
45 514.679 723.446 5 6.40573 -94.5927 -127.847
46 514.406 723.864 5 6.82524 -250 0
47 516.737 721.206 5 4.69861 -113.78 18.5725
48 516.464 721.625 5 4.96261 -86.3448 -18.5685
49 516.191 722.044 5 5.26099 -86.9936 -54.378
50 515.918 722.463 5 5.58826 -105.124 114.432
51 515.644 722.881 5 5.93962 -114.057 -129.499
52 515.371 723.3 5 6.31108 -120.129 26.0658
53 515.098 723.719 5 6.69927 -111.685 -25.5548
54 514.825 724.138 5 7.10146 -250 0
55 517.156 721.48 5 5.14041 -102.352 120.933
56 516.883 721.898 5 5.38279 -96.7497 -137.428
57 516.61 722.317 5 5.65906 -86.2247 73.5656
58 516.336 722.736 5 5.96452 -89.0393 -133.358
59 516.063 723.155 5 6.29492 -93.7297 -39.7054
60 515.79 723.573 5 6.64655 -96.7869 -79.594
61 515.517 723.992 5 7.0162 -98.0196 115.602
62 515.243 724.411 5 7.40119 -250 0
63 517.575 721.753 5 5.59202 -100.497 151.629
64 517.302 722.172 5 5.81561 -88.6013 153.452
65 517.028 722.59 5 6.07222 -91.6685 -71.3144
66 516.755 723.009 5 6.35786 -91.9909 140.573
67 516.482 723.428 5 6.6688 -95.8558 48.3596
68 516.209 723.847 5 7.00167 -90.6834 139.929
69 515.935 724.265 5 7.3535 -100.811 132.687
70 515.662 724.684 5 7.72169 -111.432 -82.07
71 517.994 722.026 5 6.05125 -101.187 -53.518
72 517.72 722.445 5 6.25845 -99.5182 -74.6726
73 517.447 722.864 5 6.49759 -99.3995 -48.7379
74 517.174 723.282 5 6.7653 -95.5441 126.354
75 516.901 723.701 5 7.05831 -104.639 -143.684
76 516.627 724.12 5 7.37362 -95.804 -103.239
77 516.354 724.539 5 7.70849 -103.65 -131.112
78 516.081 724.957 5 8.06049 -105.046 -53.4731
