1 505.473 717.831 5 4.23849 -46.9225 -111.298
2 505.747 717.412 5 4.19383 -59.4594 22.7856
3 506.02 716.994 5 4.20852 -55.276 47.9716
4 506.294 716.575 5 4.28194 -60.3658 31.4367
5 506.567 716.157 5 4.41117 -58.5827 -91.6914
6 505.891 718.104 5 3.74472 -48.8581 -154.02
7 506.165 717.686 5 3.69409 -59.6576 91.4831
8 506.439 717.267 5 3.71076 -68.3133 -136.624
9 506.712 716.849 5 3.79383 -55.4955 103.556
10 506.986 716.43 5 3.9391 -54.1343 -95.7737
11 506.31 718.378 5 3.25284 -48.3968 -158.334
12 506.584 717.96 5 3.19443 -54.567 59.0971
13 506.857 717.541 5 3.21369 -51.2877 -18.3794
14 507.131 717.123 5 3.30926 -55.0645 98.7746
15 507.404 716.704 5 3.47485 -56.2889 158.909
16 506.728 718.652 5 2.76389 -47.8653 175.059
17 507.002 718.233 5 2.6949 -51.1463 50.8607
18 507.276 717.815 5 2.7177 -48.3777 -5.42764
19 507.549 717.396 5 2.83007 -55.2126 55.8476
20 507.823 716.978 5 3.02203 -63.268 -83.1204
21 507.147 718.925 5 2.27973 -60.507 -146.235
22 507.421 718.507 5 2.19558 -50.9008 -0.463061
23 507.694 718.088 5 2.2235 -52.7935 -46.4404
24 507.968 717.67 5 2.35952 -59.5317 87.359
25 508.241 717.251 5 2.58665 -65.9875 -135.725
26 507.565 719.199 5 1.80422 -44.8496 90.6067
27 507.839 718.78 5 1.69665 -47.9377 56.499
28 508.113 718.362 5 1.73264 -61.8976 -84.8595
29 508.386 717.943 5 1.90406 -67.89 120.277
30 508.66 717.525 5 2.17918 -85.4746 14.3496
31 507.984 719.472 5 1.34659 -59.5321 79.0791
32 508.258 719.054 5 1.19863 -42.0419 -3.62558
33 508.531 718.635 5 1.24904 -64.1897 -52.4975
34 508.805 718.217 5 1.47767 -72.0981 -137.035
35 509.078 717.798 5 1.81849 -67.3834 133.011
36 508.402 719.746 5 0.933479 -49.4638 46.1702
37 508.676 719.328 5 0.703409 -39.2215 -19.8502
38 508.95 718.909 5 0.786247 -53.3777 4.04518
39 509.223 718.491 5 1.11426 -51.6865 10.4047
40 509.497 718.072 5 1.53785 -65.6235 12.3587
