1 514.644 719.84 5 5.59527 -63.5189 74.904
2 514.371 720.259 5 5.599 -57.317 -2.41157
3 514.097 720.678 5 5.64717 -61.2561 -175.105
4 513.824 721.096 5 5.73867 -70.6048 -103.628
5 513.551 721.515 5 5.87147 -73.7436 -110.158
6 513.278 721.934 5 6.04284 -76.046 -83.0197
7 513.004 722.353 5 6.24961 -82.9154 -175.443
8 512.731 722.771 5 6.48841 -86.0957 130.763
9 512.458 723.19 5 6.75583 -87.1341 -80.4302
10 512.185 723.609 5 7.04862 -99.3814 -131.208
11 515.063 720.113 5 6.09495 -71.3353 66.9407
12 514.789 720.532 5 6.09838 -58.7684 -11.9493
13 514.516 720.951 5 6.14263 -58.635 -166.418
14 514.243 721.37 5 6.22686 -78.0337 9.28975
15 513.97 721.788 5 6.34945 -76.4463 -46.5585
16 513.696 722.207 5 6.50825 -86.489 93.7064
17 513.423 722.626 5 6.70068 -77.8727 -92.5628
18 513.15 723.045 5 6.92393 -83.0897 -31.32
19 512.877 723.463 5 7.17514 -88.8967 157.845
20 512.603 723.882 5 7.45147 -96.4951 9.14914
21 515.481 720.387 5 6.59468 -74.7333 49.3454
22 515.208 720.805 5 6.59785 -57.9969 22.0025
23 514.935 721.224 5 6.63878 -62.1238 -142.83
24 514.662 721.643 5 6.71678 -59.6138 -37.7228
25 514.388 722.062 5 6.83058 -76.4717 -159.761
26 514.115 722.48 5 6.97844 -80.9842 1.11839
27 513.842 722.899 5 7.15824 -86.0014 -55.0652
28 513.568 723.318 5 7.36765 -80.6598 154.334
29 513.295 723.737 5 7.60421 -102.201 39.0101
30 513.022 724.155 5 7.86548 -86.1986 -133.016
31 515.9 720.66 5 7.09445 -67.9376 147.23
32 515.627 721.079 5 7.09739 -61.316 -11.5463
33 515.353 721.497 5 7.13546 -57.0691 -144.085
34 515.08 721.916 5 7.20809 -63.4092 -61.5523
35 514.807 722.335 5 7.31425 -69.5229 162.541
36 514.534 722.754 5 7.45252 -77.0416 26.3052
37 514.26 723.172 5 7.62114 -81.1049 106.985
38 513.987 723.591 5 7.81816 -72.9819 -26.9804
39 516.319 720.933 5 7.59425 -75.0252 -27.6005
40 516.045 721.352 5 7.597 -57.4341 25.5554
41 515.772 721.771 5 7.63257 -59.2784 -119.527
42 515.499 722.189 5 7.70051 -62.7878 37.4842
43 515.226 722.608 5 7.79998 -71.3765 53.0963
44 514.952 723.027 5 7.92978 -72.9816 -40.9281
45 514.679 723.446 5 8.08846 -78.3157 134.89
46 514.406 723.864 5 8.27436 -136.45 -56.1822
47 516.737 721.206 5 8.09407 -64.5094 25.9565
48 516.464 721.625 5 8.09665 -62.0657 26.9583
49 516.191 722.044 5 8.13004 -57.5314 -133.667
50 515.918 722.463 5 8.19386 -60.8901 64.1369
51 515.644 722.881 5 8.2874 -69.2065 -121.37
52 515.371 723.3 5 8.40969 -72.6602 -161
53 515.098 723.719 5 8.55948 -70.9845 68.6172
54 514.825 724.138 5 8.73535 -126.825 32.9576
55 517.156 721.48 5 8.59391 -67.5187 -143.331
56 516.883 721.898 5 8.59634 -60.2341 3.23038
57 516.61 722.317 5 8.6278 -60.0034 -131.761
58 516.336 722.736 5 8.68796 -60.1915 32.9377
59 516.063 723.155 5 8.77624 -77.7657 0.380071
60 515.79 723.573 5 8.89181 -65.163 37.3086
61 515.517 723.992 5 9.0336 -74.2954 -4.55232
62 515.243 724.411 5 9.20042 -114.139 105.261
63 517.575 721.753 5 9.09378 -69.908 -34.9289
64 517.302 722.172 5 9.09607 -64.4173 14.8618
65 517.028 722.59 5 9.1258 -66.5161 -106.94
66 516.755 723.009 5 9.18271 -65.8814 -168.122
67 516.482 723.428 5 9.26627 -67.372 170.121
68 516.209 723.847 5 9.3758 -75.5487 -53.8383
69 515.935 724.265 5 9.51038 -89.575 112.721
70 515.662 724.684 5 9.66898 -79.4629 28.4915
71 517.994 722.026 5 9.59365 -61.9137 -12.6452
72 517.72 722.445 5 9.59583 -69.1883 25.1223
73 517.447 722.864 5 9.62402 -58.807 -54.1612
74 517.174 723.282 5 9.67799 -66.1879 91.3421
75 516.901 723.701 5 9.75732 -72.7845 -156.15
76 516.627 724.12 5 9.86139 -78.3227 113.275
77 516.354 724.539 5 9.98943 -72.7687 117.029
78 516.081 724.957 5 10.1405 -74.6238 80.6664
