1 514.644 719.84 5 2.54965 -103.907 153.115
2 514.371 720.259 5 3.00871 -113.828 95.1635
3 514.097 720.678 5 3.47908 -106.824 125.884
4 513.824 721.096 5 3.95672 -101.482 -85.543
5 513.551 721.515 5 4.43929 -250 0
6 513.278 721.934 5 4.92533 -128.769 -89.7195
7 513.004 722.353 5 5.41392 -112.195 100.174
8 512.731 722.771 5 5.90442 -110.257 -62.7294
9 512.458 723.19 5 6.39639 -141.72 -99.5336
10 512.185 723.609 5 6.88952 -141.753 -134.716
11 515.063 720.113 5 2.80136 -88.8336 -36.9052
12 514.789 720.532 5 3.22478 -104.676 49.1214
13 514.516 720.951 5 3.66754 -114.136 -109.139
14 514.243 721.37 5 4.12341 -114.69 -95.0852
15 513.97 721.788 5 4.58848 -113.265 -11.8476
16 513.696 722.207 5 5.06022 -111.542 45.3037
17 513.423 722.626 5 5.53692 -115.36 109.045
18 513.15 723.045 5 6.0174 -117.528 -174.215
19 512.877 723.463 5 6.50082 -123.642 132.129
20 512.603 723.882 5 6.98658 -124.133 160.386
21 515.481 720.387 5 3.1136 -97.4555 103.41
22 515.208 720.805 5 3.49945 -102.132 -161.302
23 514.935 721.224 5 3.91123 -110.021 -36.4906
24 514.662 721.643 5 4.34159 -101.789 -39.2062
25 514.388 722.062 5 4.7855 -113.529 23.521
26 514.115 722.48 5 5.23953 -107.452 59.7282
27 513.842 722.899 5 5.70126 -107.417 110.088
28 513.568 723.318 5 6.16895 -101.278 146.797
29 513.295 723.737 5 6.64135 -103.131 156.45
30 513.022 724.155 5 7.11753 -98.1911 -168.708
31 515.9 720.66 5 3.47007 -84.262 140.372
32 515.627 721.079 5 3.82008 -82.7493 53.3958
33 515.353 721.497 5 4.20055 -86.6808 47.7183
34 515.08 721.916 5 4.60394 -101.321 117.99
35 514.807 722.335 5 5.02473 -98.2209 121.088
36 514.534 722.754 5 5.4589 -105.132 179.606
37 514.26 723.172 5 5.90349 -104.952 -59.2297
38 513.987 723.591 5 6.35632 -99.2681 -64.931
39 516.319 720.933 5 3.85853 -104.511 -114.667
40 516.045 721.352 5 4.17611 -101.45 -17.1666
41 515.772 721.771 5 4.52676 -116.411 -178.487
42 515.499 722.189 5 4.90338 -91.2733 -95.3235
43 515.226 722.608 5 5.30045 -101.143 163.91
44 514.952 723.027 5 5.71371 -103.201 135.383
45 514.679 723.446 5 6.13988 -109.36 65.6267
46 514.406 723.864 5 6.57645 -250 0
47 516.737 721.206 5 4.27026 -104.733 -116.713
48 516.464 721.625 5 4.55925 -97.9328 -99.8188
49 516.191 722.044 5 4.88246 -103.462 -162.744
50 515.918 722.463 5 5.23355 -101.288 -28.6939
51 515.644 722.881 5 5.60729 -110.624 177.266
52 515.371 723.3 5 5.99944 -96.9753 -87.6696
53 515.098 723.719 5 6.40664 -101.258 -84.8391
54 514.825 724.138 5 6.82617 -250 0
55 517.156 721.48 5 4.69915 -113.23 160.489
56 516.883 721.898 5 4.96323 -108.645 175.874
57 516.61 722.317 5 5.26168 -94.1967 83.103
58 516.336 722.736 5 5.589 -93.5203 -89.1955
59 516.063 723.155 5 5.94042 -91.6641 151.2
60 515.79 723.573 5 6.31191 -96.0608 -171.776
61 515.517 723.992 5 6.70014 -99.2206 137.341
62 515.243 724.411 5 7.10236 -250 0
63 517.575 721.753 5 5.14091 -121.165 -138.053
64 517.302 722.172 5 5.38336 -124.989 161.389
65 517.028 722.59 5 5.6597 -110.236 133.094
66 516.755 723.009 5 5.96522 -93.0276 55.4018
67 516.482 723.428 5 6.29567 -93.1892 -98.2391
68 516.209 723.847 5 6.64734 -93.758 -1.998
69 515.935 724.265 5 7.01703 -99.4076 -29.4582
70 515.662 724.684 5 7.40205 -91.5663 -53.897
71 517.994 722.026 5 5.59248 -100.101 -101.531
72 517.72 722.445 5 5.81614 -113.934 90.6812
73 517.447 722.864 5 6.07281 -120.867 -120.707
74 517.174 723.282 5 6.35852 -122.221 136.46
75 516.901 723.701 5 6.66951 -108.86 178.296
76 516.627 724.12 5 7.00243 -95.9305 -168.93
77 516.354 724.539 5 7.35429 -92.4568 85.3348
78 516.081 724.957 5 7.72252 -92.8303 145.512
