1 514.644 719.84 5 4.09652 -64.6991 -43.5263
2 514.371 720.259 5 4.10202 -57.4157 -37.8696
3 514.097 720.678 5 4.16793 -57.7748 147.507
4 513.824 721.096 5 4.29147 -61.895 -42.5467
5 513.551 721.515 5 4.46786 -60.4117 149.571
6 513.278 721.934 5 4.69114 -61.8323 6.77087
7 513.004 722.353 5 4.95499 -85.4643 58.8425
8 512.731 722.771 5 5.25328 -78.0206 -69.7156
9 512.458 723.19 5 5.5805 -97.3416 125.15
10 512.185 723.609 5 5.93187 -93.8182 -39.8928
11 515.063 720.113 5 4.59597 -66.6445 -51.1372
12 514.789 720.532 5 4.60087 -63.9747 -48.5227
13 514.516 720.951 5 4.65972 -48.0625 152.283
14 514.243 721.37 5 4.77054 -55.5539 -157.807
15 513.97 721.788 5 4.92982 -82.6909 -72.5515
16 513.696 722.207 5 5.13305 -72.6022 37.9353
17 513.423 722.626 5 5.37525 -67.7877 152.379
18 513.15 723.045 5 5.6514 -71.9515 156.165
19 512.877 723.463 5 5.9568 -77.9754 -170.977
20 512.603 723.882 5 6.28717 -80.0691 -83.8064
21 515.481 720.387 5 5.09552 -76.827 -6.10326
22 515.208 720.805 5 5.09994 -65.8378 -62.6097
23 514.935 721.224 5 5.1531 -52.8916 145.099
24 514.662 721.643 5 5.25352 -53.832 -115.098
25 514.388 722.062 5 5.39857 -78.7181 -157.269
26 514.115 722.48 5 5.58477 -65.3384 60.934
27 513.842 722.899 5 5.80816 -63.007 117.293
28 513.568 723.318 5 6.06463 -73.7535 -104.559
29 513.295 723.737 5 6.35018 -73.4488 -71.8236
30 513.022 724.155 5 6.66107 -90.7681 -22.6145
31 515.9 720.66 5 5.59515 -59.6833 -156.694
32 515.627 721.079 5 5.59917 -57.0818 25.9343
33 515.353 721.497 5 5.64764 -55.5408 170.894
34 515.08 721.916 5 5.73942 -54.4045 -106.522
35 514.807 722.335 5 5.87247 -62.6036 176.739
36 514.534 722.754 5 6.04409 -73.4259 22.2861
37 514.26 723.172 5 6.25109 -73.0971 169.854
38 513.987 723.591 5 6.49008 -66.804 -132.408
39 516.319 720.933 5 6.09484 -57.017 148.296
40 516.045 721.352 5 6.09854 -60.2568 -10.6173
41 515.772 721.771 5 6.14306 -60.8771 -175.905
42 515.499 722.189 5 6.22754 -59.1058 -13.1548
43 515.226 722.608 5 6.35038 -59.7091 -0.0844242
44 514.952 723.027 5 6.50941 -72.6976 -16.7172
45 514.679 723.446 5 6.70205 -70.384 97.3235
46 514.406 723.864 5 6.9255 -107.406 -3.2525
47 516.737 721.206 5 6.59458 -59.4743 -174.423
48 516.464 721.625 5 6.598 -63.491 161.357
49 516.191 722.044 5 6.63917 -65.1128 176.025
50 515.918 722.463 5 6.71742 -56.238 23.454
51 515.644 722.881 5 6.83145 -57.4046 -11.0097
52 515.371 723.3 5 6.97953 -69.5311 -178.577
53 515.098 723.719 5 7.15953 -70.0016 169.356
54 514.825 724.138 5 7.36912 -109.322 112.223
55 517.156 721.48 5 7.09436 -57.1699 -71.7446
56 516.883 721.898 5 7.09753 -63.3505 6.80384
57 516.61 722.317 5 7.13583 -71.3627 -79.5375
58 516.336 722.736 5 7.20868 -61.377 15.1665
59 516.063 723.155 5 7.31506 -65.8966 104.872
60 515.79 723.573 5 7.45354 -68.0011 -81.2998
61 515.517 723.992 5 7.62235 -68.1029 -78.7439
62 515.243 724.411 5 7.81955 -118.061 143.192
63 517.575 721.753 5 7.59416 -54.9508 -80.6449
64 517.302 722.172 5 7.59713 -57.7646 -36.4053
65 517.028 722.59 5 7.63292 -61.7592 -94.3825
66 516.755 723.009 5 7.70107 -65.1308 94.7617
67 516.482 723.428 5 7.80074 -62.3499 161.894
68 516.209 723.847 5 7.93074 -65.627 -48.9656
69 515.935 724.265 5 8.0896 -66.7586 -70.3846
70 515.662 724.684 5 8.27567 -76.4405 3.87834
71 517.994 722.026 5 8.09399 -67.4389 -110.812
72 517.72 722.445 5 8.09677 -60.8967 30.6893
73 517.447 722.864 5 8.13036 -59.1051 -47.9698
74 517.174 723.282 5 8.19438 -57.0205 30.3827
75 516.901 723.701 5 8.28812 -58.6944 -132.4
76 516.627 724.12 5 8.41059 -61.746 158.7
77 516.354 724.539 5 8.56055 -77.5101 69.9337
78 516.081 724.957 5 8.7366 -72.2621 14.4633
