1 509.951 714.045 5 5.83095 -58.5765 -7.05437
2 510.37 714.318 5 5.40833 -48.3248 -87.4618
3 510.79 714.59 5 5 -51.3208 -18.6697
4 511.209 714.862 5 4.60977 -52.1553 65.6247
5 511.628 715.135 5 4.24264 -53.5723 -16.2424
6 512.048 715.407 5 3.90512 -51.3845 -140.451
7 512.467 715.679 5 3.60555 -48.6205 66.5194
8 512.886 715.952 5 3.3541 -55.0396 18.551
9 513.306 716.224 5 3.16228 -54.3241 -28.9622
10 513.725 716.496 5 3.04138 -45.9992 -155.406
11 514.144 716.769 5 3 -45.751 -61.8471
12 514.564 717.041 5 3.04138 -60.2953 48.4274
13 514.983 717.313 5 3.16228 -49.0103 71.7787
14 509.679 714.465 5 5.59017 -48.8513 76.3946
15 510.098 714.737 5 5.14782 -50.8686 -89.1821
16 510.517 715.009 5 4.71699 -55.8079 126.124
17 510.937 715.282 5 4.30116 -53.0537 -158.946
18 511.356 715.554 5 3.90512 -56.0649 -65.6022
19 511.775 715.826 5 3.53553 -52.3311 -74.3245
20 512.195 716.099 5 3.20156 -49.9259 -168.275
21 512.614 716.371 5 2.91548 -55.6586 -95.7163
22 513.033 716.643 5 2.69258 -52.3298 87.2891
23 513.453 716.916 5 2.54951 -45.2602 -131.655
24 513.872 717.188 5 2.5 -60.826 -49.6334
25 514.291 717.46 5 2.54951 -46.84 170.625
26 514.711 717.733 5 2.69258 -49.2991 107.801
27 509.406 714.884 5 5.38516 -52.7099 35.7627
28 509.826 715.156 5 4.92443 -60.0913 -83.7354
29 510.245 715.429 5 4.47214 -54.4706 87.4242
30 510.664 715.701 5 4.03113 -50.9237 -98.3882
31 511.084 715.973 5 3.60555 -52.6141 103.24
32 511.503 716.246 5 3.20156 -48.5462 133.238
33 511.922 716.518 5 2.82843 -51.9926 109.55
34 512.342 716.79 5 2.5 -46.4473 4.89481
35 512.761 717.063 5 2.23607 -44.0313 20.1494
36 513.18 717.335 5 2.06155 -42.2766 -166.103
37 513.6 717.607 5 2 -44.2458 -32.1366
38 514.019 717.88 5 2.06155 -53.8262 157.324
39 514.438 718.152 5 2.23607 -41.5001 42.8219
40 509.134 715.303 5 5.22015 -48.6955 63.4768
41 509.553 715.576 5 4.74342 -46.5998 6.69379
42 509.973 715.848 5 4.272 -52.5616 -62.2422
43 510.392 716.12 5 3.80789 -53.1992 -92.7521
44 510.811 716.393 5 3.3541 -48.1261 2.78898
45 511.231 716.665 5 2.91548 -43.6837 -104.619
46 511.65 716.937 5 2.5 -46.6591 24.6175
47 512.069 717.21 5 2.12132 -50.4404 -5.13225
48 512.489 717.482 5 1.80278 -50.3215 -146.004
49 512.908 717.754 5 1.58114 -44.0346 132.007
50 513.327 718.027 5 1.5 -42.7821 -27.5565
51 513.747 718.299 5 1.58114 -42.6828 91.7961
52 514.166 718.571 5 1.80278 -53.3846 168.71
53 508.862 715.723 5 5.09902 -54.5728 63.4018
54 509.281 715.995 5 4.60977 -51.9995 57.4044
55 509.7 716.267 5 4.12311 -50.8308 -30.9469
56 510.12 716.54 5 3.64006 -47.8732 -82.0794
57 510.539 716.812 5 3.16228 -45.6362 -149.553
58 510.958 717.084 5 2.69258 -45.764 149.914
59 511.378 717.357 5 2.23607 -44.9437 76.5272
60 511.797 717.629 5 1.80278 -45.8306 173.314
61 512.216 717.901 5 1.41421 -45.386 -110.631
62 512.636 718.174 5 1.11803 -41.8111 3.60087
63 513.055 718.446 5 1 -40.7473 -28.146
64 513.474 718.718 5 1.11803 -39.8134 17.0733
65 513.894 718.991 5 1.41421 -40.811 -118.083
66 508.589 716.142 5 5.02494 -60.4836 -59.8427
67 509.009 716.414 5 4.52769 -52.974 -92.1106
68 509.428 716.687 5 4.03113 -56.6084 -31.8349
69 509.847 716.959 5 3.53553 -48.0767 -24.0935
70 510.267 717.231 5 3.04138 -43.5739 -72.4257
71 510.686 717.504 5 2.54951 -50.4475 -128.387
72 511.105 717.776 5 2.06155 -46.4275 168.441
73 511.525 718.048 5 1.58114 -45.3765 97.5523
74 511.944 718.321 5 1.11803 -39.8564 22.4478
75 512.363 718.593 5 0.707107 -37.9791 119.268
76 512.783 718.865 5 0.5 -34.3816 -26.3475
77 513.202 719.138 5 0.707107 -42.6286 119.805
78 513.621 719.41 5 1.11803 -39.1828 -9.92168
79 510.414 717.923 5 2.5 -49.5172 -146.661
80 510.833 718.195 5 2 -45.3863 -115.408
81 511.672 718.74 5 1 -40.6661 37.3212
82 512.091 719.012 5 0.5 -34.7593 8.85316
83 512.51 719.285 5 0 -50.923 81.6492
84 512.93 719.557 5 0.5 -34.8114 -1.23541
85 513.349 719.829 5 1 -39.0839 16.2678
86 510.141 718.342 5 2.54951 -57.8501 145.859
87 510.561 718.615 5 2.06155 -52.2498 17.182
88 511.399 719.159 5 1.11803 -41.2675 7.55082
89 511.819 719.432 5 0.707107 -37.7716 121.857
90 512.238 719.704 5 0.5 -32.941 -13.0565
91 512.657 719.976 5 0.707107 -40.5282 131.062
92 513.077 720.249 5 1.11803 -44.7448 5.86971
93 509.869 718.762 5 2.69258 -48.1284 -5.5467
94 510.288 719.034 5 2.23607 -57.3845 -49.9123
95 511.127 719.579 5 1.41421 -41.9076 -104.027
96 511.546 719.851 5 1.11803 -45.6937 -63.4687
97 511.966 720.123 5 1 -43.1424 22.1976
98 512.385 720.396 5 1.11803 -39.3706 34.1694
99 512.804 720.668 5 1.41421 -43.8193 83.76
100 509.597 719.181 5 2.91548 -49.075 91.0832
101 510.016 719.453 5 2.5 -44.3334 -143.107
102 509.324 719.6 5 3.20156 -45.3518 34.1307
103 509.744 719.873 5 2.82843 -52.2389 -27.7534
104 509.052 720.02 5 3.53553 -47.5536 133.42
105 509.471 720.292 5 3.20156 -58.0238 -65.7136
