1 509.951 714.045 5 1 -37.2174 -6.99655
2 510.37 714.318 5 1.11803 -41.853 6.52389
3 510.79 714.59 5 1.41421 -43.2671 -117.853
4 511.209 714.862 5 1.80278 -42.9228 -146.826
5 511.628 715.135 5 2.23607 -46.9689 56.5145
6 512.048 715.407 5 2.69258 -40.7673 155.017
7 512.467 715.679 5 3.16228 -50.153 -173.685
8 512.886 715.952 5 3.64005 -49.6646 -12.1178
9 513.306 716.224 5 4.12311 -50.6823 -12.734
10 513.725 716.496 5 4.60977 -50.897 -7.62422
11 514.144 716.769 5 5.09902 -45.1946 99.6535
12 514.564 717.041 5 5.59017 -52.1919 -66.7574
13 514.983 717.313 5 6.08276 -47.7813 99.2524
14 509.679 714.465 5 0.5 -31.6039 6.46885
15 510.098 714.737 5 0.707107 -36.3419 122.914
16 510.517 715.009 5 1.11803 -49.4458 15.2489
17 510.937 715.282 5 1.58114 -49.8132 99.9331
18 511.356 715.554 5 2.06155 -50.3194 -165.206
19 511.775 715.826 5 2.54951 -47.1539 -133.005
20 512.195 716.099 5 3.04138 -46.2833 -107.214
21 512.614 716.371 5 3.53553 -44.9653 -103.274
22 513.033 716.643 5 4.03113 -51.2802 -104.21
23 513.453 716.916 5 4.52769 -54.8174 -22.086
24 513.872 717.188 5 5.02494 -52.553 -110.102
25 514.291 717.46 5 5.52268 -53.2505 -56.2516
26 514.711 717.733 5 6.0208 -69.381 -43.8239
27 509.406 714.884 5 0 -42.763 93.9307
28 509.826 715.156 5 0.5 -34.4225 -7.39246
29 510.245 715.429 5 1 -40.561 -11.2081
30 510.664 715.701 5 1.5 -44.4 7.02946
31 511.084 715.973 5 2 -47.6477 13.0537
32 511.503 716.246 5 2.5 -46.87 8.17337
33 511.922 716.518 5 3 -46.393 8.26164
34 512.342 716.79 5 3.5 -49.5701 -17.9321
35 512.761 717.063 5 4 -44.929 -11.9317
36 513.18 717.335 5 4.5 -47.5614 -41.5199
37 513.6 717.607 5 5 -55.4662 -96.5447
38 514.019 717.88 5 5.5 -47.1614 10.3005
39 514.438 718.152 5 6 -60.9182 -77.8251
40 509.134 715.303 5 0.5 -33.2834 4.44315
41 509.553 715.576 5 0.707107 -38.4532 114.275
42 509.973 715.848 5 1.11803 -39.6589 16.231
43 510.392 716.12 5 1.58114 -48.3345 126.575
44 510.811 716.393 5 2.06155 -53.5488 -159.132
45 511.231 716.665 5 2.54951 -47.0705 -117.462
46 511.65 716.937 5 3.04138 -48.4789 -116.765
47 512.069 717.21 5 3.53553 -50.6373 -105.865
48 512.489 717.482 5 4.03113 -55.786 -150.062
49 512.908 717.754 5 4.52769 -51.61 -139.435
50 513.327 718.027 5 5.02494 -53.8552 -137.556
51 513.747 718.299 5 5.52268 -54.2369 -26.2827
52 514.166 718.571 5 6.0208 -56.9909 -65.9696
53 508.862 715.723 5 1 -39.7443 7.50391
54 509.281 715.995 5 1.11803 -40.5959 1.87293
55 509.7 716.267 5 1.41421 -41.0248 -102.594
56 510.12 716.54 5 1.80278 -45.3067 -150.868
57 510.539 716.812 5 2.23607 -44.057 61.2611
58 510.958 717.084 5 2.69258 -51.1078 137.742
59 511.378 717.357 5 3.16228 -52.6795 -93.9835
60 511.797 717.629 5 3.64005 -55.7145 8.10355
61 512.216 717.901 5 4.12311 -51.6498 -34.9252
62 512.636 718.174 5 4.60977 -50.3211 -29.0351
63 513.055 718.446 5 5.09902 -50.8049 -9.12883
64 513.474 718.718 5 5.59017 -54.3116 -99.8215
65 513.894 718.991 5 6.08276 -49.0042 167.242
66 508.589 716.142 5 1.5 -41.4181 13.4908
67 509.009 716.414 5 1.58114 -52.6846 112.782
68 509.428 716.687 5 1.80278 -46.8547 -119.208
69 509.847 716.959 5 2.12132 -45.2507 -1.1914
70 510.267 717.231 5 2.5 -54.884 -175.343
71 510.686 717.504 5 2.91548 -45.3024 -87.5433
72 511.105 717.776 5 3.3541 -47.1368 48.864
73 511.525 718.048 5 3.80789 -51.7826 158.453
74 511.944 718.321 5 4.272 -52.137 -32.6051
75 512.363 718.593 5 4.74342 -51.7377 10.3257
76 512.783 718.865 5 5.22015 -46.046 61.8697
77 513.202 719.138 5 5.70088 -51.006 75.8204
78 513.621 719.41 5 6.18466 -52.5524 55.2333
79 510.414 717.923 5 3.20156 -49.537 136.792
80 510.833 718.195 5 3.60555 -50.8158 100.154
81 511.672 718.74 5 4.47214 -49.8116 104.284
82 512.091 719.012 5 4.92443 -52.96 -149.651
83 512.51 719.285 5 5.38516 -56.9408 -9.93397
84 512.93 719.557 5 5.85235 -54.0388 76.0304
85 513.349 719.829 5 6.32456 -52.5496 174.585
86 510.141 718.342 5 3.53553 -53.9002 -66.6049
87 510.561 718.615 5 3.90512 -70.3988 -38.0789
88 511.399 719.159 5 4.71699 -52.4823 -75.7305
89 511.819 719.432 5 5.14782 -61.155 120.862
90 512.238 719.704 5 5.59017 -54.1487 97.8284
91 512.657 719.976 5 6.04152 -49.6129 -107.339
92 513.077 720.249 5 6.5 -47.7597 -60.2679
93 509.869 718.762 5 3.90512 -59.6544 -103.921
94 510.288 719.034 5 4.24264 -51.9958 143.25
95 511.127 719.579 5 5 -54.0983 -110.382
96 511.546 719.851 5 5.40833 -53.0006 -27.1359
97 511.966 720.123 5 5.83095 -71.2182 -12.6248
98 512.385 720.396 5 6.26498 -60.6334 -83.6795
99 512.804 720.668 5 6.7082 -58.7355 -76.3921
100 509.597 719.181 5 4.30116 -65.8207 2.71413
101 510.016 719.453 5 4.60977 -56.0073 -140.923
102 509.324 719.6 5 4.71699 -63.9724 -13.2587
103 509.744 719.873 5 5 -54.2427 -66.0475
104 509.052 720.02 5 5.14782 -62.3837 136.346
105 509.471 720.292 5 5.40833 -65.2677 58.6304
