1 509.951 714.045 5 4.30116 -56.6911 13.019
2 510.37 714.318 5 4.03113 -74.7832 -77.8954
3 510.79 714.59 5 3.80789 -66.3275 142.958
4 511.209 714.862 5 3.64005 -58.1617 -71.051
5 511.628 715.135 5 3.53553 -48.6889 -66.1445
6 512.048 715.407 5 3.5 -46.1063 -7.72396
7 512.467 715.679 5 3.53553 -47.3543 -104.577
8 512.886 715.952 5 3.64005 -51.6879 -54.9683
9 513.306 716.224 5 3.80789 -51.4993 -91.0783
10 513.725 716.496 5 4.03113 -46.7276 -90.5489
11 514.144 716.769 5 4.30116 -54.4477 114.744
12 514.564 717.041 5 4.60977 -60.2392 -150.243
13 514.983 717.313 5 4.94975 -52.172 -22.8812
14 509.679 714.465 5 3.90512 -63.427 32.4444
15 510.098 714.737 5 3.60555 -58.6351 -113.607
16 510.517 715.009 5 3.3541 -60.6397 -13.9304
17 510.937 715.282 5 3.16228 -60.9982 -59.0775
18 511.356 715.554 5 3.04138 -49.5971 -92.4004
19 511.775 715.826 5 3 -49.394 -13.608
20 512.195 716.099 5 3.04138 -49.5678 -171.026
21 512.614 716.371 5 3.16228 -60.2794 24.9416
22 513.033 716.643 5 3.3541 -46.7282 74.3993
23 513.453 716.916 5 3.60555 -46.2958 23.5058
24 513.872 717.188 5 3.90512 -50.3969 -170.369
25 514.291 717.46 5 4.24264 -59.1968 7.54615
26 514.711 717.733 5 4.60977 -53.3775 51.1763
27 509.406 714.884 5 3.53553 -51.8339 -45.2908
28 509.826 715.156 5 3.20156 -56.0697 -64.0208
29 510.245 715.429 5 2.91548 -54.6355 126.261
30 510.664 715.701 5 2.69258 -54.1705 84.1267
31 511.084 715.973 5 2.54951 -53.1674 -89.9056
32 511.503 716.246 5 2.5 -45.0579 6.61938
33 511.922 716.518 5 2.54951 -61.7226 131.519
34 512.342 716.79 5 2.69258 -53.0989 145.095
35 512.761 717.063 5 2.91548 -45.8619 -133.626
36 513.18 717.335 5 3.20156 -51.1588 20.2893
37 513.6 717.607 5 3.53553 -43.9347 -87.4571
38 514.019 717.88 5 3.90512 -52.4937 -47.6647
39 514.438 718.152 5 4.30116 -59.6488 -130.27
40 509.134 715.303 5 3.20156 -57.4186 154.299
41 509.553 715.576 5 2.82843 -56.9194 133.694
42 509.973 715.848 5 2.5 -55.0296 131.144
43 510.392 716.12 5 2.23607 -52.4967 0.388993
44 510.811 716.393 5 2.06155 -55.8186 -116.148
45 511.231 716.665 5 2 -43.7503 2.98091
46 511.65 716.937 5 2.06155 -53.0458 124.906
47 512.069 717.21 5 2.23607 -40.0771 59.8213
48 512.489 717.482 5 2.5 -61.2012 -159.529
49 512.908 717.754 5 2.82843 -42.3527 128.361
50 513.327 718.027 5 3.20156 -50.1685 95.2199
51 513.747 718.299 5 3.60555 -64.9724 167.558
52 514.166 718.571 5 4.03113 -53.1786 -121.218
53 508.862 715.723 5 2.91548 -54.9443 -4.97874
54 509.281 715.995 5 2.5 -50.0753 -117.636
55 509.7 716.267 5 2.12132 -50.0293 119.438
56 510.12 716.54 5 1.80278 -50.6074 21.5826
57 510.539 716.812 5 1.58114 -57.8561 96.4286
58 510.958 717.084 5 1.5 -43.0952 -0.40435
59 511.378 717.357 5 1.58114 -57.454 178.794
60 511.797 717.629 5 1.80278 -44.3798 144.905
61 512.216 717.901 5 2.12132 -46.1597 18.0867
62 512.636 718.174 5 2.5 -51.2112 59.0051
63 513.055 718.446 5 2.91548 -55.5184 -119.468
64 513.474 718.718 5 3.3541 -58.3718 9.5735
65 513.894 718.991 5 3.80789 -47.4853 29.7863
66 508.589 716.142 5 2.69258 -66.2064 0.733924
67 509.009 716.414 5 2.23607 -55.442 -40.4614
68 509.428 716.687 5 1.80278 -53.2066 -66.5414
69 509.847 716.959 5 1.41421 -49.9675 -103.786
70 510.267 717.231 5 1.11803 -78.7416 -88.971
71 510.686 717.504 5 1 -36.7203 -5.98555
72 511.105 717.776 5 1.11803 -36.1705 -8.15672
73 511.525 718.048 5 1.41421 -42.8096 -121.79
74 511.944 718.321 5 1.80278 -49.7796 -124.893
75 512.363 718.593 5 2.23607 -57.3309 -103.616
76 512.783 718.865 5 2.69258 -47.5577 0.225847
77 513.202 719.138 5 3.16228 -51.9209 82.0367
78 513.621 719.41 5 3.64006 -51.9245 -110.781
79 510.414 717.923 5 0.5 -52.7504 3.71912
80 510.833 718.195 5 0.707107 -33.9403 94.2561
81 511.672 718.74 5 1.58114 -44.673 -52.3022
82 512.091 719.012 5 2.06155 -48.6893 -23.6099
83 512.51 719.285 5 2.54951 -62.82 17.7456
84 512.93 719.557 5 3.04138 -57.1483 87.5318
85 513.349 719.829 5 3.53553 -49.2793 82.4394
86 510.141 718.342 5 0 -31.5125 -104.021
87 510.561 718.615 5 0.5 -31.3498 -41.8034
88 511.399 719.159 5 1.5 -52.6884 -116.808
89 511.819 719.432 5 2 -45.7078 -78.1197
90 512.238 719.704 5 2.5 -60.4009 -7.63541
91 512.657 719.976 5 3 -50.3545 -149.254
92 513.077 720.249 5 3.5 -49.1554 -148.875
93 509.869 718.762 5 0.5 -51.9204 93.9465
94 510.288 719.034 5 0.707107 -34.998 108.16
95 511.127 719.579 5 1.58114 -44.0689 -50.7433
96 511.546 719.851 5 2.06155 -41.5092 -84.9189
97 511.966 720.123 5 2.54951 -58.2184 -20.8892
98 512.385 720.396 5 3.04138 -54.3546 -25.6743
99 512.804 720.668 5 3.53553 -48.6902 -6.46433
100 509.597 719.181 5 1 -35.256 10.9764
101 510.016 719.453 5 1.11803 -40.5705 -21.2312
102 509.324 719.6 5 1.5 -41.6883 43.6686
103 509.744 719.873 5 1.58114 -44.9029 176.653
104 509.052 720.02 5 2 -48.14 62.0976
105 509.471 720.292 5 2.06155 -47.7717 141.228
