1 505.473 717.831 5 4.11742 -61.343 -148.509
2 505.747 717.412 5 3.75248 -58.3982 139.02
3 506.02 716.994 5 3.42185 -69.4149 48.462
4 506.294 716.575 5 3.13639 -61.086 -50.2908
5 506.567 716.157 5 2.90945 -71.3599 -7.92676
6 505.891 718.104 5 3.81035 -53.8697 18.4707
7 506.165 717.686 5 3.41273 -63.1549 77.733
8 506.439 717.267 5 3.04543 -55.7692 10.0977
9 506.712 716.849 5 2.72077 -57.8907 118.55
10 506.986 716.43 5 2.45571 -63.3227 111.875
11 506.31 718.378 5 3.54745 -57.3785 54.2159
12 506.584 717.96 5 3.11646 -54.1041 -148.153
13 506.857 717.541 5 2.70929 -54.3618 -79.7311
14 507.131 717.123 5 2.33842 -55.5272 -126.478
15 507.404 716.704 5 2.0239 -56.0527 -33.9196
16 506.728 718.652 5 3.33916 -63.2782 96.5924
17 507.002 718.233 5 2.87714 -53.6819 -162.799
18 507.276 717.815 5 2.4302 -57.5232 80.27
19 507.549 717.396 5 2.00844 -50.9502 160.002
20 507.823 716.978 5 1.63149 -51.4102 100.388
21 507.147 718.925 5 3.19619 -76.9474 -136.473
22 507.421 718.507 5 2.7099 -69.6187 -143.736
23 507.694 718.088 5 2.22969 -53.6226 -73.0146
24 507.968 717.67 5 1.76053 -49.2937 -118.831
25 508.241 717.251 5 1.3143 -50.2467 -9.1121
26 507.565 719.199 5 3.1275 -48.7892 -27.5216
27 507.839 718.78 5 2.62853 -46.9373 -24.1658
28 508.113 718.362 5 2.13005 -44.7495 -41.2187
29 508.386 717.943 5 1.6325 -45.3906 -35.1514
30 508.66 717.525 5 1.13711 -44.3214 -53.5832
31 507.984 719.472 5 3.13797 -50.036 -39.7715
32 508.258 719.054 5 2.64099 -47.9289 -45.3925
33 508.531 718.635 5 2.1454 -47.5788 -48.1323
34 508.805 718.217 5 1.65248 -49.2997 -61.2953
35 509.078 717.798 5 1.1656 -50.4618 -106.639
36 508.402 719.746 5 3.22684 -62.225 17.9134
37 508.676 719.328 5 2.74598 -71.1861 136.678
38 508.95 718.909 5 2.2734 -73.9718 52.3787
39 509.223 718.491 5 1.81557 -90.3123 -56.6069
40 509.497 718.072 5 1.38717 -81.7286 -36.3246
