1 514.644 719.84 5 3.10675 -66.276 -66.006
2 514.371 720.259 5 3.19361 -55.6692 49.7129
3 514.097 720.678 5 3.35356 -52.3989 -107.99
4 513.824 721.096 5 3.57682 -49.3613 -7.57625
5 513.551 721.515 5 3.85239 -60.0666 35.5842
6 513.278 721.934 5 4.16991 -74.0072 3.29893
7 513.004 722.353 5 4.52056 -80.144 45.5763
8 512.731 722.771 5 4.89721 -78.0626 -13.6203
9 512.458 723.19 5 5.29433 -80.0109 17.0948
10 512.185 723.609 5 5.70764 -75.8974 -124.035
11 515.063 720.113 5 3.60477 -63.2955 -66.0708
12 514.789 720.532 5 3.6799 -65.7503 94.9777
13 514.516 720.951 5 3.81954 -49.8165 3.98653
14 514.243 721.37 5 4.01698 -48.4099 157.853
15 513.97 721.788 5 4.2642 -72.2865 86.0984
16 513.696 722.207 5 4.55309 -66.0785 58.2637
17 513.423 722.626 5 4.87626 -93.4693 129.533
18 513.15 723.045 5 5.22735 -79.7322 145.136
19 512.877 723.463 5 5.60111 -88.1087 -33.8557
20 512.603 723.882 5 5.9933 -88.4088 -77.6173
21 515.481 720.387 5 4.10328 -63.4543 150.775
22 515.208 720.805 5 4.16943 -77.1719 94.5055
23 514.935 721.224 5 4.29318 -56.328 77.1502
24 514.662 721.643 5 4.46975 -52.9276 -78.3803
25 514.388 722.062 5 4.69318 -52.8684 31.2393
26 514.115 722.48 5 4.95713 -84.0252 129.241
27 513.842 722.899 5 5.25551 -66.429 -39.3557
28 513.568 723.318 5 5.5828 -79.9266 -52.6261
29 513.295 723.737 5 5.93422 -82.4378 63.7951
30 513.022 724.155 5 6.30573 -82.1547 -17.2297
31 515.9 720.66 5 4.6021 -65.2498 -154.947
32 515.627 721.079 5 4.66118 -63.8035 -8.50472
33 515.353 721.497 5 4.7722 -58.5931 -162.368
34 515.08 721.916 5 4.93165 -52.7543 51.7211
35 514.807 722.335 5 5.13502 -53.9893 -140.919
36 514.534 722.754 5 5.37733 -72.9088 111.079
37 514.26 723.172 5 5.65357 -73.1956 141.709
38 513.987 723.591 5 5.95904 -85.0592 103.205
39 516.319 720.933 5 5.10116 -68.0974 170.394
40 516.045 721.352 5 5.15452 -68.0777 -123.969
41 515.772 721.771 5 5.25513 -56.4569 -126.577
42 515.499 722.189 5 5.40034 -56.2408 156.746
43 515.226 722.608 5 5.58667 -52.6076 -48.4233
44 514.952 723.027 5 5.81018 -52.5983 43.5481
45 514.679 723.446 5 6.06675 -91.8534 125.204
46 514.406 723.864 5 6.35237 -122.223 -158.76
47 516.737 721.206 5 5.60039 -56.2039 147.301
48 516.464 721.625 5 5.64904 -69.3294 -25.5364
49 516.191 722.044 5 5.74098 -62.3098 -104.667
50 515.918 722.463 5 5.87419 -55.1228 -124.184
51 515.644 722.881 5 6.04594 -53.6209 81.6392
52 515.371 723.3 5 6.25305 -58.9204 -103.81
53 515.098 723.719 5 6.49214 -72.83 31.9907
54 514.825 724.138 5 6.75982 -115.871 60.1169
55 517.156 721.48 5 6.09974 -63.2182 172.326
56 516.883 721.898 5 6.14444 -68.5738 -71.4349
57 516.61 722.317 5 6.22907 -59.2824 -125.024
58 516.336 722.736 5 6.35206 -61.4407 -67.7792
59 516.063 723.155 5 6.51121 -53.541 -162.043
60 515.79 723.573 5 6.70396 -61.5282 -11.8475
61 515.517 723.992 5 6.92751 -60.8508 113.324
62 515.243 724.411 5 7.17897 -124.742 -82.5939
63 517.575 721.753 5 6.59919 -59.537 -155.96
64 517.302 722.172 5 6.64053 -63.1322 169.319
65 517.028 722.59 5 6.71892 -69.6797 -125.172
66 516.755 723.009 5 6.83309 -60.3815 4.5566
67 516.482 723.428 5 6.98129 -56.5216 -83.0893
68 516.209 723.847 5 7.1614 -54.3108 106.374
69 515.935 724.265 5 7.37108 -58.3094 -130.104
70 515.662 724.684 5 7.6079 -65.365 178.622
71 517.994 722.026 5 7.09872 -60.2804 -147.551
72 517.72 722.445 5 7.13716 -60.1311 -109.697
73 517.447 722.864 5 7.21016 -66.2914 -58.6731
74 517.174 723.282 5 7.31667 -67.4928 44.084
75 516.901 723.701 5 7.45526 -61.3226 13.7804
76 516.627 724.12 5 7.62418 -55.5048 -149.711
77 516.354 724.539 5 7.82147 -56.6203 9.91895
78 516.081 724.957 5 8.04504 -76.7648 86.1698
