1 505.473 717.831 5 8.72462 -70.1296 54.428
2 505.747 717.412 5 8.49893 -72.2712 -35.8612
3 506.02 716.994 5 8.29727 -69.2864 -110.846
4 506.294 716.575 5 8.12142 -68.3807 27.488
5 506.567 716.157 5 7.9731 -96.0482 151.605
6 505.891 718.104 5 8.2878 -73.9042 175.379
7 506.165 717.686 5 8.04988 -75.8283 -123.764
8 506.439 717.267 5 7.83667 -68.943 -160.005
9 506.712 716.849 5 7.65024 -66.6532 114.238
10 506.986 716.43 5 7.4926 -67.7235 -54.7953
11 506.31 718.378 5 7.85852 -73.4981 89.4822
12 506.584 717.96 5 7.60718 -66.6754 93.2254
13 506.857 717.541 5 7.38119 -78.1974 77.6932
14 507.131 717.123 5 7.18296 -66.2781 97.6985
15 507.404 716.704 5 7.01482 -64.4295 -56.9514
16 506.728 718.652 5 7.43808 -82.3677 -162.132
17 507.002 718.233 5 7.17202 -72.2408 -76.3305
18 507.276 717.815 5 6.93186 -65.3084 -12.2213
19 507.549 717.396 5 6.72038 -71.8851 61.3573
20 507.823 716.978 5 6.54036 -65.473 -77.0641
21 507.147 718.925 5 7.02806 -78.0932 101.656
22 507.421 718.507 5 6.74585 -71.8773 -97.6457
23 507.694 718.088 5 6.48994 -67.8259 0.251222
24 507.968 717.67 5 6.26356 -74.5297 -153.897
25 508.241 717.251 5 6.07001 -64.455 169.472
26 507.565 719.199 5 6.63041 -68.119 147.256
27 507.839 718.78 5 6.33049 -62.6738 -129.995
28 508.113 718.362 5 6.05706 -75.6528 -104.957
29 508.386 717.943 5 5.81385 -82.4613 -153.276
30 508.66 717.525 5 5.60479 -67.4363 55.9524
31 507.984 719.472 5 6.24748 -61.3702 120.724
32 508.258 719.054 5 5.92822 -73.117 -23.1616
33 508.531 718.635 5 5.6353 -79.2668 109.114
34 508.805 718.217 5 5.37303 -76.3942 -95.2463
35 509.078 717.798 5 5.1461 -78.5097 -29.3476
36 508.402 719.746 5 5.88214 -60.9241 102.474
37 508.676 719.328 5 5.54188 -74.939 -64.8327
38 508.95 718.909 5 5.22736 -86.362 -136.747
39 509.223 718.491 5 4.9435 -84.9745 -130.24
40 509.497 718.072 5 4.69585 -88.6676 -145.523
