1 509.951 714.045 5 4.24264 -48.6959 -12.4324
2 510.37 714.318 5 3.90512 -47.844 -116.23
3 510.79 714.59 5 3.60555 -47.5662 103.578
4 511.209 714.862 5 3.3541 -49.0008 45.5938
5 511.628 715.135 5 3.16228 -51.7102 -70.8212
6 512.048 715.407 5 3.04138 -44.8299 -111.415
7 512.467 715.679 5 3 -49.4496 -13.9105
8 512.886 715.952 5 3.04138 -46.0611 -129.798
9 513.306 716.224 5 3.16228 -47.5805 -74.9433
10 513.725 716.496 5 3.3541 -49.2167 20.7758
11 514.144 716.769 5 3.60555 -48.5547 97.5439
12 514.564 717.041 5 3.90512 -54.3796 118.081
13 514.983 717.313 5 4.24264 -55.295 -168.508
14 509.679 714.465 5 3.90512 -53.9325 -89.6691
15 510.098 714.737 5 3.53553 -47.6114 -100.738
16 510.517 715.009 5 3.20156 -45.7378 170.638
17 510.937 715.282 5 2.91548 -51.9414 -114.003
18 511.356 715.554 5 2.69258 -46.9398 96.971
19 511.775 715.826 5 2.54951 -48.5591 -111.166
20 512.195 716.099 5 2.5 -46.9612 -5.27057
21 512.614 716.371 5 2.54951 -47.844 -126.211
22 513.033 716.643 5 2.69258 -51.361 121.776
23 513.453 716.916 5 2.91548 -49.4767 -113.27
24 513.872 717.188 5 3.20156 -50.0412 178.179
25 514.291 717.46 5 3.53553 -50.1653 -79.6302
26 514.711 717.733 5 3.90512 -49.9081 -104.829
27 509.406 714.884 5 3.60555 -50.0512 99.6438
28 509.826 715.156 5 3.20156 -46.0387 140.119
29 510.245 715.429 5 2.82843 -51.7806 129.602
30 510.664 715.701 5 2.5 -45.9895 21.949
31 511.084 715.973 5 2.23607 -44.0499 28.2956
32 511.503 716.246 5 2.06155 -45.8269 -157.319
33 511.922 716.518 5 2 -45.4786 -2.1421
34 512.342 716.79 5 2.06155 -47.2243 -141.755
35 512.761 717.063 5 2.23607 -45.8921 18.3517
36 513.18 717.335 5 2.5 -47.4546 37.0472
37 513.6 717.607 5 2.82843 -48.7054 128.425
38 514.019 717.88 5 3.20156 -47.7165 127.503
39 514.438 718.152 5 3.60555 -52.5279 72.0574
40 509.134 715.303 5 3.3541 -45.1545 30.4238
41 509.553 715.576 5 2.91548 -50.4184 -116.1
42 509.973 715.848 5 2.5 -45.3857 32.3864
43 510.392 716.12 5 2.12132 -48.2316 22.7631
44 510.811 716.393 5 1.80278 -46.2778 -150.942
45 511.231 716.665 5 1.58114 -46.168 124.204
46 511.65 716.937 5 1.5 -43.645 11.8557
47 512.069 717.21 5 1.58114 -47.1448 120.679
48 512.489 717.482 5 1.80278 -45.4853 -156.827
49 512.908 717.754 5 2.12132 -49.8708 -4.40572
50 513.327 718.027 5 2.5 -55.0069 40.7452
51 513.747 718.299 5 2.91548 -46.939 -129.462
52 514.166 718.571 5 3.3541 -43.9378 61.7723
53 508.862 715.723 5 3.16228 -46.6912 -114.84
54 509.281 715.995 5 2.69258 -47.5358 117.956
55 509.7 716.267 5 2.23607 -46.2596 50.9326
56 510.12 716.54 5 1.80278 -46.4216 -134.129
57 510.539 716.812 5 1.41421 -41.8441 -132.244
58 510.958 717.084 5 1.11803 -41.8712 28.6114
59 511.378 717.357 5 1 -39.132 -6.21243
60 511.797 717.629 5 1.11803 -40.4213 20.2035
61 512.216 717.901 5 1.41421 -47.2105 -119.018
62 512.636 718.174 5 1.80278 -44.6913 -144.365
63 513.055 718.446 5 2.23607 -45.6142 74.3207
64 513.474 718.718 5 2.69258 -48.8261 162.824
65 513.894 718.991 5 3.16228 -52.2654 -128.955
66 508.589 716.142 5 3.04138 -46.7853 -106.603
67 509.009 716.414 5 2.54951 -47.5905 -113.478
68 509.428 716.687 5 2.06155 -42.6646 -157.745
69 509.847 716.959 5 1.58114 -42.1695 138.864
70 510.267 717.231 5 1.11803 -43.3653 25.6531
71 510.686 717.504 5 0.707107 -39.0912 113.379
72 511.105 717.776 5 0.5 -33.1081 1.48845
73 511.525 718.048 5 0.707107 -37.0862 124.789
74 511.944 718.321 5 1.11803 -37.7094 22.216
75 512.363 718.593 5 1.58114 -45.4708 145.606
76 512.783 718.865 5 2.06155 -48.053 -157.31
77 513.202 719.138 5 2.54951 -58.4455 -137.378
78 513.621 719.41 5 3.04138 -47.9076 -90.9598
79 510.414 717.923 5 0.5 -32.5196 -24.3343
80 510.833 718.195 5 0 -46.7909 -62.0031
81 511.672 718.74 5 1 -55.5428 -140.753
82 512.091 719.012 5 1.5 -44.801 -129.246
83 512.51 719.285 5 2 -47.478 -115.909
84 512.93 719.557 5 2.5 -48.1964 -123.752
85 513.349 719.829 5 3 -54.3754 -126.58
86 510.141 718.342 5 0.707107 -33.4157 94.322
87 510.561 718.615 5 0.5 -30.6988 10.6723
88 511.399 719.159 5 1.11803 -46.3354 -119.798
89 511.819 719.432 5 1.58114 -45.5546 -30.8268
90 512.238 719.704 5 2.06155 -52.6366 -9.07382
91 512.657 719.976 5 2.54951 -60.9399 -33.5149
92 513.077 720.249 5 3.04138 -50.8151 88.8282
93 509.869 718.762 5 1.11803 -39.1324 -28.341
94 510.288 719.034 5 1 -35.4087 6.4775
95 511.127 719.579 5 1.41421 -45.134 133.932
96 511.546 719.851 5 1.80278 -44.6819 -59.3403
97 511.966 720.123 5 2.23607 -62.2356 -68.1304
98 512.385 720.396 5 2.69258 -53.7732 6.50243
99 512.804 720.668 5 3.16228 -50.7096 45.0374
100 509.597 719.181 5 1.58114 -42.1312 -175.054
101 510.016 719.453 5 1.5 -37.2857 -4.15344
102 509.324 719.6 5 2.06155 -47.5091 147.034
103 509.744 719.873 5 2 -39.6268 23.2856
104 509.052 720.02 5 2.54951 -45.9477 -86.7584
105 509.471 720.292 5 2.5 -61.2945 170.748
