1 514.644 719.84 5 1.60385 -58.3829 -66.6143
2 514.371 720.259 5 1.61953 -51.4482 -92.6907
3 514.097 720.678 5 1.78141 -48.5654 101.067
4 513.824 721.096 5 2.05523 -43.5678 68.7289
5 513.551 721.515 5 2.40303 -63.8964 9.82403
6 513.278 721.934 5 2.79733 -68.6659 173.14
7 513.004 722.353 5 3.22112 -85.2518 -5.31046
8 512.731 722.771 5 3.66418 -62.8317 -145.485
9 512.458 723.19 5 4.12028 -73.147 -133.933
10 512.185 723.609 5 4.58555 -75.5284 -147.575
11 515.063 720.113 5 2.10089 -43.261 -170.924
12 514.789 720.532 5 2.11289 -56.4922 -10.2809
13 514.516 720.951 5 2.23938 -50.0504 -158.249
14 514.243 721.37 5 2.4628 -48.2222 -53.4097
15 513.97 721.788 5 2.7597 -65.4822 108.348
16 513.696 722.207 5 3.1091 -63.899 -93.5336
17 513.423 722.626 5 3.49529 -65.3899 -115.682
18 513.15 723.045 5 3.90738 -66.9978 162.346
19 512.877 723.463 5 4.33799 -76.4454 -125.864
20 512.603 723.882 5 4.78212 -78.3179 -28.8932
21 515.481 720.387 5 2.59906 -54.8232 -106.972
22 515.208 720.805 5 2.60877 -52.548 1.86781
23 514.935 721.224 5 2.71224 -50.4818 -74.8017
24 514.662 721.643 5 2.89945 -50.0511 80.9424
25 514.388 722.062 5 3.15552 -47.946 161.709
26 514.115 722.48 5 3.46524 -63.0618 -121.46
27 513.842 722.899 5 3.81555 -70.5297 178.661
28 513.568 723.318 5 4.19631 -69.0411 -139.121
29 513.295 723.737 5 4.59995 -66.1109 -92.0653
30 513.022 724.155 5 5.02096 -74.1345 -41.0522
31 515.9 720.66 5 3.09783 -58.0559 44.5986
32 515.627 721.079 5 3.10598 -72.9835 -38.669
33 515.353 721.497 5 3.19337 -51.5187 98.9899
34 515.08 721.916 5 3.35383 -49.3228 -108.371
35 514.807 722.335 5 3.57753 -49.9654 4.60745
36 514.534 722.754 5 3.85348 -51.8911 -33.4399
37 514.26 723.172 5 4.17131 -63.051 -6.88211
38 513.987 723.591 5 4.52221 -69.0883 -90.9838
39 516.319 720.933 5 3.59693 -63.8312 124.506
40 516.045 721.352 5 3.60395 -60.6929 -10.949
41 515.772 721.771 5 3.67954 -65.6258 145.875
42 515.499 722.189 5 3.81963 -51.9306 -30.1999
43 515.226 722.608 5 4.01748 -49.0619 122.288
44 514.952 723.027 5 4.26505 -50.1194 165.131
45 514.679 723.446 5 4.55425 -61.0409 62.9166
46 514.406 723.864 5 4.87768 -107.045 -56.1671
47 516.737 721.206 5 4.09626 -69.9774 88.16
48 516.464 721.625 5 4.10242 -61.8406 74.2466
49 516.191 722.044 5 4.16899 -57.6808 130.759
50 515.918 722.463 5 4.29313 -51.336 62.5333
51 515.644 722.881 5 4.47007 -47.4332 -87.6224
52 515.371 723.3 5 4.69383 -50.0576 -0.910344
53 515.098 723.719 5 4.95809 -53.5945 -13.5397
54 514.825 724.138 5 5.25673 -118.983 129.847
55 517.156 721.48 5 4.59573 -67.7937 46.5931
56 516.883 721.898 5 4.60123 -75.6519 12.2744
57 516.61 722.317 5 4.66067 -58.2427 132.37
58 516.336 722.736 5 4.77204 -55.049 137.986
59 516.063 723.155 5 4.93183 -47.4403 5.68201
60 515.79 723.573 5 5.13551 -49.5847 121.47
61 515.517 723.992 5 5.37811 -52.2968 -148.834
62 515.243 724.411 5 5.65461 -120.785 -70.3362
63 517.575 721.753 5 5.09531 -73.0094 131.222
64 517.302 722.172 5 5.10026 -69.2776 -102.435
65 517.028 722.59 5 5.15395 -64.2154 126.801
66 516.755 723.009 5 5.25488 -57.286 -150.917
67 516.482 723.428 5 5.4004 -52.5118 97.4903
68 516.209 723.847 5 5.58703 -60.3291 -64.1902
69 515.935 724.265 5 5.8108 -52.6882 24.875
70 515.662 724.684 5 6.06762 -61.4961 -52.7804
71 517.994 722.026 5 5.59496 -66.4267 62.4249
72 517.72 722.445 5 5.59947 -71.2779 -178.229
73 517.447 722.864 5 5.64842 -65.1417 148.11
74 517.174 723.282 5 5.74066 -62.1148 -125.574
75 516.901 723.701 5 5.87416 -58.0851 122.948
76 516.627 724.12 5 6.04618 -57.1106 88.0333
77 516.354 724.539 5 6.25355 -51.2808 178.377
78 516.081 724.957 5 6.49287 -53.8161 -106.098
