1 505.473 717.831 5 5.91812 -75.1713 -118.061
2 505.747 717.412 5 5.80026 -63.8419 101.629
3 506.02 716.994 5 5.7238 -61.4495 -151.094
4 506.294 716.575 5 5.69041 -61.916 136.929
5 506.567 716.157 5 5.70084 -56.1321 35.1024
6 505.891 718.104 5 5.43923 -70.6348 -178.832
7 506.165 717.686 5 5.31075 -65.4025 -29.6703
8 506.439 717.267 5 5.22714 -62.9672 -26.1451
9 506.712 716.849 5 5.19055 -58.675 -119.137
10 506.986 716.43 5 5.20199 -57.301 36.9379
11 506.31 718.378 5 4.96451 -65.3048 85.5096
12 506.584 717.96 5 4.8234 -65.7098 168.642
13 506.857 717.541 5 4.73118 -59.3611 95.0807
14 507.131 717.123 5 4.69073 -56.3798 -82.2465
15 507.404 716.704 5 4.70338 -60.9211 8.9414
16 506.728 718.652 5 4.49527 -69.2337 -69.1836
17 507.002 718.233 5 4.33893 -63.012 -74.595
18 507.276 717.815 5 4.23617 -55.428 132.826
19 507.549 717.396 5 4.19095 -60.0924 -112.453
20 507.823 716.978 5 4.20511 -79.9056 -41.9564
21 507.147 718.925 5 4.03343 -58.3264 149.417
22 507.421 718.507 5 3.85842 -58.5045 3.72521
23 507.694 718.088 5 3.7425 -56.9951 128.269
24 507.968 717.67 5 3.69123 -78.3421 -81.3933
25 508.241 717.251 5 3.70729 -96.2641 -66.3314
26 507.565 719.199 5 3.58185 -59.1479 -111.369
27 507.839 718.78 5 3.38356 -55.008 3.60539
28 508.113 718.362 5 3.25075 -83.9986 -138.653
29 508.386 717.943 5 3.19159 -73.449 -164.105
30 508.66 717.525 5 3.21016 -76.2167 47.2552
31 507.984 719.472 5 3.14495 -55.3077 -67.6047
32 508.258 719.054 5 2.91712 -82.6401 -80.2125
33 508.531 718.635 5 2.76197 -78.1113 20.0261
34 508.805 718.217 5 2.69209 -80.6862 78.908
35 509.078 717.798 5 2.71408 -83.9633 18.2598
36 508.402 719.746 5 2.7298 -50.2375 179.619
37 508.676 719.328 5 2.46388 -73.6549 31.6448
38 508.95 718.909 5 2.27807 -80.1367 133.418
39 509.223 718.491 5 2.19282 -82.2361 20.6072
40 509.497 718.072 5 2.21976 -69.9056 104.298
