1 505.473 717.831 5 8.5003 -75.7758 2.25339
2 505.747 717.412 5 8.29867 -68.4171 -11.0987
3 506.02 716.994 5 8.12285 -67.0572 -76.6101
4 506.294 716.575 5 7.97456 -72.636 -95.7183
5 506.567 716.157 5 7.85534 -61.8864 -137.792
6 505.891 718.104 5 8.05122 -74.8436 -140.975
7 506.165 717.686 5 7.83805 -72.2041 -113.807
8 506.439 717.267 5 7.65166 -67.5627 -146.345
9 506.712 716.849 5 7.49405 -64.8943 118.519
10 506.986 716.43 5 7.36706 -65.9606 -158.086
11 506.31 718.378 5 7.6085 -79.1789 -119.661
12 506.584 717.96 5 7.38256 -80.6898 133.276
13 506.857 717.541 5 7.18436 -85.0614 -139.109
14 507.131 717.123 5 7.01626 -57.0835 98.5299
15 507.404 716.704 5 6.88046 -65.3578 115.656
16 506.728 718.652 5 7.17332 -87.2038 -161.015
17 507.002 718.233 5 6.93321 -69.3879 150.986
18 507.276 717.815 5 6.72177 -58.5676 -45.7749
19 507.549 717.396 5 6.54179 -61.8198 32.9757
20 507.823 716.978 5 6.39593 -66.7579 -10.4142
21 507.147 718.925 5 6.74712 -74.1501 -10.324
22 507.421 718.507 5 6.49126 -59.9637 -166.443
23 507.694 718.088 5 6.26493 -63.0087 -65.4427
24 507.968 717.67 5 6.07142 -82.2718 -5.82928
25 508.241 717.251 5 5.91397 -66.5856 -123.16
26 507.565 719.199 5 6.33173 -56.2823 57.7742
27 507.839 718.78 5 6.05835 -61.6885 -167.199
28 508.113 718.362 5 5.8152 -75.9228 -138.73
29 508.386 717.943 5 5.60619 -68.19 146.495
30 508.66 717.525 5 5.43527 -70.9163 125.672
31 507.984 719.472 5 5.92941 -59.9623 75.2786
32 508.258 719.054 5 5.63656 -66.7804 127.388
33 508.531 718.635 5 5.37435 -80.7553 5.64123
34 508.805 718.217 5 5.14747 -89.127 -165.808
35 509.078 717.798 5 4.96078 -77.303 -39.1787
36 508.402 719.746 5 5.54302 -52.0032 -9.377
37 508.676 719.328 5 5.22857 -74.7367 66.4069
38 508.95 718.909 5 4.94477 -85.5881 77.3863
39 509.223 718.491 5 4.6972 -89.2655 -140.971
40 509.497 718.072 5 4.49182 -77.3882 -72.5565
