1 514.644 719.84 5 2.68365 -72.5625 86.4661
2 514.371 720.259 5 2.59814 -53.1204 -90.9556
3 514.097 720.678 5 2.60743 -50.8809 150.738
4 513.824 721.096 5 2.71054 -63.571 -78.1842
5 513.551 721.515 5 2.89748 -62.8807 -152.157
6 513.278 721.934 5 3.15337 -63.2204 16.8028
7 513.004 722.353 5 3.46296 -67.295 -9.94451
8 512.731 722.771 5 3.8132 -70.4791 -116.5
9 512.458 723.19 5 4.1939 -90.1427 -73.0956
10 512.185 723.609 5 4.59752 -68.1658 -159.31
11 515.063 720.113 5 3.16895 -60.2277 130.386
12 514.789 720.532 5 3.09687 -49.7318 -31.5117
13 514.516 720.951 5 3.10467 -59.7725 -11.5969
14 514.243 721.37 5 3.19176 -56.8363 14.5336
15 513.97 721.788 5 3.35197 -78.8247 49.3392
16 513.696 722.207 5 3.57548 -58.5239 -100.896
17 513.423 722.626 5 3.85129 -64.7374 -159.411
18 513.15 723.045 5 4.16902 -67.4599 130.983
19 512.877 723.463 5 4.51986 -87.4714 -80.5139
20 512.603 723.882 5 4.89668 -74.1146 33.4661
21 515.481 720.387 5 3.65822 -57.7533 24.4811
22 515.208 720.805 5 3.59596 -61.2097 26.5489
23 514.935 721.224 5 3.60268 -53.6356 -4.24644
24 514.662 721.643 5 3.67799 -62.946 91.9834
25 514.388 722.062 5 3.81785 -71.9393 -79.7053
26 514.115 722.48 5 4.01551 -70.6409 146.343
27 513.842 722.899 5 4.26295 -58.5184 103.178
28 513.568 723.318 5 4.55204 -71.7838 -10.362
29 513.295 723.737 5 4.87539 -65.5048 -47.5266
30 513.022 724.155 5 5.22664 -83.1206 -86.4273
31 515.9 720.66 5 4.15004 -51.2254 151.902
32 515.627 721.079 5 4.09527 -49.1866 -88.2269
33 515.353 721.497 5 4.10117 -55.2106 -22.7359
34 515.08 721.916 5 4.16749 -52.8351 98.9449
35 514.807 722.335 5 4.29142 -60.4257 81.8332
36 514.534 722.754 5 4.46818 -67.5262 160.938
37 514.26 723.172 5 4.6918 -62.9763 -124.47
38 513.987 723.591 5 4.95594 -80.1205 99.4212
39 516.319 720.933 5 4.64362 -55.8511 -161.853
40 516.045 721.352 5 4.59473 -53.1812 21.9372
41 515.772 721.771 5 4.59999 -55.4495 69.4812
42 515.499 722.189 5 4.65921 -53.5416 -141.053
43 515.226 722.608 5 4.77039 -62.322 -72.5113
44 514.952 723.027 5 4.93001 -66.6619 -156.935
45 514.679 723.446 5 5.13355 -61.8908 -0.485315
46 514.406 723.864 5 5.37603 -119.701 14.9057
47 516.737 721.206 5 5.13843 -58.5698 -91.4514
48 516.464 721.625 5 5.09429 -66.5719 10.6141
49 516.191 722.044 5 5.09904 -50.9616 -74.1751
50 515.918 722.463 5 5.15253 -63.1405 -140.4
51 515.644 722.881 5 5.25327 -77.1213 -169.682
52 515.371 723.3 5 5.39863 -62.397 141.114
53 515.098 723.719 5 5.58512 -67.8002 -53.108
54 514.825 724.138 5 5.80878 -137.534 -131.351
55 517.156 721.48 5 5.63416 -68.5918 173.123
56 516.883 721.898 5 5.59394 -64.9785 -6.9118
57 516.61 722.317 5 5.59826 -58.8591 125.61
58 516.336 722.736 5 5.64702 -58.5813 132.761
59 516.063 723.155 5 5.73909 -55.5449 -93.9171
60 515.79 723.573 5 5.87244 -67.1404 -153.314
61 515.517 723.992 5 6.04433 -65.3913 -68.4093
62 515.243 724.411 5 6.25158 -117.274 -145.519
63 517.575 721.753 5 6.13059 -72.0038 154.226
64 517.302 722.172 5 6.09364 -63.3113 -6.11863
65 517.028 722.59 5 6.09761 -56.2522 -24.6907
66 516.755 723.009 5 6.14241 -54.1121 -128.551
67 516.482 723.428 5 6.22716 -50.2523 -48.7644
68 516.209 723.847 5 6.35026 -64.3592 157.587
69 515.935 724.265 5 6.50955 -66.181 157.725
70 515.662 724.684 5 6.70243 -79.7677 -71.2265
71 517.994 722.026 5 6.62755 -63.372 -70.5581
72 517.72 722.445 5 6.59339 -62.184 60.2014
73 517.447 722.864 5 6.59705 -54.5781 -18.5348
74 517.174 723.282 5 6.63848 -54.6724 -145.358
75 516.901 723.701 5 6.71698 -70.3917 -55.6699
76 516.627 724.12 5 6.83126 -72.2683 -61.719
77 516.354 724.539 5 6.97958 -60.1487 -65.6091
78 516.081 724.957 5 7.15981 -61.457 -2.90299
