1 514.644 719.84 5 6.09942 -68.8764 -14.9297
2 514.371 720.259 5 6.14358 -71.1781 174.582
3 514.097 720.678 5 6.2277 -57.8207 -101.051
4 513.824 721.096 5 6.35019 -66.8062 -156.373
5 513.551 721.515 5 6.50889 -68.3811 64.7317
6 513.278 721.934 5 6.70121 -79.2136 76.0355
7 513.004 722.353 5 6.92437 -77.7938 -20.6351
8 512.731 722.771 5 7.17549 -72.3876 129.558
9 512.458 723.19 5 7.45173 -82.9557 117.405
10 512.185 723.609 5 7.75042 -83.4697 71.8873
11 515.063 720.113 5 6.59889 -77.0378 -138.646
12 514.789 720.532 5 6.63973 -64.7374 -94.1978
13 514.516 720.951 5 6.71764 -63.6135 -3.69704
14 514.243 721.37 5 6.83135 -61.6303 -30.3459
15 513.97 721.788 5 6.97912 -81.4311 130.644
16 513.696 722.207 5 7.15882 -92.6524 -93.0216
17 513.423 722.626 5 7.36814 -76.9639 17.6809
18 513.15 723.045 5 7.60461 -82.2478 91.6621
19 512.877 723.463 5 7.8658 -91.4905 -172.035
20 512.603 723.882 5 8.14932 -83.6604 77.8592
21 515.481 720.387 5 7.09844 -66.7574 174.349
22 515.208 720.805 5 7.13642 -72.4716 -167.678
23 514.935 721.224 5 7.20897 -58.068 -3.73736
24 514.662 721.643 5 7.31505 -63.86 69.477
25 514.388 722.062 5 7.45323 -65.4932 102.603
26 514.115 722.48 5 7.62176 -77.3635 -133.043
27 513.842 722.899 5 7.81869 -72.6434 57.472
28 513.568 723.318 5 8.04193 -83.1672 25.9647
29 513.295 723.737 5 8.28935 -80.767 -92.7672
30 513.022 724.155 5 8.55885 -89.6962 -44.372
31 515.9 720.66 5 7.59805 -67.0347 79.677
32 515.627 721.079 5 7.63355 -68.1704 -114.37
33 515.353 721.497 5 7.70141 -59.4122 5.86806
34 515.08 721.916 5 7.80079 -58.2625 105.583
35 514.807 722.335 5 7.93051 -65.4735 49.3205
36 514.534 722.754 5 8.08911 -66.0479 -146.944
37 514.26 723.172 5 8.27493 -84.4616 63.1767
38 513.987 723.591 5 8.48617 -79.0401 134.985
39 516.319 720.933 5 8.09771 -67.0061 16.9492
40 516.045 721.352 5 8.13102 -61.6546 -109.278
41 515.772 721.771 5 8.19477 -61.7122 72.6901
42 515.499 722.189 5 8.28824 -58.6385 158.147
43 515.226 722.608 5 8.41044 -69.3273 0.312942
44 514.952 723.027 5 8.56015 -72.5704 175.436
45 514.679 723.446 5 8.73595 -68.6817 6.66665
46 514.406 723.864 5 8.93631 -127.319 83.5864
47 516.737 721.206 5 8.5974 -59.1917 179.134
48 516.464 721.625 5 8.62879 -70.0357 122.286
49 516.191 722.044 5 8.68888 -63.9392 67.4984
50 515.918 722.463 5 8.77709 -63.367 -157.194
51 515.644 722.881 5 8.89258 -60.8094 -152.068
52 515.371 723.3 5 9.03431 -68.1628 74.4571
53 515.098 723.719 5 9.20105 -67.0423 -16.0907
54 514.825 724.138 5 9.39149 -115.896 -73.4198
55 517.156 721.48 5 9.09713 -58.2886 -161.33
56 516.883 721.898 5 9.1268 -62.5384 -0.482336
57 516.61 722.317 5 9.18364 -72.4369 -71.4083
58 516.336 722.736 5 9.26714 -59.5342 -130.225
59 516.063 723.155 5 9.37659 -65.5068 -66.0814
60 515.79 723.573 5 9.51111 -66.8508 10.6564
61 515.517 723.992 5 9.66964 -74.5241 -135.248
62 515.243 724.411 5 9.85102 -124.268 -30.6058
63 517.575 721.753 5 9.59689 -67.7726 -170.38
64 517.302 722.172 5 9.62502 -67.1499 -112.573
65 517.028 722.59 5 9.67893 -61.578 146.963
66 516.755 723.009 5 9.75819 -63.255 -174.751
67 516.482 723.428 5 9.8622 -63.559 -34.3325
68 516.209 723.847 5 9.99018 -70.6428 134.933
69 515.935 724.265 5 10.1412 -67.1193 93.6675
70 515.662 724.684 5 10.3143 -79.3462 -101.722
71 517.994 722.026 5 10.0967 -79.5421 87.487
72 517.72 722.445 5 10.1234 -65.0054 -108.398
73 517.447 722.864 5 10.1747 -66.1096 -58.9862
74 517.174 723.282 5 10.2501 -63.3688 -50.6534
75 516.901 723.701 5 10.3492 -63.1795 10.615
76 516.627 724.12 5 10.4712 -67.634 -106.449
77 516.354 724.539 5 10.6154 -69.3538 -114.541
78 516.081 724.957 5 10.7809 -69.1507 -23.5664
