1 509.951 714.045 5 4.5 -47.7121 -50.66
2 510.37 714.318 5 4 -49.2654 -25.818
3 510.79 714.59 5 3.5 -49.0639 -23.7244
4 511.209 714.862 5 3 -44.8507 0.256903
5 511.628 715.135 5 2.5 -45.7628 -32.6492
6 512.048 715.407 5 2 -45.6668 46.3484
7 512.467 715.679 5 1.5 -37.4173 -36.2529
8 512.886 715.952 5 1 -36.9886 -12.3886
9 513.306 716.224 5 0.5 -34.1298 2.23712
10 513.725 716.496 5 0 -39.7664 -17.2369
11 514.144 716.769 5 0.5 -31.2584 3.5882
12 514.564 717.041 5 1 -41.6645 164.93
13 514.983 717.313 5 1.5 -45.8794 113.051
14 509.679 714.465 5 4.52769 -48.3865 -99.9396
15 510.098 714.737 5 4.03113 -46.5701 -91.5968
16 510.517 715.009 5 3.53553 -43.5722 -105.054
17 510.937 715.282 5 3.04138 -43.5131 -165.42
18 511.356 715.554 5 2.54951 -51.2626 -128.882
19 511.775 715.826 5 2.06155 -53.8219 124.902
20 512.195 716.099 5 1.58114 -47.7772 118.432
21 512.614 716.371 5 1.11803 -39.98 16.3449
22 513.033 716.643 5 0.707107 -34.2225 131.741
23 513.453 716.916 5 0.5 -31.1192 -4.48354
24 513.872 717.188 5 0.707107 -36.538 115.793
25 514.291 717.46 5 1.11803 -38.7754 8.06529
26 514.711 717.733 5 1.58114 -46.2765 111.017
27 509.406 714.884 5 4.60977 -48.6697 -10.5974
28 509.826 715.156 5 4.12311 -54.1388 -113.146
29 510.245 715.429 5 3.64006 -45.2909 -43.8843
30 510.664 715.701 5 3.16228 -48.1038 -141.999
31 511.084 715.973 5 2.69258 -42.1698 -174.725
32 511.503 716.246 5 2.23607 -46.6728 75.7714
33 511.922 716.518 5 1.80278 -41.2874 -170.217
34 512.342 716.79 5 1.41421 -44.5834 -153.091
35 512.761 717.063 5 1.11803 -47.1601 87.5205
36 513.18 717.335 5 1 -37.5726 -7.3965
37 513.6 717.607 5 1.11803 -46.5601 20.8518
38 514.019 717.88 5 1.41421 -46.6333 -137.658
39 514.438 718.152 5 1.80278 -44.0901 -145.867
40 509.134 715.303 5 4.74342 -45.1304 35.4022
41 509.553 715.576 5 4.272 -56.0584 -75.4269
42 509.973 715.848 5 3.80789 -46.8473 -130.336
43 510.392 716.12 5 3.3541 -47.2147 15.4671
44 510.811 716.393 5 2.91548 -48.0996 -112.534
45 511.231 716.665 5 2.5 -44.0632 2.92789
46 511.65 716.937 5 2.12132 -42.5876 -16.2963
47 512.069 717.21 5 1.80278 -43.4889 179.238
48 512.489 717.482 5 1.58114 -39.5389 154.722
49 512.908 717.754 5 1.5 -39.2602 -15.9567
50 513.327 718.027 5 1.58114 -41.5599 158.269
51 513.747 718.299 5 1.80278 -41.4285 -160.681
52 514.166 718.571 5 2.12132 -44.2054 -7.16952
53 508.862 715.723 5 4.92443 -50.3442 -73.4363
54 509.281 715.995 5 4.47214 -46.8401 66.1856
55 509.7 716.267 5 4.03113 -57.0116 -118.43
56 510.12 716.54 5 3.60555 -49.7069 26.091
57 510.539 716.812 5 3.20156 -49.4222 -178.721
58 510.958 717.084 5 2.82843 -47.7365 151.167
59 511.378 717.357 5 2.5 -44.0725 32.0805
60 511.797 717.629 5 2.23607 -45.128 23.0023
61 512.216 717.901 5 2.06155 -40.1044 179.9
62 512.636 718.174 5 2 -42.9121 -22.5773
63 513.055 718.446 5 2.06155 -43.7816 -178.399
64 513.474 718.718 5 2.23607 -50.1848 3.70512
65 513.894 718.991 5 2.5 -46.2576 34.6496
66 508.589 716.142 5 5.14782 -62.3697 -158.086
67 509.009 716.414 5 4.71699 -48.3505 146.605
68 509.428 716.687 5 4.30116 -47.409 159.713
69 509.847 716.959 5 3.90512 -59.9173 -90.5442
70 510.267 717.231 5 3.53553 -51.3708 -98.5804
71 510.686 717.504 5 3.20156 -62.2037 152.168
72 511.105 717.776 5 2.91548 -48.0892 -120.551
73 511.525 718.048 5 2.69258 -48.1228 145.238
74 511.944 718.321 5 2.54951 -42.927 -178.932
75 512.363 718.593 5 2.5 -44.7292 -5.54768
76 512.783 718.865 5 2.54951 -42.6969 -139.991
77 513.202 719.138 5 2.69258 -49.0414 167.474
78 513.621 719.41 5 2.91548 -43.5937 -112.103
79 510.414 717.923 5 3.60555 -51.3179 75.0223
80 510.833 718.195 5 3.3541 -49.3004 17.1077
81 511.672 718.74 5 3.04138 -47.28 169.1
82 512.091 719.012 5 3 -44.077 -14.7723
83 512.51 719.285 5 3.04138 -45.741 -131.49
84 512.93 719.557 5 3.16228 -50.0653 -87.4894
85 513.349 719.829 5 3.3541 -55.0912 28.8567
86 510.141 718.342 5 4.03113 -45.3123 -91.2922
87 510.561 718.615 5 3.80789 -64.5353 -109.052
88 511.399 719.159 5 3.53553 -49.1292 -158.601
89 511.819 719.432 5 3.5 -42.9715 -13.2776
90 512.238 719.704 5 3.53553 -45.1825 -124.382
91 512.657 719.976 5 3.64005 -49.29 -12.3991
92 513.077 720.249 5 3.80789 -51.0316 132.858
93 509.869 718.762 5 4.47214 -46.4605 87.1922
94 510.288 719.034 5 4.272 -53.1777 46.3541
95 511.127 719.579 5 4.03113 -50.9332 -179.885
96 511.546 719.851 5 4 -68.1975 172.78
97 511.966 720.123 5 4.03113 -47.4772 -131.297
98 512.385 720.396 5 4.12311 -48.6294 27.5469
99 512.804 720.668 5 4.272 -47.6657 -45.3693
100 509.597 719.181 5 4.92443 -50.6528 -108.564
101 510.016 719.453 5 4.74342 -53.2859 -18.2781
102 509.324 719.6 5 5.38517 -59.3506 81.2565
103 509.744 719.873 5 5.22015 -54.7247 141.499
104 509.052 720.02 5 5.85235 -61.8571 167.924
105 509.471 720.292 5 5.70088 -49.7453 -38.9503
