1 514.644 719.84 5 4.42938 -85.8258 26.1936
2 514.371 720.259 5 4.26198 -80.6041 177.461
3 514.097 720.678 5 4.14844 -82.1066 3.48415
4 513.824 721.096 5 4.09324 -84.5383 63.0541
5 513.551 721.515 5 4.09874 -87.0389 -88.3369
6 513.278 721.934 5 4.1647 -90.2391 143.945
7 513.004 722.353 5 4.28833 -91.4878 -68.6407
8 512.731 722.771 5 4.46485 -91.0934 -162.895
9 512.458 723.19 5 4.68828 -91.1615 90.6072
10 512.185 723.609 5 4.95227 -102.262 153.443
11 515.063 720.113 5 4.89464 -78.5853 -16.9185
12 514.789 720.532 5 4.74369 -88.8631 155.179
13 514.516 720.951 5 4.64194 -86.0373 -46.166
14 514.243 721.37 5 4.59268 -85.5308 -144.957
15 513.97 721.788 5 4.59758 -92.9293 -166.567
16 513.696 722.207 5 4.65648 -85.4325 172.684
17 513.423 722.626 5 4.76738 -86.1503 -168.424
18 513.15 723.045 5 4.92676 -86.867 -176.556
19 512.877 723.463 5 5.13011 -91.593 -11.9295
20 512.603 723.882 5 5.37244 -101.272 22.19
21 515.481 720.387 5 5.36615 -80.8248 -127.692
22 515.208 720.805 5 5.22883 -84.6941 143.266
23 514.935 721.224 5 5.1367 -84.9775 22.0077
24 514.662 721.643 5 5.09223 -80.3111 -4.00517
25 514.388 722.062 5 5.09665 -92.812 -156.697
26 514.115 722.48 5 5.14985 -87.8705 7.09056
27 513.842 722.899 5 5.25033 -89.2494 144.47
28 513.568 723.318 5 5.39547 -93.7174 101.702
29 513.295 723.737 5 5.58177 -82.5342 -27.5381
30 513.022 724.155 5 5.80527 -98.1684 -64.6633
31 515.9 720.66 5 5.84241 -87.4433 178.419
32 515.627 721.079 5 5.71653 -85.6867 166.117
33 515.353 721.497 5 5.63239 -81.2266 -105.167
34 515.08 721.916 5 5.59186 -81.4116 -131.329
35 514.807 722.335 5 5.59589 -90.4453 -152.379
36 514.534 722.754 5 5.64438 -87.1492 -10.9303
37 514.26 723.172 5 5.73621 -87.8102 -68.7424
38 513.987 723.591 5 5.86934 -87.6307 -163.396
39 516.319 720.933 5 6.32233 -79.4383 116.57
40 516.045 721.352 5 6.2062 -80.5887 -139.189
41 515.772 721.771 5 6.12878 -97.5436 14.0523
42 515.499 722.189 5 6.09155 -79.8897 123.583
43 515.226 722.608 5 6.09525 -83.9185 84.4936
44 514.952 723.027 5 6.1398 -87.3065 56.6524
45 514.679 723.446 5 6.22432 -98.7998 26.9501
46 514.406 723.864 5 6.34723 -120.654 56.7825
47 516.737 721.206 5 6.80514 -83.6432 -33.0242
48 516.464 721.625 5 6.69739 -76.4058 160.664
49 516.191 722.044 5 6.62571 -91.4125 -121.018
50 515.918 722.463 5 6.59129 -84.7179 -78.0426
51 515.644 722.881 5 6.59471 -88.4731 171.936
52 515.371 723.3 5 6.63591 -89.282 -119.697
53 515.098 723.719 5 6.71419 -87.2862 -26.5077
54 514.825 724.138 5 6.82828 -250 0
55 517.156 721.48 5 7.29027 -87.7862 -3.03219
56 516.883 721.898 5 7.18979 -74.5444 144.357
57 516.61 722.317 5 7.12307 -85.551 -153.512
58 516.336 722.736 5 7.09107 -78.9575 80.8364
59 516.063 723.155 5 7.09424 -90.0622 165.806
60 515.79 723.573 5 7.13256 -84.3913 95.5001
61 515.517 723.992 5 7.20544 -89.6073 156.914
62 515.243 724.411 5 7.31187 -139.973 -106.132
63 517.575 721.753 5 7.77728 -81.0312 36.1548
64 517.302 722.172 5 7.68318 -91.5019 -12.8842
65 517.028 722.59 5 7.62078 -83.9483 77.405
66 516.755 723.009 5 7.59087 -86.8524 54.9744
67 516.482 723.428 5 7.59384 -86.7849 -111.787
68 516.209 723.847 5 7.62964 -87.5439 -84.9479
69 515.935 724.265 5 7.69783 -81.6433 -34.7098
70 515.662 724.684 5 7.79754 -93.1654 0.336663
71 517.994 722.026 5 8.26585 -88.9663 86.0368
72 517.72 722.445 5 8.17736 -90.9692 -149.746
73 517.447 722.864 5 8.11877 -87.6708 -73.4008
74 517.174 723.282 5 8.0907 -93.1563 -40.6508
75 516.901 723.701 5 8.09348 -84.4135 -39.0451
76 516.627 724.12 5 8.12709 -88.7718 -45.8574
77 516.354 724.539 5 8.19113 -82.9231 115.111
78 516.081 724.957 5 8.28491 -83.8113 142.882
