1 505.473 717.831 5 6.5446 -77.0877 -97.573
2 505.747 717.412 5 6.39916 -78.992 120.835
3 506.02 716.994 5 6.2902 -74.7697 67.9871
4 506.294 716.575 5 6.21964 -68.9983 -70.1925
5 506.567 716.157 5 6.18881 -54.9866 151.768
6 505.891 718.104 5 6.07408 -65.5443 -46.2584
7 506.165 717.686 5 5.91708 -71.7783 143.406
8 506.439 717.267 5 5.79907 -72.1895 -87.437
9 506.712 716.849 5 5.72246 -55.7755 8.79379
10 506.986 716.43 5 5.68893 -57.2902 162.074
11 506.31 718.378 5 5.60866 -72.9398 10.6097
12 506.584 717.96 5 5.43824 -67.5045 109.118
13 506.857 717.541 5 5.3096 -57.7143 -124.64
14 507.131 717.123 5 5.22582 -57.2586 28.1095
15 507.404 716.704 5 5.18908 -66.7135 142.733
16 506.728 718.652 5 5.14973 -66.6062 -157.014
17 507.002 718.233 5 4.96357 -73.6857 -165.616
18 507.276 717.815 5 4.82228 -57.1488 -97.8315
19 507.549 717.396 5 4.72988 -60.0087 19.5851
20 507.823 716.978 5 4.68926 -71.9819 -120.827
21 507.147 718.925 5 4.69918 -69.3605 59.2335
22 507.421 718.507 5 4.4944 -58.5686 134.107
23 507.694 718.088 5 4.33786 -56.3696 -113.794
24 507.968 717.67 5 4.2349 -74.909 112.576
25 508.241 717.251 5 4.18948 -67.4454 -95.9651
26 507.565 719.199 5 4.25969 -53.096 -3.8564
27 507.839 718.78 5 4.03265 -56.2613 137.032
28 508.113 718.362 5 3.85742 -71.4876 98.4422
29 508.386 717.943 5 3.74126 -74.8427 -85.2542
30 508.66 717.525 5 3.68977 -70.7272 173.473
31 507.984 719.472 5 3.83504 -57.6215 11.6992
32 508.258 719.054 5 3.58119 -74.2773 73.7937
33 508.531 718.635 5 3.38264 -84.5282 -44.7629
34 508.805 718.217 5 3.24956 -77.829 -37.6711
35 509.078 717.798 5 3.19014 -74.0166 21.0764
36 508.402 719.746 5 3.43077 -52.7468 -69.1559
37 508.676 719.328 5 3.14444 -70.9769 -118.201
38 508.95 718.909 5 2.91631 -82.9056 27.7202
39 509.223 718.491 5 2.76084 -69.0018 166.96
40 509.497 718.072 5 2.69066 -71.4598 -133.705
