1 514.644 719.84 5 3.15787 -57.6089 92.6499
2 514.371 720.259 5 3.46706 -74.6096 -17.2239
3 514.097 720.678 5 3.81692 -58.1164 68.6333
4 513.824 721.096 5 4.19729 -63.9239 42.2431
5 513.551 721.515 5 4.60061 -63.7295 -136.69
6 513.278 721.934 5 5.02135 -77.2842 -146.114
7 513.004 722.353 5 5.45548 -81.4325 -28.7689
8 512.731 722.771 5 5.90005 -69.4893 -161.942
9 512.458 723.19 5 6.35287 -85.9226 -174.693
10 512.185 723.609 5 6.81229 -77.5432 -100.725
11 515.063 720.113 5 3.58022 -49.5543 166.041
12 514.789 720.532 5 3.85568 -67.3607 164.578
13 514.516 720.951 5 4.17309 -67.8036 -143.78
14 514.243 721.37 5 4.52361 -58.2017 -163.268
15 513.97 721.788 5 4.90014 -69.3507 154.421
16 513.696 722.207 5 5.29714 -76.3957 -55.2847
17 513.423 722.626 5 5.71035 -73.8267 -80.9875
18 513.15 723.045 5 6.13648 -70.3138 173.411
19 512.877 723.463 5 6.57303 -78.3993 -20.2272
20 512.603 723.882 5 7.01806 -97.5006 -179.058
21 515.481 720.387 5 4.02042 -66.7991 117.379
22 515.208 720.805 5 4.26756 -66.9137 169.123
23 514.935 721.224 5 4.55636 -65.333 -95.1188
24 514.662 721.643 5 4.87943 -65.5183 -154.029
25 514.388 722.062 5 5.23041 -69.8757 -62.8427
26 514.115 722.48 5 5.60406 -63.9095 -33.0967
27 513.842 722.899 5 5.99615 -78.4062 126.061
28 513.568 723.318 5 6.4033 -77.4362 -157.185
29 513.295 723.737 5 6.8228 -70.3224 -158.96
30 513.022 724.155 5 7.25251 -73.7491 -143.15
31 515.9 720.66 5 4.4732 -55.6401 128.365
32 515.627 721.079 5 4.69658 -59.775 -163.019
33 515.353 721.497 5 4.96047 -61.2255 -33.1991
34 515.08 721.916 5 5.25876 -64.6964 -45.8624
35 514.807 722.335 5 5.58596 -67.6483 -87.2619
36 514.534 722.754 5 5.93728 -63.5076 64.8289
37 514.26 723.172 5 6.30869 -60.9718 112.152
38 513.987 723.591 5 6.69686 -70.2274 -10.9288
39 516.319 720.933 5 4.93511 -59.8956 -162.783
40 516.045 721.352 5 5.13845 -61.2044 -32.9084
41 515.772 721.771 5 5.38071 -57.4685 49.2184
42 515.499 722.189 5 5.65689 -67.4006 108.227
43 515.226 722.608 5 5.96227 -71.2409 172.146
44 514.952 723.027 5 6.29262 -71.1991 20.6645
45 514.679 723.446 5 6.6442 -64.4925 -166.558
46 514.406 723.864 5 7.01383 -97.0124 128.386
47 516.737 721.206 5 5.4038 -66.2666 -25.7093
48 516.464 721.625 5 5.59012 -61.4823 61.5363
49 516.191 722.044 5 5.81359 -66.5823 97.1217
50 515.918 722.463 5 6.0701 -62.0165 -52.9653
51 515.644 722.881 5 6.35567 -76.8841 -23.2905
52 515.371 723.3 5 6.66655 -65.2646 -32.4972
53 515.098 723.719 5 6.99937 -66.8219 -166.174
54 514.825 724.138 5 7.35116 -128.403 178.43
55 517.156 721.48 5 5.87766 -74.0411 166.329
56 516.883 721.898 5 6.0494 -66.6191 -45.3244
57 516.61 722.317 5 6.25648 -55.8354 68.6347
58 516.336 722.736 5 6.49553 -64.3137 42.022
59 516.063 723.155 5 6.76316 -62.9691 134.009
60 515.79 723.573 5 7.05611 -72.0704 -25.3143
61 515.517 723.992 5 7.37136 -67.1005 73.2262
62 515.243 724.411 5 7.70619 -123.116 45.9067
63 517.575 721.753 5 6.35552 -74.5444 -146.392
64 517.302 722.172 5 6.51468 -62.2995 -28.1397
65 517.028 722.59 5 6.70741 -58.3332 44.862
66 516.755 723.009 5 6.93092 -64.3516 166.24
67 516.482 723.428 5 7.18234 -63.8362 -121.941
68 516.209 723.847 5 7.45885 -66.2263 -54.5026
69 515.935 724.265 5 7.75776 -66.3658 74.4769
70 515.662 724.684 5 8.07658 -70.8426 166.351
71 517.994 722.026 5 6.83655 -72.1837 104.995
72 517.72 722.445 5 6.98476 -61.0236 50.6942
73 517.447 722.864 5 7.16486 -63.9775 -43.6299
74 517.174 723.282 5 7.37452 -62.0167 77.3728
75 516.901 723.701 5 7.6113 -60.5337 33.1597
76 516.627 724.12 5 7.87275 -66.8662 107.195
77 516.354 724.539 5 8.1565 -73.8199 52.4517
78 516.081 724.957 5 8.46031 -65.8751 -139.5
