1 505.473 717.831 5 4.44898 -70.0794 -34.5574
2 505.747 717.412 5 3.99054 -62.6454 -69.9989
3 506.02 716.994 5 3.54336 -65.6803 -27.3937
4 506.294 716.575 5 3.11229 -74.2745 -13.0825
5 506.567 716.157 5 2.70505 -69.2702 126.442
6 505.891 718.104 5 4.2851 -58.7336 -161.575
7 506.165 717.686 5 3.80697 -60.9228 127.703
8 506.439 717.267 5 3.33527 -70.0442 80.2678
9 506.712 716.849 5 2.87315 -66.7478 61.0652
10 506.986 716.43 5 2.42609 -60.9164 70.8739
11 506.31 718.378 5 4.17501 -52.4537 -146.53
12 506.584 717.96 5 3.68262 -57.1502 -146.296
13 506.857 717.541 5 3.19259 -59.4038 -155.718
14 507.131 717.123 5 2.70622 -69.3047 -71.9009
15 507.404 716.704 5 2.22589 -53.5422 -43.0866
16 506.728 718.652 5 4.12303 -47.3965 -27.078
17 507.002 718.233 5 3.62358 -47.6496 -23.2934
18 507.276 717.815 5 3.1243 -46.176 -23.5088
19 507.549 717.396 5 2.62531 -46.1382 -28.7647
20 507.823 716.978 5 2.12678 -45.2695 -25.0109
21 507.147 718.925 5 4.13134 -49.1824 -42.0788
22 507.421 718.507 5 3.63303 -50.0119 -59.6435
23 507.694 718.088 5 3.13527 -48.9436 -45.3215
24 507.968 717.67 5 2.63835 -46.0561 -60.5401
25 508.241 717.251 5 2.14286 -45.7946 -60.8092
26 507.565 719.199 5 4.1996 -65.0659 150.131
27 507.839 718.78 5 3.71047 -56.5266 -111.139
28 508.113 718.362 5 3.22468 -64.1105 -87.798
29 508.386 717.943 5 2.74399 -54.9422 -100.515
30 508.66 717.525 5 2.27167 -50.4973 -147.705
31 507.984 719.472 5 4.32496 -53.8411 109.406
32 508.258 719.054 5 3.85178 -59.8176 -110.188
33 508.531 718.635 5 3.38632 -63.9404 -111.825
34 508.805 718.217 5 2.93226 -60.8297 46.7535
35 509.078 717.798 5 2.49582 -54.3475 -159.262
36 508.402 719.746 5 4.50265 -70.085 156.718
37 508.676 719.328 5 4.05029 -65.9551 -88.9176
38 508.95 718.909 5 3.61051 -102.736 -74.9869
39 509.223 718.491 5 3.18854 -76.764 -23.7744
40 509.497 718.072 5 2.79244 -82.0614 10.9951
