1 514.644 719.84 5 4.74503 -84.6099 -109.316
2 514.371 720.259 5 4.64319 -84.7294 -113.165
3 514.097 720.678 5 4.59382 -92.3931 119.429
4 513.824 721.096 5 4.59861 -81.72 47.6956
5 513.551 721.515 5 4.65738 -77.9522 108.927
6 513.278 721.934 5 4.76814 -86.4134 132.579
7 513.004 722.353 5 4.92738 -83.2934 -57.3055
8 512.731 722.771 5 5.1306 -74.792 23.9738
9 512.458 723.19 5 5.3728 -103.685 109.594
10 512.185 723.609 5 5.64898 -93.892 145.99
11 515.063 720.113 5 5.23015 -89.0421 -159.537
12 514.789 720.532 5 5.13794 -80.2502 -177.353
13 514.516 720.951 5 5.09337 -85.1537 148.966
14 514.243 721.37 5 5.09768 -83.4417 -174.738
15 513.97 721.788 5 5.15076 -81.7622 -105.354
16 513.696 722.207 5 5.25112 -91.1501 5.16027
17 513.423 722.626 5 5.39614 -88.9266 70.6872
18 513.15 723.045 5 5.58232 -89.7332 72.3072
19 512.877 723.463 5 5.80571 -83.9483 -96.7727
20 512.603 723.882 5 6.06219 -82.7784 -87.0098
21 515.481 720.387 5 5.71784 -74.7585 58.8528
22 515.208 720.805 5 5.63362 -81.1411 142.992
23 514.935 721.224 5 5.593 -83.3399 -44.7092
24 514.662 721.643 5 5.59693 -75.399 -162.603
25 514.388 722.062 5 5.64531 -97.4376 -160.718
26 514.115 722.48 5 5.73703 -88.1487 -154.923
27 513.842 722.899 5 5.87005 -83.3482 149.495
28 513.568 723.318 5 6.04164 -96.0207 -162.488
29 513.295 723.737 5 6.24863 -88.814 -30.5419
30 513.022 724.155 5 6.48763 -90.2197 114.384
31 515.9 720.66 5 6.20748 -73.8754 -78.6825
32 515.627 721.079 5 6.12999 -74.3709 -54.9835
33 515.353 721.497 5 6.09268 -79.0048 -5.0053
34 515.08 721.916 5 6.09629 -89.9951 -93.6878
35 514.807 722.335 5 6.14074 -90.7456 75.8305
36 514.534 722.754 5 6.22517 -79.9616 -57.264
37 514.26 723.172 5 6.34797 -87.0928 -42.5659
38 513.987 723.591 5 6.50697 -90.0631 59.5989
39 516.319 720.933 5 6.69866 -64.7494 -79.4911
40 516.045 721.352 5 6.62692 -73.1128 75.3514
41 515.772 721.771 5 6.59242 -84.1912 -34.734
42 515.499 722.189 5 6.59575 -80.4871 151.767
43 515.226 722.608 5 6.63686 -85.8491 -115.017
44 514.952 723.027 5 6.71505 -85.6727 -164.813
45 514.679 723.446 5 6.82905 -81.8558 145.437
46 514.406 723.864 5 6.97709 -116.465 175.658
47 516.737 721.206 5 7.19105 -73.3829 -109.647
48 516.464 721.625 5 7.12427 -66.9294 149.722
49 516.191 722.044 5 7.09219 -75.7101 142.3
50 515.918 722.463 5 7.09529 -71.9153 179.825
51 515.644 722.881 5 7.13352 -85.8097 -146.8
52 515.371 723.3 5 7.20632 -81.6313 168.637
53 515.098 723.719 5 7.31267 -89.0259 -172.521
54 514.825 724.138 5 7.45111 -150.112 21.2538
55 517.156 721.48 5 7.68443 -80.2497 103.717
56 516.883 721.898 5 7.62197 -67.3503 -26.2162
57 516.61 722.317 5 7.592 -61.8586 81.6081
58 516.336 722.736 5 7.59489 -81.8181 -37.7828
59 516.063 723.155 5 7.63062 -81.4645 -23.7122
60 515.79 723.573 5 7.69872 -77.5028 -10.2502
61 515.517 723.992 5 7.79835 -75.2339 -13.4376
62 515.243 724.411 5 7.92832 -147.01 8.05529
63 517.575 721.753 5 8.17861 -78.7646 89.9081
64 517.302 722.172 5 8.11995 -74.6673 84.1763
65 517.028 722.59 5 8.09182 -65.986 37.6292
66 516.755 723.009 5 8.09454 -68.7821 -92.1817
67 516.482 723.428 5 8.12807 -80.6634 -23.2654
68 516.209 723.847 5 8.19204 -82.3631 -5.21862
69 515.935 724.265 5 8.28574 -84.2876 75.9705
70 515.662 724.684 5 8.40818 -88.8818 14.2487
71 517.994 722.026 5 8.67346 -82.9324 102.784
72 517.72 722.445 5 8.61817 -69.4075 71.1107
73 517.447 722.864 5 8.59167 -69.8223 153.978
74 517.174 723.282 5 8.59423 -63.2699 25.4179
75 516.901 723.701 5 8.62582 -81.408 73.9452
76 516.627 724.12 5 8.68612 -82.9124 18.4995
77 516.354 724.539 5 8.77455 -85.046 -33.5638
78 516.081 724.957 5 8.89026 -79.1968 81.3088
