1 505.473 717.831 5 7.99597 -63.8627 123.159
2 505.747 717.412 5 7.65209 -75.6544 81.4843
3 506.02 716.994 5 7.32621 -64.7402 177.557
4 506.294 716.575 5 7.02085 -65.9942 38.0758
5 506.567 716.157 5 6.73878 -66.1567 36.8322
6 505.891 718.104 5 7.6491 -62.5373 81.8474
7 506.165 717.686 5 7.28887 -60.7241 15.8546
8 506.439 717.267 5 6.94598 -73.124 -40.1115
9 506.712 716.849 5 6.6231 -60.5892 25.5891
10 506.986 716.43 5 6.32332 -75.7875 -145.631
11 506.31 718.378 5 7.31997 -64.0518 -4.2784
12 506.584 717.96 5 6.94268 -62.7148 -47.6063
13 506.857 717.541 5 6.58178 -63.5275 -131.302
14 507.131 717.123 5 6.24009 -80.8113 -52.0271
15 507.404 716.704 5 5.92094 -62.794 -84.6709
16 506.728 718.652 5 7.01107 -68.2297 81.9855
17 507.002 718.233 5 6.6162 -68.1196 -168.731
18 507.276 717.815 5 6.23642 -60.7812 -179.826
19 507.549 717.396 5 5.87468 -60.4015 164.582
20 507.823 716.978 5 5.5345 -81.7634 -99.9545
21 507.147 718.925 5 6.7252 -76.0298 -9.59165
22 507.421 718.507 5 6.31247 -71.3776 -6.54109
23 507.694 718.088 5 5.91322 -63.5006 89.8018
24 507.968 717.67 5 5.53037 -59.0971 74.5265
25 508.241 717.251 5 5.16758 -60.8269 -7.89487
26 507.565 719.199 5 6.46541 -74.0992 -74.7587
27 507.839 718.78 5 6.03493 -71.6679 30.4978
28 508.113 718.362 5 5.61599 -73.0366 100.129
29 508.386 717.943 5 5.21135 -64.9382 -91.1003
30 508.66 717.525 5 4.82463 -55.6113 -42.0113
31 507.984 719.472 5 6.23496 -64.6828 -99.8546
32 508.258 719.054 5 5.78737 -64.96 -118.119
33 508.531 718.635 5 5.34906 -73.1902 -25.6845
34 508.805 718.217 5 4.92254 -76.7413 42.874
35 509.078 717.798 5 4.51113 -79.7768 47.5277
36 508.402 719.746 5 6.03721 -73.9243 133.946
37 508.676 719.328 5 5.57376 -57.676 -17.353
38 508.95 718.909 5 5.11719 -64.5081 81.5239
39 509.223 718.491 5 4.66954 -61.0422 119.598
40 509.497 718.072 5 4.23361 -62.8217 -177.906
