1 509.951 714.045 5 6.18466 -49.8891 87.7215
2 510.37 714.318 5 5.70088 -59.2063 -53.8281
3 510.79 714.59 5 5.22015 -51.8006 116.82
4 511.209 714.862 5 4.74342 -44.8464 30.068
5 511.628 715.135 5 4.272 -52.0645 -107.469
6 512.048 715.407 5 3.80789 -46.1007 -142.474
7 512.467 715.679 5 3.3541 -46.5824 -10.283
8 512.886 715.952 5 2.91548 -46.5887 -94.8089
9 513.306 716.224 5 2.5 -47.5819 0.42026
10 513.725 716.496 5 2.12132 -43.928 3.82656
11 514.144 716.769 5 1.80278 -50.3478 -171.61
12 514.564 717.041 5 1.58114 -45.8873 -50.9798
13 514.983 717.313 5 1.5 -49.1096 172.137
14 509.679 714.465 5 6.08276 -52.3803 175.586
15 510.098 714.737 5 5.59017 -48.2734 92.2499
16 510.517 715.009 5 5.09902 -59.899 109.924
17 510.937 715.282 5 4.60977 -47.4155 33.541
18 511.356 715.554 5 4.12311 -45.6539 23.2555
19 511.775 715.826 5 3.64006 -46.6908 12.1695
20 512.195 716.099 5 3.16228 -45.8768 -98.4765
21 512.614 716.371 5 2.69258 -41.7844 174.716
22 513.033 716.643 5 2.23607 -48.0448 52.2667
23 513.453 716.916 5 1.80278 -45.1202 177.275
24 513.872 717.188 5 1.41421 -42.5355 -126.377
25 514.291 717.46 5 1.11803 -41.3497 6.20461
26 514.711 717.733 5 1 -40.5284 11.3019
27 509.406 714.884 5 6.0208 -51.3326 -88.6393
28 509.826 715.156 5 5.52268 -49.5141 -26.1558
29 510.245 715.429 5 5.02494 -58.7271 -115.149
30 510.664 715.701 5 4.52769 -49.1545 -114.677
31 511.084 715.973 5 4.03113 -47.0349 -127.604
32 511.503 716.246 5 3.53553 -47.9589 -92.4094
33 511.922 716.518 5 3.04138 -48.3622 -106.242
34 512.342 716.79 5 2.54951 -51.5804 -127.435
35 512.761 717.063 5 2.06155 -48.1107 -137.925
36 513.18 717.335 5 1.58114 -44.4562 135.835
37 513.6 717.607 5 1.11803 -41.2278 9.3937
38 514.019 717.88 5 0.707107 -38.9124 126.582
39 514.438 718.152 5 0.5 -35.9067 16.8099
40 509.134 715.303 5 6 -56.449 50.585
41 509.553 715.576 5 5.5 -49.182 -38.2602
42 509.973 715.848 5 5 -44.4807 -27.7653
43 510.392 716.12 5 4.5 -44.8815 -24.6881
44 510.811 716.393 5 4 -50.4854 -26.0461
45 511.231 716.665 5 3.5 -46.0121 7.5175
46 511.65 716.937 5 3 -46.12 -7.51682
47 512.069 717.21 5 2.5 -47.8998 -22.9255
48 512.489 717.482 5 2 -44.3619 10.4147
49 512.908 717.754 5 1.5 -43.1059 -6.32849
50 513.327 718.027 5 1 -37.9589 1.88426
51 513.747 718.299 5 0.5 -33.7207 7.40389
52 514.166 718.571 5 0 -43.7113 87.5865
53 508.862 715.723 5 6.0208 -58.4281 33.0442
54 509.281 715.995 5 5.52268 -53.2175 90.4924
55 509.7 716.267 5 5.02494 -64.3961 -33.5083
56 510.12 716.54 5 4.52769 -51.0269 -77.16
57 510.539 716.812 5 4.03113 -48.256 -107.965
58 510.958 717.084 5 3.53553 -50.1983 -115.536
59 511.378 717.357 5 3.04138 -51.349 -82.9034
60 511.797 717.629 5 2.54951 -51.9648 -159.967
61 512.216 717.901 5 2.06155 -45.7261 -160.499
62 512.636 718.174 5 1.58114 -47.6684 122.297
63 513.055 718.446 5 1.11803 -38.4468 14.8769
64 513.474 718.718 5 0.707107 -38.7373 112.382
65 513.894 718.991 5 0.5 -34.0762 7.89161
66 508.589 716.142 5 6.08276 -56.7698 -164.28
67 509.009 716.414 5 5.59017 -51.1239 159.105
68 509.428 716.687 5 5.09902 -55.0053 98.839
69 509.847 716.959 5 4.60977 -53.9534 40.165
70 510.267 717.231 5 4.12311 -52.5232 -23.678
71 510.686 717.504 5 3.64006 -48.4364 -85.0968
72 511.105 717.776 5 3.16228 -49.0875 -106.685
73 511.525 718.048 5 2.69258 -44.5951 157.422
74 511.944 718.321 5 2.23607 -46.3533 25.0662
75 512.363 718.593 5 1.80278 -46.7278 -118.344
76 512.783 718.865 5 1.41421 -45.1269 -128.144
77 513.202 719.138 5 1.11803 -38.3697 15.5007
78 513.621 719.41 5 1 -45.0105 4.29855
79 510.414 717.923 5 3.80789 -48.2989 150.153
80 510.833 718.195 5 3.3541 -44.9141 62.2583
81 511.672 718.74 5 2.5 -48.5941 40.069
82 512.091 719.012 5 2.12132 -43.91 5.34467
83 512.51 719.285 5 1.80278 -50.1349 -167.652
84 512.93 719.557 5 1.58114 -45.9786 86.9989
85 513.349 719.829 5 1.5 -49.0664 34.723
86 510.141 718.342 5 4.03113 -54.3523 -147.289
87 510.561 718.615 5 3.60555 -50.9106 -126.672
88 511.399 719.159 5 2.82843 -44.7729 110.955
89 511.819 719.432 5 2.5 -55.0678 36.2346
90 512.238 719.704 5 2.23607 -44.6408 25.5095
91 512.657 719.976 5 2.06155 -51.4569 59.3308
92 513.077 720.249 5 2 -37.0998 0.88051
93 509.869 718.762 5 4.30116 -49.6182 84.3891
94 510.288 719.034 5 3.90513 -50.5045 119.953
95 511.127 719.579 5 3.20156 -44.7853 115.963
96 511.546 719.851 5 2.91548 -54.6747 90.6296
97 511.966 720.123 5 2.69258 -45.3743 136.177
98 512.385 720.396 5 2.54951 -49.2377 -159.572
99 512.804 720.668 5 2.5 -40.6735 -56.4688
100 509.597 719.181 5 4.60977 -47.4998 -103.468
101 510.016 719.453 5 4.24264 -52.7194 -101.136
102 509.324 719.6 5 4.94975 -52.4305 47.4503
103 509.744 719.873 5 4.60977 -60.1577 -18.552
104 509.052 720.02 5 5.31507 -59.7047 101.601
105 509.471 720.292 5 5 -59.7373 -31.8009
