1 505.473 717.831 5 6.61364 -63.0457 -152.475
2 505.747 717.412 5 6.23408 -68.1781 163.678
3 506.02 716.994 5 5.87257 -59.3527 137.352
4 506.294 716.575 5 5.53268 -68.7481 -12.1047
5 506.567 716.157 5 5.21862 -75.498 108.212
6 505.891 718.104 5 6.30967 -61.08 20.3805
7 506.165 717.686 5 5.91062 -61.0446 71.0755
8 506.439 717.267 5 5.528 -60.3493 85.53
9 506.712 716.849 5 5.16548 -59.9955 4.20816
10 506.986 716.43 5 4.82759 -79.5613 -78.2935
11 506.31 718.378 5 6.03188 -58.7507 93.0056
12 506.584 717.96 5 5.61311 -60.5127 -124.256
13 506.857 717.541 5 5.20869 -62.2374 -98.6657
14 507.131 717.123 5 4.82223 -60.2208 -77.8929
15 507.404 716.704 5 4.4584 -59.7418 -100.854
16 506.728 718.652 5 5.78405 -63.1157 87.08
17 507.002 718.233 5 5.34591 -55.9507 -93.9731
18 507.276 717.815 5 4.91957 -60.5089 59.1508
19 507.549 717.396 5 4.50839 -58.2773 140.17
20 507.823 716.978 5 4.11691 -56.2239 171.465
21 507.147 718.925 5 5.57018 -76.8693 102.776
22 507.421 718.507 5 5.11374 -58.5265 -46.6375
23 507.694 718.088 5 4.66624 -63.3765 94.8839
24 507.968 717.67 5 4.23051 -59.4402 -119.944
25 508.241 717.251 5 3.8106 -55.0453 36.9295
26 507.565 719.199 5 5.39431 -64.6228 166.359
27 507.839 718.78 5 4.92159 -61.0828 130.844
28 508.113 718.362 5 4.45482 -60.7252 22.7459
29 508.386 717.943 5 3.99611 -62.7356 -119.54
30 508.66 717.525 5 3.54856 -61.7521 69.414
31 507.984 719.472 5 5.26025 -67.8532 -32.0178
32 508.258 719.054 5 4.77428 -66.2861 86.7171
33 508.531 718.635 5 4.29152 -63.9603 126.691
34 508.805 718.217 5 3.81321 -72.9915 102.885
35 509.078 717.798 5 3.34125 -66.3982 -10.8035
36 508.402 719.746 5 5.17126 -62.9144 125.251
37 508.676 719.328 5 4.67604 -71.1709 -165.279
38 508.95 718.909 5 4.18196 -65.1132 79.0343
39 509.223 718.491 5 3.68947 -70.5486 -96.2594
40 509.497 718.072 5 3.19932 -78.7074 -15.7157
