1 509.951 714.045 5 1.58114 -45.0063 118.912
2 510.37 714.318 5 1.5 -39.3189 10.2716
3 510.79 714.59 5 1.58114 -45.9131 153.113
4 511.209 714.862 5 1.80278 -39.9483 -167.313
5 511.628 715.135 5 2.12132 -44.6168 -3.42787
6 512.048 715.407 5 2.5 -44.5301 7.11413
7 512.467 715.679 5 2.91548 -47.9274 -63.3487
8 512.886 715.952 5 3.3541 -47.9736 -37.387
9 513.306 716.224 5 3.80789 -48.6677 179.273
10 513.725 716.496 5 4.272 -57.6567 -68.7062
11 514.144 716.769 5 4.74342 -47.1481 14.1243
12 514.564 717.041 5 5.22015 -54.6944 -66.0125
13 514.983 717.313 5 5.70088 -52.0567 145.327
14 509.679 714.465 5 1.11803 -40.5571 -15.8165
15 510.098 714.737 5 1 -37.7348 -4.08408
16 510.517 715.009 5 1.11803 -39.9217 -0.289311
17 510.937 715.282 5 1.41421 -42.243 -124.026
18 511.356 715.554 5 1.80278 -51.4924 151.942
19 511.775 715.826 5 2.23607 -46.3588 74.4581
20 512.195 716.099 5 2.69258 -46.286 141.213
21 512.614 716.371 5 3.16228 -48.1373 -91.1557
22 513.033 716.643 5 3.64006 -55.444 -51.397
23 513.453 716.916 5 4.12311 -46.8614 30.422
24 513.872 717.188 5 4.60977 -49.1909 27.4668
25 514.291 717.46 5 5.09902 -66.0809 -161.622
26 514.711 717.733 5 5.59017 -50.6906 30.7956
27 509.406 714.884 5 0.707107 -39.7733 110.927
28 509.826 715.156 5 0.5 -35.0456 2.08368
29 510.245 715.429 5 0.707107 -37.7178 105.417
30 510.664 715.701 5 1.11803 -38.8165 4.43053
31 511.084 715.973 5 1.58114 -47.8162 171.174
32 511.503 716.246 5 2.06155 -54.1744 -96.6714
33 511.922 716.518 5 2.54951 -44.5584 -103.581
34 512.342 716.79 5 3.04138 -55.5452 -97.6695
35 512.761 717.063 5 3.53553 -51.8302 -135.434
36 513.18 717.335 5 4.03113 -48.6004 -138.621
37 513.6 717.607 5 4.52769 -50.5377 -111.183
38 514.019 717.88 5 5.02494 -53.4168 -106.434
39 514.438 718.152 5 5.52268 -48.5746 -32.0517
40 509.134 715.303 5 0.5 -33.2384 -3.29485
41 509.553 715.576 5 0 -48.366 20.7652
42 509.973 715.848 5 0.5 -33.5296 -0.529835
43 510.392 716.12 5 1 -38.4819 -11.4431
44 510.811 716.393 5 1.5 -43.026 -17.0254
45 511.231 716.665 5 2 -45.5552 9.46386
46 511.65 716.937 5 2.5 -50.3511 -34.4129
47 512.069 717.21 5 3 -47.044 21.26
48 512.489 717.482 5 3.5 -49.1037 -20.9436
49 512.908 717.754 5 4 -53.1305 -51.9975
50 513.327 718.027 5 4.5 -49.2722 -18.7674
51 513.747 718.299 5 5 -47.6519 -33.5502
52 514.166 718.571 5 5.5 -50.4689 -31.1882
53 508.862 715.723 5 0.707107 -36.1478 129.848
54 509.281 715.995 5 0.5 -33.1635 13.3076
55 509.7 716.267 5 0.707107 -39.2457 114.845
56 510.12 716.54 5 1.11803 -41.9167 3.3996
57 510.539 716.812 5 1.58114 -55.3942 64.7249
58 510.958 717.084 5 2.06155 -43.1521 -161.65
59 511.378 717.357 5 2.54951 -47.9129 -60.5703
60 511.797 717.629 5 3.04138 -52.5521 -142.376
61 512.216 717.901 5 3.53553 -58.5859 -95.2859
62 512.636 718.174 5 4.03113 -53.1116 -96.5424
63 513.055 718.446 5 4.52769 -49.9315 -51.6165
64 513.474 718.718 5 5.02494 -55.0826 18.8451
65 513.894 718.991 5 5.52268 -59.7112 31.4049
66 508.589 716.142 5 1.11803 -41.0787 -33.212
67 509.009 716.414 5 1 -39.8437 15.0475
68 509.428 716.687 5 1.11803 -40.2949 -16.179
69 509.847 716.959 5 1.41421 -46.0648 -136.155
70 510.267 717.231 5 1.80278 -54.7214 159.001
71 510.686 717.504 5 2.23607 -47.9003 31.821
72 511.105 717.776 5 2.69258 -45.9976 132.221
73 511.525 718.048 5 3.16228 -44.7102 -123.163
74 511.944 718.321 5 3.64006 -53.0201 -70.4957
75 512.363 718.593 5 4.12311 -47.2825 -23.5062
76 512.783 718.865 5 4.60977 -54.5032 24.3997
77 513.202 719.138 5 5.09902 -51.0322 86.7508
78 513.621 719.41 5 5.59017 -52.189 179.418
79 510.414 717.923 5 2.5 -47.2716 39.7475
80 510.833 718.195 5 2.91548 -50.6985 -120.486
81 511.672 718.74 5 3.80789 -59.3414 178.094
82 512.091 719.012 5 4.272 -53.0685 0.939369
83 512.51 719.285 5 4.74342 -47.6538 14.4638
84 512.93 719.557 5 5.22015 -56.364 28.1093
85 513.349 719.829 5 5.70088 -54.63 -108.981
86 510.141 718.342 5 2.82843 -54.0896 144.972
87 510.561 718.615 5 3.20156 -50.0048 167.603
88 511.399 719.159 5 4.03113 -56.9245 144.438
89 511.819 719.432 5 4.47214 -57.8872 -57.2951
90 512.238 719.704 5 4.92443 -58.8243 -33.3627
91 512.657 719.976 5 5.38516 -53.4202 -2.319
92 513.077 720.249 5 5.85235 -52.8737 3.94163
93 509.869 718.762 5 3.20156 -56.5612 118.179
94 510.288 719.034 5 3.53553 -58.7344 88.3254
95 511.127 719.579 5 4.30116 -64.7362 23.5012
96 511.546 719.851 5 4.71699 -51.1115 -164.227
97 511.966 720.123 5 5.14782 -58.5439 139.773
98 512.385 720.396 5 5.59017 -58.0415 19.8073
99 512.804 720.668 5 6.04152 -54.0343 47.806
100 509.597 719.181 5 3.60555 -62.6207 -95.7617
101 510.016 719.453 5 3.90512 -49.5694 -136.964
102 509.324 719.6 5 4.03113 -56.1077 116.417
103 509.744 719.873 5 4.30116 -56.7357 -86.7981
104 509.052 720.02 5 4.47214 -54.9521 -107.252
105 509.471 720.292 5 4.71699 -96.6596 -101.669
