1 509.951 714.045 5 6.08276 -54.5498 -172.466
2 510.37 714.318 5 5.59017 -49.4827 129.976
3 510.79 714.59 5 5.09902 -45.0911 61.9891
4 511.209 714.862 5 4.60977 -44.8493 -20.5081
5 511.628 715.135 5 4.12311 -55.41 -161.502
6 512.048 715.407 5 3.64006 -50.5908 -54.6739
7 512.467 715.679 5 3.16228 -46.2088 -159.087
8 512.886 715.952 5 2.69258 -43.7695 157.557
9 513.306 716.224 5 2.23607 -50.2147 44.8616
10 513.725 716.496 5 1.80278 -44.9135 -140.693
11 514.144 716.769 5 1.41421 -43.2402 -113.637
12 514.564 717.041 5 1.11803 -44.7029 -149.312
13 514.983 717.313 5 1 -46.728 178.549
14 509.679 714.465 5 6.0208 -62.5968 146.531
15 510.098 714.737 5 5.52268 -49.485 -51.454
16 510.517 715.009 5 5.02494 -47.2857 -143.417
17 510.937 715.282 5 4.52769 -62.923 -145.207
18 511.356 715.554 5 4.03113 -47.3616 -155.714
19 511.775 715.826 5 3.53553 -44.7163 -107.93
20 512.195 716.099 5 3.04138 -46.559 -90.0183
21 512.614 716.371 5 2.54951 -47.6281 -159.988
22 513.033 716.643 5 2.06155 -49.6219 143.593
23 513.453 716.916 5 1.58114 -46.2085 111.513
24 513.872 717.188 5 1.11803 -39.2429 13.6562
25 514.291 717.46 5 0.707107 -36.6528 145.416
26 514.711 717.733 5 0.5 -36.6686 26.4063
27 509.406 714.884 5 6 -61.3109 -73.4609
28 509.826 715.156 5 5.5 -54.3764 3.96133
29 510.245 715.429 5 5 -50.1915 -84.9569
30 510.664 715.701 5 4.5 -49.7253 -25.0897
31 511.084 715.973 5 4 -45.4301 15.317
32 511.503 716.246 5 3.5 -44.1157 12.0525
33 511.922 716.518 5 3 -49.0857 -4.25957
34 512.342 716.79 5 2.5 -47.2871 1.45305
35 512.761 717.063 5 2 -45.1719 2.54889
36 513.18 717.335 5 1.5 -41.2534 -6.90775
37 513.6 717.607 5 1 -39.6288 10.9076
38 514.019 717.88 5 0.5 -33.8056 -12.1068
39 514.438 718.152 5 0 -44.6309 115.229
40 509.134 715.303 5 6.0208 -51.0837 -85.6005
41 509.553 715.576 5 5.52268 -50.4321 -18.6208
42 509.973 715.848 5 5.02494 -55.7564 -145.596
43 510.392 716.12 5 4.52769 -46.8933 -131.199
44 510.811 716.393 5 4.03113 -47.765 -138.851
45 511.231 716.665 5 3.53553 -51.5459 -136.864
46 511.65 716.937 5 3.04138 -50.647 -145.652
47 512.069 717.21 5 2.54951 -52.5361 -109.79
48 512.489 717.482 5 2.06155 -46.3067 -163.84
49 512.908 717.754 5 1.58114 -50.9645 129.281
50 513.327 718.027 5 1.11803 -40.1904 -0.0247102
51 513.747 718.299 5 0.707107 -40.0126 131.277
52 514.166 718.571 5 0.5 -35.9954 12.5114
53 508.862 715.723 5 6.08276 -51.0512 126.723
54 509.281 715.995 5 5.59017 -56.4144 -113.834
55 509.7 716.267 5 5.09902 -46.3703 -24.9284
56 510.12 716.54 5 4.60977 -48.0966 -29.3484
57 510.539 716.812 5 4.12311 -54.7446 -40.1969
58 510.958 717.084 5 3.64006 -60.3333 -36.6328
59 511.378 717.357 5 3.16228 -53.0101 -125.438
60 511.797 717.629 5 2.69258 -49.3088 135.328
61 512.216 717.901 5 2.23607 -44.8753 9.12627
62 512.636 718.174 5 1.80278 -42.1165 -141.122
63 513.055 718.446 5 1.41421 -42.6779 -99.4839
64 513.474 718.718 5 1.11803 -38.4158 10.6667
65 513.894 718.991 5 1 -44.2381 22.3059
66 508.589 716.142 5 6.18466 -56.2832 61.039
67 509.009 716.414 5 5.70088 -47.9132 97.3383
68 509.428 716.687 5 5.22015 -46.701 72.2307
69 509.847 716.959 5 4.74342 -53.6552 -23.1654
70 510.267 717.231 5 4.272 -49.7287 -102.284
71 510.686 717.504 5 3.80789 -49.3368 156.091
72 511.105 717.776 5 3.3541 -49.4442 17.832
73 511.525 718.048 5 2.91548 -48.4584 -87.5375
74 511.944 718.321 5 2.5 -47.3038 -2.14328
75 512.363 718.593 5 2.12132 -45.1942 -11.5974
76 512.783 718.865 5 1.80278 -49.4157 -148.43
77 513.202 719.138 5 1.58114 -45.303 109.789
78 513.621 719.41 5 1.5 -42.4154 53.9626
79 510.414 717.923 5 4.03113 -48.3217 -95.1691
80 510.833 718.195 5 3.60555 -51.1103 78.889
81 511.672 718.74 5 2.82843 -44.4265 158.699
82 512.091 719.012 5 2.5 -44.4011 10.1848
83 512.51 719.285 5 2.23607 -42.2524 37.4348
84 512.93 719.557 5 2.06155 -48.6814 -115.261
85 513.349 719.829 5 2 -39.8087 8.14969
86 510.141 718.342 5 4.30116 -62.9495 -125.778
87 510.561 718.615 5 3.90512 -50.8278 130.874
88 511.399 719.159 5 3.20156 -53.1997 150.217
89 511.819 719.432 5 2.91548 -48.2047 -143.529
90 512.238 719.704 5 2.69258 -43.8361 128.261
91 512.657 719.976 5 2.54951 -46.5068 -169.574
92 513.077 720.249 5 2.5 -41.9336 71.0752
93 509.869 718.762 5 4.60977 -49.997 -91.7862
94 510.288 719.034 5 4.24264 -56.4445 -102.317
95 511.127 719.579 5 3.60555 -43.3157 71.3724
96 511.546 719.851 5 3.3541 -42.9466 -13.5016
97 511.966 720.123 5 3.16228 -51.1792 -30.4222
98 512.385 720.396 5 3.04138 -55.2619 153.976
99 512.804 720.668 5 3 -69.2867 14.8659
100 509.597 719.181 5 4.94975 -55.3421 64.0476
101 510.016 719.453 5 4.60977 -62.3486 -64.0953
102 509.324 719.6 5 5.31507 -63.6308 155.413
103 509.744 719.873 5 5 -56.5917 -109.368
104 509.052 720.02 5 5.70088 -71.7568 -11.8446
105 509.471 720.292 5 5.40833 -59.854 24.8146
