1 514.644 719.84 5 5.58886 -63.2133 -119.787
2 514.371 720.259 5 5.81191 -73.9813 -67.9181
3 514.097 720.678 5 6.06804 -54.1606 46.1333
4 513.824 721.096 5 6.35326 -50.5083 -84.9409
5 513.551 721.515 5 6.66385 -62.3963 -104.582
6 513.278 721.934 5 6.99641 -69.8868 60.3704
7 513.004 722.353 5 7.34796 -75.0698 -97.7169
8 512.731 722.771 5 7.71592 -74.4923 -153.585
9 512.458 723.19 5 8.09804 -85.4492 -143.92
10 512.185 723.609 5 8.49242 -82.406 -55.1999
11 515.063 720.113 5 6.04833 -58.5288 122.07
12 514.789 720.532 5 6.25501 -65.8843 159.708
13 514.516 720.951 5 6.49369 -56.5601 -140.249
14 514.243 721.37 5 6.76098 -50.7546 -131.111
15 513.97 721.788 5 7.05363 -79.5472 151.81
16 513.696 722.207 5 7.36862 -77.2551 -113.379
17 513.423 722.626 5 7.70321 -78.7156 -115.573
18 513.15 723.045 5 8.05496 -76.7876 -174.78
19 512.877 723.463 5 8.42171 -86.5214 -116.304
20 512.603 723.882 5 8.80159 -86.4302 31.9766
21 515.481 720.387 5 6.51377 -60.5441 120.538
22 515.208 720.805 5 6.70612 -60.9775 88.2723
23 514.935 721.224 5 6.92928 -69.0001 36.6008
24 514.662 721.643 5 7.18037 -51.6503 64.8284
25 514.388 722.062 5 7.45658 -51.2452 35.1844
26 514.115 722.48 5 7.75522 -71.8524 -112.842
27 513.842 722.899 5 8.0738 -76.0251 17.6694
28 513.568 723.318 5 8.41006 -79.914 -67.6457
29 513.295 723.737 5 8.76197 -82.5247 43.5149
30 513.022 724.155 5 9.1277 -91.5869 -115.447
31 515.9 720.66 5 6.98398 -59.2612 90.2787
32 515.627 721.079 5 7.16372 -56.9894 -140.962
33 515.353 721.497 5 7.37304 -75.8509 132.15
34 515.08 721.916 5 7.60951 -66.9177 -129.331
35 514.807 722.335 5 7.87067 -54.9093 -106.787
36 514.534 722.754 5 8.15416 -49.9249 179.19
37 514.26 723.172 5 8.45773 -75.4737 -143.086
38 513.987 723.591 5 8.7793 -84.3069 138.159
39 516.319 720.933 5 7.45808 -73.624 -87.7949
40 516.045 721.352 5 7.62665 -60.3417 -155.194
41 515.772 721.771 5 7.82359 -57.6309 3.22255
42 515.499 722.189 5 8.04683 -66.9967 12.7885
43 515.226 722.608 5 8.29424 -54.9419 117.82
44 514.952 723.027 5 8.56371 -55.0034 105.039
45 514.679 723.446 5 8.85325 -61.0006 -54.9015
46 514.406 723.864 5 9.16095 -128.859 -26.423
47 516.737 721.206 5 7.93535 -64.036 -6.08726
48 516.464 721.625 5 8.09399 -60.2614 -108.591
49 516.191 722.044 5 8.27982 -77.7167 -145.595
50 515.918 722.463 5 8.49108 -74.9189 -20.6597
51 515.644 722.881 5 8.72589 -64.6479 -132.455
52 515.371 723.3 5 8.98243 -55.4213 -71.1952
53 515.098 723.719 5 9.25889 -55.5417 -98.8176
54 514.825 724.138 5 9.55352 -117.946 150.718
55 517.156 721.48 5 8.41526 -85.0667 104.509
56 516.883 721.898 5 8.56502 -58.4199 -82.9414
57 516.61 722.317 5 8.74085 -56.2316 -124.371
58 516.336 722.736 5 8.94121 -55.7855 78.0312
59 516.063 723.155 5 9.1645 -76.9851 44.5431
60 515.79 723.573 5 9.40909 -59.4261 127.537
61 515.517 723.992 5 9.67336 -55.7008 108.717
62 515.243 724.411 5 9.95574 -121.917 -92.352
63 517.575 721.753 5 8.89739 -75.0816 -81.4176
64 517.302 722.172 5 9.03916 -56.861 134.46
65 517.028 722.59 5 9.20594 -58.0994 -41.0638
66 516.755 723.009 5 9.39639 -63.0946 48.6761
67 516.482 723.428 5 9.60911 -66.1958 -124.941
68 516.209 723.847 5 9.84265 -66.1068 -85.1602
69 515.935 724.265 5 10.0956 -57.1283 -22.1054
70 515.662 724.684 5 10.3665 -77.8447 -173.391
71 517.994 722.026 5 9.38139 -69.5349 -21.0126
72 517.72 722.445 5 9.51595 -74.2228 -128.319
73 517.447 722.864 5 9.67451 -62.4912 -35.161
74 517.174 723.282 5 9.85591 -59.9443 -66.4458
75 516.901 723.701 5 10.0589 -61.8184 -110.213
76 516.627 724.12 5 10.2823 -82.9962 -141.876
77 516.354 724.539 5 10.5246 -58.7509 161.467
78 516.081 724.957 5 10.7847 -61.5674 -167.999
