1 505.473 717.831 5 5.61148 -63.1313 -100.604
2 505.747 717.412 5 5.20723 -72.028 -49.3121
3 506.02 716.994 5 4.82096 -56.9749 -77.3868
4 506.294 716.575 5 4.45736 -65.8364 -127.803
5 506.567 716.157 5 4.12244 -65.7569 126.13
6 505.891 718.104 5 5.34405 -58.8651 -63.487
7 506.165 717.686 5 4.91786 -58.1551 59.7809
8 506.439 717.267 5 4.50686 -60.9705 170.903
9 506.712 716.849 5 4.11561 -58.1425 -159.439
10 506.986 716.43 5 3.75029 -65.6619 103.584
11 506.31 718.378 5 5.11166 -64.0007 -112.44
12 506.584 717.96 5 4.66428 -66.9885 97.2745
13 506.857 717.541 5 4.2287 -58.7256 -69.5312
14 507.131 717.123 5 3.80899 -57.7668 11.5563
15 507.404 716.704 5 3.41098 -58.4028 93.6813
16 506.728 718.652 5 4.91927 -66.5432 153.1
17 507.002 718.233 5 4.4526 -58.7108 41.1806
18 507.276 717.815 5 3.99401 -89.2109 170.292
19 507.549 717.396 5 3.54662 -54.7826 62.4645
20 507.823 716.978 5 3.11528 -60.1103 -140.156
21 507.147 718.925 5 4.77173 -59.6552 -104.886
22 507.421 718.507 5 4.28903 -62.4113 -176.274
23 507.694 718.088 5 3.81081 -61.3427 110.025
24 507.968 717.67 5 3.33896 -57.6442 52.9944
25 508.241 717.251 5 2.87665 -60.2281 -146.527
26 507.565 719.199 5 4.67328 -53.8718 -111.992
27 507.839 718.78 5 4.17923 -57.4958 -135.789
28 508.113 718.362 5 3.68679 -58.1791 -119.77
29 508.386 717.943 5 3.19669 -69.2344 -90.6651
30 508.66 717.525 5 2.71022 -63.6641 -4.11885
31 507.984 719.472 5 4.62706 -50.8647 31.1954
32 508.258 719.054 5 4.12748 -50.1904 24.1714
33 508.531 718.635 5 3.62802 -50.5794 11.0733
34 508.805 718.217 5 3.12873 -52.6004 2.75996
35 509.078 717.798 5 2.62972 -49.5956 -33.1302
36 508.402 719.746 5 4.63463 -69.5975 -57.1451
37 508.676 719.328 5 4.13597 -80.2663 -49.8343
38 508.95 718.909 5 3.63768 -69.7067 -94.7087
39 509.223 718.491 5 3.13993 -70.8516 -57.5462
40 509.497 718.072 5 2.64302 -89.7144 -122.783
