1 505.473 717.831 5 6.94723 -69.7122 -107.25
2 505.747 717.412 5 6.62453 -74.657 36.805
3 506.02 716.994 5 6.32493 -70.9672 -156.736
4 506.294 716.575 5 6.05187 -62.638 -177.545
5 506.567 716.157 5 5.80909 -73.167 53.1294
6 505.891 718.104 5 6.58286 -65.7283 -66.1897
7 506.165 717.686 5 6.24135 -63.5902 157.921
8 506.439 717.267 5 5.92241 -69.1697 -129.46
9 506.712 716.849 5 5.62986 -68.8315 -43.2319
10 506.986 716.43 5 5.36803 -67.1246 -11.8832
11 506.31 718.378 5 6.23733 -68.1892 142.538
12 506.584 717.96 5 5.87577 -62.81 155.551
13 506.857 717.541 5 5.5358 -65.6216 42.0098
14 507.131 717.123 5 5.22163 -64.501 102.245
15 507.404 716.704 5 4.9382 -68.5379 165.821
16 506.728 718.652 5 5.91392 -65.2738 24.1018
17 507.002 718.233 5 5.53126 -65.0798 33.3327
18 507.276 717.815 5 5.16868 -61.8339 34.5304
19 507.549 717.396 5 4.8307 -66.8947 -120.199
20 507.823 716.978 5 4.52283 -59.8338 -32.5266
21 507.147 718.925 5 5.61646 -77.7078 174.712
22 507.421 718.507 5 5.212 -65.858 132.929
23 507.694 718.088 5 4.82549 -63.7177 -39.0722
24 507.968 717.67 5 4.46159 -60.633 -117.879
25 508.241 717.251 5 4.12628 -65.7311 57.3188
26 507.565 719.199 5 5.34927 -72.9555 -117.245
27 507.839 718.78 5 4.92292 -65.2263 33.4001
28 508.113 718.362 5 4.51171 -67.2311 -30.585
29 508.386 717.943 5 4.12019 -65.397 129.186
30 508.66 717.525 5 3.75451 -60.8159 113.691
31 507.984 719.472 5 5.11712 -65.9758 -15.9914
32 508.258 719.054 5 4.66961 -68.2872 -151.737
33 508.531 718.635 5 4.23388 -61.7826 -161.306
34 508.805 718.217 5 3.81394 -65.8445 -138.013
35 509.078 717.798 5 3.41563 -67.2536 -111.137
36 508.402 719.746 5 4.92494 -83.0259 102.133
37 508.676 719.328 5 4.45819 -73.079 90.1403
38 508.95 718.909 5 3.99948 -62.8745 -16.3821
39 509.223 718.491 5 3.55194 -63.104 13.6117
40 509.497 718.072 5 3.12036 -64.4543 138.887
