1 514.644 719.84 5 3.19467 -66.6132 47.0942
2 514.371 720.259 5 3.35458 -68.0201 -41.9735
3 514.097 720.678 5 3.57777 -48.0776 -15.3924
4 513.824 721.096 5 3.85327 -48.8248 -69.274
5 513.551 721.515 5 4.17072 -63.1002 -31.3724
6 513.278 721.934 5 4.52131 -81.2164 69.5998
7 513.004 722.353 5 4.8979 -71.725 91.4043
8 512.731 722.771 5 5.29497 -73.4187 134.222
9 512.458 723.19 5 5.70824 -77.5197 157.225
10 512.185 723.609 5 6.13443 -88.4677 169.527
11 515.063 720.113 5 3.68097 -63.1067 93.8966
12 514.789 720.532 5 3.82057 -65.7239 3.54295
13 514.516 720.951 5 4.01796 -53.0777 159.678
14 514.243 721.37 5 4.26512 -48.2117 175.303
15 513.97 721.788 5 4.55396 -69.2219 -52.0236
16 513.696 722.207 5 4.87707 -70.8319 75.7666
17 513.423 722.626 5 5.2281 -79.1888 -133.028
18 513.15 723.045 5 5.60181 -76.774 -70.3212
19 512.877 723.463 5 5.99396 -78.5285 111.963
20 512.603 723.882 5 6.40116 -78.6634 -167.308
21 515.481 720.387 5 4.1705 -67.1825 77.0364
22 515.208 720.805 5 4.29422 -77.8895 -49.2384
23 514.935 721.224 5 4.47075 -71.333 -32.377
24 514.662 721.643 5 4.69413 -47.9632 25.7568
25 514.388 722.062 5 4.95804 -51.9149 12.4606
26 514.115 722.48 5 5.25637 -65.8637 134.306
27 513.842 722.899 5 5.5836 -71.7774 -55.4364
28 513.568 723.318 5 5.93497 -67.5205 99.574
29 513.295 723.737 5 6.30644 -67.3474 84.6901
30 513.022 724.155 5 6.69465 -78.0154 164.216
31 515.9 720.66 5 4.66226 -65.9543 -79.8932
32 515.627 721.079 5 4.77325 -71.5946 -152.839
33 515.353 721.497 5 4.93267 -58.837 20.6055
34 515.08 721.916 5 5.136 -52.4096 -170.63
35 514.807 722.335 5 5.37826 -48.1586 -130.09
36 514.534 722.754 5 5.65446 -55.8156 -163.97
37 514.26 723.172 5 5.95988 -71.8778 -125.59
38 513.987 723.591 5 6.29027 -69.6701 172.985
39 516.319 720.933 5 5.15561 -56.3253 153.06
40 516.045 721.352 5 5.25619 -62.1335 -87.2682
41 515.772 721.771 5 5.40137 -58.5969 35.283
42 515.499 722.189 5 5.58767 -56.7534 -22.4442
43 515.226 722.608 5 5.81114 -51.0622 59.9447
44 514.952 723.027 5 6.06767 -48.7721 39.199
45 514.679 723.446 5 6.35325 -66.8962 -134.351
46 514.406 723.864 5 6.66416 -107.462 134.916
47 516.737 721.206 5 5.65012 -56.0871 -159.035
48 516.464 721.625 5 5.74205 -57.8148 -73.213
49 516.191 722.044 5 5.87524 -68.5072 74.243
50 515.918 722.463 5 6.04695 -70.9946 105.662
51 515.644 722.881 5 6.25403 -54.0329 -133.886
52 515.371 723.3 5 6.49309 -49.739 -107.851
53 515.098 723.719 5 6.76073 -58.9325 -122.105
54 514.825 724.138 5 7.0537 -112.959 121.902
55 517.156 721.48 5 6.14552 -54.4945 -147.184
56 516.883 721.898 5 6.23015 -61.4153 -129.008
57 516.61 722.317 5 6.35311 -77.3395 153.242
58 516.336 722.736 5 6.51224 -69.7838 -161.283
59 516.063 723.155 5 6.70496 -59.2905 4.26514
60 515.79 723.573 5 6.92847 -54.5432 82.6515
61 515.517 723.992 5 7.1799 -53.9508 87.4486
62 515.243 724.411 5 7.45642 -116.446 -102.916
63 517.575 721.753 5 6.64162 -61.8926 176.272
64 517.302 722.172 5 6.71999 -58.6541 -154.898
65 517.028 722.59 5 6.83415 -70.6266 89.1722
66 516.755 723.009 5 6.98232 -68.0656 -136.509
67 516.482 723.428 5 7.16241 -66.3744 59.4754
68 516.209 723.847 5 7.37206 -57.2896 -93.8135
69 515.935 724.265 5 7.60885 -54.4098 -94.8688
70 515.662 724.684 5 7.87031 -61.473 -176.379
71 517.994 722.026 5 7.13825 -58.1629 177.853
72 517.72 722.445 5 7.21123 -60.372 -110.835
73 517.447 722.864 5 7.31773 -64.5135 102.2
74 517.174 723.282 5 7.4563 -66.2508 -63.56
75 516.901 723.701 5 7.6252 -77.2877 -83.0479
76 516.627 724.12 5 7.82246 -58.0737 58.4382
77 516.354 724.539 5 8.046 -54.5871 97.5953
78 516.081 724.957 5 8.2937 -54.2087 114.862
