1 505.473 717.831 5 6.24149 -68.6191 171.766
2 505.747 717.412 5 5.92268 -70.4886 -106.594
3 506.02 716.994 5 5.63028 -66.1751 -18.7747
4 506.294 716.575 5 5.36861 -66.175 -23.7982
5 506.567 716.157 5 5.14236 -71.3843 20.3437
6 505.891 718.104 5 5.87579 -62.4089 -175.333
7 506.165 717.686 5 5.53595 -74.0742 39.598
8 506.439 717.267 5 5.22194 -74.2555 98.9292
9 506.712 716.849 5 4.93868 -63.1685 141.962
10 506.986 716.43 5 4.69175 -66.7522 140.284
11 506.31 718.378 5 5.53114 -61.8905 69.0209
12 506.584 717.96 5 5.1687 -63.6993 18.2309
13 506.857 717.541 5 4.83087 -58.6279 -107.567
14 507.131 717.123 5 4.52319 -62.4096 -42.7521
15 507.404 716.704 5 4.25219 -74.6975 -52.523
16 506.728 718.652 5 5.21173 -76.941 -81.3272
17 507.002 718.233 5 4.82536 -59.9176 -93.3516
18 507.276 717.815 5 4.46161 -63.6263 -130.094
19 507.549 717.396 5 4.12648 -62.6216 35.2725
20 507.823 716.978 5 3.8275 -58.9687 151.559
21 507.147 718.925 5 4.92248 -71.3537 99.2053
22 507.421 718.507 5 4.5114 -65.0413 95.8316
23 507.694 718.088 5 4.12003 -77.1183 115.162
24 507.968 717.67 5 3.75453 -59.3062 125.797
25 508.241 717.251 5 3.42322 -71.3471 -84.2502
26 507.565 719.199 5 4.66899 -79.9132 57.4398
27 507.839 718.78 5 4.23336 -66.4799 149.174
28 508.113 718.362 5 3.81356 -69.2001 -131.965
29 508.386 717.943 5 3.41543 -59.6885 30.1412
30 508.66 717.525 5 3.04747 -54.036 -3.06585
31 507.984 719.472 5 4.45736 -66.4462 -51.8228
32 508.258 719.054 5 3.99875 -70.7599 70.4784
33 508.531 718.635 5 3.55133 -74.3552 42.3452
34 508.805 718.217 5 3.11991 -64.9181 99.2221
35 509.078 717.798 5 2.71214 -74.276 -108.558
36 508.402 719.746 5 4.2938 -57.0568 -12.0648
37 508.676 719.328 5 3.81558 -64.9426 44.6496
38 508.95 718.909 5 3.34373 -70.1377 -46.7381
39 509.223 718.491 5 2.8814 -69.486 -163.137
40 509.497 718.072 5 2.434 -71.0229 -129.575
