1 509.951 714.045 5 2.5 -45.4201 26.8458
2 510.37 714.318 5 2.23607 -46.6066 20.9975
3 510.79 714.59 5 2.06155 -47.2181 -149.516
4 511.209 714.862 5 2 -43.4548 20.5608
5 511.628 715.135 5 2.06155 -48.9652 -141.655
6 512.048 715.407 5 2.23607 -48.4534 12.9867
7 512.467 715.679 5 2.5 -46.3578 41.9297
8 512.886 715.952 5 2.82843 -42.3896 132.521
9 513.306 716.224 5 3.20156 -46.0552 175.819
10 513.725 716.496 5 3.60555 -47.6031 28.9388
11 514.144 716.769 5 4.03113 -57.962 -62.0201
12 514.564 717.041 5 4.47214 -46.3817 -161.06
13 514.983 717.313 5 4.92443 -50.5258 95.6053
14 509.679 714.465 5 2.12132 -48.61 -42.8178
15 510.098 714.737 5 1.80278 -47.1182 -161.73
16 510.517 715.009 5 1.58114 -45.4442 91.9892
17 510.937 715.282 5 1.5 -41.6981 10.5737
18 511.356 715.554 5 1.58114 -47.5385 105.603
19 511.775 715.826 5 1.80278 -49.0501 -167.522
20 512.195 716.099 5 2.12132 -47.3579 -32.5941
21 512.614 716.371 5 2.5 -43.6202 -3.86607
22 513.033 716.643 5 2.91548 -47.8466 -104.51
23 513.453 716.916 5 3.3541 -46.2317 43.7822
24 513.872 717.188 5 3.80789 -52.4838 168.297
25 514.291 717.46 5 4.272 -49.6417 -145.327
26 514.711 717.733 5 4.74342 -49.9801 30.9608
27 509.406 714.884 5 1.80278 -44.5567 -140.71
28 509.826 715.156 5 1.41421 -41.6156 -102.74
29 510.245 715.429 5 1.11803 -40.2865 1.61698
30 510.664 715.701 5 1 -40.1448 4.05122
31 511.084 715.973 5 1.11803 -38.7359 2.06309
32 511.503 716.246 5 1.41421 -42.4112 -103.163
33 511.922 716.518 5 1.80278 -46.0078 -155.719
34 512.342 716.79 5 2.23607 -45.078 77.7904
35 512.761 717.063 5 2.69258 -48.0865 170.792
36 513.18 717.335 5 3.16228 -43.873 -107.113
37 513.6 717.607 5 3.64006 -48.2433 -34.3463
38 514.019 717.88 5 4.12311 -53.5326 -22.4989
39 514.438 718.152 5 4.60977 -47.8599 -23.1011
40 509.134 715.303 5 1.58114 -51.2378 71.4356
41 509.553 715.576 5 1.11803 -42.9265 -0.335503
42 509.973 715.848 5 0.707107 -39.5555 123.804
43 510.392 716.12 5 0.5 -34.4835 1.30925
44 510.811 716.393 5 0.707107 -39.0326 114.232
45 511.231 716.665 5 1.11803 -42.4498 17.3808
46 511.65 716.937 5 1.58114 -47.5545 104.154
47 512.069 717.21 5 2.06155 -40.8087 -156.706
48 512.489 717.482 5 2.54951 -47.5923 -117.843
49 512.908 717.754 5 3.04138 -50.2484 -99.4215
50 513.327 718.027 5 3.53553 -51.888 -98.6444
51 513.747 718.299 5 4.03113 -49.4564 -117.186
52 514.166 718.571 5 4.52769 -50.3588 -97.7665
53 508.862 715.723 5 1.5 -38.7702 17.3498
54 509.281 715.995 5 1 -38.3308 9.65526
55 509.7 716.267 5 0.5 -33.1213 -10.2498
56 510.12 716.54 5 0 -52.8639 64.8677
57 510.539 716.812 5 0.5 -33.6691 -8.12825
58 510.958 717.084 5 1 -40.4796 23.3526
59 511.378 717.357 5 1.5 -41.4603 18.821
60 511.797 717.629 5 2 -41.9875 -0.337308
61 512.216 717.901 5 2.5 -50.1084 17.8726
62 512.636 718.174 5 3 -52.2694 -5.51865
63 513.055 718.446 5 3.5 -48.4006 -21.8552
64 513.474 718.718 5 4 -46.9527 -19.2247
65 513.894 718.991 5 4.5 -47.859 0.0593751
66 508.589 716.142 5 1.58114 -45.3817 103.058
67 509.009 716.414 5 1.11803 -40.3228 -7.50951
68 509.428 716.687 5 0.707107 -38.3194 133.276
69 509.847 716.959 5 0.5 -33.5537 2.92913
70 510.267 717.231 5 0.707107 -37.3957 144.649
71 510.686 717.504 5 1.11803 -41.7439 -13.8315
72 511.105 717.776 5 1.58114 -45.1396 130.638
73 511.525 718.048 5 2.06155 -46.8227 162.018
74 511.944 718.321 5 2.54951 -48.8785 -130.952
75 512.363 718.593 5 3.04138 -49.2316 -100.452
76 512.783 718.865 5 3.53553 -51.6434 -84.965
77 513.202 719.138 5 4.03113 -50.4828 -123.27
78 513.621 719.41 5 4.52769 -50.3081 -102.187
79 510.414 717.923 5 1.41421 -41.5496 -111.497
80 510.833 718.195 5 1.80278 -46.4816 -158.871
81 511.672 718.74 5 2.69258 -51.965 139.833
82 512.091 719.012 5 3.16228 -45.6008 -120.735
83 512.51 719.285 5 3.64006 -48.1118 -100.133
84 512.93 719.557 5 4.12311 -48.7656 -63.6351
85 513.349 719.829 5 4.60977 -56.5314 30.9442
86 510.141 718.342 5 1.80278 -50.7886 9.16262
87 510.561 718.615 5 2.12132 -51.4732 23.2199
88 511.399 719.159 5 2.91548 -48.8745 82.8259
89 511.819 719.432 5 3.3541 -48.5083 -76.1158
90 512.238 719.704 5 3.80789 -73.4937 -160.031
91 512.657 719.976 5 4.272 -53.5292 -79.3331
92 513.077 720.249 5 4.74342 -62.4291 -125.787
93 509.869 718.762 5 2.23607 -54.3219 95.1351
94 510.288 719.034 5 2.5 -52.0491 -97.7228
95 511.127 719.579 5 3.20156 -53.9822 15.0129
96 511.546 719.851 5 3.60555 -53.1552 80.3575
97 511.966 720.123 5 4.03113 -52.7844 86.8598
98 512.385 720.396 5 4.47214 -55.6773 -10.3663
99 512.804 720.668 5 4.92443 -60.9698 -124.648
100 509.597 719.181 5 2.69258 -58.4948 55.5778
101 510.016 719.453 5 2.91548 -53.4045 -45.3924
102 509.324 719.6 5 3.16228 -58.3315 164.495
103 509.744 719.873 5 3.3541 -63.9845 -59.6397
104 509.052 720.02 5 3.64006 -63.2159 131.799
105 509.471 720.292 5 3.80789 -59.7422 -11.0557
