1 509.951 714.045 5 3.53553 -48.1596 -69.7048
2 510.37 714.318 5 3.04138 -53.7818 -159.994
3 510.79 714.59 5 2.54951 -50.3622 -62.8674
4 511.209 714.862 5 2.06155 -50.4423 138.771
5 511.628 715.135 5 1.58114 -44.7507 84.3957
6 512.048 715.407 5 1.11803 -40.588 -2.50411
7 512.467 715.679 5 0.707107 -34.3332 122.062
8 512.886 715.952 5 0.5 -31.965 -1.51736
9 513.306 716.224 5 0.707107 -35.4672 125.625
10 513.725 716.496 5 1.11803 -40.2471 22.0782
11 514.144 716.769 5 1.58114 -44.5605 111.921
12 514.564 717.041 5 2.06155 -61.0295 -13.5786
13 514.983 717.313 5 2.54951 -46.3259 95.0075
14 509.679 714.465 5 3.5 -46.4962 7.13243
15 510.098 714.737 5 3 -53.3006 68.75
16 510.517 715.009 5 2.5 -55.3424 10.7176
17 510.937 715.282 5 2 -48.2814 3.54506
18 511.356 715.554 5 1.5 -46.6341 11.0424
19 511.775 715.826 5 1 -39.3129 10.4953
20 512.195 716.099 5 0.5 -35.4561 -6.60591
21 512.614 716.371 5 0 -49.0214 -17.1884
22 513.033 716.643 5 0.5 -36.2028 -11.0662
23 513.453 716.916 5 1 -39.3077 19.9164
24 513.872 717.188 5 1.5 -48.8518 -3.64435
25 514.291 717.46 5 2 -48.4162 -4.66798
26 514.711 717.733 5 2.5 -52.4364 7.24736
27 509.406 714.884 5 3.53553 -45.2207 -94.3717
28 509.826 715.156 5 3.04138 -42.7646 -100.698
29 510.245 715.429 5 2.54951 -48.3492 -143.804
30 510.664 715.701 5 2.06155 -51.9476 173.533
31 511.084 715.973 5 1.58114 -47.0717 128.082
32 511.503 716.246 5 1.11803 -45.5633 21.2005
33 511.922 716.518 5 0.707107 -37.0114 134.241
34 512.342 716.79 5 0.5 -33.5076 -3.02103
35 512.761 717.063 5 0.707107 -36.1625 123.877
36 513.18 717.335 5 1.11803 -40.5471 45.204
37 513.6 717.607 5 1.58114 -44.7743 119.298
38 514.019 717.88 5 2.06155 -45.1397 161.271
39 514.438 718.152 5 2.54951 -49.0635 -161.856
40 509.134 715.303 5 3.64005 -49.9094 -29.0828
41 509.553 715.576 5 3.16228 -49.4331 -77.6318
42 509.973 715.848 5 2.69258 -44.5662 172.761
43 510.392 716.12 5 2.23607 -55.0146 93.4678
44 510.811 716.393 5 1.80278 -46.4282 -169.275
45 511.231 716.665 5 1.41421 -40.0209 -115.496
46 511.65 716.937 5 1.11803 -42.8693 3.05824
47 512.069 717.21 5 1 -40.1304 -16.4515
48 512.489 717.482 5 1.11803 -42.2158 3.66894
49 512.908 717.754 5 1.41421 -41.3481 -122.077
50 513.327 718.027 5 1.80278 -43.5128 -176.687
51 513.747 718.299 5 2.23607 -50.8247 73.6113
52 514.166 718.571 5 2.69258 -42.6139 172.36
53 508.862 715.723 5 3.80789 -49.2246 160.412
54 509.281 715.995 5 3.3541 -44.0699 66.1525
55 509.7 716.267 5 2.91548 -53.6115 -82.4757
56 510.12 716.54 5 2.5 -43.9902 -0.889498
57 510.539 716.812 5 2.12132 -51.5361 -13.8526
58 510.958 717.084 5 1.80278 -46.3967 -150.884
59 511.378 717.357 5 1.58114 -46.7265 137.115
60 511.797 717.629 5 1.5 -42.2248 -10.0627
61 512.216 717.901 5 1.58114 -42.5436 143.694
62 512.636 718.174 5 1.80278 -48.7175 -142.476
63 513.055 718.446 5 2.12132 -48.956 -18.4415
64 513.474 718.718 5 2.5 -42.4934 -4.43806
65 513.894 718.991 5 2.91548 -53.6445 -100.255
66 508.589 716.142 5 4.03113 -60.1855 -77.6949
67 509.009 716.414 5 3.60555 -46.9127 51.6722
68 509.428 716.687 5 3.20156 -49.623 -162.75
69 509.847 716.959 5 2.82843 -41.2504 118.249
70 510.267 717.231 5 2.5 -49.5107 6.03355
71 510.686 717.504 5 2.23607 -45.4128 15.5016
72 511.105 717.776 5 2.06155 -46.2082 -142.686
73 511.525 718.048 5 2 -45.5208 15.7807
74 511.944 718.321 5 2.06155 -44.9351 167.14
75 512.363 718.593 5 2.23607 -41.9562 30.9531
76 512.783 718.865 5 2.5 -45.2717 -10.622
77 513.202 719.138 5 2.82843 -47.8312 122.163
78 513.621 719.41 5 3.20156 -48.2887 136.351
79 510.414 717.923 5 2.69258 -50.0114 117.873
80 510.833 718.195 5 2.54951 -47.9158 -129.623
81 511.672 718.74 5 2.54951 -54.3648 -127.925
82 512.091 719.012 5 2.69258 -47.6046 105.036
83 512.51 719.285 5 2.91548 -59.2925 -108.492
84 512.93 719.557 5 3.20156 -50.7865 159.279
85 513.349 719.829 5 3.53553 -47.0572 -65.9052
86 510.141 718.342 5 3.16228 -65.8176 -38.5647
87 510.561 718.615 5 3.04138 -48.1279 -119.269
88 511.399 719.159 5 3.04138 -45.618 -132.345
89 511.819 719.432 5 3.16228 -50.6176 -43.5032
90 512.238 719.704 5 3.3541 -46.7821 37.3513
91 512.657 719.976 5 3.60555 -50.8334 48.5256
92 513.077 720.249 5 3.90512 -56.1552 -95.361
93 509.869 718.762 5 3.64006 -53.9362 88.1429
94 510.288 719.034 5 3.53553 -42.0423 -94.1304
95 511.127 719.579 5 3.53553 -52.5765 -103.996
96 511.546 719.851 5 3.64006 -51.4029 -147.45
97 511.966 720.123 5 3.80789 -46.6941 168.837
98 512.385 720.396 5 4.03113 -52.1917 -97.0544
99 512.804 720.668 5 4.30116 -58.1619 40.7726
100 509.597 719.181 5 4.12311 -55.2153 51.096
101 510.016 719.453 5 4.03113 -49.1026 -76.238
102 509.324 719.6 5 4.60977 -49.2839 25.8553
103 509.744 719.873 5 4.52769 -47.2428 -103.111
104 509.052 720.02 5 5.09902 -43.9573 61.2881
105 509.471 720.292 5 5.02494 -51.0879 -97.7398
