1 509.951 714.045 5 6 -48.5553 152.845
2 510.37 714.318 5 5.5 -49.2324 135.043
3 510.79 714.59 5 5 -50.0138 101.083
4 511.209 714.862 5 4.5 -50.9292 71.9657
5 511.628 715.135 5 4 -52.9878 -17.8327
6 512.048 715.407 5 3.5 -50.6157 -94.2852
7 512.467 715.679 5 3 -42.3482 -162.829
8 512.886 715.952 5 2.5 -41.4238 130.626
9 513.306 716.224 5 2 -44.3578 -111.048
10 513.725 716.496 5 1.5 -47.3847 117.692
11 514.144 716.769 5 1 -44.7933 -110.62
12 514.564 717.041 5 0.5 -38.6989 46.3393
13 514.983 717.313 5 0 -31.5587 139.857
14 509.679 714.465 5 6.0208 -48.3915 159.034
15 510.098 714.737 5 5.52268 -44.6737 111.788
16 510.517 715.009 5 5.02494 -43.8408 60.0561
17 510.937 715.282 5 4.52769 -47.0128 12.1624
18 511.356 715.554 5 4.03113 -53.6839 -154.947
19 511.775 715.826 5 3.53553 -47.3559 116.718
20 512.195 716.099 5 3.04138 -45.9917 -51.2846
21 512.614 716.371 5 2.54951 -46.6674 103.361
22 513.033 716.643 5 2.06155 -49.9062 70.5851
23 513.453 716.916 5 1.58114 -62.0725 4.78005
24 513.872 717.188 5 1.11803 -57.0425 140.802
25 514.291 717.46 5 0.707107 -37.6014 -60.385
26 514.711 717.733 5 0.5 -38.5261 -160.363
27 509.406 714.884 5 6.08276 -49.2829 104.191
28 509.826 715.156 5 5.59017 -47.3964 18.3165
29 510.245 715.429 5 5.09902 -50.2452 -80.0992
30 510.664 715.701 5 4.60977 -57.6553 124.782
31 511.084 715.973 5 4.12311 -47.5574 -34.5942
32 511.503 716.246 5 3.64006 -47.1107 139.791
33 511.922 716.518 5 3.16228 -48.5825 -109.255
34 512.342 716.79 5 2.69258 -55.244 -163.855
35 512.761 717.063 5 2.23607 -51.5185 136.242
36 513.18 717.335 5 1.80278 -50.7114 2.67821
37 513.6 717.607 5 1.41421 -45.1277 64.5523
38 514.019 717.88 5 1.11803 -43.1651 -168.619
39 514.438 718.152 5 1 -50.7312 -174.314
40 509.134 715.303 5 6.18466 -50.9124 -76.8937
41 509.553 715.576 5 5.70088 -50.843 146.2
42 509.973 715.848 5 5.22015 -48.3922 1.18763
43 510.392 716.12 5 4.74342 -46.3088 161.27
44 510.811 716.393 5 4.272 -49.4254 -53.0416
45 511.231 716.665 5 3.80789 -52.8818 21.4934
46 511.65 716.937 5 3.3541 -51.421 -100.686
47 512.069 717.21 5 2.91548 -60.3821 -59.9515
48 512.489 717.482 5 2.5 -52.7676 179.625
49 512.908 717.754 5 2.12132 -49.1474 -164.409
50 513.327 718.027 5 1.80278 -47.2935 9.86856
51 513.747 718.299 5 1.58114 -46.738 -59.7818
52 514.166 718.571 5 1.5 -51.7461 -176.645
53 508.862 715.723 5 6.32456 -52.8973 7.88613
54 509.281 715.995 5 5.85235 -47.2099 -156.169
55 509.7 716.267 5 5.38516 -50.1263 -16.3963
56 510.12 716.54 5 4.92443 -52.579 96.5383
57 510.539 716.812 5 4.47214 -50.7463 169.66
58 510.958 717.084 5 4.03113 -48.3831 48.3497
59 511.378 717.357 5 3.60555 -60.4867 -101.813
60 511.797 717.629 5 3.20156 -55.8128 -75.1046
61 512.216 717.901 5 2.82843 -48.8948 -55.496
62 512.636 718.174 5 2.5 -46.6988 -164.211
63 513.055 718.446 5 2.23607 -52.9075 -151.584
64 513.474 718.718 5 2.06155 -46.6354 7.59144
65 513.894 718.991 5 2 -62.8976 -139.163
66 508.589 716.142 5 6.5 -55.1578 34.7482
67 509.009 716.414 5 6.04152 -51.5311 160.607
68 509.428 716.687 5 5.59017 -51.9421 -127.7
69 509.847 716.959 5 5.14782 -64.8547 -19.7236
70 510.267 717.231 5 4.71699 -51.0786 -157.724
71 510.686 717.504 5 4.30116 -56.8663 68.9017
72 511.105 717.776 5 3.90512 -56.6525 67.0705
73 511.525 718.048 5 3.53553 -51.0441 62.0356
74 511.944 718.321 5 3.20156 -48.3496 -34.3538
75 512.363 718.593 5 2.91548 -51.476 53.4376
76 512.783 718.865 5 2.69258 -52.4619 -36.016
77 513.202 719.138 5 2.54951 -47.6779 42.3667
78 513.621 719.41 5 2.5 -52.0023 179.484
79 510.414 717.923 5 4.60977 -54.621 -171.389
80 510.833 718.195 5 4.24264 -54.7509 177.637
81 511.672 718.74 5 3.60555 -49.0571 -142.484
82 512.091 719.012 5 3.3541 -55.5696 -116.014
83 512.51 719.285 5 3.16228 -50.5662 72.7078
84 512.93 719.557 5 3.04138 -50.7752 21.6549
85 513.349 719.829 5 3 -55.0786 -136.597
86 510.141 718.342 5 4.94975 -52.2586 -23.9707
87 510.561 718.615 5 4.60977 -62.7471 170.796
88 511.399 719.159 5 4.03113 -54.5937 68.5092
89 511.819 719.432 5 3.80789 -58.7773 -2.53667
90 512.238 719.704 5 3.64005 -52.8434 113.501
91 512.657 719.976 5 3.53553 -54.9213 61.2173
92 513.077 720.249 5 3.5 -62.3963 109.729
93 509.869 718.762 5 5.31507 -67.5846 -174.4
94 510.288 719.034 5 5 -63.7189 153.092
95 511.127 719.579 5 4.47214 -48.2657 -136.615
96 511.546 719.851 5 4.272 -54.9852 -49.0055
97 511.966 720.123 5 4.12311 -57.949 -132.49
98 512.385 720.396 5 4.03113 -52.8568 11.6076
99 512.804 720.668 5 4 -57.281 69.2719
100 509.597 719.181 5 5.70088 -63.0485 -174.689
101 510.016 719.453 5 5.40833 -60.7816 -88.2273
102 509.324 719.6 5 6.10328 -67.4606 -4.31034
103 509.744 719.873 5 5.83095 -62.7041 -111.068
104 509.052 720.02 5 6.5192 -65.6629 -53.4568
105 509.471 720.292 5 6.26498 -67.2202 -141.407
