1 505.473 717.831 5 6.26514 -78.4091 100.75
2 505.747 717.412 5 6.07214 -76.3326 -109.445
3 506.02 716.994 5 5.91521 -85.4559 140.924
4 506.294 716.575 5 5.79729 -80.8873 171.313
5 506.567 716.157 5 5.7208 -74.3078 -108.14
6 505.891 718.104 5 5.81516 -73.2538 96.3173
7 506.165 717.686 5 5.60669 -72.4942 -28.1656
8 506.439 717.267 5 5.43635 -76.236 146.456
9 506.712 716.849 5 5.3078 -86.0844 -48.809
10 506.986 716.43 5 5.22414 -78.9948 -143.207
11 506.31 718.378 5 5.37403 -76.9734 64.6283
12 506.584 717.96 5 5.14773 -70.1556 -38.3287
13 506.857 717.541 5 4.96165 -69.9775 -169.687
14 507.131 717.123 5 4.82046 -66.8598 -66.4411
15 507.404 716.704 5 4.72819 -67.3219 120.034
16 506.728 718.652 5 4.94412 -75.8575 -73.4516
17 507.002 718.233 5 4.69715 -78.6548 158.063
18 507.276 717.815 5 4.49245 -75.3404 -2.66985
19 507.549 717.396 5 4.33601 -79.7815 -150.199
20 507.823 716.978 5 4.23319 -73.1948 98.876
21 507.147 718.925 5 4.52863 -71.3384 -135.491
22 507.421 718.507 5 4.25762 -65.5378 81.5769
23 507.694 718.088 5 4.03066 -64.6875 -80.4249
24 507.968 717.67 5 3.85553 -68.8337 -111.868
25 508.241 717.251 5 3.73952 -81.252 166.052
26 507.565 719.199 5 4.1319 -72.2039 -95.2836
27 507.839 718.78 5 3.83295 -65.5857 179.201
28 508.113 718.362 5 3.57916 -68.6266 138.794
29 508.386 717.943 5 3.38072 -73.9319 6.99652
30 508.66 717.525 5 3.24779 -78.9824 -119.426
31 507.984 719.472 5 3.75988 -68.8061 59.967
32 508.258 719.054 5 3.42864 -72.1356 2.75571
33 508.531 718.635 5 3.14237 -81.0729 117.131
34 508.805 718.217 5 2.91434 -82.3265 102.401
35 509.078 717.798 5 2.75903 -68.8516 97.6352
36 508.402 719.746 5 3.42065 -71.9768 -6.37227
37 508.676 719.328 5 3.05282 -76.851 -104.381
38 508.95 718.909 5 2.72738 -80.4854 21.1679
39 509.223 718.491 5 2.4612 -78.1041 -30.0889
40 509.497 718.072 5 2.27516 -77.8784 75.8637
