1 505.473 717.831 5 9.12508 -88.6331 -16.3286
2 505.747 717.412 5 8.82504 -83.1676 101.241
3 506.02 716.994 5 8.54375 -80.1139 141.629
4 506.294 716.575 5 8.28312 -80.707 -163.183
5 506.567 716.157 5 8.04515 -87.9917 -121.261
6 505.891 718.104 5 8.73729 -85.2547 43.2172
7 506.165 717.686 5 8.42345 -83.303 0.726477
8 506.439 717.267 5 8.12828 -82.8957 26.2517
9 506.712 716.849 5 7.85387 -86.0873 13.4959
10 506.986 716.43 5 7.60248 -82.9847 -155.807
11 506.31 718.378 5 8.36142 -80.8365 71.1264
12 506.584 717.96 5 8.03292 -91.098 170.165
13 506.857 717.541 5 7.72283 -86.7157 179.753
14 507.131 717.123 5 7.43347 -89.2389 45.3702
15 507.404 716.704 5 7.16735 -72.2581 -150.92
16 506.728 718.652 5 7.99916 -81.3389 -27.9663
17 507.002 718.233 5 7.65512 -84.5737 44.6113
18 507.276 717.815 5 7.32907 -96.2171 54.3285
19 507.549 717.396 5 7.02351 -72.8848 101.981
20 507.823 716.978 5 6.74122 -85.2102 -147.945
21 507.147 718.925 5 7.65243 -94.3249 -118.382
22 507.421 718.507 5 7.29206 -91.203 -127.525
23 507.694 718.088 5 6.94899 -75.186 -33.4107
24 507.968 717.67 5 6.62592 -76.0123 92.6313
25 508.241 717.251 5 6.32592 -83.3124 -48.2848
26 507.565 719.199 5 7.32345 -83.1286 24.4864
27 507.839 718.78 5 6.94603 -76.2094 -147.626
28 508.113 718.362 5 6.58496 -75.5413 -38.5908
29 508.386 717.943 5 6.24308 -85.8876 172.25
30 508.66 717.525 5 5.92372 -82.0837 53.5453
31 507.984 719.472 5 7.01471 -77.2984 85.1741
32 508.258 719.054 5 6.61971 -79.1911 -163.038
33 508.531 718.635 5 6.23978 -77.6724 26.4745
34 508.805 718.217 5 5.87786 -93.2959 -34.8943
35 509.078 717.798 5 5.53747 -101.993 89.863
36 508.402 719.746 5 6.72899 -75.0874 -24.2303
37 508.676 719.328 5 6.31614 -94.4114 38.1488
38 508.95 718.909 5 5.91676 -250 0
39 509.223 718.491 5 5.53375 -250 0
40 509.497 718.072 5 5.17076 -250 0
