1 509.951 714.045 5 4.47214 -47.7177 49.1337
2 510.37 714.318 5 4.03113 -53.3013 -44.3867
3 510.79 714.59 5 3.60555 -48.1254 34.3198
4 511.209 714.862 5 3.20156 -49.8966 131.775
5 511.628 715.135 5 2.82843 -44.5457 152.065
6 512.048 715.407 5 2.5 -45.3217 41.7942
7 512.467 715.679 5 2.23607 -50.2045 27.6542
8 512.886 715.952 5 2.06155 -42.1207 173.925
9 513.306 716.224 5 2 -44.0208 -56.3858
10 513.725 716.496 5 2.06155 -41.2148 -175.299
11 514.144 716.769 5 2.23607 -55.2708 4.4098
12 514.564 717.041 5 2.5 -51.506 -174.647
13 514.983 717.313 5 2.82843 -49.257 -53.6173
14 509.679 714.465 5 4.272 -60.1484 -149.265
15 510.098 714.737 5 3.80789 -52.4647 145.615
16 510.517 715.009 5 3.3541 -48.2857 32.2045
17 510.937 715.282 5 2.91548 -56.4636 -119.848
18 511.356 715.554 5 2.5 -43.6512 -2.26722
19 511.775 715.826 5 2.12132 -47.4955 -15.4539
20 512.195 716.099 5 1.80278 -46.7223 -144.644
21 512.614 716.371 5 1.58114 -44.1867 142.849
22 513.033 716.643 5 1.5 -41.5833 -28.9388
23 513.453 716.916 5 1.58114 -40.8984 130.83
24 513.872 717.188 5 1.80278 -47.3436 -156.841
25 514.291 717.46 5 2.12132 -51.3515 11.9682
26 514.711 717.733 5 2.5 -47.7787 27.5596
27 509.406 714.884 5 4.12311 -56.5307 -51.1883
28 509.826 715.156 5 3.64006 -59.3058 -53.8872
29 510.245 715.429 5 3.16228 -47.5742 -102.523
30 510.664 715.701 5 2.69258 -44.8367 155.224
31 511.084 715.973 5 2.23607 -48.0382 40.8398
32 511.503 716.246 5 1.80278 -45.1169 -131.259
33 511.922 716.518 5 1.41421 -44.1631 -107.994
34 512.342 716.79 5 1.11803 -40.9884 10.6788
35 512.761 717.063 5 1 -39.8521 -22.6372
36 513.18 717.335 5 1.11803 -46.0687 1.12025
37 513.6 717.607 5 1.41421 -44.0852 -116.186
38 514.019 717.88 5 1.80278 -51.48 -133.624
39 514.438 718.152 5 2.23607 -43.866 8.81118
40 509.134 715.303 5 4.03113 -55.7134 -141.327
41 509.553 715.576 5 3.53553 -58.7689 -119.236
42 509.973 715.848 5 3.04138 -56.6945 -148.981
43 510.392 716.12 5 2.54951 -59.5071 -91.197
44 510.811 716.393 5 2.06155 -46.3234 -173.484
45 511.231 716.665 5 1.58114 -44.0826 101.356
46 511.65 716.937 5 1.11803 -39.0659 9.34991
47 512.069 717.21 5 0.707107 -37.1388 121.973
48 512.489 717.482 5 0.5 -34.3752 -11.3707
49 512.908 717.754 5 0.707107 -36.4437 128.73
50 513.327 718.027 5 1.11803 -38.8027 26.528
51 513.747 718.299 5 1.58114 -42.9144 88.3394
52 514.166 718.571 5 2.06155 -44.6323 179.7
53 508.862 715.723 5 4 -48.177 2.40852
54 509.281 715.995 5 3.5 -49.1338 -52.5655
55 509.7 716.267 5 3 -55.7598 -36.7872
56 510.12 716.54 5 2.5 -50.3514 7.51036
57 510.539 716.812 5 2 -41.1677 -3.13471
58 510.958 717.084 5 1.5 -42.0061 20.6608
59 511.378 717.357 5 1 -40.7788 9.11353
60 511.797 717.629 5 0.5 -34.2177 1.71074
61 512.216 717.901 5 0 -42.9281 -133.09
62 512.636 718.174 5 0.5 -34.5004 5.954
63 513.055 718.446 5 1 -36.4093 4.61035
64 513.474 718.718 5 1.5 -41.2156 6.41346
65 513.894 718.991 5 2 -45.6672 12.2731
66 508.589 716.142 5 4.03113 -48.3672 -155.108
67 509.009 716.414 5 3.53553 -60.0986 -52.1314
68 509.428 716.687 5 3.04138 -46.2112 -15.1411
69 509.847 716.959 5 2.54951 -48.2087 -112.328
70 510.267 717.231 5 2.06155 -50.7942 177.752
71 510.686 717.504 5 1.58114 -42.9076 109.791
72 511.105 717.776 5 1.11803 -39.54 18.2458
73 511.525 718.048 5 0.707107 -38.9066 125.535
74 511.944 718.321 5 0.5 -34.856 -17.9672
75 512.363 718.593 5 0.707107 -38.3838 118.92
76 512.783 718.865 5 1.11803 -38.6868 20.6446
77 513.202 719.138 5 1.58114 -42.9904 125.999
78 513.621 719.41 5 2.06155 -46.9831 141.922
79 510.414 717.923 5 1.80278 -43.789 -159.738
80 510.833 718.195 5 1.41421 -46.6901 -125.681
81 511.672 718.74 5 1 -43.1452 -32.7602
82 512.091 719.012 5 1.11803 -40.5504 -13.6798
83 512.51 719.285 5 1.41421 -43.6306 -98.8644
84 512.93 719.557 5 1.80278 -49.8666 -154.063
85 513.349 719.829 5 2.23607 -46.8147 -0.715924
86 510.141 718.342 5 2.12132 -46.3955 12.8266
87 510.561 718.615 5 1.80278 -51.3762 168.003
88 511.399 719.159 5 1.5 -64.7659 -37.6805
89 511.819 719.432 5 1.58114 -44.709 128.915
90 512.238 719.704 5 1.80278 -54.7788 -167.392
91 512.657 719.976 5 2.12132 -47.0559 -24.6461
92 513.077 720.249 5 2.5 -51.5618 63.7403
93 509.869 718.762 5 2.5 -48.7276 -176.121
94 510.288 719.034 5 2.23607 -54.3578 162.563
95 511.127 719.579 5 2 -43.6115 -134.031
96 511.546 719.851 5 2.06155 -50.3463 129.522
97 511.966 720.123 5 2.23607 -45.4797 54.6459
98 512.385 720.396 5 2.5 -48.3794 21.1159
99 512.804 720.668 5 2.82843 -56.0056 -11.4862
100 509.597 719.181 5 2.91548 -47.3452 -106.044
101 510.016 719.453 5 2.69258 -51.8847 -18.7175
102 509.324 719.6 5 3.3541 -62.2691 45.967
103 509.744 719.873 5 3.16228 -52.2715 -24.7646
104 509.052 720.02 5 3.80789 -61.1515 19.3636
105 509.471 720.292 5 3.64006 -55.5486 -153.402
