1 509.951 714.045 5 6.10328 -45.4604 62.8321
2 510.37 714.318 5 5.70088 -60.2722 28.863
3 510.79 714.59 5 5.31507 -49.897 -163.786
4 511.209 714.862 5 4.94975 -52.3999 94.7214
5 511.628 715.135 5 4.60977 -51.4393 5.78579
6 512.048 715.407 5 4.30116 -75.205 -110.154
7 512.467 715.679 5 4.03113 -45.0979 -111.903
8 512.886 715.952 5 3.80789 -62.5732 71.2824
9 513.306 716.224 5 3.64005 -45.2247 -18.7291
10 513.725 716.496 5 3.53553 -44.7805 -143.225
11 514.144 716.769 5 3.5 -48.3892 -64.5913
12 514.564 717.041 5 3.53553 -75.6677 112.2
13 514.983 717.313 5 3.64005 -52.0669 106.945
14 509.679 714.465 5 5.83095 -56.2323 88.3058
15 510.098 714.737 5 5.40833 -48.5835 -111.674
16 510.517 715.009 5 5 -50.387 9.53115
17 510.937 715.282 5 4.60977 -53.7644 -13.043
18 511.356 715.554 5 4.24264 -58.3664 -110.155
19 511.775 715.826 5 3.90512 -53.7464 156.764
20 512.195 716.099 5 3.60555 -54.83 42.0677
21 512.614 716.371 5 3.3541 -49.0659 45.8603
22 513.033 716.643 5 3.16228 -50.684 -103.096
23 513.453 716.916 5 3.04138 -45.1537 -153.291
24 513.872 717.188 5 3 -47.7463 -114.786
25 514.291 717.46 5 3.04138 -56.2556 -86.946
26 514.711 717.733 5 3.16228 -54.2139 -147.711
27 509.406 714.884 5 5.59017 -51.248 85.4804
28 509.826 715.156 5 5.14782 -48.8821 -31.323
29 510.245 715.429 5 4.71699 -65.6278 121.886
30 510.664 715.701 5 4.30116 -49.3052 179.556
31 511.084 715.973 5 3.90512 -59.0641 -28.7332
32 511.503 716.246 5 3.53553 -43.6561 -104.785
33 511.922 716.518 5 3.20156 -45.4793 129.156
34 512.342 716.79 5 2.91548 -54.7801 -120.453
35 512.761 717.063 5 2.69258 -50.2859 119.919
36 513.18 717.335 5 2.54951 -48.0594 -140.533
37 513.6 717.607 5 2.5 -52.8633 -58.2327
38 514.019 717.88 5 2.54951 -55.8021 -16.1816
39 514.438 718.152 5 2.69258 -46.6842 132.658
40 509.134 715.303 5 5.38516 -53.1638 57.0108
41 509.553 715.576 5 4.92443 -62.0669 -29.2413
42 509.973 715.848 5 4.47214 -55.4588 80.948
43 510.392 716.12 5 4.03113 -44.1932 -73.6739
44 510.811 716.393 5 3.60555 -49.7716 129.073
45 511.231 716.665 5 3.20156 -48.8402 108.981
46 511.65 716.937 5 2.82843 -45.9478 115.335
47 512.069 717.21 5 2.5 -49.2107 -43.0289
48 512.489 717.482 5 2.23607 -50.7896 40.6173
49 512.908 717.754 5 2.06155 -43.4342 -177.307
50 513.327 718.027 5 2 -45.9183 -60.435
51 513.747 718.299 5 2.06155 -46.3369 -177.828
52 514.166 718.571 5 2.23607 -43.7298 39.4165
53 508.862 715.723 5 5.22015 -55.7077 7.36488
54 509.281 715.995 5 4.74342 -54.6341 -50.557
55 509.7 716.267 5 4.272 -55.8693 4.00549
56 510.12 716.54 5 3.80789 -63.5399 -63.031
57 510.539 716.812 5 3.3541 -58.2114 -99.4409
58 510.958 717.084 5 2.91548 -46.7425 -152.262
59 511.378 717.357 5 2.5 -53.0713 65.8091
60 511.797 717.629 5 2.12132 -43.9639 41.4368
61 512.216 717.901 5 1.80278 -50.5402 -151.385
62 512.636 718.174 5 1.58114 -45.2824 139.715
63 513.055 718.446 5 1.5 -50.904 -62.7517
64 513.474 718.718 5 1.58114 -49.8757 90.6769
65 513.894 718.991 5 1.80278 -49.9996 -147.081
66 508.589 716.142 5 5.09902 -57.2081 -80.3685
67 509.009 716.414 5 4.60977 -50.2028 -82.3998
68 509.428 716.687 5 4.12311 -48.7939 -102.989
69 509.847 716.959 5 3.64006 -48.2142 -161.381
70 510.267 717.231 5 3.16228 -49.3239 165.476
71 510.686 717.504 5 2.69258 -48.0994 179.217
72 511.105 717.776 5 2.23607 -48.0519 94.5763
73 511.525 718.048 5 1.80278 -45.532 -164.643
74 511.944 718.321 5 1.41421 -43.8567 -161.477
75 512.363 718.593 5 1.11803 -37.8008 23.0832
76 512.783 718.865 5 1 -38.4479 -50.4016
77 513.202 719.138 5 1.11803 -38.9978 -15.185
78 513.621 719.41 5 1.41421 -44.4644 -135.027
79 510.414 717.923 5 2.54951 -60.6645 -95.7696
80 510.833 718.195 5 2.06155 -51.6975 -20.6267
81 511.672 718.74 5 1.11803 -40.3551 16.9908
82 512.091 719.012 5 0.707107 -40.0562 88.9176
83 512.51 719.285 5 0.5 -33.2276 -21.1843
84 512.93 719.557 5 0.707107 -40.1589 129.858
85 513.349 719.829 5 1.11803 -41.9807 -9.67636
86 510.141 718.342 5 2.5 -55.6534 -49.4314
87 510.561 718.615 5 2 -53.9205 -55.1927
88 511.399 719.159 5 1 -39.5037 8.14934
89 511.819 719.432 5 0.5 -35.9759 5.63192
90 512.238 719.704 5 0 -40.0926 173.106
91 512.657 719.976 5 0.5 -34.6392 10.2506
92 513.077 720.249 5 1 -42.6186 46.6989
93 509.869 718.762 5 2.54951 -53.9454 27.2742
94 510.288 719.034 5 2.06155 -48.7378 33.5214
95 511.127 719.579 5 1.11803 -48.6419 148.01
96 511.546 719.851 5 0.707107 -42.1614 40.4479
97 511.966 720.123 5 0.5 -42.0917 13.7872
98 512.385 720.396 5 0.707107 -32.9661 126.607
99 512.804 720.668 5 1.11803 -40.1938 -89.9572
100 509.597 719.181 5 2.69258 -50.2987 21.9869
101 510.016 719.453 5 2.23607 -57.3277 135.447
102 509.324 719.6 5 2.91548 -52.3401 120.442
103 509.744 719.873 5 2.5 -59.5723 -32.1292
104 509.052 720.02 5 3.20156 -51.4732 170.22
105 509.471 720.292 5 2.82843 -60.0361 39.6869
