1 514.644 719.84 5 2.9014 -73.092 164.668
2 514.371 720.259 5 3.15697 -71.7942 -56.6211
3 514.097 720.678 5 3.46624 -51.1587 -34.929
4 513.824 721.096 5 3.81617 -54.4801 31.5834
5 513.551 721.515 5 4.19661 -67.2422 -18.7406
6 513.278 721.934 5 4.59999 -78.5096 -67.6833
7 513.004 722.353 5 5.02078 -73.1082 45.2489
8 512.731 722.771 5 5.45496 -80.2365 13.6845
9 512.458 723.19 5 5.89957 -84.9002 -153.002
10 512.185 723.609 5 6.35242 -89.2899 -143.157
11 515.063 720.113 5 3.35601 -51.0992 -116.737
12 514.789 720.532 5 3.57927 -76.7649 41.4182
13 514.516 720.951 5 3.8548 -66.115 115.939
14 514.243 721.37 5 4.17227 -51.2079 111.461
15 513.97 721.788 5 4.52286 -67.4385 135.802
16 513.696 722.207 5 4.89945 -75.8263 -86.1941
17 513.423 722.626 5 5.2965 -69.2922 -17.5272
18 513.15 723.045 5 5.70975 -76.5383 -2.81296
19 512.877 723.463 5 6.13593 -72.8764 57.9602
20 512.603 723.882 5 6.57252 -87.0259 34.1475
21 515.481 720.387 5 3.82198 -53.1424 22.9683
22 515.208 720.805 5 4.01943 -79.7597 -18.5296
23 514.935 721.224 5 4.26664 -68.3581 76.5084
24 514.662 721.643 5 4.5555 -61.0306 38.43
25 514.388 722.062 5 4.87862 -51.4283 -113.46
26 514.115 722.48 5 5.22965 -62.7456 -105.951
27 513.842 722.899 5 5.60336 -83.5078 63.3544
28 513.568 723.318 5 5.9955 -74.6963 -173.604
29 513.295 723.737 5 6.40268 -78.3397 93.8455
30 513.022 724.155 5 6.82222 -74.426 -136.664
31 515.9 720.66 5 4.2956 -57.6938 -52.4197
32 515.627 721.079 5 4.4722 -64.5713 -129.295
33 515.353 721.497 5 4.69563 -69.8508 124.048
34 515.08 721.916 5 4.95956 -73.2044 -145.899
35 514.807 722.335 5 5.25791 -60.2134 -106.611
36 514.534 722.754 5 5.58515 -52.4631 29.9689
37 514.26 723.172 5 5.93652 -67.0233 25.1089
38 513.987 723.591 5 6.30798 -67.0215 -42.3477
39 516.319 720.933 5 4.77461 -63.686 68.6734
40 516.045 721.352 5 4.93409 -52.2575 79.0576
41 515.772 721.771 5 5.13747 -78.1281 115.427
42 515.499 722.189 5 5.37977 -74.4987 88.9735
43 515.226 722.608 5 5.656 -64.6448 50.0714
44 514.952 723.027 5 5.96143 -54.0073 15.2461
45 514.679 723.446 5 6.29182 -53.7063 166.819
46 514.406 723.864 5 6.64344 -94.3932 41.9877
47 516.737 721.206 5 5.25753 -66.2718 8.12819
48 516.464 721.625 5 5.40277 -61.5741 -35.331
49 516.191 722.044 5 5.58912 -66.1692 -149.731
50 515.918 722.463 5 5.81263 -78.2327 -124.921
51 515.644 722.881 5 6.06918 -70.622 -120.39
52 515.371 723.3 5 6.35479 -65.7631 -129.216
53 515.098 723.719 5 6.66571 -54.7416 155.825
54 514.825 724.138 5 6.99857 -107.301 -130.938
55 517.156 721.48 5 5.74337 -71.2439 -6.76856
56 516.883 721.898 5 5.87662 -60.0304 88.7426
57 516.61 722.317 5 6.04839 -51.2612 75.355
58 516.336 722.736 5 6.2555 -86.7067 162.513
59 516.063 723.155 5 6.49459 -70.098 -49.5034
60 515.79 723.573 5 6.76225 -66.7393 90.3428
61 515.517 723.992 5 7.05524 -62.1465 19.5388
62 515.243 724.411 5 7.37053 -120.446 -89.5603
63 517.575 721.753 5 6.23145 -70.4394 6.33102
64 517.302 722.172 5 6.35447 -60.0745 -173.41
65 517.028 722.59 5 6.51365 -59.9094 145.634
66 516.755 723.009 5 6.70642 -72.9785 -35.1108
67 516.482 723.428 5 6.92996 -68.6045 173.212
68 516.209 723.847 5 7.18141 -77.6046 151.508
69 515.935 724.265 5 7.45795 -70.5136 -91.9326
70 515.662 724.684 5 7.75689 -79.8828 151.04
71 517.994 722.026 5 6.72128 -72.3689 165.176
72 517.72 722.445 5 6.83549 -66.8894 89.2655
73 517.447 722.864 5 6.98372 -59.2848 120.129
74 517.174 723.282 5 7.16385 -58.6622 92.2228
75 516.901 723.701 5 7.37354 -75.2026 72.2478
76 516.627 724.12 5 7.61035 -84.8303 6.54242
77 516.354 724.539 5 7.87183 -80.9149 83.7834
78 516.081 724.957 5 8.15562 -69.0029 50.4566
