1 514.644 719.84 5 2.11381 -67.1783 -106.826
2 514.371 720.259 5 2.24001 -63.2779 -80.4078
3 514.097 720.678 5 2.46315 -46.0891 -53.508
4 513.824 721.096 5 2.75981 -45.611 -155.686
5 513.551 721.515 5 3.10902 -59.6585 -173.545
6 513.278 721.934 5 3.49506 -63.6034 -9.57628
7 513.004 722.353 5 3.90703 -78.7946 45.0712
8 512.731 722.771 5 4.33755 -70.3909 39.3212
9 512.458 723.19 5 4.78161 -76.2385 149.092
10 512.185 723.609 5 5.23577 -86.8093 -6.84377
11 515.063 720.113 5 2.60973 -62.2823 -70.2425
12 514.789 720.532 5 2.71296 -59.1112 45.7525
13 514.516 720.951 5 2.89993 -51.5453 126.604
14 514.243 721.37 5 3.1558 -46.3297 138.065
15 513.97 721.788 5 3.46533 -80.141 -96.9842
16 513.696 722.207 5 3.81549 -70.4199 4.52492
17 513.423 722.626 5 4.19612 -67.2469 83.1087
18 513.15 723.045 5 4.59966 -74.1958 101.884
19 512.877 723.463 5 5.02059 -88.6431 44.6548
20 512.603 723.882 5 5.45488 -77.7291 119.624
21 515.481 720.387 5 3.10696 -60.682 55.47
22 515.208 720.805 5 3.19416 -62.7947 39.9964
23 514.935 721.224 5 3.35442 -51.4312 -100.995
24 514.662 721.643 5 3.57793 -45.2048 -14.4632
25 514.388 722.062 5 3.8537 -47.0918 -77.8944
26 514.115 722.48 5 4.17139 -68.9569 22.6215
27 513.842 722.899 5 4.52216 -69.7108 176.153
28 513.568 723.318 5 4.89891 -77.5643 59.7669
29 513.295 723.737 5 5.29611 -69.5882 12.0921
30 513.022 724.155 5 5.70949 -77.6192 89.643
31 515.9 720.66 5 3.60495 -59.8637 41.6101
32 515.627 721.079 5 3.68037 -65.2858 9.97889
33 515.353 721.497 5 3.82029 -63.8604 -68.7083
34 515.08 721.916 5 4.01797 -51.1802 162.55
35 514.807 722.335 5 4.26538 -46.0268 174.999
36 514.534 722.754 5 4.55444 -55.4643 99.8186
37 514.26 723.172 5 4.87775 -63.866 167.979
38 513.987 723.591 5 5.22894 -74.7152 56.5957
39 516.319 720.933 5 4.10344 -73.7973 -172.661
40 516.045 721.352 5 4.16985 -59.2775 142.18
41 515.772 721.771 5 4.29384 -77.6421 -55.6054
42 515.499 722.189 5 4.47063 -52.2504 -53.2573
43 515.226 722.608 5 4.69425 -49.0171 31.3704
44 514.952 723.027 5 4.95837 -47.8953 -7.17246
45 514.679 723.446 5 5.25689 -60.5871 -105.228
46 514.406 723.864 5 5.5843 -100.752 -63.6566
47 516.737 721.206 5 4.60225 -58.9458 96.6006
48 516.464 721.625 5 4.66156 -57.5271 2.15184
49 516.191 722.044 5 4.7728 -55.3262 -91.5817
50 515.918 722.463 5 4.93245 -76.898 -13.5202
51 515.644 722.881 5 5.136 -51.9035 177.547
52 515.371 723.3 5 5.37847 -48.8041 -151.16
53 515.098 723.719 5 5.65486 -51.7454 137.79
54 514.825 724.138 5 5.96044 -141.959 97.068
55 517.156 721.48 5 5.10129 -59.0599 -83.4212
56 516.883 721.898 5 5.15487 -68.3907 -154.439
57 516.61 722.317 5 5.25567 -59.479 168.78
58 516.336 722.736 5 5.40107 -56.403 73.8647
59 516.063 723.155 5 5.58757 -55.2929 -29.0219
60 515.79 723.573 5 5.81123 -51.2374 28.1117
61 515.517 723.992 5 6.06794 -47.7959 25.5251
62 515.243 724.411 5 6.35369 -125.577 59.4413
63 517.575 721.753 5 5.60051 -60.6084 -159.196
64 517.302 722.172 5 5.64935 -64.2557 158.77
65 517.028 722.59 5 5.74148 -68.9613 -155.467
66 516.755 723.009 5 5.87487 -60.5843 -34.4182
67 516.482 723.428 5 6.04678 -57.1593 147.575
68 516.209 723.847 5 6.25403 -52.3305 -153.024
69 515.935 724.265 5 6.49326 -50.7511 -135.045
70 515.662 724.684 5 6.76105 -57.9568 142.281
71 517.994 722.026 5 6.09985 -69.6464 -64.5413
72 517.72 722.445 5 6.14472 -63.7921 154.538
73 517.447 722.864 5 6.22953 -72.2773 100.695
74 517.174 723.282 5 6.35268 -65.0998 -133.243
75 516.901 723.701 5 6.51199 -60.96 175.76
76 516.627 724.12 5 6.70488 -55.1168 -17.6783
77 516.354 724.539 5 6.92856 -54.2722 38.6659
78 516.081 724.957 5 7.18014 -52.1816 63.5874
