1 505.473 717.831 5 5.10893 -66.2349 -86.9834
2 505.747 717.412 5 4.66161 -66.6516 -40.5956
3 506.02 716.994 5 4.22612 -67.4024 25.8791
4 506.294 716.575 5 3.80651 -78.9186 -173.895
5 506.567 716.157 5 3.40867 -64.7356 -177.666
6 505.891 718.104 5 4.91643 -73.2451 166.949
7 506.165 717.686 5 4.44981 -61.2355 -0.0449403
8 506.439 717.267 5 3.99127 -61.9506 -86.8574
9 506.712 716.849 5 3.54397 -81.735 -31.7463
10 506.986 716.43 5 3.11274 -70.1152 -164.518
11 506.31 718.378 5 4.7688 -63.8541 -128.823
12 506.584 717.96 5 4.28613 -58.9386 154.837
13 506.857 717.541 5 3.80794 -57.303 93.5264
14 507.131 717.123 5 3.33614 -56.8322 72.9157
15 507.404 716.704 5 2.8739 -58.0111 -156.797
16 506.728 718.652 5 4.67029 -52.4622 -121.48
17 507.002 718.233 5 4.17625 -55.7988 -132.845
18 507.276 717.815 5 3.68382 -62.877 -142.374
19 507.549 717.396 5 3.19374 -62.5972 148.385
20 507.823 716.978 5 2.70729 -61.4159 119.366
21 507.147 718.925 5 4.62404 -48.7925 -33.8154
22 507.421 718.507 5 4.12447 -48.3941 -42.3223
23 507.694 718.088 5 3.62501 -49.4975 -34.7864
24 507.968 717.67 5 3.12572 -52.1828 -24.3692
25 508.241 717.251 5 2.62671 -47.7948 -48.3085
26 507.565 719.199 5 4.63162 -51.5512 -37.6673
27 507.839 718.78 5 4.13296 -52.8314 -45.3925
28 508.113 718.362 5 3.63467 -49.011 -48.4106
29 508.386 717.943 5 3.13692 -48.501 -50.8776
30 508.66 717.525 5 2.64003 -47.8816 -63.5353
31 507.984 719.472 5 4.69277 -62.2748 -144.313
32 508.258 719.054 5 4.20137 -71.4987 98.4979
33 508.531 718.635 5 3.71227 -62.1089 82.4462
34 508.805 718.217 5 3.22652 -60.4549 -48.8364
35 509.078 717.798 5 2.74588 -54.7232 -91.5468
36 508.402 719.746 5 4.80543 -93.7421 21.4212
37 508.676 719.328 5 4.32685 -67.8916 44.3527
38 508.95 718.909 5 3.85371 -74.0738 168.247
39 509.223 718.491 5 3.3883 -80.2176 70.3824
40 509.497 718.072 5 2.93428 -77.5978 82.5717
