1 514.644 719.84 5 1.62061 -64.7263 -18.724
2 514.371 720.259 5 1.78239 -59.4683 41.3956
3 514.097 720.678 5 2.05608 -48.342 74.9961
4 513.824 721.096 5 2.40375 -56.3122 154.212
5 513.551 721.515 5 2.79796 -63.7722 109.051
6 513.278 721.934 5 3.22166 -61.539 -8.32649
7 513.004 722.353 5 3.66465 -66.7475 104.293
8 512.731 722.771 5 4.12071 -67.831 -68.3937
9 512.458 723.19 5 4.58593 -81.9842 -60.9247
10 512.185 723.609 5 5.0578 -79.3171 75.5778
11 515.063 720.113 5 2.11397 -56.7888 177.284
12 514.789 720.532 5 2.24041 -79.519 -15.4157
13 514.516 720.951 5 2.46373 -55.3966 -87.3317
14 514.243 721.37 5 2.76053 -47.5334 -157.719
15 513.97 721.788 5 3.10983 -61.9022 -86.6215
16 513.696 722.207 5 3.49594 -75.6595 -55.6219
17 513.423 722.626 5 3.90796 -71.6216 52.6326
18 513.15 723.045 5 4.33851 -70.0638 -94.7947
19 512.877 723.463 5 4.7826 -68.0127 158.155
20 512.603 723.882 5 5.23677 -74.9952 111.09
21 515.481 720.387 5 2.60986 -59.2177 -19.118
22 515.208 720.805 5 2.71329 -67.4841 -76.9551
23 514.935 721.224 5 2.90043 -61.4755 135.779
24 514.662 721.643 5 3.15642 -50.1355 130.19
25 514.388 722.062 5 3.46606 -47.5616 -23.7477
26 514.115 722.48 5 3.8163 -61.5688 -5.21522
27 513.842 722.899 5 4.19698 -74.6921 -49.9668
28 513.568 723.318 5 4.60057 -78.0355 -148.555
29 513.295 723.737 5 5.02153 -66.9239 109.61
30 513.022 724.155 5 5.45585 -70.0308 -5.80809
31 515.9 720.66 5 3.10707 -57.8139 -127.166
32 515.627 721.079 5 3.19444 -61.4205 -172.104
33 515.353 721.497 5 3.35484 -62.1288 128.169
34 515.08 721.916 5 3.57848 -56.3009 -69.8972
35 514.807 722.335 5 3.85436 -49.2765 -68.7629
36 514.534 722.754 5 4.17212 -51.1678 135.462
37 514.26 723.172 5 4.52296 -62.4437 156.803
38 513.987 723.591 5 4.89977 -71.7522 -123.966
39 516.319 720.933 5 3.60505 -54.1625 -100.521
40 516.045 721.352 5 3.68061 -52.9936 41.2501
41 515.772 721.771 5 3.82066 -69.9564 61.7754
42 515.499 722.189 5 4.01846 -66.8254 -145.147
43 515.226 722.608 5 4.26598 -57.6463 161.781
44 514.952 723.027 5 4.55512 -49.4236 64.8413
45 514.679 723.446 5 4.87849 -53.4422 -126.919
46 514.406 723.864 5 5.22974 -116.568 -60.1451
47 516.737 721.206 5 4.10352 -61.2656 -71.4512
48 516.464 721.625 5 4.17006 -60.5738 -31.8067
49 516.191 722.044 5 4.29418 -55.5378 -178.179
50 515.918 722.463 5 4.47107 -65.2789 171.133
51 515.644 722.881 5 4.69479 -66.2432 -70.1417
52 515.371 723.3 5 4.95899 -53.8515 -21.9837
53 515.098 723.719 5 5.25758 -51.9194 -154.158
54 514.825 724.138 5 5.58504 -123.286 96.1444
55 517.156 721.48 5 4.60232 -59.1326 -96.1039
56 516.883 721.898 5 4.66175 -62.2105 -7.76392
57 516.61 722.317 5 4.7731 -58.7417 121.847
58 516.336 722.736 5 4.93285 -61.2118 -6.14299
59 516.063 723.155 5 5.13649 -67.5514 -97.0261
60 515.79 723.573 5 5.37904 -60.6165 164.464
61 515.517 723.992 5 5.6555 -52.7037 128.003
62 515.243 724.411 5 5.96114 -108.628 -71.5966
63 517.575 721.753 5 5.10136 -56.8562 -72.841
64 517.302 722.172 5 5.15504 -61.3123 81.2915
65 517.028 722.59 5 5.25594 -65.3038 146.769
66 516.755 723.009 5 5.40144 -61.9752 -107.591
67 516.482 723.428 5 5.58803 -64.14 -143.787
68 516.209 723.847 5 5.81176 -62.7275 29.055
69 515.935 724.265 5 6.06854 -59.6666 45.6555
70 515.662 724.684 5 6.35434 -63.2127 -92.1683
71 517.994 722.026 5 5.60057 -63.5246 -56.0428
72 517.72 722.445 5 5.6495 -57.1642 124.363
73 517.447 722.864 5 5.74173 -56.8944 -14.5893
74 517.174 723.282 5 5.8752 -67.2008 68.3217
75 516.901 723.701 5 6.04719 -60.2148 39.2208
76 516.627 724.12 5 6.25453 -69.9278 47.836
77 516.354 724.539 5 6.49382 -63.3275 -157.417
78 516.081 724.957 5 6.76167 -62.5586 -150.966
