1 505.473 717.831 5 4.94172 -67.9497 -169.633
2 505.747 717.412 5 4.6951 -62.4593 -30.8649
3 506.02 716.994 5 4.49081 -64.0469 -5.505
4 506.294 716.575 5 4.33484 -64.7959 131.714
5 506.567 716.157 5 4.23252 -74.0322 150.399
6 505.891 718.104 5 4.526 -69.3925 104.172
7 506.165 717.686 5 4.25536 -67.6297 135.776
8 506.439 717.267 5 4.02884 -64.08 -123.596
9 506.712 716.849 5 3.85421 -59.1899 90.2564
10 506.986 716.43 5 3.73876 -67.8862 34.9895
11 506.31 718.378 5 4.12902 -90.1065 157.349
12 506.584 717.96 5 3.83044 -81.885 -5.63399
13 506.857 717.541 5 3.5771 -65.3621 -38.7494
14 507.131 717.123 5 3.37921 -58.3217 -21.5025
15 507.404 716.704 5 3.24692 -68.0318 -16.2761
16 506.728 718.652 5 3.75672 -63.9218 99.7277
17 507.002 718.233 5 3.42584 -73.5801 -107.411
18 507.276 717.815 5 3.14003 -64.712 -158.614
19 507.549 717.396 5 2.91259 -61.0596 177.395
20 507.823 716.978 5 2.758 -59.1069 11.196
21 507.147 718.925 5 3.41717 -58.6079 26.2619
22 507.421 718.507 5 3.04967 -64.5088 107.39
23 507.694 718.088 5 2.72468 -69.6586 -149.951
24 507.968 717.67 5 2.45912 -61.8481 -147.656
25 508.241 717.251 5 2.27392 -88.7171 174.507
26 507.565 719.199 5 3.12109 -57.8803 0.208438
27 507.839 718.78 5 2.71378 -68.6656 55.211
28 508.113 718.362 5 2.34265 -59.0618 160.719
29 508.386 717.943 5 2.02766 -62.2129 -89.1386
30 508.66 717.525 5 1.79856 -58.3409 156.277
31 507.984 719.472 5 2.88189 -64.6656 -73.5549
32 508.258 719.054 5 2.43489 -58.9302 -43.5515
33 508.531 718.635 5 2.01299 -75.4121 -67.1947
34 508.805 718.217 5 1.6357 -65.738 108.725
35 509.078 717.798 5 1.34124 -61.8291 82.2361
36 508.402 719.746 5 2.71467 -55.227 -106.611
37 508.676 719.328 5 2.23446 -60.1871 164.746
38 508.95 718.909 5 1.76529 -72.7775 166.086
39 509.223 718.491 5 1.31895 -58.3645 -114.959
40 509.497 718.072 5 0.929005 -66.2267 -11.181
