1 514.644 719.84 5 5.0956 -67.8771 75.8692
2 514.371 720.259 5 5.09981 -55.7014 -51.5066
3 514.097 720.678 5 5.15276 -61.0423 150.935
4 513.824 721.096 5 5.25298 -69.29 -149.69
5 513.551 721.515 5 5.39784 -68.4162 -120.227
6 513.278 721.934 5 5.58386 -81.7056 -100.303
7 513.004 722.353 5 5.8071 -71.2329 -167.999
8 512.731 722.771 5 6.06344 -75.0054 40.6916
9 512.458 723.19 5 6.34887 -81.2226 -89.9522
10 512.185 723.609 5 6.65966 -88.6566 -87.6365
11 515.063 720.113 5 5.59523 -69.6548 79.4625
12 514.789 720.532 5 5.59906 -57.5258 -3.96354
13 514.516 720.951 5 5.64733 -53.4798 177.322
14 514.243 721.37 5 5.73892 -63.3746 -122.894
15 513.97 721.788 5 5.8718 -81.988 -53.3016
16 513.696 722.207 5 6.04325 -95.5548 -163.123
17 513.423 722.626 5 6.2501 -67.5462 15.8493
18 513.15 723.045 5 6.48896 -80.2934 -2.6285
19 512.877 723.463 5 6.75644 -84.6103 -150.007
20 512.603 723.882 5 7.04928 -85.5657 -109.868
21 515.481 720.387 5 6.09491 -74.8906 16.7828
22 515.208 720.805 5 6.09843 -55.5203 6.79121
23 514.935 721.224 5 6.14278 -56.5948 165.782
24 514.662 721.643 5 6.22708 -60.5331 -24.5583
25 514.388 722.062 5 6.34976 -67.977 -167.837
26 514.115 722.48 5 6.50863 -86.7135 76.7724
27 513.842 722.899 5 6.70113 -81.5448 -0.0925842
28 513.568 723.318 5 6.92445 -74.4261 72.8187
29 513.295 723.737 5 7.17572 -79.5407 156.486
30 513.022 724.155 5 7.4521 -81.8726 122.386
31 515.9 720.66 5 6.59465 -67.8615 138.844
32 515.627 721.079 5 6.5979 -62.4052 62.8718
33 515.353 721.497 5 6.63891 -57.8194 173.393
34 515.08 721.916 5 6.71699 -62.0191 -38.2791
35 514.807 722.335 5 6.83087 -74.7851 -166.14
36 514.534 722.754 5 6.9788 -70.7933 -6.27842
37 514.26 723.172 5 7.15867 -76.5864 -81.414
38 513.987 723.591 5 7.36814 -79.9692 75.9846
39 516.319 720.933 5 7.09442 -78.9309 56.3641
40 516.045 721.352 5 7.09744 -60.792 8.46809
41 515.772 721.771 5 7.13558 -56.1393 -162.71
42 515.499 722.189 5 7.20828 -57.7101 21.7345
43 515.226 722.608 5 7.31452 -60.5839 43.5314
44 514.952 723.027 5 7.45286 -69.4349 -47.819
45 514.679 723.446 5 7.62155 -88.4488 -141.154
46 514.406 723.864 5 7.81862 -107.164 147.661
47 516.737 721.206 5 7.59422 -69.6336 160.3
48 516.464 721.625 5 7.59704 -66.9463 -5.01044
49 516.191 722.044 5 7.63269 -54.8037 -153.911
50 515.918 722.463 5 7.7007 -58.7415 50.4737
51 515.644 722.881 5 7.80023 -67.002 9.33979
52 515.371 723.3 5 7.9301 -78.4908 -97.6885
53 515.098 723.719 5 8.08884 -70.2183 99.9366
54 514.825 724.138 5 8.2748 -109.072 -112.47
55 517.156 721.48 5 8.09404 -63.9135 -30.2027
56 516.883 721.898 5 8.09669 -56.0384 -29.6952
57 516.61 722.317 5 8.13015 -64.9136 -105.697
58 516.336 722.736 5 8.19403 -62.3369 80.5765
59 516.063 723.155 5 8.28764 -72.9477 -9.87272
60 515.79 723.573 5 8.40999 -62.3357 136.909
61 515.517 723.992 5 8.55983 -67.3458 -30.0017
62 515.243 724.411 5 8.73577 -119.267 -119.197
63 517.575 721.753 5 8.59389 -57.798 -75.1066
64 517.302 722.172 5 8.59638 -59.8372 -4.92957
65 517.028 722.59 5 8.6279 -68.4871 -121.056
66 516.755 723.009 5 8.68813 -62.4598 124.013
67 516.482 723.428 5 8.77647 -75.2783 -172.569
68 516.209 723.847 5 8.89209 -68.4897 -178.917
69 515.935 724.265 5 9.03394 -72.9313 -79.419
70 515.662 724.684 5 9.20082 -77.5481 54.7049
71 517.994 722.026 5 9.09375 -63.6522 9.25599
72 517.72 722.445 5 9.09611 -67.3363 27.3281
73 517.447 722.864 5 9.1259 -59.6334 -81.2629
74 517.174 723.282 5 9.18286 -57.7825 59.9277
75 516.901 723.701 5 9.26649 -65.324 -100.019
76 516.627 724.12 5 9.37607 -85.2475 131.109
77 516.354 724.539 5 9.51071 -66.2008 144.246
78 516.081 724.957 5 9.66935 -70.4716 25.305
