1 505.473 717.831 5 4.69645 -71.6794 128.456
2 505.747 717.412 5 4.49222 -67.7091 174.442
3 506.02 716.994 5 4.3363 -94.0025 155.421
4 506.294 716.575 5 4.23401 -67.3881 -158.476
5 506.567 716.157 5 4.18931 -69.5646 68.5074
6 505.891 718.104 5 4.25667 -70.6857 149.732
7 506.165 717.686 5 4.03022 -67.5819 86.8372
8 506.439 717.267 5 3.85566 -69.269 -18.5362
9 506.712 716.849 5 3.74025 -79.6044 91.01
10 506.986 716.43 5 3.68957 -62.1399 77.0322
11 506.31 718.378 5 3.83169 -65.5392 179.864
12 506.584 717.96 5 3.57845 -73.377 -115.992
13 506.857 717.541 5 3.38063 -67.4904 -115.486
14 507.131 717.123 5 3.2484 -61.175 -64.5551
15 507.404 716.704 5 3.18991 -61.0364 40.2353
16 506.728 718.652 5 3.42702 -69.0617 72.5437
17 507.002 718.233 5 3.14132 -76.1424 148.548
18 507.276 717.815 5 2.91398 -60.1796 175.745
19 507.549 717.396 5 2.75947 -58.9064 -81.0271
20 507.823 716.978 5 2.69037 -68.7197 60.4951
21 507.147 718.925 5 3.05075 -64.3138 62.9366
22 507.421 718.507 5 2.72589 -61.5181 90.4738
23 507.694 718.088 5 2.46047 -63.827 -165.517
24 507.968 717.67 5 2.27537 -64.4003 -81.5734
25 508.241 717.251 5 2.19105 -63.6822 -100.557
26 507.565 719.199 5 2.71472 -56.3897 -40.7558
27 507.839 718.78 5 2.34374 -58.7808 19.8133
28 508.113 718.362 5 2.02892 -65.9266 -30.2077
29 508.386 717.943 5 1.79998 -71.2059 -169.458
30 508.66 717.525 5 1.69214 -62.2245 -140.49
31 507.984 719.472 5 2.43563 -57.4309 -47.0124
32 508.258 719.054 5 2.01388 -66.0516 61.8633
33 508.531 718.635 5 1.6368 -61.4514 100.856
34 508.805 718.217 5 1.34258 -64.011 117.118
35 509.078 717.798 5 1.19412 -64.6339 114.695
36 508.402 719.746 5 2.23493 -64.0622 -178.253
37 508.676 719.328 5 1.76587 -57.4845 -131.83
38 508.95 718.909 5 1.31974 -64.3634 -136.862
39 509.223 718.491 5 0.930122 -58.7316 -61.3428
40 509.497 718.072 5 0.698953 -72.0717 111.97
