1 509.951 714.045 5 6.5 -53.6078 -78.1582
2 510.37 714.318 5 6.04152 -55.8279 -100.787
3 510.79 714.59 5 5.59017 -47.1702 98.3139
4 511.209 714.862 5 5.14782 -49.948 -106.742
5 511.628 715.135 5 4.71699 -49.5201 145.492
6 512.048 715.407 5 4.30116 -50.0105 170.87
7 512.467 715.679 5 3.90512 -50.3271 -126.276
8 512.886 715.952 5 3.53553 -54.4084 -111.429
9 513.306 716.224 5 3.20156 -60.8395 160.161
10 513.725 716.496 5 2.91548 -43.8756 -115.626
11 514.144 716.769 5 2.69258 -44.9974 136.536
12 514.564 717.041 5 2.54951 -45.8733 46.6104
13 514.983 717.313 5 2.5 -47.8816 178.015
14 509.679 714.465 5 6.32456 -50.3094 137.849
15 510.098 714.737 5 5.85235 -52.9241 -3.12148
16 510.517 715.009 5 5.38516 -47.5551 -36.306
17 510.937 715.282 5 4.92443 -55.7481 -156.892
18 511.356 715.554 5 4.47214 -51.3065 54.0288
19 511.775 715.826 5 4.03113 -52.7817 -97.9949
20 512.195 716.099 5 3.60555 -51.9945 70.1538
21 512.614 716.371 5 3.20156 -46.8376 143.338
22 513.033 716.643 5 2.82843 -43.9333 145.319
23 513.453 716.916 5 2.5 -46.9431 -5.50817
24 513.872 717.188 5 2.23607 -43.9724 37.0542
25 514.291 717.46 5 2.06155 -59.3952 -85.8373
26 514.711 717.733 5 2 -51.6653 -16.1139
27 509.406 714.884 5 6.18466 -51.5159 66.0375
28 509.826 715.156 5 5.70088 -49.4024 97.0862
29 510.245 715.429 5 5.22015 -50.5589 47.6801
30 510.664 715.701 5 4.74342 -52.7186 14.7966
31 511.084 715.973 5 4.272 -49.8969 -70.107
32 511.503 716.246 5 3.80789 -51.9784 160.223
33 511.922 716.518 5 3.3541 -45.3588 43.5591
34 512.342 716.79 5 2.91548 -51.6188 -85.9693
35 512.761 717.063 5 2.5 -50.7248 -0.0904101
36 513.18 717.335 5 2.12132 -46.3897 10.0674
37 513.6 717.607 5 1.80278 -45.3884 -138.818
38 514.019 717.88 5 1.58114 -43.9812 93.8685
39 514.438 718.152 5 1.5 -44.0641 41.9301
40 509.134 715.303 5 6.08276 -52.1159 -152.491
41 509.553 715.576 5 5.59017 -51.3962 179.632
42 509.973 715.848 5 5.09902 -53.3147 65.5441
43 510.392 716.12 5 4.60977 -58.9842 66.4391
44 510.811 716.393 5 4.12311 -54.5347 -15.0064
45 511.231 716.665 5 3.64006 -55.696 -73.5681
46 511.65 716.937 5 3.16228 -52.9203 -134.501
47 512.069 717.21 5 2.69258 -44.0464 138.624
48 512.489 717.482 5 2.23607 -42.6456 22.5598
49 512.908 717.754 5 1.80278 -42.6048 -157.162
50 513.327 718.027 5 1.41421 -42.3811 -111.745
51 513.747 718.299 5 1.11803 -40.135 15.7682
52 514.166 718.571 5 1 -43.4575 17.7508
53 508.862 715.723 5 6.0208 -47.8908 -44.3685
54 509.281 715.995 5 5.52268 -51.2067 -68.6598
55 509.7 716.267 5 5.02494 -50.416 -91.6858
56 510.12 716.54 5 4.52769 -52.5474 -88.0657
57 510.539 716.812 5 4.03113 -51.6252 -58.0239
58 510.958 717.084 5 3.53553 -57.1467 -55.4007
59 511.378 717.357 5 3.04138 -59.1123 -52.652
60 511.797 717.629 5 2.54951 -45.9996 -113.028
61 512.216 717.901 5 2.06155 -48.8718 140.06
62 512.636 718.174 5 1.58114 -45.5377 103.044
63 513.055 718.446 5 1.11803 -41.1508 17.5757
64 513.474 718.718 5 0.707107 -37.3927 135.606
65 513.894 718.991 5 0.5 -34.0977 10.5164
66 508.589 716.142 5 6 -51.4279 -21.3739
67 509.009 716.414 5 5.5 -52.836 -19.0618
68 509.428 716.687 5 5 -49.7542 -73.8467
69 509.847 716.959 5 4.5 -51.3433 -27.3739
70 510.267 717.231 5 4 -46.9833 -44.0597
71 510.686 717.504 5 3.5 -46.9936 -46.7682
72 511.105 717.776 5 3 -51.3314 -31.4246
73 511.525 718.048 5 2.5 -43.4692 -6.59845
74 511.944 718.321 5 2 -43.1995 -4.88102
75 512.363 718.593 5 1.5 -42.0262 -7.32261
76 512.783 718.865 5 1 -40.542 -5.46648
77 513.202 719.138 5 0.5 -32.6782 3.37727
78 513.621 719.41 5 0 -43.0633 90.4303
79 510.414 717.923 5 3.53553 -55.766 -88.882
80 510.833 718.195 5 3.04138 -49.7748 -99.4977
81 511.672 718.74 5 2.06155 -46.412 -168.224
82 512.091 719.012 5 1.58114 -52.7299 95.2388
83 512.51 719.285 5 1.11803 -38.9243 -6.41335
84 512.93 719.557 5 0.707107 -37.9765 126.73
85 513.349 719.829 5 0.5 -32.8261 14.3779
86 510.141 718.342 5 3.64006 -51.937 -130.365
87 510.561 718.615 5 3.16228 -53.1877 86.1488
88 511.399 719.159 5 2.23607 -46.1748 -20.0994
89 511.819 719.432 5 1.80278 -42.3827 -126.048
90 512.238 719.704 5 1.41421 -42.4795 -135.33
91 512.657 719.976 5 1.11803 -38.107 29.097
92 513.077 720.249 5 1 -41.472 -15.9192
93 509.869 718.762 5 3.80789 -47.1781 5.10361
94 510.288 719.034 5 3.3541 -49.8946 -142.946
95 511.127 719.579 5 2.5 -45.5371 45.2532
96 511.546 719.851 5 2.12132 -47.1234 -132.418
97 511.966 720.123 5 1.80278 -45.4756 -174.538
98 512.385 720.396 5 1.58114 -41.584 104.77
99 512.804 720.668 5 1.5 -46.5434 -49.0677
100 509.597 719.181 5 4.03113 -44.4726 131.871
101 510.016 719.453 5 3.60555 -45.0715 -66.9964
102 509.324 719.6 5 4.30116 -53.0437 78.1319
103 509.744 719.873 5 3.90513 -58.8036 63.7535
104 509.052 720.02 5 4.60977 -55.0773 121.678
105 509.471 720.292 5 4.24264 -57.5465 -102.863
