1 505.473 717.831 5 7.72344 -68.3454 -55.9021
2 505.747 717.412 5 7.43431 -78.0129 132.265
3 506.02 716.994 5 7.16842 -68.0241 -127.079
4 506.294 716.575 5 6.92847 -68.391 -174.726
5 506.567 716.157 5 6.71722 -80.8248 169.274
6 505.891 718.104 5 7.32951 -66.0309 -160.243
7 506.165 717.686 5 7.02418 -68.2688 -93.4884
8 506.439 717.267 5 6.74214 -73.8902 16.5707
9 506.712 716.849 5 6.48643 -72.5298 -16.0833
10 506.986 716.43 5 6.26029 -69.2611 84.4588
11 506.31 718.378 5 6.94923 -66.5798 77.1795
12 506.584 717.96 5 6.6264 -84.4288 -169.421
13 506.857 717.541 5 6.32666 -65.1707 139.292
14 507.131 717.123 5 6.05343 -68.0769 167.368
15 507.404 716.704 5 5.81045 -65.4206 91.1803
16 506.728 718.652 5 6.58498 -73.9602 -69.4273
17 507.002 718.233 5 6.24335 -68.5677 -95.6441
18 507.276 717.815 5 5.92425 -67.0393 119.009
19 507.549 717.396 5 5.63153 -60.1713 -4.57314
20 507.823 716.978 5 5.3695 -63.8581 -8.175
21 507.147 718.925 5 6.23957 -77.4761 43.0518
22 507.421 718.507 5 5.87789 -70.5688 30.1465
23 507.694 718.088 5 5.53778 -68.7503 147.267
24 507.968 717.67 5 5.22344 -71.0926 -13.0778
25 508.241 717.251 5 4.93981 -62.1786 167.043
26 507.565 719.199 5 5.91628 -73.2757 -94.1593
27 507.839 718.78 5 5.53351 -66.645 23.2948
28 508.113 718.362 5 5.17079 -71.9109 -160.944
29 508.386 717.943 5 4.83265 -83.6699 -65.2736
30 508.66 717.525 5 4.52459 -70.4449 -70.9585
31 507.984 719.472 5 5.61894 -66.8305 -82.7198
32 508.258 719.054 5 5.21439 -67.573 -33.4468
33 508.531 718.635 5 4.82776 -74.165 -95.4456
34 508.805 718.217 5 4.4637 -76.7412 -10.6542
35 509.078 717.798 5 4.1282 -70.3844 -25.7944
36 508.402 719.746 5 5.35189 -58.353 -126.556
37 508.676 719.328 5 4.92545 -62.2066 -157.458
38 508.95 718.909 5 4.51414 -68.3638 -85.8417
39 509.223 718.491 5 4.12248 -62.0417 -44.7369
40 509.497 718.072 5 3.75662 -64.3767 11.1318
