1 505.473 717.831 5 7.02451 -63.6391 179.285
2 505.747 717.412 5 6.7426 -71.2801 -31.6341
3 506.02 716.994 5 6.48703 -75.5492 -24.0971
4 506.294 716.575 5 6.26103 -74.7835 24.3174
5 506.567 716.157 5 6.06789 -69.7224 -114.315
6 505.891 718.104 5 6.62665 -67.6485 45.8907
7 506.165 717.686 5 6.32703 -66.3814 56.9231
8 506.439 717.267 5 6.05394 -65.2336 -179.747
9 506.712 716.849 5 5.81112 -75.3384 122.883
10 506.986 716.43 5 5.6025 -74.7284 -30.0298
11 506.31 718.378 5 6.24348 -66.3237 -91.6228
12 506.584 717.96 5 5.92452 -65.644 -53.235
13 506.857 717.541 5 5.63195 -62.7447 -44.8193
14 507.131 717.123 5 5.37008 -64.7747 -29.8876
15 507.404 716.704 5 5.1436 -70.9666 -86.4998
16 506.728 718.652 5 5.8779 -70.3611 140.142
17 507.002 718.233 5 5.53793 -75.2966 10.2924
18 507.276 717.815 5 5.22375 -63.4297 -138.73
19 507.549 717.396 5 4.94029 -59.42 138.668
20 507.823 716.978 5 4.69311 -64.1631 138.701
21 507.147 718.925 5 5.53339 -72.3301 72.2476
22 507.421 718.507 5 5.17081 -78.2573 -6.12127
23 507.694 718.088 5 4.83282 -68.8827 -0.728988
24 507.968 717.67 5 4.52494 -74.2155 -134.427
25 508.241 717.251 5 4.2537 -60.6453 -35.5301
26 507.565 719.199 5 5.21412 -76.5935 165.396
27 507.839 718.78 5 4.82762 -69.0972 -100.503
28 508.113 718.362 5 4.46372 -73.3784 74.7554
29 508.386 717.943 5 4.1284 -70.573 -14.4077
30 508.66 717.525 5 3.82918 -68.5823 141.606
31 507.984 719.472 5 4.92501 -62.7618 -154.405
32 508.258 719.054 5 4.51382 -66.352 -154.45
33 508.531 718.635 5 4.12232 -76.1103 -149.616
34 508.805 718.217 5 3.75664 -74.5685 147.939
35 509.078 717.798 5 3.42509 -65.5332 104.201
36 508.402 719.746 5 4.67166 -60.1554 43.9902
37 508.676 719.328 5 4.23595 -66.9737 -7.64159
38 508.95 718.909 5 3.81604 -66.276 146.106
39 509.223 718.491 5 3.41775 -73.4969 -168.259
40 509.497 718.072 5 3.04958 -67.4659 26.4188
