1 509.951 714.045 5 2.23607 -48.2312 6.29081
2 510.37 714.318 5 2.06155 -47.5442 -144.762
3 510.79 714.59 5 2 -42.0325 16.958
4 511.209 714.862 5 2.06155 -46.8148 -167.518
5 511.628 715.135 5 2.23607 -49.6277 20.362
6 512.048 715.407 5 2.5 -47.6562 24.4209
7 512.467 715.679 5 2.82843 -42.355 141.243
8 512.886 715.952 5 3.20156 -45.9023 165.03
9 513.306 716.224 5 3.60555 -47.6886 41.3609
10 513.725 716.496 5 4.03113 -55.6528 -96.4606
11 514.144 716.769 5 4.47214 -48.6049 64.7048
12 514.564 717.041 5 4.92443 -47.7346 68.8327
13 514.983 717.313 5 5.38516 -48.7228 -15.9962
14 509.679 714.465 5 1.80278 -51.7236 -169.912
15 510.098 714.737 5 1.58114 -48.9871 112.462
16 510.517 715.009 5 1.5 -42.8662 21.0606
17 510.937 715.282 5 1.58114 -47.055 110.079
18 511.356 715.554 5 1.80278 -50.1227 -164.525
19 511.775 715.826 5 2.12132 -47.4116 -25.1639
20 512.195 716.099 5 2.5 -43.9136 -10.9601
21 512.614 716.371 5 2.91548 -49.0451 -76.9381
22 513.033 716.643 5 3.3541 -43.9743 71.9048
23 513.453 716.916 5 3.80789 -49.9833 141.386
24 513.872 717.188 5 4.272 -60.2439 -158.441
25 514.291 717.46 5 4.74342 -59.8524 169.402
26 514.711 717.733 5 5.22015 -56.931 66.6575
27 509.406 714.884 5 1.41421 -41.2379 -101.483
28 509.826 715.156 5 1.11803 -39.9633 2.61497
29 510.245 715.429 5 1 -39.4228 12.0213
30 510.664 715.701 5 1.11803 -38.7826 -1.09915
31 511.084 715.973 5 1.41421 -41.5075 -100.341
32 511.503 716.246 5 1.80278 -48.6254 -157.309
33 511.922 716.518 5 2.23607 -46.2015 82.0144
34 512.342 716.79 5 2.69258 -50.6617 171.159
35 512.761 717.063 5 3.16228 -57.0928 -106.302
36 513.18 717.335 5 3.64006 -50.9539 -37.4225
37 513.6 717.607 5 4.12311 -49.1316 -69.2406
38 514.019 717.88 5 4.60977 -50.865 -36.2418
39 514.438 718.152 5 5.09902 -46.7653 -18.8604
40 509.134 715.303 5 1.11803 -42.9053 -0.376631
41 509.553 715.576 5 0.707107 -39.7885 117.295
42 509.973 715.848 5 0.5 -34.007 2.32317
43 510.392 716.12 5 0.707107 -38.5025 122.76
44 510.811 716.393 5 1.11803 -43.4573 6.1906
45 511.231 716.665 5 1.58114 -49.6051 25.8011
46 511.65 716.937 5 2.06155 -41.8997 -170.735
47 512.069 717.21 5 2.54951 -47.666 -108.468
48 512.489 717.482 5 3.04138 -48.6256 -129.009
49 512.908 717.754 5 3.53553 -48.5816 -131.957
50 513.327 718.027 5 4.03113 -47.2355 -113.133
51 513.747 718.299 5 4.52769 -51.5782 -95.3672
52 514.166 718.571 5 5.02494 -63.407 -87.7035
53 508.862 715.723 5 1 -40.7984 22.7958
54 509.281 715.995 5 0.5 -33.2259 -8.87711
55 509.7 716.267 5 0 -49.4198 51.13
56 510.12 716.54 5 0.5 -33.1645 -14.4073
57 510.539 716.812 5 1 -40.0172 16.336
58 510.958 717.084 5 1.5 -39.1623 24.3782
59 511.378 717.357 5 2 -44.6937 -7.4737
60 511.797 717.629 5 2.5 -47.6504 36.7076
61 512.216 717.901 5 3 -53.4717 -34.8462
62 512.636 718.174 5 3.5 -48.109 -7.8226
63 513.055 718.446 5 4 -49.0191 -19.5954
64 513.474 718.718 5 4.5 -47.5431 -0.395612
65 513.894 718.991 5 5 -56.7179 26.5122
66 508.589 716.142 5 1.11803 -44.2693 13.2553
67 509.009 716.414 5 0.707107 -38.6755 141.786
68 509.428 716.687 5 0.5 -33.9399 4.36355
69 509.847 716.959 5 0.707107 -37.6156 134.816
70 510.267 717.231 5 1.11803 -40.9533 -14.5683
71 510.686 717.504 5 1.58114 -41.7123 93.4143
72 511.105 717.776 5 2.06155 -52.7603 152.458
73 511.525 718.048 5 2.54951 -48.1435 -140.725
74 511.944 718.321 5 3.04138 -49.5808 -104.889
75 512.363 718.593 5 3.53553 -53.3694 -58.4271
76 512.783 718.865 5 4.03113 -52.5067 -108.807
77 513.202 719.138 5 4.52769 -51.4677 -77.6305
78 513.621 719.41 5 5.02494 -49.9018 -89.1657
79 510.414 717.923 5 1.80278 -45.1128 -179.583
80 510.833 718.195 5 2.23607 -45.3969 59.9963
81 511.672 718.74 5 3.16228 -50.8059 -120.953
82 512.091 719.012 5 3.64006 -51.8454 -81.354
83 512.51 719.285 5 4.12311 -51.3878 -33.2149
84 512.93 719.557 5 4.60977 -53.4469 37.547
85 513.349 719.829 5 5.09902 -52.6285 60.4524
86 510.141 718.342 5 2.12132 -51.5828 107.389
87 510.561 718.615 5 2.5 -46.2763 35.1069
88 511.399 719.159 5 3.3541 -49.3163 -74.3812
89 511.819 719.432 5 3.80789 -49.8519 23.2614
90 512.238 719.704 5 4.272 -57.5156 -33.9568
91 512.657 719.976 5 4.74342 -54.4845 -17.9529
92 513.077 720.249 5 5.22015 -67.3833 -124.563
93 509.869 718.762 5 2.5 -56.5261 -88.3521
94 510.288 719.034 5 2.82843 -53.9207 152.898
95 511.127 719.579 5 3.60555 -48.8333 -84.1029
96 511.546 719.851 5 4.03113 -51.2007 34.6062
97 511.966 720.123 5 4.47214 -50.9988 -164.056
98 512.385 720.396 5 4.92443 -58.6086 16.1508
99 512.804 720.668 5 5.38517 -61.4534 90.8621
100 509.597 719.181 5 2.91548 -61.4364 -107.086
101 510.016 719.453 5 3.20156 -56.9405 -172.035
102 509.324 719.6 5 3.3541 -66.0963 104.29
103 509.744 719.873 5 3.60555 -53.173 -69.1895
104 509.052 720.02 5 3.80789 -60.2343 -151.827
105 509.471 720.292 5 4.03113 -52.1163 -25.1205
