1 509.951 714.045 5 5.09902 -44.8319 47.012
2 510.37 714.318 5 4.60977 -47.1766 0.850875
3 510.79 714.59 5 4.12311 -57.1152 -50.072
4 511.209 714.862 5 3.64006 -44.1501 -33.1617
5 511.628 715.135 5 3.16228 -45.277 -172.678
6 512.048 715.407 5 2.69258 -46.6486 157.878
7 512.467 715.679 5 2.23607 -47.7847 40.4387
8 512.886 715.952 5 1.80278 -42.4965 -154.809
9 513.306 716.224 5 1.41421 -44.232 -140.625
10 513.725 716.496 5 1.11803 -46.0522 11.9542
11 514.144 716.769 5 1 -37.7507 -25.2173
12 514.564 717.041 5 1.11803 -42.3662 -156.937
13 514.983 717.313 5 1.41421 -44.0123 60.8688
14 509.679 714.465 5 5.02494 -46.661 -140.768
15 510.098 714.737 5 4.52769 -56.3563 -61.4361
16 510.517 715.009 5 4.03113 -47.8481 -151.199
17 510.937 715.282 5 3.53553 -44.0627 -112.455
18 511.356 715.554 5 3.04138 -45.5902 -114.965
19 511.775 715.826 5 2.54951 -51.9439 -111.062
20 512.195 716.099 5 2.06155 -43.7244 156.965
21 512.614 716.371 5 1.58114 -48.3352 116.507
22 513.033 716.643 5 1.11803 -42.7717 34.0349
23 513.453 716.916 5 0.707107 -38.5196 132.051
24 513.872 717.188 5 0.5 -32.378 -7.63504
25 514.291 717.46 5 0.707107 -35.5677 120.926
26 514.711 717.733 5 1.11803 -40.5643 31.179
27 509.406 714.884 5 5 -52.9424 -98.4054
28 509.826 715.156 5 4.5 -45.3652 -17.8335
29 510.245 715.429 5 4 -46.7038 21.2545
30 510.664 715.701 5 3.5 -46.6631 21.1944
31 511.084 715.973 5 3 -47.8705 0.0241377
32 511.503 716.246 5 2.5 -50.8996 20.4935
33 511.922 716.518 5 2 -44.3823 20.7592
34 512.342 716.79 5 1.5 -43.0921 16.5655
35 512.761 717.063 5 1 -39.1014 -14.4755
36 513.18 717.335 5 0.5 -34.8295 -16.0144
37 513.6 717.607 5 0 -42.7456 -10.1417
38 514.019 717.88 5 0.5 -34.5798 2.52566
39 514.438 718.152 5 1 -38.9234 3.46891
40 509.134 715.303 5 5.02494 -77.9556 34.7979
41 509.553 715.576 5 4.52769 -50.2305 -119.8
42 509.973 715.848 5 4.03113 -46.5349 -143.174
43 510.392 716.12 5 3.53553 -53.3291 -100.649
44 510.811 716.393 5 3.04138 -49.9266 -112.5
45 511.231 716.665 5 2.54951 -63.5924 -138.215
46 511.65 716.937 5 2.06155 -51.2439 -154.713
47 512.069 717.21 5 1.58114 -43.7086 148.574
48 512.489 717.482 5 1.11803 -39.5892 15.6387
49 512.908 717.754 5 0.707107 -36.9215 118.304
50 513.327 718.027 5 0.5 -32.2441 -8.50606
51 513.747 718.299 5 0.707107 -37.4237 124.213
52 514.166 718.571 5 1.11803 -41.5235 17.3951
53 508.862 715.723 5 5.09902 -49.0231 23.1804
54 509.281 715.995 5 4.60977 -51.2284 -36.2073
55 509.7 716.267 5 4.12311 -49.7562 -41.7589
56 510.12 716.54 5 3.64006 -48.9353 -14.4451
57 510.539 716.812 5 3.16228 -51.9288 -100.722
58 510.958 717.084 5 2.69258 -44.6603 162.055
59 511.378 717.357 5 2.23607 -45.6047 69.3674
60 511.797 717.629 5 1.80278 -49.8176 -137.683
61 512.216 717.901 5 1.41421 -47.1851 -119.55
62 512.636 718.174 5 1.11803 -40.7244 9.43312
63 513.055 718.446 5 1 -37.2027 -21.6518
64 513.474 718.718 5 1.11803 -39.9351 15.0031
65 513.894 718.991 5 1.41421 -42.8528 -117.251
66 508.589 716.142 5 5.22015 -49.7599 101.059
67 509.009 716.414 5 4.74342 -57.1277 14.2397
68 509.428 716.687 5 4.272 -52.4387 -61.0947
69 509.847 716.959 5 3.80789 -49.8884 175.088
70 510.267 717.231 5 3.3541 -47.825 66.6915
71 510.686 717.504 5 2.91548 -49.4165 -96.5732
72 511.105 717.776 5 2.5 -52.907 -7.58287
73 511.525 718.048 5 2.12132 -43.9157 5.18417
74 511.944 718.321 5 1.80278 -59.9065 131.821
75 512.363 718.593 5 1.58114 -48.7766 152.376
76 512.783 718.865 5 1.5 -43.7208 -27.2987
77 513.202 719.138 5 1.58114 -47.061 96.6457
78 513.621 719.41 5 1.80278 -47.9331 -151.979
79 510.414 717.923 5 3.20156 -47.9078 137.419
80 510.833 718.195 5 2.82843 -47.8267 112.152
81 511.672 718.74 5 2.23607 -42.571 19.8518
82 512.091 719.012 5 2.06155 -43.895 -159.095
83 512.51 719.285 5 2 -44.1435 -43.0283
84 512.93 719.557 5 2.06155 -48.5867 -164.161
85 513.349 719.829 5 2.23607 -45.0756 41.6302
86 510.141 718.342 5 3.53553 -43.0411 -92.7079
87 510.561 718.615 5 3.20156 -49.6522 65.2679
88 511.399 719.159 5 2.69258 -46.6883 175.258
89 511.819 719.432 5 2.54951 -43.8322 -127.79
90 512.238 719.704 5 2.5 -50.7018 -38.5036
91 512.657 719.976 5 2.54951 -48.8138 -122.141
92 513.077 720.249 5 2.69258 -42.1447 142.651
93 509.869 718.762 5 3.90513 -55.2387 64.5556
94 510.288 719.034 5 3.60555 -63.0969 -135.987
95 511.127 719.579 5 3.16228 -49.0536 -129.615
96 511.546 719.851 5 3.04138 -49.4799 62.5328
97 511.966 720.123 5 3 -49.3505 -77.8804
98 512.385 720.396 5 3.04138 -47.4226 -91.5485
99 512.804 720.668 5 3.16228 -54.1282 -109.903
100 509.597 719.181 5 4.30116 -52.0069 104.952
101 510.016 719.453 5 4.03113 -56.594 153.833
102 509.324 719.6 5 4.71699 -51.9784 -63.3017
103 509.744 719.873 5 4.47214 -49.3253 -140.006
104 509.052 720.02 5 5.14782 -60.8226 103.349
105 509.471 720.292 5 4.92443 -68.0687 -102.512
