1 514.644 719.84 5 1.29478 -54.4406 108.522
2 514.371 720.259 5 1.1082 -43.2703 -49.0705
3 514.097 720.678 5 1.13126 -45.5948 -155.262
4 513.824 721.096 5 1.35329 -41.5944 -67.1337
5 513.551 721.515 5 1.69795 -56.6075 -60.4069
6 513.278 721.934 5 2.10587 -61.8065 62.1256
7 513.004 722.353 5 2.54683 -61.4027 -107.903
8 512.731 722.771 5 3.00633 -73.9048 158.516
9 512.458 723.19 5 3.47702 -92.852 152.222
10 512.185 723.609 5 3.95491 -85.5945 -39.9523
11 515.063 720.113 5 1.73688 -50.475 -99.5583
12 514.789 720.532 5 1.60263 -55.4575 -48.7497
13 514.516 720.951 5 1.61866 -46.0494 -116.808
14 514.243 721.37 5 1.78093 -46.9145 114.924
15 513.97 721.788 5 2.05508 -64.4276 -28.2414
16 513.696 722.207 5 2.40312 -70.0835 60.4116
17 513.423 722.626 5 2.79761 -72.2613 9.98351
18 513.15 723.045 5 3.22154 -65.0989 170.356
19 512.877 723.463 5 3.66469 -66.943 109.169
20 512.603 723.882 5 4.12087 -77.9086 135.896
21 515.481 720.387 5 2.20388 -51.0305 28.8806
22 515.208 720.805 5 2.09969 -58.7471 -144.68
23 514.935 721.224 5 2.11196 -61.0604 -80.3402
24 514.662 721.643 5 2.23875 -52.0679 -67.8831
25 514.388 722.062 5 2.46245 -45.7996 6.6314
26 514.115 722.48 5 2.75958 -56.5608 107.009
27 513.842 722.899 5 3.10917 -70.6245 51.2799
28 513.568 723.318 5 3.49551 -75.1595 34.832
29 513.295 723.737 5 3.90772 -65.6286 131.84
30 513.022 724.155 5 4.33842 -73.294 57.5359
31 515.9 720.66 5 2.68279 -49.0256 68.9362
32 515.627 721.079 5 2.59789 -57.9471 -150.778
33 515.353 721.497 5 2.60781 -56.6951 -177.085
34 515.08 721.916 5 2.71152 -50.1891 -81.6778
35 514.807 722.335 5 2.89896 -47.0036 121.813
36 514.534 722.754 5 3.15525 -53.0961 134.191
37 514.26 723.172 5 3.46515 -62.9561 -155.547
38 513.987 723.591 5 3.81561 -63.3601 52.6129
39 516.319 720.933 5 3.16823 -48.8472 116.591
40 516.045 721.352 5 3.09666 -59.1253 -54.3719
41 515.772 721.771 5 3.10499 -61.2952 -68.8855
42 515.499 722.189 5 3.19259 -52.3138 27.8048
43 515.226 722.608 5 3.35325 -56.9339 -140.075
44 514.952 723.027 5 3.57714 -53.7275 -34.9007
45 514.679 723.446 5 3.85325 -57.6158 -99.3773
46 514.406 723.864 5 4.17124 -115.907 -88.0539
47 516.737 721.206 5 3.65759 -49.1052 70.5274
48 516.464 721.625 5 3.59578 -59.2207 -33.7804
49 516.191 722.044 5 3.60295 -55.0314 -5.56493
50 515.918 722.463 5 3.67871 -56.7559 88.0233
51 515.644 722.881 5 3.81898 -53.4038 -66.0195
52 515.371 723.3 5 4.01699 -50.2066 171.633
53 515.098 723.719 5 4.26472 -61.1615 90.798
54 514.825 724.138 5 4.55407 -155.881 96.858
55 517.156 721.48 5 4.14949 -56.6406 162.186
56 516.883 721.898 5 4.09511 -57.357 -52.5293
57 516.61 722.317 5 4.10141 -55.4933 -28.2371
58 516.336 722.736 5 4.16812 -55.6679 111.505
59 516.063 723.155 5 4.29242 -56.8384 66.3396
60 515.79 723.573 5 4.46951 -54.9873 -70.5213
61 515.517 723.992 5 4.69342 -52.1874 -8.65746
62 515.243 724.411 5 4.9578 -121.721 114.406
63 517.575 721.753 5 4.64312 -56.3747 -26.8737
64 517.302 722.172 5 4.59459 -51.5005 16.6166
65 517.028 722.59 5 4.60021 -57.3313 -73.7103
66 516.755 723.009 5 4.65978 -54.6939 106.703
67 516.482 723.428 5 4.77129 -56.0903 171.449
68 516.209 723.847 5 4.93121 -53.5312 -29.5016
69 515.935 724.265 5 5.13502 -52.7541 179.241
70 515.662 724.684 5 5.37774 -60.3395 136.649
71 517.994 722.026 5 5.13799 -54.1884 13.8942
72 517.72 722.445 5 5.09417 -54.8373 -100.94
73 517.447 722.864 5 5.09923 -59.3648 -121.97
74 517.174 723.282 5 5.15304 -55.4852 128.716
75 516.901 723.701 5 5.25409 -52.351 -123.077
76 516.627 724.12 5 5.39973 -56.0551 112.67
77 516.354 724.539 5 5.58648 -64.0157 0.61555
78 516.081 724.957 5 5.81037 -60.8644 1.24152
