1 509.951 714.045 5 3.90512 -48.0113 -93.6455
2 510.37 714.318 5 3.53553 -49.5158 -89.8944
3 510.79 714.59 5 3.20156 -49.8499 105.294
4 511.209 714.862 5 2.91548 -49.5023 -135.267
5 511.628 715.135 5 2.69258 -53.4643 133.134
6 512.048 715.407 5 2.54951 -47.1161 -101.871
7 512.467 715.679 5 2.5 -46.8868 -25.2158
8 512.886 715.952 5 2.54951 -49.4425 -126.679
9 513.306 716.224 5 2.69258 -54.6098 161.44
10 513.725 716.496 5 2.91548 -46.8633 -127.331
11 514.144 716.769 5 3.20156 -53.4259 160.636
12 514.564 717.041 5 3.53553 -53.3158 73.2513
13 514.983 717.313 5 3.90512 -58.0395 69.8513
14 509.679 714.465 5 3.60555 -48.3668 52.0921
15 510.098 714.737 5 3.20156 -47.7064 162.153
16 510.517 715.009 5 2.82843 -43.6363 138.952
17 510.937 715.282 5 2.5 -49.0559 -4.38528
18 511.356 715.554 5 2.23607 -44.4971 24.8522
19 511.775 715.826 5 2.06155 -45.306 -147.865
20 512.195 716.099 5 2 -45.0849 -25.9774
21 512.614 716.371 5 2.06155 -47.6406 -155.34
22 513.033 716.643 5 2.23607 -46.4586 12.9132
23 513.453 716.916 5 2.5 -47.2577 -11.3996
24 513.872 717.188 5 2.82843 -43.1601 124.714
25 514.291 717.46 5 3.20156 -47.2832 164.673
26 514.711 717.733 5 3.60555 -54.5347 54.4452
27 509.406 714.884 5 3.3541 -46.6433 48.7197
28 509.826 715.156 5 2.91548 -55.9972 -83.2477
29 510.245 715.429 5 2.5 -50.7739 3.1664
30 510.664 715.701 5 2.12132 -45.3209 12.9332
31 511.084 715.973 5 1.80278 -50.4189 -150.806
32 511.503 716.246 5 1.58114 -46.1282 105.322
33 511.922 716.518 5 1.5 -43.6079 -6.44124
34 512.342 716.79 5 1.58114 -49.9477 75.5596
35 512.761 717.063 5 1.80278 -49.7318 -119.958
36 513.18 717.335 5 2.12132 -46.6165 -2.79739
37 513.6 717.607 5 2.5 -48.991 -11.7769
38 514.019 717.88 5 2.91548 -48.893 -85.6294
39 514.438 718.152 5 3.3541 -47.7252 20.0924
40 509.134 715.303 5 3.16228 -47.9178 -88.7453
41 509.553 715.576 5 2.69258 -43.385 132.113
42 509.973 715.848 5 2.23607 -46.4332 22.1894
43 510.392 716.12 5 1.80278 -46.8559 -165.23
44 510.811 716.393 5 1.41421 -42.0557 -111.209
45 511.231 716.665 5 1.11803 -42.3908 4.39385
46 511.65 716.937 5 1 -42.5699 -9.33783
47 512.069 717.21 5 1.11803 -41.008 9.71844
48 512.489 717.482 5 1.41421 -41.2491 -114.451
49 512.908 717.754 5 1.80278 -44.2825 -171.813
50 513.327 718.027 5 2.23607 -48.4916 60.1658
51 513.747 718.299 5 2.69258 -42.4711 153.834
52 514.166 718.571 5 3.16228 -48.3671 -102.273
53 508.862 715.723 5 3.04138 -47.2921 -73.5955
54 509.281 715.995 5 2.54951 -42.9777 -126.701
55 509.7 716.267 5 2.06155 -53.1899 175.464
56 510.12 716.54 5 1.58114 -45.0064 112.842
57 510.539 716.812 5 1.11803 -39.6094 16.7073
58 510.958 717.084 5 0.707107 -38.6981 126.617
59 511.378 717.357 5 0.5 -34.3144 1.27003
60 511.797 717.629 5 0.707107 -38.4151 115.888
61 512.216 717.901 5 1.11803 -39.4448 17.1097
62 512.636 718.174 5 1.58114 -42.7533 97.606
63 513.055 718.446 5 2.06155 -48.8898 130.089
64 513.474 718.718 5 2.54951 -46.4564 -149.862
65 513.894 718.991 5 3.04138 -47.4485 -94.6285
66 508.589 716.142 5 3 -49.7723 125.129
67 509.009 716.414 5 2.5 -42.8679 19.3415
68 509.428 716.687 5 2 -41.8088 -3.49488
69 509.847 716.959 5 1.5 -51.4706 -39.9675
70 510.267 717.231 5 1 -43.1741 -3.12467
71 510.686 717.504 5 0.5 -33.9187 -9.22414
72 511.105 717.776 5 0 -60.4651 -96.5557
73 511.525 718.048 5 0.5 -32.9997 -5.72193
74 511.944 718.321 5 1 -38.9127 -13.4813
75 512.363 718.593 5 1.5 -46.9898 23.1715
76 512.783 718.865 5 2 -46.185 8.24492
77 513.202 719.138 5 2.5 -41.5613 14.6546
78 513.621 719.41 5 3 -49.9513 2.42821
79 510.414 717.923 5 0.707107 -36.0596 126.778
80 510.833 718.195 5 0.5 -33.6722 4.95905
81 511.672 718.74 5 1.11803 -39.6413 30.4245
82 512.091 719.012 5 1.58114 -42.2801 102.121
83 512.51 719.285 5 2.06155 -46.6883 159.662
84 512.93 719.557 5 2.54951 -59.9487 177.808
85 513.349 719.829 5 3.04138 -49.5326 -81.4634
86 510.141 718.342 5 1.11803 -36.9179 -6.89556
87 510.561 718.615 5 1 -36.5618 13.1768
88 511.399 719.159 5 1.41421 -44.0539 132.899
89 511.819 719.432 5 1.80278 -47.2175 -148.151
90 512.238 719.704 5 2.23607 -51.9885 78.3074
91 512.657 719.976 5 2.69258 -42.8332 149.759
92 513.077 720.249 5 3.16228 -65.2985 109.596
93 509.869 718.762 5 1.58114 -46.4287 -158.535
94 510.288 719.034 5 1.5 -36.4556 2.53102
95 511.127 719.579 5 1.80278 -50.0454 97.7532
96 511.546 719.851 5 2.12132 -50.4778 129.356
97 511.966 720.123 5 2.5 -53.7319 -20.3599
98 512.385 720.396 5 2.91548 -47.2403 -97.0199
99 512.804 720.668 5 3.3541 -46.1496 -54.1896
100 509.597 719.181 5 2.06155 -46.2755 144.804
101 510.016 719.453 5 2 -38.5573 31.0824
102 509.324 719.6 5 2.54951 -43.5436 -59.5415
103 509.744 719.873 5 2.5 -66.2921 -109.09
104 509.052 720.02 5 3.04138 -41.1979 -137.223
105 509.471 720.292 5 3 -51.307 -47.6054
