1 505.473 717.831 5 4.19534 -50.2161 1.75664
2 505.747 717.412 5 4.21002 -54.839 -49.2925
3 506.02 716.994 5 4.28342 -50.5994 64.1772
4 506.294 716.575 5 4.41261 -44.3121 146.627
5 506.567 716.157 5 4.59287 -51.6681 76.3118
6 505.891 718.104 5 3.6956 -63.8628 147.505
7 506.165 717.686 5 3.71226 -52.5475 -173.802
8 506.439 717.267 5 3.7953 -50.947 24.1367
9 506.712 716.849 5 3.94052 -50.6001 6.78355
10 506.986 716.43 5 4.14138 -47.0582 -166.107
11 506.31 718.378 5 3.19594 -59.6649 129.361
12 506.584 717.96 5 3.21519 -45.58 26.4051
13 506.857 717.541 5 3.31071 -50.3516 70.4248
14 507.131 717.123 5 3.47624 -50.8024 -6.76781
15 507.404 716.704 5 3.70238 -47.7317 102.379
16 506.728 718.652 5 2.69641 -43.6499 86.5664
17 507.002 718.233 5 2.71919 -43.3073 -59.3021
18 507.276 717.815 5 2.8315 -52.0328 -11.1168
19 507.549 717.396 5 3.02338 -56.0098 -1.43393
20 507.823 716.978 5 3.28088 -55.2872 62.7461
21 507.147 718.925 5 2.19708 -39.9849 35.5266
22 507.421 718.507 5 2.22499 -49.4436 -8.45679
23 507.694 718.088 5 2.36093 -41.3565 -85.7362
24 507.968 717.67 5 2.58793 -52.5472 -61.3614
25 508.241 717.251 5 2.88457 -66.639 139.268
26 507.565 719.199 5 1.69816 -42.1481 29.8745
27 507.839 718.78 5 1.73411 -62.9928 -71.3298
28 508.113 718.362 5 1.9054 -51.1932 171.085
29 508.386 717.943 5 2.18035 -59.8304 -26.5315
30 508.66 717.525 5 2.52534 -60.7023 -67.4263
31 507.984 719.472 5 1.20013 -36.0988 32.3697
32 508.258 719.054 5 1.25048 -37.9359 -97.5984
33 508.531 718.635 5 1.47889 -56.8721 -89.8814
34 508.805 718.217 5 1.81948 -62.6172 0.486459
35 509.078 717.798 5 2.22124 -65.2224 -72.1669
36 508.402 719.746 5 0.704894 -36.9773 20.2049
37 508.676 719.328 5 0.787575 -37.5012 126.927
38 508.95 718.909 5 1.1152 -64.4345 87.7312
39 509.223 718.491 5 1.53853 -53.6949 -60.7074
40 509.497 718.072 5 1.99762 -49.2439 -4.93239
