1 514.644 719.84 5 3.68073 -65.6215 23.0307
2 514.371 720.259 5 3.8202 -58.6836 0.419376
3 514.097 720.678 5 4.01747 -51.7731 134.519
4 513.824 721.096 5 4.26453 -48.9413 176.58
5 513.551 721.515 5 4.55328 -75.5724 -95.2886
6 513.278 721.934 5 4.87633 -76.2491 5.41902
7 513.004 722.353 5 5.2273 -84.734 -30.3429
8 512.731 722.771 5 5.60097 -76.1909 44.8408
9 512.458 723.19 5 5.99308 -73.7967 72.199
10 512.185 723.609 5 6.40025 -69.9174 5.21803
11 515.063 720.113 5 4.17029 -70.5824 17.4387
12 514.789 720.532 5 4.29389 -61.3783 -0.823445
13 514.516 720.951 5 4.47031 -55.2286 -49.187
14 514.243 721.37 5 4.69359 -48.3502 36.9185
15 513.97 721.788 5 4.95742 -81.9005 32.8418
16 513.696 722.207 5 5.25568 -68.4843 -132.817
17 513.423 722.626 5 5.58286 -75.6593 -15.318
18 513.15 723.045 5 5.93418 -74.3095 10.718
19 512.877 723.463 5 6.3056 -78.935 31.1968
20 512.603 723.882 5 6.69379 -85.1732 111.015
21 515.481 720.387 5 4.66207 -67.0146 26.3292
22 515.208 720.805 5 4.77295 -61.7376 5.88947
23 514.935 721.224 5 4.93227 -53.4877 60.0928
24 514.662 721.643 5 5.13551 -50.4627 -179.52
25 514.388 722.062 5 5.37769 -49.3382 -137.817
26 514.115 722.48 5 5.65382 -76.1861 -56.4111
27 513.842 722.899 5 5.95919 -75.3894 124.845
28 513.568 723.318 5 6.28952 -76.2948 45.3525
29 513.295 723.737 5 6.6411 -72.0975 -161.051
30 513.022 724.155 5 7.01073 -77.9571 -172.859
31 515.9 720.66 5 5.15544 -65.0121 -147.918
32 515.627 721.079 5 5.25592 -72.0954 -24.872
33 515.353 721.497 5 5.401 -61.9226 77.9423
34 515.08 721.916 5 5.58722 -52.5326 -15.8715
35 514.807 722.335 5 5.81061 -53.3763 41.4827
36 514.534 722.754 5 6.06707 -70.2095 -47.159
37 514.26 723.172 5 6.3526 -70.8578 -125.253
38 513.987 723.591 5 6.66346 -73.4597 -94.7902
39 516.319 720.933 5 5.64997 -70.1469 75.3365
40 516.045 721.352 5 5.7418 -65.2128 -13.9753
41 515.772 721.771 5 5.8749 -67.234 58.7049
42 515.499 722.189 5 6.04654 -54.9053 94.8652
43 515.226 722.608 5 6.25354 -53.1659 -126.06
44 514.952 723.027 5 6.49253 -56.7096 -91.3966
45 514.679 723.446 5 6.76011 -68.5179 160.494
46 514.406 723.864 5 7.05303 -107.264 113.423
47 516.737 721.206 5 6.14538 -57.0423 140.162
48 516.464 721.625 5 6.22992 -62.3141 -57.5398
49 516.191 722.044 5 6.3528 -88.7564 11.1796
50 515.918 722.463 5 6.51185 -57.3686 -167.525
51 515.644 722.881 5 6.7045 -54.452 16.9781
52 515.371 723.3 5 6.92795 -51.7179 75.6989
53 515.098 723.719 5 7.17932 -61.4769 105.688
54 514.825 724.138 5 7.45579 -127.591 -76.6866
55 517.156 721.48 5 6.64148 -57.0122 -147.93
56 516.883 721.898 5 6.71978 -80.0014 82.377
57 516.61 722.317 5 6.83386 -70.1428 -10.448
58 516.336 722.736 5 6.98196 -65.9218 -124.006
59 516.063 723.155 5 7.16198 -56.0052 143.788
60 515.79 723.573 5 7.37157 -51.9508 -122.853
61 515.517 723.992 5 7.6083 -60.5704 -59.9037
62 515.243 724.411 5 7.86971 -121.148 107.968
63 517.575 721.753 5 7.13813 -73.1382 -87.8538
64 517.302 722.172 5 7.21104 -65.4882 -162.999
65 517.028 722.59 5 7.31746 -73.8212 164.41
66 516.755 723.009 5 7.45596 -73.7938 -123.094
67 516.482 723.428 5 7.6248 -59.9825 -116.425
68 516.209 723.847 5 7.822 -53.8446 52.9923
69 515.935 724.265 5 8.04549 -57.1284 97.3142
70 515.662 724.684 5 8.29313 -61.4835 20.8756
71 517.994 722.026 5 7.63521 -58.966 -175.318
72 517.72 722.445 5 7.70342 -63.2999 -149.698
73 517.447 722.864 5 7.80313 -66.4948 85.3608
74 517.174 723.282 5 7.93316 -82.7571 52.2206
75 516.901 723.701 5 8.09204 -60.1951 12.7714
76 516.627 724.12 5 8.27812 -57.4172 165.249
77 516.354 724.539 5 8.48961 -54.5619 -103.958
78 516.081 724.957 5 8.72465 -61.509 -95.7467
