1 505.473 717.831 5 4.91742 -54.5106 68.0955
2 505.747 717.412 5 4.50655 -72.9204 -157.678
3 506.02 716.994 5 4.11545 -62.5307 176.627
4 506.294 716.575 5 3.75032 -59.4152 141.272
5 506.567 716.157 5 3.41947 -87.934 154.032
6 505.891 718.104 5 4.66365 -58.484 99.3141
7 506.165 717.686 5 4.22819 -56.5916 -109.868
8 506.439 717.267 5 3.80862 -56.4604 -4.38349
9 506.712 716.849 5 3.41079 -56.1105 63.2847
10 506.986 716.43 5 3.04326 -62.2597 85.0981
11 506.31 718.378 5 4.45178 -89.6684 95.9786
12 506.584 717.96 5 3.99328 -57.9484 -88.6481
13 506.857 717.541 5 3.54601 -55.4151 73.9577
14 507.131 717.123 5 3.11483 -68.8521 -166.368
15 507.404 716.704 5 2.70741 -63.0825 -5.84753
16 506.728 718.652 5 4.288 -58.6466 -179.319
17 507.002 718.233 5 3.80984 -59.5972 96.8211
18 507.276 717.815 5 3.33809 -61.1024 -12.4533
19 507.549 717.396 5 2.8759 -59.3274 -51.1545
20 507.823 716.978 5 2.42873 -52.3784 69.6611
21 507.147 718.925 5 4.17799 -52.8742 -125.033
22 507.421 718.507 5 3.68558 -54.1945 -141.263
23 507.694 718.088 5 3.19554 -54.8906 -149.591
24 507.968 717.67 5 2.70914 -67.4168 -68.256
25 508.241 717.251 5 2.22876 -52.6282 -70.4301
26 507.565 719.199 5 4.12604 -49.2537 -18.0656
27 507.839 718.78 5 3.62659 -48.9197 -12.9263
28 508.113 718.362 5 3.12732 -47.9992 -25.7884
29 508.386 717.943 5 2.62832 -48.2329 -17.6346
30 508.66 717.525 5 2.12979 -46.7831 -35.1386
31 507.984 719.472 5 4.13435 -48.1495 -46.8554
32 508.258 719.054 5 3.63604 -50.5658 -50.5491
33 508.531 718.635 5 3.13827 -50.9999 -43.7991
34 508.805 718.217 5 2.64134 -50.1134 -44.7966
35 509.078 717.798 5 2.14584 -47.5891 -68.659
36 508.402 719.746 5 4.20256 -62.7297 -78.6436
37 508.676 719.328 5 3.71341 -63.7917 -154.559
38 508.95 718.909 5 3.2276 -74.1601 -130.418
39 509.223 718.491 5 2.74688 -70.9192 119.816
40 509.497 718.072 5 2.27449 -90.8047 -49.5887
