1 509.951 714.045 5 4.71699 -46.9543 132.269
2 510.37 714.318 5 4.30116 -51.6391 -172.129
3 510.79 714.59 5 3.90512 -52.1327 -73.0038
4 511.209 714.862 5 3.53553 -55.9876 -86.0672
5 511.628 715.135 5 3.20156 -63.7188 125.584
6 512.048 715.407 5 2.91548 -45.1783 -141.065
7 512.467 715.679 5 2.69258 -54.9762 135.293
8 512.886 715.952 5 2.54951 -44.6993 -165.726
9 513.306 716.224 5 2.5 -45.3299 -49.172
10 513.725 716.496 5 2.54951 -43.0643 -176.312
11 514.144 716.769 5 2.69258 -45.7747 151.487
12 514.564 717.041 5 2.91548 -54.6275 75.855
13 514.983 717.313 5 3.20156 -49.6002 -38.9919
14 509.679 714.465 5 4.47214 -62.2457 125.433
15 510.098 714.737 5 4.03113 -51.9413 -112.854
16 510.517 715.009 5 3.60555 -48.8279 70.6317
17 510.937 715.282 5 3.20156 -47.3581 148.896
18 511.356 715.554 5 2.82843 -43.845 112.046
19 511.775 715.826 5 2.5 -44.8665 7.30572
20 512.195 716.099 5 2.23607 -45.0838 9.24715
21 512.614 716.371 5 2.06155 -45.1674 173.866
22 513.033 716.643 5 2 -45.6856 -34.5737
23 513.453 716.916 5 2.06155 -43.2192 175.632
24 513.872 717.188 5 2.23607 -45.0225 25.9383
25 514.291 717.46 5 2.5 -43.5429 10.2517
26 514.711 717.733 5 2.82843 -46.9935 97.8664
27 509.406 714.884 5 4.272 -54.8603 -7.17439
28 509.826 715.156 5 3.80789 -49.0687 156.054
29 510.245 715.429 5 3.3541 -48.1162 39.0923
30 510.664 715.701 5 2.91548 -48.7724 -94.0739
31 511.084 715.973 5 2.5 -49.6263 -13.9626
32 511.503 716.246 5 2.12132 -43.2265 5.17059
33 511.922 716.518 5 1.80278 -48.9013 -140.92
34 512.342 716.79 5 1.58114 -44.9492 122.776
35 512.761 717.063 5 1.5 -45.8955 -36.5517
36 513.18 717.335 5 1.58114 -43.2035 127.25
37 513.6 717.607 5 1.80278 -56.174 149.791
38 514.019 717.88 5 2.12132 -41.7058 9.69803
39 514.438 718.152 5 2.5 -47.8946 -14.2603
40 509.134 715.303 5 4.12311 -48.1225 -37.1559
41 509.553 715.576 5 3.64006 -52.3759 -69.039
42 509.973 715.848 5 3.16228 -46.8785 -96.5809
43 510.392 716.12 5 2.69258 -44.3206 146.827
44 510.811 716.393 5 2.23607 -50.1629 33.8013
45 511.231 716.665 5 1.80278 -46.3805 -157.972
46 511.65 716.937 5 1.41421 -43.5743 -125.625
47 512.069 717.21 5 1.11803 -41.5992 28.2988
48 512.489 717.482 5 1 -42.4447 -22.1758
49 512.908 717.754 5 1.11803 -44.5786 27.909
50 513.327 718.027 5 1.41421 -44.4118 -125.693
51 513.747 718.299 5 1.80278 -50.8814 141.824
52 514.166 718.571 5 2.23607 -45.6707 24.9794
53 508.862 715.723 5 4.03113 -60.9683 -83.807
54 509.281 715.995 5 3.53553 -51.2247 -49.8995
55 509.7 716.267 5 3.04138 -50.0661 -98.2017
56 510.12 716.54 5 2.54951 -50.0969 -127.648
57 510.539 716.812 5 2.06155 -53.0051 137.201
58 510.958 717.084 5 1.58114 -41.9398 97.1548
59 511.378 717.357 5 1.11803 -38.9948 18.2316
60 511.797 717.629 5 0.707107 -36.6616 112.448
61 512.216 717.901 5 0.5 -34.9461 -16.9206
62 512.636 718.174 5 0.707107 -37.5246 117.006
63 513.055 718.446 5 1.11803 -40.3644 8.20326
64 513.474 718.718 5 1.58114 -44.9843 133.96
65 513.894 718.991 5 2.06155 -49.4349 165.504
66 508.589 716.142 5 4 -47.3968 -65.2153
67 509.009 716.414 5 3.5 -50.2254 -45.9261
68 509.428 716.687 5 3 -53.7688 -48.1688
69 509.847 716.959 5 2.5 -45.3721 -32.9258
70 510.267 717.231 5 2 -45.1883 -30.6604
71 510.686 717.504 5 1.5 -47.6581 -3.28137
72 511.105 717.776 5 1 -39.0142 -18.4741
73 511.525 718.048 5 0.5 -33.1792 0.233855
74 511.944 718.321 5 0 -41.1742 -168.449
75 512.363 718.593 5 0.5 -34.1577 -8.69113
76 512.783 718.865 5 1 -38.8828 -4.80117
77 513.202 719.138 5 1.5 -44.7862 14.2934
78 513.621 719.41 5 2 -44.2674 1.70689
79 510.414 717.923 5 1.58114 -42.4831 95.4035
80 510.833 718.195 5 1.11803 -37.8154 26.6962
81 511.672 718.74 5 0.5 -39.2457 1.93193
82 512.091 719.012 5 0.707107 -37.0045 142.019
83 512.51 719.285 5 1.11803 -40.31 23.095
84 512.93 719.557 5 1.58114 -49.2403 105.858
85 513.349 719.829 5 2.06155 -43.6973 -152.261
86 510.141 718.342 5 1.80278 -51.1215 -132.252
87 510.561 718.615 5 1.41421 -40.9354 121.485
88 511.399 719.159 5 1 -42.874 -40.2239
89 511.819 719.432 5 1.11803 -43.2998 13.6798
90 512.238 719.704 5 1.41421 -44.3119 -141.619
91 512.657 719.976 5 1.80278 -53.8646 -154.371
92 513.077 720.249 5 2.23607 -42.3147 -0.131412
93 509.869 718.762 5 2.12132 -46.5938 -116.734
94 510.288 719.034 5 1.80278 -56.6321 117.503
95 511.127 719.579 5 1.5 -48.3126 173.154
96 511.546 719.851 5 1.58114 -43.2988 -30.6182
97 511.966 720.123 5 1.80278 -51.0455 168.791
98 512.385 720.396 5 2.12132 -47.331 9.22885
99 512.804 720.668 5 2.5 -48.2573 -152.502
100 509.597 719.181 5 2.5 -53.9839 -120.451
101 510.016 719.453 5 2.23607 -54.0952 -160.76
102 509.324 719.6 5 2.91548 -48.8813 43.2774
103 509.744 719.873 5 2.69258 -61.3445 172.132
104 509.052 720.02 5 3.3541 -69.7832 -45.5544
105 509.471 720.292 5 3.16228 -56.081 -144.868
