1 514.644 719.84 5 7.3177 -67.857 106.528
2 514.371 720.259 5 7.45568 -66.9632 -15.042
3 514.097 720.678 5 7.62402 -54.8464 134.598
4 513.824 721.096 5 7.82075 -53.858 -50.0839
5 513.551 721.515 5 8.04379 -78.5606 -43.2239
6 513.278 721.934 5 8.29102 -68.8481 -87.5986
7 513.004 722.353 5 8.56035 -83.9658 56.3295
8 512.731 722.771 5 8.84975 -70.5293 -43.4603
9 512.458 723.19 5 9.15732 -81.4474 -14.4225
10 512.185 723.609 5 9.4813 -88.0097 -23.5139
11 515.063 720.113 5 7.80349 -62.9816 -56.1614
12 514.789 720.532 5 7.93303 -67.7027 -10.0314
13 514.516 720.951 5 8.09144 -55.7092 -100.131
14 514.243 721.37 5 8.27707 -57.4846 -137.942
15 513.97 721.788 5 8.48813 -76.2322 -108.304
16 513.696 722.207 5 8.72278 -77.9668 178.797
17 513.423 722.626 5 8.97916 -70.4646 -133.189
18 513.15 723.045 5 9.25547 -92.0783 0.350732
19 512.877 723.463 5 9.54999 -79.2108 -51.392
20 512.603 723.882 5 9.86107 -85.0894 37.369
21 515.481 720.387 5 8.29097 -60.6175 134.195
22 515.208 720.805 5 8.41301 -67.4349 160.685
23 514.935 721.224 5 8.56255 -65.0922 55.2397
24 514.662 721.643 5 8.73817 -52.8889 -165.09
25 514.388 722.062 5 8.93835 -59.038 67.543
26 514.115 722.48 5 9.16147 -78.471 -117.401
27 513.842 722.899 5 9.40591 -71.1412 84.1536
28 513.568 723.318 5 9.67003 -82.8862 -58.9349
29 513.295 723.737 5 9.95229 -79.6642 91.8999
30 513.022 724.155 5 10.2512 -82.4944 151.915
31 515.9 720.66 5 8.77986 -59.4151 69.7863
32 515.627 721.079 5 8.89519 -60.8969 -28.0294
33 515.353 721.497 5 9.03676 -62.7535 111.158
34 515.08 721.916 5 9.20334 -56.7518 -28.9375
35 514.807 722.335 5 9.39361 -72.5439 -111.016
36 514.534 722.754 5 9.60616 -60.7843 -166.404
37 514.26 723.172 5 9.83956 -71.1901 -143.378
38 513.987 723.591 5 10.0923 -70.2378 -84.5529
39 516.319 720.933 5 9.26994 -56.9082 158.638
40 516.045 721.352 5 9.37925 -67.9418 115.704
41 515.772 721.771 5 9.51361 -65.1863 110.082
42 515.499 722.189 5 9.67198 -60.5137 68.5712
43 515.226 722.608 5 9.85321 -55.9782 -100.744
44 514.952 723.027 5 10.0561 -59.391 130.24
45 514.679 723.446 5 10.2792 -78.1794 -155.738
46 514.406 723.864 5 10.5215 -108.037 -140.996
47 516.737 721.206 5 9.76102 -59.6194 27.9996
48 516.464 721.625 5 9.86489 -60.9822 70.9339
49 516.191 722.044 5 9.99272 -61.6752 -24.2181
50 515.918 722.463 5 10.1436 -62.2306 140.513
51 515.644 722.881 5 10.3166 -59.2357 6.26238
52 515.371 723.3 5 10.5105 -64.6637 102.551
53 515.098 723.719 5 10.7242 -60.2194 -75.1025
54 514.825 724.138 5 10.9566 -148.455 78.0079
55 517.156 721.48 5 10.253 -66.1045 -4.02976
56 516.883 721.898 5 10.3519 -62.1806 -134.301
57 516.61 722.317 5 10.4738 -79.8733 155.913
58 516.336 722.736 5 10.6179 -65.3205 -121.543
59 516.063 723.155 5 10.7832 -60.0285 137.143
60 515.79 723.573 5 10.9689 -72.2606 6.8054
61 515.517 723.992 5 11.1738 -63.2278 -158.434
62 515.243 724.411 5 11.397 -133.808 35.3504
63 517.575 721.753 5 10.7457 -62.1631 35.2464
64 517.302 722.172 5 10.8401 -63.8002 28.9896
65 517.028 722.59 5 10.9566 -61.431 101.699
66 516.755 723.009 5 11.0943 -61.3965 -31.3649
67 516.482 723.428 5 11.2527 -65.3188 -154.8
68 516.209 723.847 5 11.4307 -56.8647 44.3325
69 515.935 724.265 5 11.6276 -61.1495 137.409
70 515.662 724.684 5 11.8422 -78.125 -139.518
71 517.994 722.026 5 11.239 -66.8577 -56.899
72 517.72 722.445 5 11.3293 -61.0275 -1.11461
73 517.447 722.864 5 11.4408 -63.6701 -55.5686
74 517.174 723.282 5 11.5728 -77.2534 -8.14134
75 516.901 723.701 5 11.7247 -66.3518 -51.2183
76 516.627 724.12 5 11.8957 -60.2472 171.136
77 516.354 724.539 5 12.0849 -77.7564 -67.4808
78 516.081 724.957 5 12.2916 -61.961 -100.073
