1 514.644 719.84 5 2.40958 -63.9731 47.4716
2 514.371 720.259 5 2.20353 -43.3249 8.38449
3 514.097 720.678 5 2.09881 -53.1266 -31.1306
4 513.824 721.096 5 2.11056 -60.0007 -73.1418
5 513.551 721.515 5 2.23694 -59.5965 85.8467
6 513.278 721.934 5 2.46036 -69.4784 47.4105
7 513.004 722.353 5 2.75732 -68.0246 -60.7406
8 512.731 722.771 5 3.10681 -67.8069 -29.0562
9 512.458 723.19 5 3.4931 -77.6988 72.6337
10 512.185 723.609 5 3.90528 -68.1692 1.19648
11 515.063 720.113 5 2.854 -49.4737 -86.8743
12 514.789 720.532 5 2.6823 -48.764 43.1986
13 514.516 720.951 5 2.59696 -55.3303 14.2308
14 514.243 721.37 5 2.60646 -59.2319 -99.2806
15 513.97 721.788 5 2.70982 -74.9828 11.5776
16 513.696 722.207 5 2.89699 -64.6984 42.2605
17 513.423 722.626 5 3.1531 -69.0572 44.2344
18 513.15 723.045 5 3.46287 -67.3764 -168.403
19 512.877 723.463 5 3.81326 -81.5563 -173.625
20 512.603 723.882 5 4.19409 -75.5943 -74.7911
21 515.481 720.387 5 3.31429 -48.4052 -10.9155
22 515.208 720.805 5 3.16764 -47.1813 124.207
23 514.935 721.224 5 3.09571 -49.1123 -55.8765
24 514.662 721.643 5 3.10369 -55.4395 38.5635
25 514.388 722.062 5 3.19097 -64.2439 24.9307
26 514.115 722.48 5 3.35138 -79.7884 83.1487
27 513.842 722.899 5 3.57508 -60.8523 9.92446
28 513.568 723.318 5 3.85106 -82.7624 108.821
29 513.295 723.737 5 4.16895 -69.1986 17.8652
30 513.022 724.155 5 4.51991 -90.4826 34.0785
31 515.9 720.66 5 3.78467 -47.542 22.4525
32 515.627 721.079 5 3.65693 -54.1848 150.097
33 515.353 721.497 5 3.5948 -62.4132 -69.9137
34 515.08 721.916 5 3.60168 -60.124 -63.1598
35 514.807 722.335 5 3.67716 -65.4606 -154.659
36 514.534 722.754 5 3.8172 -83.3053 -154.605
37 514.26 723.172 5 4.01503 -60.325 140.336
38 513.987 723.591 5 4.26262 -70.7794 108.297
39 516.319 720.933 5 4.2618 -50.6266 175.728
40 516.045 721.352 5 4.14878 -50.7558 170.714
41 515.772 721.771 5 4.09412 -61.7993 66.5562
42 515.499 722.189 5 4.10016 -63.7535 -36.4924
43 515.226 722.608 5 4.16662 -56.2082 110.77
44 514.952 723.027 5 4.29071 -72.7923 -138.288
45 514.679 723.446 5 4.46762 -72.2402 -87.4864
46 514.406 723.864 5 4.69139 -112.772 -75.6496
47 516.737 721.206 5 4.74364 -57.3079 158.65
48 516.464 721.625 5 4.64237 -52.6199 -160.485
49 516.191 722.044 5 4.59359 -52.4698 -5.30976
50 515.918 722.463 5 4.59897 -64.5689 -100.764
51 515.644 722.881 5 4.65832 -55.6024 -46.1515
52 515.371 723.3 5 4.76963 -62.5071 -95.5352
53 515.098 723.719 5 4.92939 -69.3349 10.0718
54 514.825 724.138 5 5.13306 -152.115 -18.512
55 517.156 721.48 5 5.22889 -52.6742 -106.514
56 516.883 721.898 5 5.1372 -62.1057 -178.697
57 516.61 722.317 5 5.09316 -56.9959 -32.911
58 516.336 722.736 5 5.09801 -62.1738 105.926
59 516.063 723.155 5 5.15162 -69.6697 -102.701
60 515.79 723.573 5 5.25248 -55.4066 142.14
61 515.517 723.992 5 5.39797 -67.5799 105.139
62 515.243 724.411 5 5.58458 -134.787 59.0501
63 517.575 721.753 5 5.71669 -50.1704 -26.6225
64 517.302 722.172 5 5.63294 -51.7948 59.8322
65 517.028 722.59 5 5.5928 -56.9143 12.1006
66 516.755 723.009 5 5.59722 -66.8518 22.982
67 516.482 723.428 5 5.64609 -68.0585 -116.936
68 516.209 723.847 5 5.73828 -57.5198 -54.3496
69 515.935 724.265 5 5.87173 -59.0431 -41.9605
70 515.662 724.684 5 6.04373 -70.4713 -104.506
71 517.994 722.026 5 6.20643 -48.6799 24.861
72 517.72 722.445 5 6.12937 -56.2793 -80.5947
73 517.447 722.864 5 6.09251 -57.7729 119.151
74 517.174 723.282 5 6.09656 -63.1425 -164.038
75 516.901 723.701 5 6.14146 -67.2109 142.439
76 516.627 724.12 5 6.22632 -63.4459 -63.6878
77 516.354 724.539 5 6.34952 -57.8133 163.713
78 516.081 724.957 5 6.50891 -64.2579 97.9971
