1 514.644 719.84 5 5.74188 -69.9681 -134.436
2 514.371 720.259 5 5.8746 -68.3783 -124.095
3 514.097 720.678 5 6.04588 -52.5259 41.4736
4 513.824 721.096 5 6.25256 -54.7995 166.475
5 513.551 721.515 5 6.49124 -66.0481 -122.28
6 513.278 721.934 5 6.75855 -75.9188 -164.265
7 513.004 722.353 5 7.05122 -104.101 -176.036
8 512.731 722.771 5 7.36624 -65.1223 92.0097
9 512.458 723.19 5 7.70086 -80.2196 -139.13
10 512.185 723.609 5 8.05264 -84.4646 -5.72024
11 515.063 720.113 5 6.23007 -58.967 -157.347
12 514.789 720.532 5 6.3526 -70.9893 -104.806
13 514.516 720.951 5 6.51133 -62.4405 -139.75
14 514.243 721.37 5 6.70367 -56.3929 17.6948
15 513.97 721.788 5 6.92682 -84.7702 -76.3999
16 513.696 722.207 5 7.17793 -69.7961 -58.4929
17 513.423 722.626 5 7.45416 -80.9457 -155.901
18 513.15 723.045 5 7.75282 -67.3917 -157.012
19 512.877 723.463 5 8.07143 -81.2799 131.573
20 512.603 723.882 5 8.40772 -86.7268 -59.293
21 515.481 720.387 5 6.72001 -78.4758 -76.9312
22 515.208 720.805 5 6.83376 -54.0616 -6.16356
23 514.935 721.224 5 6.98155 -58.266 -61.7755
24 514.662 721.643 5 7.16127 -55.618 89.0498
25 514.388 722.062 5 7.37059 -59.9897 -103.237
26 514.115 722.48 5 7.60706 -79.7822 158.719
27 513.842 722.899 5 7.86823 -63.3403 -161.948
28 513.568 723.318 5 8.15174 -80.2421 179.411
29 513.295 723.737 5 8.45533 -67.8699 16.673
30 513.022 724.155 5 8.77693 -79.6396 113.113
31 515.9 720.66 5 7.21132 -63.5097 63.8267
32 515.627 721.079 5 7.31744 -61.6016 4.19182
33 515.353 721.497 5 7.45565 -56.3869 -6.68128
34 515.08 721.916 5 7.6242 -58.5751 -117.825
35 514.807 722.335 5 7.82114 -55.847 42.8738
36 514.534 722.754 5 8.04438 -62.6507 38.3182
37 514.26 723.172 5 8.29179 -76.5978 -11.8016
38 513.987 723.591 5 8.56128 -74.6454 70.0202
39 516.319 720.933 5 7.70376 -57.0051 -50.6494
40 516.045 721.352 5 7.80318 -63.4301 -119.277
41 515.772 721.771 5 7.93293 -77.7566 164.497
42 515.499 722.189 5 8.09155 -64.4168 -33.9997
43 515.226 722.608 5 8.27738 -55.5046 145.161
44 514.952 723.027 5 8.48862 -65.6788 -110.724
45 514.679 723.446 5 8.72344 -72.7574 -158.17
46 514.406 723.864 5 8.97999 -129.033 -69.4153
47 516.737 721.206 5 8.19711 -56.6048 0.751811
48 516.464 721.625 5 8.29062 -66.053 -100.484
49 516.191 722.044 5 8.41285 -62.3225 97.1319
50 515.918 722.463 5 8.56258 -58.9906 46.8058
51 515.644 722.881 5 8.7384 -58.4943 -72.9093
52 515.371 723.3 5 8.93876 -57.6031 59.4527
53 515.098 723.719 5 9.16205 -77.8 59.3381
54 514.825 724.138 5 9.40664 -115.83 -77.3692
55 517.156 721.48 5 8.69122 -60.7722 89.3048
56 516.883 721.898 5 8.77946 -66.6637 -55.1047
57 516.61 722.317 5 8.89499 -71.743 3.3287
58 516.336 722.736 5 9.03673 -65.6185 162.164
59 516.063 723.155 5 9.20349 -55.8765 8.1088
60 515.79 723.573 5 9.39394 -57.2537 -172.734
61 515.517 723.992 5 9.60666 -76.3807 -66.4018
62 515.243 724.411 5 9.8402 -140.676 69.1924
63 517.575 721.753 5 9.18596 -67.5756 160.224
64 517.302 722.172 5 9.2695 -62.5221 76.4292
65 517.028 722.59 5 9.37899 -60.9189 122.006
66 516.755 723.009 5 9.51353 -70.7479 173.496
67 516.482 723.428 5 9.67207 -63.4298 71.785
68 516.209 723.847 5 9.85346 -60.4721 -8.29085
69 515.935 724.265 5 10.0565 -62.5573 66.6473
70 515.662 724.684 5 10.2798 -74.206 -80.8631
71 517.994 722.026 5 9.68125 -68.0236 -154.234
72 517.72 722.445 5 9.76055 -59.6886 100.032
73 517.447 722.864 5 9.86459 -62.0647 -63.8766
74 517.174 723.282 5 9.99259 -67.6712 -70.5604
75 516.901 723.701 5 10.1437 -58.0747 -162.238
76 516.627 724.12 5 10.3168 -59.1059 102.068
77 516.354 724.539 5 10.5108 -63.6125 -140.799
78 516.081 724.957 5 10.7247 -70.0671 -85.2584
