1 509.951 714.045 5 5.70088 -58.158 -85.8715
2 510.37 714.318 5 5.31507 -49.0286 -170.703
3 510.79 714.59 5 4.94975 -60.1717 99.8539
4 511.209 714.862 5 4.60977 -48.7042 38.5006
5 511.628 715.135 5 4.30116 -62.2791 145.341
6 512.048 715.407 5 4.03113 -47.7557 -116.91
7 512.467 715.679 5 3.80789 -53.6386 92.4233
8 512.886 715.952 5 3.64005 -50.354 5.3056
9 513.306 716.224 5 3.53553 -46.8041 -104.825
10 513.725 716.496 5 3.5 -43.354 -17.3597
11 514.144 716.769 5 3.53553 -43.5501 -101.54
12 514.564 717.041 5 3.64005 -51.8964 171.805
13 514.983 717.313 5 3.80789 -56.5757 -1.66963
14 509.679 714.465 5 5.40833 -59.1845 -36.6971
15 510.098 714.737 5 5 -55.2449 -38.8312
16 510.517 715.009 5 4.60977 -66.1653 -54.8217
17 510.937 715.282 5 4.24264 -69.196 52.7252
18 511.356 715.554 5 3.90512 -56.9057 -159.403
19 511.775 715.826 5 3.60555 -49.2102 50.0945
20 512.195 716.099 5 3.3541 -48.7013 52.9666
21 512.614 716.371 5 3.16228 -52.3113 -76.7307
22 513.033 716.643 5 3.04138 -46.1976 -113.506
23 513.453 716.916 5 3 -43.6093 -28.9394
24 513.872 717.188 5 3.04138 -42.3579 -127.46
25 514.291 717.46 5 3.16228 -46.6031 -43.7095
26 514.711 717.733 5 3.3541 -46.6277 8.87708
27 509.406 714.884 5 5.14782 -54.8828 68.1247
28 509.826 715.156 5 4.71699 -58.5372 12.8765
29 510.245 715.429 5 4.30116 -57.5066 -33.258
30 510.664 715.701 5 3.90512 -48.2049 -86.7642
31 511.084 715.973 5 3.53553 -43.6767 -116.981
32 511.503 716.246 5 3.20156 -45.8425 121.543
33 511.922 716.518 5 2.91548 -47.742 -84.3019
34 512.342 716.79 5 2.69258 -51.8595 -179.647
35 512.761 717.063 5 2.54951 -45.4266 -118.885
36 513.18 717.335 5 2.5 -43.5216 -17.6521
37 513.6 717.607 5 2.54951 -43.9123 -132.865
38 514.019 717.88 5 2.69258 -48.7043 148.468
39 514.438 718.152 5 2.91548 -45.2866 -147.973
40 509.134 715.303 5 4.92443 -52.3534 42.7909
41 509.553 715.576 5 4.47214 -55.9639 -67.5796
42 509.973 715.848 5 4.03113 -62.6869 10.1151
43 510.392 716.12 5 3.60555 -60.463 -165.994
44 510.811 716.393 5 3.20156 -58.3984 -130.233
45 511.231 716.665 5 2.82843 -43.3445 147.885
46 511.65 716.937 5 2.5 -55.5993 46.3665
47 512.069 717.21 5 2.23607 -46.5615 34.537
48 512.489 717.482 5 2.06155 -47.6265 -129.268
49 512.908 717.754 5 2 -42.706 -18.3864
50 513.327 718.027 5 2.06155 -40.7437 -149.356
51 513.747 718.299 5 2.23607 -53.6145 66.8109
52 514.166 718.571 5 2.5 -52.405 21.0035
53 508.862 715.723 5 4.74342 -57.2103 104.698
54 509.281 715.995 5 4.272 -47.0864 90.676
55 509.7 716.267 5 3.80789 -46.5015 20.7069
56 510.12 716.54 5 3.3541 -46.6708 -81.7491
57 510.539 716.812 5 2.91548 -66.9565 112.655
58 510.958 717.084 5 2.5 -59.9472 -19.5326
59 511.378 717.357 5 2.12132 -49.6934 13.9754
60 511.797 717.629 5 1.80278 -44.3574 176.99
61 512.216 717.901 5 1.58114 -43.5886 123.15
62 512.636 718.174 5 1.5 -39.1218 1.53209
63 513.055 718.446 5 1.58114 -49.0205 173.025
64 513.474 718.718 5 1.80278 -41.3715 -176.908
65 513.894 718.991 5 2.12132 -57.9514 -8.52066
66 508.589 716.142 5 4.60977 -54.5265 -76.7602
67 509.009 716.414 5 4.12311 -49.4315 -99.0075
68 509.428 716.687 5 3.64006 -48.8637 -149.416
69 509.847 716.959 5 3.16228 -59.7118 118.865
70 510.267 717.231 5 2.69258 -52.1833 -20.6918
71 510.686 717.504 5 2.23607 -44.5885 -113.288
72 511.105 717.776 5 1.80278 -46.6057 -142.239
73 511.525 718.048 5 1.41421 -38.88 -128.002
74 511.944 718.321 5 1.11803 -45.469 39.2465
75 512.363 718.593 5 1 -36.4038 1.94349
76 512.783 718.865 5 1.11803 -69.4497 17.1789
77 513.202 719.138 5 1.41421 -39.8279 -100.271
78 513.621 719.41 5 1.80278 -41.1297 -142.246
79 510.414 717.923 5 2.06155 -47.838 5.14284
80 510.833 718.195 5 1.58114 -44.09 -22.9364
81 511.672 718.74 5 0.707107 -33.8953 123.642
82 512.091 719.012 5 0.5 -31.9569 -7.64372
83 512.51 719.285 5 0.707107 -37.2172 116.176
84 512.93 719.557 5 1.11803 -39.8778 18.0919
85 513.349 719.829 5 1.58114 -52.1397 154.446
86 510.141 718.342 5 2 -48.0533 -80.3771
87 510.561 718.615 5 1.5 -50.0607 -124.24
88 511.399 719.159 5 0.5 -33.3984 28.1656
89 511.819 719.432 5 0 -43.3441 70.1245
90 512.238 719.704 5 0.5 -32.849 7.07484
91 512.657 719.976 5 1 -37.6491 11.8499
92 513.077 720.249 5 1.5 -43.249 48.4854
93 509.869 718.762 5 2.06155 -47.3442 27.2773
94 510.288 719.034 5 1.58114 -46.8787 -39.4176
95 511.127 719.579 5 0.707107 -36.4945 127.822
96 511.546 719.851 5 0.5 -37.8118 -150.382
97 511.966 720.123 5 0.707107 -39.7745 -139.077
98 512.385 720.396 5 1.11803 -41.8671 30.8578
99 512.804 720.668 5 1.58114 -40.5386 -3.45269
100 509.597 719.181 5 2.23607 -50.0576 -161.982
101 510.016 719.453 5 1.80278 -42.6786 40.2313
102 509.324 719.6 5 2.5 -47.2043 -146.723
103 509.744 719.873 5 2.12132 -54.6325 -136.641
104 509.052 720.02 5 2.82843 -55.0758 46.5197
105 509.471 720.292 5 2.5 -59.8246 83.5144
