1 509.951 714.045 5 3.80789 -49.5014 -153.761
2 510.37 714.318 5 3.3541 -51.394 15.2824
3 510.79 714.59 5 2.91548 -49.5646 -143.816
4 511.209 714.862 5 2.5 -47.9579 6.65861
5 511.628 715.135 5 2.12132 -45.7613 -8.43508
6 512.048 715.407 5 1.80278 -43.1083 -160.161
7 512.467 715.679 5 1.58114 -47.231 121.174
8 512.886 715.952 5 1.5 -40.5277 -12.3309
9 513.306 716.224 5 1.58114 -43.4774 133.196
10 513.725 716.496 5 1.80278 -45.2836 -169.252
11 514.144 716.769 5 2.12132 -43.4332 -9.76948
12 514.564 717.041 5 2.5 -58.7948 161.752
13 514.983 717.313 5 2.91548 -60.6465 -46.4549
14 509.679 714.465 5 3.64005 -50.1206 -6.32916
15 510.098 714.737 5 3.16228 -46.4455 -86.1152
16 510.517 715.009 5 2.69258 -46.9444 155.171
17 510.937 715.282 5 2.23607 -48.6472 59.2718
18 511.356 715.554 5 1.80278 -44.7895 -178.952
19 511.775 715.826 5 1.41421 -39.4344 -109.458
20 512.195 716.099 5 1.11803 -39.6991 0.675967
21 512.614 716.371 5 1 -39.7414 -3.91301
22 513.033 716.643 5 1.11803 -45.6425 25.2094
23 513.453 716.916 5 1.41421 -41.1198 -112.878
24 513.872 717.188 5 1.80278 -43.6322 161.579
25 514.291 717.46 5 2.23607 -48.2416 64.4513
26 514.711 717.733 5 2.69258 -49.1912 164.825
27 509.406 714.884 5 3.53553 -51.8326 -95.4041
28 509.826 715.156 5 3.04138 -50.9367 -103.948
29 510.245 715.429 5 2.54951 -52.4504 -89.2366
30 510.664 715.701 5 2.06155 -50.1993 -154.236
31 511.084 715.973 5 1.58114 -45.0887 142.18
32 511.503 716.246 5 1.11803 -39.7181 6.67435
33 511.922 716.518 5 0.707107 -40.7357 123.805
34 512.342 716.79 5 0.5 -33.8132 -4.44704
35 512.761 717.063 5 0.707107 -38.672 119.574
36 513.18 717.335 5 1.11803 -39.6936 6.01052
37 513.6 717.607 5 1.58114 -44.7526 150.674
38 514.019 717.88 5 2.06155 -57.73 -151.157
39 514.438 718.152 5 2.54951 -53.1087 -116.781
40 509.134 715.303 5 3.5 -45.7391 5.1468
41 509.553 715.576 5 3 -45.3387 16.1667
42 509.973 715.848 5 2.5 -46.0966 -7.60565
43 510.392 716.12 5 2 -42.6163 14.2747
44 510.811 716.393 5 1.5 -41.0557 -8.7156
45 511.231 716.665 5 1 -36.8243 0.937888
46 511.65 716.937 5 0.5 -32.9198 -5.19413
47 512.069 717.21 5 0 -49.7958 17.0383
48 512.489 717.482 5 0.5 -33.1472 -5.31918
49 512.908 717.754 5 1 -37.9388 0.503976
50 513.327 718.027 5 1.5 -40.9348 -1.67729
51 513.747 718.299 5 2 -43.2573 21.9802
52 514.166 718.571 5 2.5 -47.7843 10.3805
53 508.862 715.723 5 3.53553 -51.7526 -102.423
54 509.281 715.995 5 3.04138 -53.0975 -83.8124
55 509.7 716.267 5 2.54951 -46.8733 -99.6901
56 510.12 716.54 5 2.06155 -41.3593 -155.819
57 510.539 716.812 5 1.58114 -44.501 96.3879
58 510.958 717.084 5 1.11803 -38.6076 21.4367
59 511.378 717.357 5 0.707107 -37.1352 127.374
60 511.797 717.629 5 0.5 -33.9574 4.06486
61 512.216 717.901 5 0.707107 -37.7404 124.538
62 512.636 718.174 5 1.11803 -39.3008 14.1512
63 513.055 718.446 5 1.58114 -43.153 70.7618
64 513.474 718.718 5 2.06155 -57.2899 -127.745
65 513.894 718.991 5 2.54951 -58.3626 -28.8881
66 508.589 716.142 5 3.64005 -51.9151 5.89766
67 509.009 716.414 5 3.16228 -50.4594 -140.584
68 509.428 716.687 5 2.69258 -43.5677 154.387
69 509.847 716.959 5 2.23607 -48.7081 36.5601
70 510.267 717.231 5 1.80278 -53.2833 -162.961
71 510.686 717.504 5 1.41421 -42.5225 -115.908
72 511.105 717.776 5 1.11803 -41.7102 7.04883
73 511.525 718.048 5 1 -42.0475 15.6533
74 511.944 718.321 5 1.11803 -41.7409 18.4964
75 512.363 718.593 5 1.41421 -45.2299 -99.8264
76 512.783 718.865 5 1.80278 -45.6904 -177.501
77 513.202 719.138 5 2.23607 -45.278 17.7476
78 513.621 719.41 5 2.69258 -46.0084 133.094
79 510.414 717.923 5 1.80278 -47.8653 -151.15
80 510.833 718.195 5 1.58114 -45.2807 125.924
81 511.672 718.74 5 1.58114 -44.9789 118.078
82 512.091 719.012 5 1.80278 -49.2491 -173.112
83 512.51 719.285 5 2.12132 -47.329 4.33678
84 512.93 719.557 5 2.5 -41.7504 31.3096
85 513.349 719.829 5 2.91548 -46.1175 -97.7266
86 510.141 718.342 5 2.23607 -41.0817 55.8313
87 510.561 718.615 5 2.06155 -44.5189 164.548
88 511.399 719.159 5 2.06155 -43.0043 -177.809
89 511.819 719.432 5 2.23607 -46.8788 32.9093
90 512.238 719.704 5 2.5 -53.9684 -2.74893
91 512.657 719.976 5 2.82843 -42.5361 147.094
92 513.077 720.249 5 3.20156 -48.9242 157.13
93 509.869 718.762 5 2.69258 -48.5769 -174.078
94 510.288 719.034 5 2.54951 -44.7098 -135.257
95 511.127 719.579 5 2.54951 -50.7536 -133.108
96 511.546 719.851 5 2.69258 -51.4276 63.7623
97 511.966 720.123 5 2.91548 -62.6126 -73.9682
98 512.385 720.396 5 3.20156 -47.2603 137.127
99 512.804 720.668 5 3.53553 -53.646 86.7319
100 509.597 719.181 5 3.16228 -56.2016 12.6967
101 510.016 719.453 5 3.04138 -53.9899 179.586
102 509.324 719.6 5 3.64006 -50.3684 -38.8496
103 509.744 719.873 5 3.53553 -41.7374 -95.8761
104 509.052 720.02 5 4.12311 -46.3965 -16.988
105 509.471 720.292 5 4.03113 -66.6456 -78.7404
