1 509.951 714.045 5 3.60555 -48.1358 42.3314
2 510.37 714.318 5 3.20156 -48.8292 150.167
3 510.79 714.59 5 2.82843 -47.8466 157.963
4 511.209 714.862 5 2.5 -45.5055 33.4197
5 511.628 715.135 5 2.23607 -47.2385 14.4086
6 512.048 715.407 5 2.06155 -46.2174 -162.08
7 512.467 715.679 5 2 -45.2023 3.40944
8 512.886 715.952 5 2.06155 -48.5278 167.202
9 513.306 716.224 5 2.23607 -44.6218 27.5072
10 513.725 716.496 5 2.5 -43.4521 37.8578
11 514.144 716.769 5 2.82843 -43.7214 149.555
12 514.564 717.041 5 3.20156 -59.0624 -8.20691
13 514.983 717.313 5 3.60555 -56.7511 -102.506
14 509.679 714.465 5 3.3541 -47.0217 40.0844
15 510.098 714.737 5 2.91548 -50.7462 -110.177
16 510.517 715.009 5 2.5 -46.8577 -3.22888
17 510.937 715.282 5 2.12132 -50.176 3.0608
18 511.356 715.554 5 1.80278 -48.2729 -112.16
19 511.775 715.826 5 1.58114 -47.46 113.264
20 512.195 716.099 5 1.5 -42.7149 -6.52314
21 512.614 716.371 5 1.58114 -46.9955 130.713
22 513.033 716.643 5 1.80278 -43.9997 -131.513
23 513.453 716.916 5 2.12132 -47.8784 -15.0891
24 513.872 717.188 5 2.5 -43.7461 -2.69805
25 514.291 717.46 5 2.91548 -50.6732 -91.4313
26 514.711 717.733 5 3.3541 -47.7638 54.142
27 509.406 714.884 5 3.16228 -54.932 -125.691
28 509.826 715.156 5 2.69258 -50.0991 148.483
29 510.245 715.429 5 2.23607 -45.5726 55.4488
30 510.664 715.701 5 1.80278 -45.9989 -151.979
31 511.084 715.973 5 1.41421 -43.2203 -98.2715
32 511.503 716.246 5 1.11803 -40.9607 1.7917
33 511.922 716.518 5 1 -40.0838 1.45161
34 512.342 716.79 5 1.11803 -40.5106 13.8756
35 512.761 717.063 5 1.41421 -42.3223 -101.783
36 513.18 717.335 5 1.80278 -42.9623 -139.241
37 513.6 717.607 5 2.23607 -46.181 71.9603
38 514.019 717.88 5 2.69258 -42.8528 179.576
39 514.438 718.152 5 3.16228 -50.1847 -104.497
40 509.134 715.303 5 3.04138 -47.4532 -126.495
41 509.553 715.576 5 2.54951 -46.3877 -73.239
42 509.973 715.848 5 2.06155 -42.3598 -173.613
43 510.392 716.12 5 1.58114 -47.6673 99.3564
44 510.811 716.393 5 1.11803 -39.4028 16.3992
45 511.231 716.665 5 0.707107 -36.9438 129.342
46 511.65 716.937 5 0.5 -34.0267 0.632331
47 512.069 717.21 5 0.707107 -37.5045 132.899
48 512.489 717.482 5 1.11803 -39.8988 12.4863
49 512.908 717.754 5 1.58114 -45.0944 117.116
50 513.327 718.027 5 2.06155 -41.4626 -158.629
51 513.747 718.299 5 2.54951 -54.0918 -134.262
52 514.166 718.571 5 3.04138 -57.3561 -96.0302
53 508.862 715.723 5 3 -52.43 20.0066
54 509.281 715.995 5 2.5 -50.7016 47.5139
55 509.7 716.267 5 2 -46.2773 -10.4262
56 510.12 716.54 5 1.5 -41.446 17.0758
57 510.539 716.812 5 1 -37.4141 1.33303
58 510.958 717.084 5 0.5 -32.9528 -9.75623
59 511.378 717.357 5 0 -53.7425 -138.23
60 511.797 717.629 5 0.5 -34.2653 -0.694586
61 512.216 717.901 5 1 -40.6024 13.9328
62 512.636 718.174 5 1.5 -43.0026 11.2312
63 513.055 718.446 5 2 -42.6407 -4.9621
64 513.474 718.718 5 2.5 -49.5177 31.7794
65 513.894 718.991 5 3 -53.6722 -49.9706
66 508.589 716.142 5 3.04138 -47.3067 -72.7855
67 509.009 716.414 5 2.54951 -43.0502 -143.445
68 509.428 716.687 5 2.06155 -58.068 -157.797
69 509.847 716.959 5 1.58114 -43.4323 90.6414
70 510.267 717.231 5 1.11803 -40.103 4.2563
71 510.686 717.504 5 0.707107 -38.1282 115.031
72 511.105 717.776 5 0.5 -34.735 5.16183
73 511.525 718.048 5 0.707107 -37.5826 119.077
74 511.944 718.321 5 1.11803 -39.3612 20.4149
75 512.363 718.593 5 1.58114 -44.0554 113.125
76 512.783 718.865 5 2.06155 -46.109 131.175
77 513.202 719.138 5 2.54951 -49.2615 -95.969
78 513.621 719.41 5 3.04138 -55.2405 -60.9951
79 510.414 717.923 5 1.11803 -44.0501 14.2379
80 510.833 718.195 5 1 -40.2241 -1.66087
81 511.672 718.74 5 1.41421 -41.7761 -127.259
82 512.091 719.012 5 1.80278 -41.4309 -161.518
83 512.51 719.285 5 2.23607 -45.8197 81.382
84 512.93 719.557 5 2.69258 -47.1769 115.726
85 513.349 719.829 5 3.16228 -50.2131 -168.934
86 510.141 718.342 5 1.58114 -51.8642 175.464
87 510.561 718.615 5 1.5 -42.6863 -6.97149
88 511.399 719.159 5 1.80278 -56.7389 111.76
89 511.819 719.432 5 2.12132 -50.1006 7.53622
90 512.238 719.704 5 2.5 -58.0462 67.8895
91 512.657 719.976 5 2.91548 -53.6042 162.073
92 513.077 720.249 5 3.3541 -44.5942 18.8294
93 509.869 718.762 5 2.06155 -51.3264 48.1912
94 510.288 719.034 5 2 -39.9694 13.3261
95 511.127 719.579 5 2.23607 -65.4684 129.054
96 511.546 719.851 5 2.5 -52.7393 -65.006
97 511.966 720.123 5 2.82843 -45.7022 -129.707
98 512.385 720.396 5 3.20156 -48.7367 122.962
99 512.804 720.668 5 3.60555 -49.9535 -44.3288
100 509.597 719.181 5 2.54951 -46.9659 -145.287
101 510.016 719.453 5 2.5 -46.4445 -15.8393
102 509.324 719.6 5 3.04138 -47.1611 -170.255
103 509.744 719.873 5 3 -45.3198 -22.2623
104 509.052 720.02 5 3.53553 -40.4942 -96.0065
105 509.471 720.292 5 3.5 -43.3778 -75.0306
