1 505.473 717.831 5 8.97123 -70.5892 -38.2103
2 505.747 717.412 5 8.72329 -67.9261 -128.445
3 506.02 716.994 5 8.49757 -81.8278 178.217
4 506.294 716.575 5 8.29587 -69.0394 -116.184
5 506.567 716.157 5 8.12 -74.0044 -76.2956
6 505.891 718.104 5 8.54711 -74.2617 -139.454
7 506.165 717.686 5 8.28649 -66.4678 -179.646
8 506.439 717.267 5 8.04853 -66.9755 99.5542
9 506.712 716.849 5 7.83528 -68.4898 -23.1711
10 506.986 716.43 5 7.64882 -69.2372 114.356
11 506.31 718.378 5 8.13162 -72.7155 100.671
12 506.584 717.96 5 7.85723 -66.4529 98.9329
13 506.857 717.541 5 7.60585 -67.597 48.5479
14 507.131 717.123 5 7.37982 -64.8384 -43.4304
15 507.404 716.704 5 7.18155 -66.1083 -114.035
16 506.728 718.652 5 7.72615 -82.3666 -53.856
17 507.002 718.233 5 7.43682 -77.0758 24.7483
18 507.276 717.815 5 7.17071 -67.0606 -50.1992
19 507.549 717.396 5 6.93051 -83.5859 -47.7645
20 507.823 716.978 5 6.71899 -65.0268 -135.845
21 507.147 718.925 5 7.33237 -78.5713 142.177
22 507.421 718.507 5 7.02684 -73.0367 113.393
23 507.694 718.088 5 6.74458 -68.4361 2.51153
24 507.968 717.67 5 6.48862 -71.8165 169.357
25 508.241 717.251 5 6.26219 -61.424 -179.873
26 507.565 719.199 5 6.95225 -77.6495 37.8477
27 507.839 718.78 5 6.62923 -73.4201 -125.324
28 508.113 718.362 5 6.32926 -79.5709 -51.3016
29 508.386 717.943 5 6.05577 -77.8243 68.9422
30 508.66 717.525 5 5.8125 -68.9835 53.9372
31 507.984 719.472 5 6.58817 -76.6443 80.1252
32 508.258 719.054 5 6.24634 -81.1286 -8.72437
33 508.531 718.635 5 5.92703 -78.8279 -80.8184
34 508.805 718.217 5 5.63405 -79.9246 15.2337
35 509.078 717.798 5 5.37172 -78.2292 136.133
36 508.402 719.746 5 6.24293 -74.9039 -156.359
37 508.676 719.328 5 5.88107 -75.897 26.8334
38 508.95 718.909 5 5.54074 -81.9959 -40.2393
39 509.223 718.491 5 5.22615 -77.7054 -53.2216
40 509.497 718.072 5 4.94222 -85.8679 -109.678
