1 505.473 717.831 5 5.87473 -67.4302 157.801
2 505.747 717.412 5 5.53496 -64.2262 -18.8173
3 506.02 716.994 5 5.22104 -62.7183 94.2522
4 506.294 716.575 5 4.93788 -67.3763 -175.372
5 506.567 716.157 5 4.69106 -67.7957 154.265
6 505.891 718.104 5 5.53001 -58.3695 65.6677
7 506.165 717.686 5 5.16764 -56.5998 9.08339
8 506.439 717.267 5 4.8299 -62.8782 -138.682
9 506.712 716.849 5 4.52231 -60.5847 -53.7936
10 506.986 716.43 5 4.25144 -70.2353 -19.9423
11 506.31 718.378 5 5.21054 -59.2985 -46.0802
12 506.584 717.96 5 4.82422 -56.3002 -63.7894
13 506.857 717.541 5 4.46055 -65.9455 -169.647
14 507.131 717.123 5 4.12552 -60.6785 61.8803
15 507.404 716.704 5 3.82667 -57.2732 165.243
16 506.728 718.652 5 4.92121 -61.8689 78.6215
17 507.002 718.233 5 4.51018 -61.7512 172.539
18 507.276 717.815 5 4.11888 -62.6208 159.139
19 507.549 717.396 5 3.75348 -56.3775 127.847
20 507.823 716.978 5 3.42228 -67.4053 115.891
21 507.147 718.925 5 4.66765 -73.3688 -105.102
22 507.421 718.507 5 4.23207 -58.066 -121.438
23 507.694 718.088 5 3.81233 -54.259 45.3115
24 507.968 717.67 5 3.41427 -53.3743 59.6826
25 508.241 717.251 5 3.04642 -56.8918 0.364152
26 507.565 719.199 5 4.45597 -64.4983 -167.796
27 507.839 718.78 5 3.99738 -60.2809 166.449
28 508.113 718.362 5 3.55 -58.7722 74.0565
29 508.386 717.943 5 3.11864 -65.2114 -145.826
30 508.66 717.525 5 2.71096 -59.1117 -44.03
31 507.984 719.472 5 4.29235 -71.3142 -54.2092
32 508.258 719.054 5 3.81415 -63.2949 -39.0436
33 508.531 718.635 5 3.34232 -68.3407 25.7915
34 508.805 718.217 5 2.88002 -64.7268 59.3342
35 509.078 717.798 5 2.43268 -57.0943 33.8373
36 508.402 719.746 5 4.18246 -66.1331 -159.244
37 508.676 719.328 5 3.69003 -61.2424 165.304
38 508.95 718.909 5 3.19996 -66.0456 -114.182
39 509.223 718.491 5 2.71352 -64.0203 121.922
40 509.497 718.072 5 2.23307 -73.1937 12.9012
