1 514.644 719.84 5 7.13727 -65.0433 58.3739
2 514.371 720.259 5 7.20965 -58.5954 -9.47092
3 514.097 720.678 5 7.31557 -60.4469 124.052
4 513.824 721.096 5 7.45359 -56.3113 -73.374
5 513.551 721.515 5 7.62198 -71.1702 -18.1925
6 513.278 721.934 5 7.81876 -78.7439 45.066
7 513.004 722.353 5 8.04186 -78.8657 39.7879
8 512.731 722.771 5 8.28915 -81.4129 143.312
9 512.458 723.19 5 8.55853 -83.6518 -25.8507
10 512.185 723.609 5 8.84799 -90.9481 -76.0475
11 515.063 720.113 5 7.63441 -58.8111 146.652
12 514.789 720.532 5 7.70212 -59.1837 4.23475
13 514.516 720.951 5 7.80136 -64.5112 72.798
14 514.243 721.37 5 7.93093 -62.3917 -43.6624
15 513.97 721.788 5 8.08938 -79.5167 32.4778
16 513.696 722.207 5 8.27506 -82.7032 -27.3326
17 513.423 722.626 5 8.48617 -80.4183 57.6619
18 513.15 723.045 5 8.72087 -76.2951 9.54398
19 512.877 723.463 5 8.97731 -79.5976 54.0144
20 512.603 723.882 5 9.25368 -90.091 89.1772
21 515.481 720.387 5 8.1319 -61.5225 110.026
22 515.208 720.805 5 8.1955 -65.5039 124.473
23 514.935 721.224 5 8.28883 -59.5261 116.299
24 514.662 721.643 5 8.4109 -59.4506 125.961
25 514.388 722.062 5 8.56047 -60.6657 65.9059
26 514.115 722.48 5 8.73614 -80.6225 -71.4624
27 513.842 722.899 5 8.93637 -83.1726 122.423
28 513.568 723.318 5 9.15954 -77.3293 -93.0692
29 513.295 723.737 5 9.40402 -80.4544 -163.803
30 513.022 724.155 5 9.6682 -98.2739 -152.573
31 515.9 720.66 5 8.62968 -66.0591 -108.771
32 515.627 721.079 5 8.68964 -64.4954 -61.1027
33 515.353 721.497 5 8.77772 -79.2156 -158.815
34 515.08 721.916 5 8.89308 -61.9249 -127.543
35 514.807 722.335 5 9.03467 -57.9834 54.8022
36 514.534 722.754 5 9.20129 -59.9568 -136.453
37 514.26 723.172 5 9.3916 -71.2237 130.209
38 513.987 723.591 5 9.6042 -80.1687 -131.111
39 516.319 720.933 5 9.1277 -57.1593 144.408
40 516.045 721.352 5 9.18441 -72.6584 -80.1836
41 515.772 721.771 5 9.26779 -66.0298 26.9687
42 515.499 722.189 5 9.37712 -63.4052 -169.813
43 515.226 722.608 5 9.51151 -71.267 -147.877
44 514.952 723.027 5 9.66992 -61.2884 -157.407
45 514.679 723.446 5 9.85118 -62.9615 -8.62483
46 514.406 723.864 5 10.0541 -116.549 -45.8966
47 516.737 721.206 5 9.62593 -66.8689 127.767
48 516.464 721.625 5 9.67972 -62.9132 -54.7012
49 516.191 722.044 5 9.75887 -69.3337 -100.904
50 515.918 722.463 5 9.86276 -62.7611 -87.67
51 515.644 722.881 5 9.99062 -66.4954 -112.68
52 515.371 723.3 5 10.1415 -77.395 -11.7456
53 515.098 723.719 5 10.3145 -62.3746 -29.0236
54 514.825 724.138 5 10.5085 -125.137 33.917
55 517.156 721.48 5 10.1243 -63.4571 -173.157
56 516.883 721.898 5 10.1755 -61.9004 105.698
57 516.61 722.317 5 10.2508 -66.8448 -123.142
58 516.336 722.736 5 10.3498 -71.5929 -45.5747
59 516.063 723.155 5 10.4717 -74.8305 -35.0417
60 515.79 723.573 5 10.6158 -67.1893 -133.692
61 515.517 723.992 5 10.7811 -72.8781 125.406
62 515.243 724.411 5 10.9668 -127.146 -108.419
63 517.575 721.753 5 10.6229 -64.1388 -159.72
64 517.302 722.172 5 10.6717 -74.8653 -57.3596
65 517.028 722.59 5 10.7435 -68.3869 -44.9347
66 516.755 723.009 5 10.8379 -66.9342 -29.2159
67 516.482 723.428 5 10.9544 -80.4925 -57.2743
68 516.209 723.847 5 11.0923 -63.0068 -24.0657
69 515.935 724.265 5 11.2506 -69.6488 70.2224
70 515.662 724.684 5 11.4287 -86.5564 -172.62
71 517.994 722.026 5 11.1216 -71.4054 142.647
72 517.72 722.445 5 11.1682 -71.3732 -113.761
73 517.447 722.864 5 11.2368 -65.8592 -161.15
74 517.174 723.282 5 11.3272 -80.3132 127.19
75 516.901 723.701 5 11.4387 -65.3534 63.7342
76 516.627 724.12 5 11.5707 -62.4098 74.8177
77 516.354 724.539 5 11.7226 -69.5717 -169.234
78 516.081 724.957 5 11.8936 -68.148 -139.291
