1 505.473 717.831 5 4.82417 -56.8619 -13.1537
2 505.747 717.412 5 4.73228 -58.7553 -90.6457
3 506.02 716.994 5 4.69216 -57.673 -87.4425
4 506.294 716.575 5 4.70513 -55.452 -163.585
5 506.567 716.157 5 4.77076 -57.4195 -44.7305
6 505.891 718.104 5 4.3396 -68.0517 95.8871
7 506.165 717.686 5 4.23722 -55.3421 134.124
8 506.439 717.267 5 4.19237 -55.2322 45.0622
9 506.712 716.849 5 4.20688 -64.6173 -152.312
10 506.986 716.43 5 4.28016 -64.5094 9.60721
11 506.31 718.378 5 3.85898 -53.2131 -51.7607
12 506.584 717.96 5 3.74348 -52.5267 -90.6075
13 506.857 717.541 5 3.69263 -59.3564 16.8669
14 507.131 717.123 5 3.7091 -57.1193 -148.71
15 507.404 716.704 5 3.79201 -56.6397 -23.8372
16 506.728 718.652 5 3.38398 -53.4052 49.9872
17 507.002 718.233 5 3.25165 -69.5306 -100.819
18 507.276 717.815 5 3.19298 -56.8639 41.9352
19 507.549 717.396 5 3.21201 -62.6026 149.476
20 507.823 716.978 5 3.3074 -71.9642 170.206
21 507.147 718.925 5 2.91735 -46.3341 -160.701
22 507.421 718.507 5 2.76276 -65.8329 -5.39038
23 507.694 718.088 5 2.69346 -56.1605 2.84773
24 507.968 717.67 5 2.71599 -61.2021 7.58271
25 508.241 717.251 5 2.82816 -62.0974 31.1556
26 507.565 719.199 5 2.46384 -73.4545 155.58
27 507.839 718.78 5 2.27869 -57.1867 -41.6435
28 508.113 718.362 5 2.19415 -58.0571 35.2576
29 508.386 717.943 5 2.22176 -60.7927 55.6483
30 508.66 717.525 5 2.35756 -56.1469 -25.6273
31 507.984 719.472 5 2.03227 -41.6062 118.665
32 508.258 719.054 5 1.80333 -56.2711 171.834
33 508.531 718.635 5 1.69526 -61.0102 -41.0686
34 508.805 718.217 5 1.73084 -58.2538 -101.511
35 509.078 717.798 5 1.90202 -60.047 -112.053
36 508.402 719.746 5 1.64003 -56.8666 174.549
37 508.676 719.328 5 1.34595 -52.3973 -31.1627
38 508.95 718.909 5 1.19728 -63.2123 -124.154
39 509.223 718.491 5 1.24715 -60.6115 8.52411
40 509.497 718.072 5 1.47556 -62.7678 -164.282
