1 509.951 714.045 5 3.04138 -53.2373 168.561
2 510.37 714.318 5 2.54951 -51.1648 -86.8822
3 510.79 714.59 5 2.06155 -44.9079 89.5039
4 511.209 714.862 5 1.58114 -48.1594 66.2962
5 511.628 715.135 5 1.11803 -38.2882 5.36145
6 512.048 715.407 5 0.707107 -35.9121 128.195
7 512.467 715.679 5 0.5 -33.042 -1.18538
8 512.886 715.952 5 0.707107 -33.6215 114.862
9 513.306 716.224 5 1.11803 -38.8173 -8.58946
10 513.725 716.496 5 1.58114 -47.11 112.317
11 514.144 716.769 5 2.06155 -45.8635 137.368
12 514.564 717.041 5 2.54951 -45.9509 58.6402
13 514.983 717.313 5 3.04138 -46.9291 -47.677
14 509.679 714.465 5 3 -48.9413 101.735
15 510.098 714.737 5 2.5 -54.7833 65.6125
16 510.517 715.009 5 2 -42.562 19.3021
17 510.937 715.282 5 1.5 -45.1661 -12.9674
18 511.356 715.554 5 1 -40.7425 20.9048
19 511.775 715.826 5 0.5 -36.7162 -1.25065
20 512.195 716.099 5 0 -47.499 1.64186
21 512.614 716.371 5 0.5 -34.8674 -0.408418
22 513.033 716.643 5 1 -42.0918 14.2311
23 513.453 716.916 5 1.5 -45.9746 1.0165
24 513.872 717.188 5 2 -53.0668 4.70496
25 514.291 717.46 5 2.5 -57.0142 147.489
26 514.711 717.733 5 3 -53.1758 30.6097
27 509.406 714.884 5 3.04138 -49.4928 -116.666
28 509.826 715.156 5 2.54951 -49.1418 -106.013
29 510.245 715.429 5 2.06155 -46.7948 -140.229
30 510.664 715.701 5 1.58114 -45.1456 116.11
31 511.084 715.973 5 1.11803 -42.1225 25.5419
32 511.503 716.246 5 0.707107 -37.0525 136.05
33 511.922 716.518 5 0.5 -33.1753 0.0089764
34 512.342 716.79 5 0.707107 -38.122 126.173
35 512.761 717.063 5 1.11803 -44.3897 31.2655
36 513.18 717.335 5 1.58114 -42.5679 82.7835
37 513.6 717.607 5 2.06155 -45.1895 154.209
38 514.019 717.88 5 2.54951 -50.9764 -175.601
39 514.438 718.152 5 3.04138 -48.1072 -80.538
40 509.134 715.303 5 3.16228 -45.846 -74.5566
41 509.553 715.576 5 2.69258 -44.9993 137.26
42 509.973 715.848 5 2.23607 -47.9417 65.3156
43 510.392 716.12 5 1.80278 -49.8273 174.605
44 510.811 716.393 5 1.41421 -41.1317 -117.467
45 511.231 716.665 5 1.11803 -41.5762 11.5225
46 511.65 716.937 5 1 -39.6608 -6.70004
47 512.069 717.21 5 1.11803 -40.5967 -3.36899
48 512.489 717.482 5 1.41421 -39.3535 -123.127
49 512.908 717.754 5 1.80278 -44.2709 -170.763
50 513.327 718.027 5 2.23607 -52.0792 84.6642
51 513.747 718.299 5 2.69258 -43.8675 168.617
52 514.166 718.571 5 3.16228 -44.7571 -108.356
53 508.862 715.723 5 3.3541 -45.0327 57.7007
54 509.281 715.995 5 2.91548 -47.625 -101.69
55 509.7 716.267 5 2.5 -44.4161 -6.00262
56 510.12 716.54 5 2.12132 -48.4539 -16.2051
57 510.539 716.812 5 1.80278 -48.8349 -161.501
58 510.958 717.084 5 1.58114 -42.2966 126.051
59 511.378 717.357 5 1.5 -43.0699 -8.63672
60 511.797 717.629 5 1.58114 -49.7003 107.976
61 512.216 717.901 5 1.80278 -45.7119 -142.646
62 512.636 718.174 5 2.12132 -50.46 2.87603
63 513.055 718.446 5 2.5 -47.3462 -2.10399
64 513.474 718.718 5 2.91548 -54.2006 -106.871
65 513.894 718.991 5 3.3541 -44.4722 52.3537
66 508.589 716.142 5 3.60555 -50.4692 81.7534
67 509.009 716.414 5 3.20156 -51.8491 176.432
68 509.428 716.687 5 2.82843 -41.4065 122.372
69 509.847 716.959 5 2.5 -47.6021 13.3374
70 510.267 717.231 5 2.23607 -43.3775 21.0911
71 510.686 717.504 5 2.06155 -44.996 168.359
72 511.105 717.776 5 2 -44.8491 -12.3018
73 511.525 718.048 5 2.06155 -52.9065 -99.9653
74 511.944 718.321 5 2.23607 -45.1902 -4.04186
75 512.363 718.593 5 2.5 -46.9704 -1.61566
76 512.783 718.865 5 2.82843 -44.2321 130.144
77 513.202 719.138 5 3.20156 -49.1824 172.641
78 513.621 719.41 5 3.60555 -54.6184 63.7305
79 510.414 717.923 5 2.54951 -50.9315 -171.314
80 510.833 718.195 5 2.5 -45.2091 21.1399
81 511.672 718.74 5 2.69258 -48.351 124.708
82 512.091 719.012 5 2.91548 -53.2788 -91.674
83 512.51 719.285 5 3.20156 -50.8554 -161.597
84 512.93 719.557 5 3.53553 -50.0466 -69.1038
85 513.349 719.829 5 3.90512 -52.4447 -137.221
86 510.141 718.342 5 3.04138 -50.6937 -161.869
87 510.561 718.615 5 3 -45.5633 6.24993
88 511.399 719.159 5 3.16228 -53.0845 -124.438
89 511.819 719.432 5 3.3541 -48.0597 53.9053
90 512.238 719.704 5 3.60555 -60.7061 31.073
91 512.657 719.976 5 3.90512 -53.1272 -118.145
92 513.077 720.249 5 4.24264 -59.0424 -18.6603
93 509.869 718.762 5 3.53553 -43.9682 -90.2924
94 510.288 719.034 5 3.5 -45.4906 -16.504
95 511.127 719.579 5 3.64006 -53.3085 -7.41753
96 511.546 719.851 5 3.80789 -47.6767 22.2904
97 511.966 720.123 5 4.03113 -55.1622 25.6396
98 512.385 720.396 5 4.30116 -53.5103 -176.149
99 512.804 720.668 5 4.60977 -48.1268 -80.1793
100 509.597 719.181 5 4.03113 -44.4292 -53.5155
101 510.016 719.453 5 4 -45.5535 -39.6717
102 509.324 719.6 5 4.52769 -47.3869 -64.2085
103 509.744 719.873 5 4.5 -43.8186 -31.6299
104 509.052 720.02 5 5.02494 -48.5724 -39.4246
105 509.471 720.292 5 5 -46.0108 -34.7299
