1 509.951 714.045 5 5.65685 -52.9907 144.215
2 510.37 714.318 5 5.31507 -54.1349 66.6454
3 510.79 714.59 5 5 -59.2453 80.5892
4 511.209 714.862 5 4.71699 -74.6464 37.4076
5 511.628 715.135 5 4.47214 -59.7462 -123.551
6 512.048 715.407 5 4.272 -63.7088 125.04
7 512.467 715.679 5 4.12311 -57.4594 29.8602
8 512.886 715.952 5 4.03113 -47.7424 -109.397
9 513.306 716.224 5 4 -47.9036 -75.9619
10 513.725 716.496 5 4.03113 -59.7088 -165.814
11 514.144 716.769 5 4.12311 -48.4931 -22.7247
12 514.564 717.041 5 4.272 -61.1457 154.899
13 514.983 717.313 5 4.47214 -48.6355 -133.237
14 509.679 714.465 5 5.31507 -57.6916 51.0929
15 510.098 714.737 5 4.94975 -60.6457 -0.753103
16 510.517 715.009 5 4.60977 -58.0547 -55.981
17 510.937 715.282 5 4.30116 -59.7822 -20.4816
18 511.356 715.554 5 4.03113 -70.3874 35.5423
19 511.775 715.826 5 3.80789 -65.7197 99.7176
20 512.195 716.099 5 3.64006 -61.7683 -39.0062
21 512.614 716.371 5 3.53553 -49.7641 -105.84
22 513.033 716.643 5 3.5 -46.8456 -69.1646
23 513.453 716.916 5 3.53553 -54.8289 -102.316
24 513.872 717.188 5 3.64006 -48.9565 -155.657
25 514.291 717.46 5 3.80789 -46.155 -176.479
26 514.711 717.733 5 4.03113 -56.2036 -132.463
27 509.406 714.884 5 5 -54.1934 -102.324
28 509.826 715.156 5 4.60977 -53.3846 -98.0064
29 510.245 715.429 5 4.24264 -57.6204 -156.124
30 510.664 715.701 5 3.90513 -55.3072 127.372
31 511.084 715.973 5 3.60555 -59.0241 101.844
32 511.503 716.246 5 3.3541 -53.4684 -76.2638
33 511.922 716.518 5 3.16228 -74.3194 -135.617
34 512.342 716.79 5 3.04138 -50.478 -135.589
35 512.761 717.063 5 3 -45.4833 -91.9137
36 513.18 717.335 5 3.04138 -48.1685 -130.11
37 513.6 717.607 5 3.16228 -52.0392 -121.196
38 514.019 717.88 5 3.3541 -51.6823 18.6866
39 514.438 718.152 5 3.60555 -44.7703 62.1873
40 509.134 715.303 5 4.71699 -55.812 -49.8224
41 509.553 715.576 5 4.30116 -60.1077 38.0435
42 509.973 715.848 5 3.90513 -51.4807 171.359
43 510.392 716.12 5 3.53553 -51.3097 170.966
44 510.811 716.393 5 3.20156 -54.8629 101.771
45 511.231 716.665 5 2.91548 -55.1876 30.7053
46 511.65 716.937 5 2.69258 -61.0935 -31.3561
47 512.069 717.21 5 2.54951 -51.8971 -144.576
48 512.489 717.482 5 2.5 -45.7125 -129
49 512.908 717.754 5 2.54951 -41.7645 164.327
50 513.327 718.027 5 2.69258 -41.4068 159.834
51 513.747 718.299 5 2.91548 -45.9751 -81.1331
52 514.166 718.571 5 3.20156 -46.5047 134.523
53 508.862 715.723 5 4.47214 -63.2163 -68.2168
54 509.281 715.995 5 4.03113 -68.0118 -77.3011
55 509.7 716.267 5 3.60555 -49.4942 -77.1995
56 510.12 716.54 5 3.20156 -52.2135 -12.7091
57 510.539 716.812 5 2.82843 -53.467 -17.9794
58 510.958 717.084 5 2.5 -56.8157 -143.717
59 511.378 717.357 5 2.23607 -63.6526 150.258
60 511.797 717.629 5 2.06155 -59.6645 -175.966
61 512.216 717.901 5 2 -43.3633 -129.062
62 512.636 718.174 5 2.06155 -47.432 110.429
63 513.055 718.446 5 2.23607 -51.2723 101.765
64 513.474 718.718 5 2.5 -42.9517 -21.7138
65 513.894 718.991 5 2.82843 -48.3187 142.776
66 508.589 716.142 5 4.272 -62.9159 -69.9848
67 509.009 716.414 5 3.80789 -65.1627 -131.018
68 509.428 716.687 5 3.3541 -63.483 155.751
69 509.847 716.959 5 2.91548 -54.9024 108.012
70 510.267 717.231 5 2.5 -46.8886 -131.749
71 510.686 717.504 5 2.12132 -55.2218 -121.45
72 511.105 717.776 5 1.80278 -53.0945 117.938
73 511.525 718.048 5 1.58114 -54.0849 65.3117
74 511.944 718.321 5 1.5 -50.1124 167.01
75 512.363 718.593 5 1.58114 -38.6532 85.1496
76 512.783 718.865 5 1.80278 -42.1919 173.824
77 513.202 719.138 5 2.12132 -45.5869 -21.6919
78 513.621 719.41 5 2.5 -44.0316 44.8053
79 510.414 717.923 5 1.80278 -41.9237 74.8354
80 510.833 718.195 5 1.41421 -45.1329 143.084
81 511.672 718.74 5 1 -38.507 -21.0153
82 512.091 719.012 5 1.11803 -36.8754 -2.15848
83 512.51 719.285 5 1.41421 -43.0665 -108.764
84 512.93 719.557 5 1.80278 -42.0157 -169.873
85 513.349 719.829 5 2.23607 -50.4973 70.7678
86 510.141 718.342 5 1.58114 -44.9721 -39.926
87 510.561 718.615 5 1.11803 -43.858 -139.586
88 511.399 719.159 5 0.5 -34.12 -3.39405
89 511.819 719.432 5 0.707107 -36.2981 128.171
90 512.238 719.704 5 1.11803 -48.3064 148.266
91 512.657 719.976 5 1.58114 -46.4009 -132.3
92 513.077 720.249 5 2.06155 -49.2358 9.03229
93 509.869 718.762 5 1.5 -53.2624 -129.82
94 510.288 719.034 5 1 -50.4316 -146.263
95 511.127 719.579 5 0 -38.9761 -155.702
96 511.546 719.851 5 0.5 -34.4388 -103.742
97 511.966 720.123 5 1 -40.9029 -152.588
98 512.385 720.396 5 1.5 -37.663 129.635
99 512.804 720.668 5 2 -43.4412 59.7882
100 509.597 719.181 5 1.58114 -46.3941 -26.356
101 510.016 719.453 5 1.11803 -41.8673 -126.002
102 509.324 719.6 5 1.80278 -41.8963 68.4678
103 509.744 719.873 5 1.41421 -46.0145 146.963
104 509.052 720.02 5 2.12132 -54.8017 -103.93
105 509.471 720.292 5 1.80278 -65.5409 28.9288
