1 509.951 714.045 5 5.70088 -63.1814 -24.8535
2 510.37 714.318 5 5.22015 -48.6121 100.583
3 510.79 714.59 5 4.74342 -45.0079 1.24804
4 511.209 714.862 5 4.272 -56.2756 -150.699
5 511.628 715.135 5 3.80789 -51.4227 -138.475
6 512.048 715.407 5 3.3541 -46.4736 -64.5947
7 512.467 715.679 5 2.91548 -47.2251 -148.801
8 512.886 715.952 5 2.5 -45.3743 -14.4933
9 513.306 716.224 5 2.12132 -44.3819 -14.9314
10 513.725 716.496 5 1.80278 -43.6291 -154.27
11 514.144 716.769 5 1.58114 -45.2897 114.068
12 514.564 717.041 5 1.5 -42.5352 173.61
13 514.983 717.313 5 1.58114 -45.5555 -66.2637
14 509.679 714.465 5 5.59017 -53.0348 25.737
15 510.098 714.737 5 5.09902 -59.1582 61.7938
16 510.517 715.009 5 4.60977 -50.9115 10.4762
17 510.937 715.282 5 4.12311 -47.7029 34.6652
18 511.356 715.554 5 3.64006 -48.4783 11.677
19 511.775 715.826 5 3.16228 -49.5598 -49.7211
20 512.195 716.099 5 2.69258 -45.5705 174.302
21 512.614 716.371 5 2.23607 -52.1323 72.9765
22 513.033 716.643 5 1.80278 -44.2257 164.259
23 513.453 716.916 5 1.41421 -39.346 -107.851
24 513.872 717.188 5 1.11803 -41.3354 9.95561
25 514.291 717.46 5 1 -43.5285 19.9945
26 514.711 717.733 5 1.11803 -39.1759 -2.40389
27 509.406 714.884 5 5.52268 -50.373 -37.7044
28 509.826 715.156 5 5.02494 -58.7824 -121.207
29 510.245 715.429 5 4.52769 -47.3711 -141.36
30 510.664 715.701 5 4.03113 -49.9287 -128.241
31 511.084 715.973 5 3.53553 -48.918 -90.5947
32 511.503 716.246 5 3.04138 -47.8856 -105.484
33 511.922 716.518 5 2.54951 -54.924 -117.929
34 512.342 716.79 5 2.06155 -51.9464 -118.411
35 512.761 717.063 5 1.58114 -46.3471 166.468
36 513.18 717.335 5 1.11803 -39.6917 -3.6627
37 513.6 717.607 5 0.707107 -36.7602 113.709
38 514.019 717.88 5 0.5 -34.1743 3.00054
39 514.438 718.152 5 0.707107 -39.2404 128.529
40 509.134 715.303 5 5.5 -47.4222 -36.582
41 509.553 715.576 5 5 -44.6104 -26.9327
42 509.973 715.848 5 4.5 -44.5725 -35.4477
43 510.392 716.12 5 4 -46.3439 -15.0578
44 510.811 716.393 5 3.5 -44.6253 4.1106
45 511.231 716.665 5 3 -49.1563 4.5184
46 511.65 716.937 5 2.5 -46.1802 6.09461
47 512.069 717.21 5 2 -43.8412 9.7804
48 512.489 717.482 5 1.5 -39.4458 2.0559
49 512.908 717.754 5 1 -36.2782 -0.59611
50 513.327 718.027 5 0.5 -32.8094 6.99224
51 513.747 718.299 5 0 -50.255 91.1177
52 514.166 718.571 5 0.5 -32.3955 11.8952
53 508.862 715.723 5 5.52268 -54.4078 -53.151
54 509.281 715.995 5 5.02494 -65.6079 -71.3533
55 509.7 716.267 5 4.52769 -51.4531 -65.8053
56 510.12 716.54 5 4.03113 -50.0321 -87.5479
57 510.539 716.812 5 3.53553 -49.2303 -108.022
58 510.958 717.084 5 3.04138 -47.8419 -124.03
59 511.378 717.357 5 2.54951 -55.5115 -104.999
60 511.797 717.629 5 2.06155 -46.084 -156.249
61 512.216 717.901 5 1.58114 -42.8621 70.5124
62 512.636 718.174 5 1.11803 -37.9861 12.7597
63 513.055 718.446 5 0.707107 -37.9876 99.8439
64 513.474 718.718 5 0.5 -32.6653 -3.6142
65 513.894 718.991 5 0.707107 -39.3519 128.365
66 508.589 716.142 5 5.59017 -58.4716 -132.749
67 509.009 716.414 5 5.09902 -53.0041 62.9205
68 509.428 716.687 5 4.60977 -55.4304 46.8769
69 509.847 716.959 5 4.12311 -57.2009 -14.5944
70 510.267 717.231 5 3.64006 -59.3343 -81.3447
71 510.686 717.504 5 3.16228 -45.0107 -143.158
72 511.105 717.776 5 2.69258 -41.2925 158.93
73 511.525 718.048 5 2.23607 -48.4388 -4.0773
74 511.944 718.321 5 1.80278 -46.3174 160.113
75 512.363 718.593 5 1.41421 -43.2807 -96.0527
76 512.783 718.865 5 1.11803 -39.0578 7.53045
77 513.202 719.138 5 1 -42.2023 16.12
78 513.621 719.41 5 1.11803 -38.8888 22.1881
79 510.414 717.923 5 3.3541 -51.0939 45.4945
80 510.833 718.195 5 2.91548 -46.0286 -130.291
81 511.672 718.74 5 2.12132 -46.2492 7.77266
82 512.091 719.012 5 1.80278 -45.5663 -144.435
83 512.51 719.285 5 1.58114 -41.8101 87.7236
84 512.93 719.557 5 1.5 -42.7723 24.6282
85 513.349 719.829 5 1.58114 -47.1022 78.1063
86 510.141 718.342 5 3.60555 -64.9908 -162.175
87 510.561 718.615 5 3.20156 -47.0107 0.856754
88 511.399 719.159 5 2.5 -46.8238 -24.5322
89 511.819 719.432 5 2.23607 -48.8523 37.5224
90 512.238 719.704 5 2.06155 -48.2565 -171.375
91 512.657 719.976 5 2 -47.028 13.4035
92 513.077 720.249 5 2.06155 -55.0146 -80.4162
93 509.869 718.762 5 3.90513 -54.2845 101.431
94 510.288 719.034 5 3.53553 -55.3124 176.692
95 511.127 719.579 5 2.91548 -46.3035 -85.4257
96 511.546 719.851 5 2.69258 -48.6491 17.9446
97 511.966 720.123 5 2.54951 -51.791 -134.932
98 512.385 720.396 5 2.5 -47.7706 54.966
99 512.804 720.668 5 2.54951 -43.7036 78.1639
100 509.597 719.181 5 4.24264 -60.9026 -59.7932
101 510.016 719.453 5 3.90513 -55.7163 -132.811
102 509.324 719.6 5 4.60977 -55.2157 -32.7235
103 509.744 719.873 5 4.30116 -56.9949 81.405
104 509.052 720.02 5 5 -54.3115 78.3331
105 509.471 720.292 5 4.71699 -52.5594 -148.617
