1 514.644 719.84 5 4.1506 -71.0745 132.515
2 514.371 720.259 5 4.09543 -59.7485 -19.1212
3 514.097 720.678 5 4.10093 -68.4811 -68.2276
4 513.824 721.096 5 4.16685 -74.7786 40.4407
5 513.551 721.515 5 4.29042 -80.6286 -45.7173
6 513.278 721.934 5 4.46686 -73.5266 65.0787
7 513.004 722.353 5 4.69019 -77.4205 -83.6573
8 512.731 722.771 5 4.95408 -87.9622 92.3068
9 512.458 723.19 5 5.25243 -83.6063 -175.76
10 512.185 723.609 5 5.5797 -92.7273 50.684
11 515.063 720.113 5 4.64411 -69.867 -52.5882
12 514.789 720.532 5 4.59487 -60.3454 -2.13628
13 514.516 720.951 5 4.59977 -66.4225 138.084
14 514.243 721.37 5 4.65864 -73.8364 97.6141
15 513.97 721.788 5 4.76949 -76.1674 44.478
16 513.696 722.207 5 4.9288 -74.9047 47.4696
17 513.423 722.626 5 5.13207 -73.3294 62.7116
18 513.15 723.045 5 5.37431 -77.8297 139.976
19 512.877 723.463 5 5.65051 -87.5194 -90.943
20 512.603 723.882 5 5.95595 -85.4104 79.058
21 515.481 720.387 5 5.13888 -62.2715 49.3823
22 515.208 720.805 5 5.09442 -58.7804 15.9035
23 514.935 721.224 5 5.09884 -65.2323 -51.4894
24 514.662 721.643 5 5.15202 -63.0822 -19.9413
25 514.388 722.062 5 5.25246 -75.5123 27.6675
26 514.115 722.48 5 5.39754 -89.5168 -116.737
27 513.842 722.899 5 5.58377 -82.6747 -139.212
28 513.568 723.318 5 5.8072 -88.17 -103.527
29 513.295 723.737 5 6.06371 -75.4402 -47.7784
30 513.022 724.155 5 6.3493 -81.2677 -47.3426
31 515.9 720.66 5 5.63457 -54.3086 54.9273
32 515.627 721.079 5 5.59405 -68.3622 -31.7551
33 515.353 721.497 5 5.59808 -73.6794 99.5702
34 515.08 721.916 5 5.64655 -71.1297 113.347
35 514.807 722.335 5 5.73835 -70.2686 56.7015
36 514.534 722.754 5 5.87143 -78.3929 5.57334
37 514.26 723.172 5 6.04308 -78.4653 43.2553
38 513.987 723.591 5 6.25011 -80.8874 104.285
39 516.319 720.933 5 6.13096 -59.5787 118.304
40 516.045 721.352 5 6.09375 -66.7111 -100.436
41 515.772 721.771 5 6.09744 -72.2676 131.64
42 515.499 722.189 5 6.14198 -63.4228 -51.6741
43 515.226 722.608 5 6.22647 -72.7537 19.6406
44 514.952 723.027 5 6.34933 -70.3375 -118.596
45 514.679 723.446 5 6.50838 -79.8455 3.77389
46 514.406 723.864 5 6.70105 -152.01 -62.1425
47 516.737 721.206 5 6.62789 -68.66 167.154
48 516.464 721.625 5 6.59348 -63.2379 -83.9109
49 516.191 722.044 5 6.5969 -65.7973 -67.6459
50 515.918 722.463 5 6.63808 -69.4353 50.5546
51 515.644 722.881 5 6.71634 -69.6926 145.309
52 515.371 723.3 5 6.83039 -77.2767 -164.252
53 515.098 723.719 5 6.97849 -70.6079 31.8331
54 514.825 724.138 5 7.15852 -140.215 11.3171
55 517.156 721.48 5 7.12525 -70.902 153.607
56 516.883 721.898 5 7.09326 -56.079 -147.659
57 516.61 722.317 5 7.09644 -60.5703 -134.812
58 516.336 722.736 5 7.13474 -63.9929 172.57
59 516.063 723.155 5 7.2076 -75.6504 -104.828
60 515.79 723.573 5 7.314 -76.3096 5.68255
61 515.517 723.992 5 7.45249 -68.6318 -55.6484
62 515.243 724.411 5 7.62133 -127.731 84.891
63 517.575 721.753 5 7.62296 -70.9445 -100.356
64 517.302 722.172 5 7.59306 -66.5304 -115.81
65 517.028 722.59 5 7.59603 -67.4416 -161.495
66 516.755 723.009 5 7.63183 -66.9058 13.1921
67 516.482 723.428 5 7.69999 -70.0676 86.2001
68 516.209 723.847 5 7.79967 -74.8158 -92.7169
69 515.935 724.265 5 7.92969 -70.8372 -112.755
70 515.662 724.684 5 8.08857 -79.5909 72.5652
71 517.994 722.026 5 8.12095 -72.0506 85.6351
72 517.72 722.445 5 8.09289 -62.4283 -150.469
73 517.447 722.864 5 8.09568 -60.62 -102.59
74 517.174 723.282 5 8.12927 -59.6979 -101.967
75 516.901 723.701 5 8.1933 -60.7048 -172.017
76 516.627 724.12 5 8.28705 -72.1473 -39.5898
77 516.354 724.539 5 8.40953 -71.8718 52.7941
78 516.081 724.957 5 8.55952 -72.4056 36.8365
