1 514.644 719.84 5 5.13747 -81.3078 8.18359
2 514.371 720.259 5 5.37936 -65.7639 107.283
3 514.097 720.678 5 5.65522 -52.805 114.947
4 513.824 721.096 5 5.96032 -53.6011 -12.6397
5 513.551 721.515 5 6.29042 -64.3268 -71.929
6 513.278 721.934 5 6.64179 -71.4487 -31.9236
7 513.004 722.353 5 7.01123 -79.0662 -9.84947
8 512.731 722.771 5 7.39603 -70.9292 -72.3225
9 512.458 723.19 5 7.79392 -89.7316 17.3255
10 512.185 723.609 5 8.203 -76.5597 -138.97
11 515.063 720.113 5 5.58931 -52.0446 -82.9374
12 514.789 720.532 5 5.81243 -75.612 -126.723
13 514.516 720.951 5 6.06864 -59.6138 9.48823
14 514.243 721.37 5 6.35392 -52.3471 -83.3136
15 513.97 721.788 5 6.66455 -70.3635 -63.0084
16 513.696 722.207 5 6.99716 -65.9349 27.3919
17 513.423 722.626 5 7.34875 -71.696 6.91147
18 513.15 723.045 5 7.71675 -75.68 -121.635
19 512.877 723.463 5 8.0989 -87.5896 169.536
20 512.603 723.882 5 8.4933 -89.4067 29.5907
21 515.481 720.387 5 6.04874 -56.2594 50.6616
22 515.208 720.805 5 6.2555 -55.6383 31.8315
23 514.935 721.224 5 6.49425 -63.1714 94.4398
24 514.662 721.643 5 6.7616 -53.0332 -173.347
25 514.388 722.062 5 7.0543 -52.2868 64.8394
26 514.115 722.48 5 7.36934 -69.2662 59.4008
27 513.842 722.899 5 7.70396 -70.8664 -64.0276
28 513.568 723.318 5 8.05575 -80.2683 -13.6356
29 513.295 723.737 5 8.42253 -72.0004 49.7622
30 513.022 724.155 5 8.80244 -82.3232 25.302
31 515.9 720.66 5 6.51415 -60.7006 1.8896
32 515.627 721.079 5 6.70657 -63.571 40.8373
33 515.353 721.497 5 6.9298 -61.6154 156.496
34 515.08 721.916 5 7.18095 -68.6038 8.25378
35 514.807 722.335 5 7.45721 -52.8777 5.46609
36 514.534 722.754 5 7.7559 -53.6272 -147.02
37 514.26 723.172 5 8.07452 -73.2737 -174.851
38 513.987 723.591 5 8.41082 -69.6643 109.127
39 516.319 720.933 5 6.98434 -65.4741 -157.935
40 516.045 721.352 5 7.16415 -56.2115 98.6584
41 515.772 721.771 5 7.37353 -60.1192 -177.113
42 515.499 722.189 5 7.61006 -62.8524 -140.585
43 515.226 722.608 5 7.87127 -64.3076 -154.099
44 514.952 723.027 5 8.15481 -53.4241 166.956
45 514.679 723.446 5 8.45842 -55.2801 -15.7496
46 514.406 723.864 5 8.78002 -117.059 -52.6246
47 516.737 721.206 5 7.45841 -69.8758 90.5578
48 516.464 721.625 5 7.62705 -64.381 86.7265
49 516.191 722.044 5 7.82406 -63.1398 -87.3767
50 515.918 722.463 5 8.04735 -55.7173 -92.2725
51 515.644 722.881 5 8.2948 -63.2076 0.490481
52 515.371 723.3 5 8.56433 -58.2024 69.2028
53 515.098 723.719 5 8.85391 -55.4123 -32.3061
54 514.825 724.138 5 9.16164 -109.913 -36.4634
55 517.156 721.48 5 7.93567 -71.8722 -26.0628
56 516.883 721.898 5 8.09437 -57.663 165.239
57 516.61 722.317 5 8.28026 -65.038 134.112
58 516.336 722.736 5 8.49157 -64.0906 -62.3641
59 516.063 723.155 5 8.72643 -61.2801 63.601
60 515.79 723.573 5 8.98302 -65.1061 173.729
61 515.517 723.992 5 9.25951 -56.6611 -140.259
62 515.243 724.411 5 9.55419 -123.98 -139.111
63 517.575 721.753 5 8.41556 -72.6484 141.338
64 517.302 722.172 5 8.56538 -75.2748 -98.7807
65 517.028 722.59 5 8.74126 -62.6641 145.585
66 516.755 723.009 5 8.94168 -75.3709 -44.5824
67 516.482 723.428 5 9.16502 -74.0608 129.585
68 516.209 723.847 5 9.40965 -67.3708 124.922
69 515.935 724.265 5 9.67396 -64.8728 161.589
70 515.662 724.684 5 9.95638 -63.2931 -68.1634
71 517.994 722.026 5 8.89767 -73.7294 -69.9815
72 517.72 722.445 5 9.0395 -66.5327 179.589
73 517.447 722.864 5 9.20633 -60.344 -145.499
74 517.174 723.282 5 9.39683 -69.3424 54.5687
75 516.901 723.701 5 9.6096 -63.6837 143.039
76 516.627 724.12 5 9.84319 -63.2359 117.202
77 516.354 724.539 5 10.0962 -63.6289 -71.1589
78 516.081 724.957 5 10.3671 -60.3957 -21.7734
