1 509.951 714.045 5 2.06155 -45.332 123.946
2 510.37 714.318 5 1.58114 -43.8564 93.3231
3 510.79 714.59 5 1.11803 -39.4107 9.96275
4 511.209 714.862 5 0.707107 -34.9081 111.12
5 511.628 715.135 5 0.5 -31.4704 3.73005
6 512.048 715.407 5 0.707107 -35.9249 118.114
7 512.467 715.679 5 1.11803 -40.097 -7.77525
8 512.886 715.952 5 1.58114 -45.1278 70.7066
9 513.306 716.224 5 2.06155 -50.1683 96.4493
10 513.725 716.496 5 2.54951 -54.3345 -106.266
11 514.144 716.769 5 3.04138 -46.8569 -138.419
12 514.564 717.041 5 3.53553 -46.1959 58.232
13 514.983 717.313 5 4.03113 -53.624 -157.968
14 509.679 714.465 5 2 -46.4073 7.05442
15 510.098 714.737 5 1.5 -47.3419 -2.27293
16 510.517 715.009 5 1 -40.1678 25.5911
17 510.937 715.282 5 0.5 -34.9904 4.65553
18 511.356 715.554 5 0 -44.4172 53.1089
19 511.775 715.826 5 0.5 -35.0597 0.65
20 512.195 716.099 5 1 -40.5078 16.9341
21 512.614 716.371 5 1.5 -46.4053 11.4862
22 513.033 716.643 5 2 -45.0032 33.0815
23 513.453 716.916 5 2.5 -60.2394 13.234
24 513.872 717.188 5 3 -61.013 117.253
25 514.291 717.46 5 3.5 -44.8878 -36.7833
26 514.711 717.733 5 4 -57.4323 -105.158
27 509.406 714.884 5 2.06155 -49.0108 -169.502
28 509.826 715.156 5 1.58114 -46.6176 101.339
29 510.245 715.429 5 1.11803 -47.2706 42.8018
30 510.664 715.701 5 0.707107 -37.7788 119.784
31 511.084 715.973 5 0.5 -33.1543 -2.49908
32 511.503 716.246 5 0.707107 -36.7109 127.715
33 511.922 716.518 5 1.11803 -41.4469 23.8087
34 512.342 716.79 5 1.58114 -48.9635 109.825
35 512.761 717.063 5 2.06155 -45.7621 176.702
36 513.18 717.335 5 2.54951 -47.4327 -159.723
37 513.6 717.607 5 3.04138 -45.3135 -113.411
38 514.019 717.88 5 3.53553 -45.0199 -120.248
39 514.438 718.152 5 4.03113 -48.2078 -163.854
40 509.134 715.303 5 2.23607 -48.4651 103.991
41 509.553 715.576 5 1.80278 -51.9611 146.101
42 509.973 715.848 5 1.41421 -41.6801 -115.642
43 510.392 716.12 5 1.11803 -40.8431 2.27116
44 510.811 716.393 5 1 -38.1531 2.66485
45 511.231 716.665 5 1.11803 -41.2629 -2.19452
46 511.65 716.937 5 1.41421 -38.5353 -111.218
47 512.069 717.21 5 1.80278 -45.6377 -165.007
48 512.489 717.482 5 2.23607 -54.2578 -4.10552
49 512.908 717.754 5 2.69258 -44.6547 -168.8
50 513.327 718.027 5 3.16228 -46.6093 -112.457
51 513.747 718.299 5 3.64006 -52.3246 7.43777
52 514.166 718.571 5 4.12311 -44.8003 6.25543
53 508.862 715.723 5 2.5 -44.3473 3.90346
54 509.281 715.995 5 2.12132 -52.7187 -19.9243
55 509.7 716.267 5 1.80278 -50.3956 -159.687
56 510.12 716.54 5 1.58114 -47.5086 104.618
57 510.539 716.812 5 1.5 -42.9208 18.4119
58 510.958 717.084 5 1.58114 -48.2597 118.833
59 511.378 717.357 5 1.80278 -46.9175 -119.67
60 511.797 717.629 5 2.12132 -48.1676 -14.2383
61 512.216 717.901 5 2.5 -43.9586 -5.04375
62 512.636 718.174 5 2.91548 -47.4925 -117.613
63 513.055 718.446 5 3.3541 -49.5247 17.7019
64 513.474 718.718 5 3.80789 -48.5667 173.837
65 513.894 718.991 5 4.272 -48.5578 -122.263
66 508.589 716.142 5 2.82843 -40.4946 125.738
67 509.009 716.414 5 2.5 -49.43 29.9318
68 509.428 716.687 5 2.23607 -42.8573 15.931
69 509.847 716.959 5 2.06155 -50.6779 -149.37
70 510.267 717.231 5 2 -43.1169 14.9423
71 510.686 717.504 5 2.06155 -44.3776 -163.548
72 511.105 717.776 5 2.23607 -45.8064 32.6167
73 511.525 718.048 5 2.5 -45.3026 15.311
74 511.944 718.321 5 2.82843 -43.4405 112.109
75 512.363 718.593 5 3.20156 -48.822 132.143
76 512.783 718.865 5 3.60555 -51.5743 72.0064
77 513.202 719.138 5 4.03113 -50.7411 -137.118
78 513.621 719.41 5 4.47214 -51.8157 63.1741
79 510.414 717.923 5 2.54951 -46.9243 -146.619
80 510.833 718.195 5 2.69258 -47.0553 118.181
81 511.672 718.74 5 3.20156 -56.1203 -156.417
82 512.091 719.012 5 3.53553 -47.4842 -77.53
83 512.51 719.285 5 3.90512 -53.5092 -72.1221
84 512.93 719.557 5 4.30116 -55.3223 -165.103
85 513.349 719.829 5 4.71699 -52.9096 93.3805
86 510.141 718.342 5 3.04138 -48.8223 -93.775
87 510.561 718.615 5 3.16228 -50.8612 -140.874
88 511.399 719.159 5 3.60555 -50.7827 -8.48849
89 511.819 719.432 5 3.90512 -53.3073 -153.125
90 512.238 719.704 5 4.24264 -63.5104 -103.302
91 512.657 719.976 5 4.60977 -51.2737 61.3788
92 513.077 720.249 5 5 -55.3529 -6.78613
93 509.869 718.762 5 3.53553 -55.1669 -60.8379
94 510.288 719.034 5 3.64006 -48.1209 -8.93466
95 511.127 719.579 5 4.03113 -63.5662 164.539
96 511.546 719.851 5 4.30116 -51.0158 143.37
97 511.966 720.123 5 4.60977 -64.1119 -28.3353
98 512.385 720.396 5 4.94975 -51.0634 85.4668
99 512.804 720.668 5 5.31507 -52.0147 -10.9299
100 509.597 719.181 5 4.03113 -58.2699 -80.4382
101 510.016 719.453 5 4.12311 -45.3635 58.565
102 509.324 719.6 5 4.52769 -55.3797 -32.0405
103 509.744 719.873 5 4.60977 -57.4898 -109.407
104 509.052 720.02 5 5.02494 -62.803 89.6079
105 509.471 720.292 5 5.09902 -54.5805 43.121
