1 514.644 719.84 5 3.1692 -78.6048 -54.9404
2 514.371 720.259 5 3.09694 -52.056 -53.2782
3 514.097 720.678 5 3.10456 -52.8998 -104.986
4 513.824 721.096 5 3.19149 -63.0326 12.2413
5 513.551 721.515 5 3.35154 -55.0504 83.7824
6 513.278 721.934 5 3.57493 -56.2337 -17.9385
7 513.004 722.353 5 3.85063 -67.6925 -17.2713
8 512.731 722.771 5 4.16829 -54.4407 -6.65674
9 512.458 723.19 5 4.51906 -89.0313 -167.323
10 512.185 723.609 5 4.89583 -76.9231 50.837
11 515.063 720.113 5 3.65843 -49.7598 25.777
12 514.789 720.532 5 3.59602 -52.6455 -32.3667
13 514.516 720.951 5 3.60258 -54.7011 132.584
14 514.243 721.37 5 3.67775 -67.8894 -89.4027
15 513.97 721.788 5 3.81748 -77.2015 73.9666
16 513.696 722.207 5 4.01502 -64.5381 109.171
17 513.423 722.626 5 4.26235 -62.5427 104.431
18 513.15 723.045 5 4.55136 -57.2018 70.9549
19 512.877 723.463 5 4.87465 -79.7977 -167.501
20 512.603 723.882 5 5.22584 -74.7754 -95.7057
21 515.481 720.387 5 4.15023 -52.565 175.122
22 515.208 720.805 5 4.09532 -57.3673 16.7228
23 514.935 721.224 5 4.10109 -52.6864 -25.4347
24 514.662 721.643 5 4.16727 -60.2965 -162.267
25 514.388 722.062 5 4.29109 -75.8761 16.2537
26 514.115 722.48 5 4.46774 -71.305 -3.63069
27 513.842 722.899 5 4.69126 -56.6161 103.233
28 513.568 723.318 5 4.95532 -66.3209 -101.87
29 513.295 723.737 5 5.25381 -61.2097 -137.236
30 513.022 724.155 5 5.58119 -82.0839 -179.032
31 515.9 720.66 5 4.64378 -53.8783 117.595
32 515.627 721.079 5 4.59478 -50.5133 18.07
33 515.353 721.497 5 4.59991 -53.0223 7.64893
34 515.08 721.916 5 4.65902 -54.1667 153.109
35 514.807 722.335 5 4.77009 -70.0941 20.2451
36 514.534 722.754 5 4.9296 -62.9465 -67.8677
37 514.26 723.172 5 5.13306 -62.7953 161.382
38 513.987 723.591 5 5.37545 -60.0103 179.895
39 516.319 720.933 5 5.13858 -52.3866 -173.482
40 516.045 721.352 5 5.09434 -65.213 -61.5996
41 515.772 721.771 5 5.09897 -59.9676 -43.7288
42 515.499 722.189 5 5.15236 -63.4835 -122.403
43 515.226 722.608 5 5.253 -58.5597 -21.5681
44 514.952 723.027 5 5.39827 -68.445 157.058
45 514.679 723.446 5 5.58467 -69.0059 33.1136
46 514.406 723.864 5 5.80825 -97.1066 -145.491
47 516.737 721.206 5 5.6343 -59.7505 -107.146
48 516.464 721.625 5 5.59398 -56.56 110.837
49 516.191 722.044 5 5.5982 -52.7022 100.828
50 515.918 722.463 5 5.64686 -62.0771 -150.115
51 515.644 722.881 5 5.73884 -65.3945 123.949
52 515.371 723.3 5 5.8721 -63.4263 131.024
53 515.098 723.719 5 6.04391 -77.016 131.306
54 514.825 724.138 5 6.25109 -113.945 -75.6056
55 517.156 721.48 5 6.13071 -70.8656 -78.242
56 516.883 721.898 5 6.09367 -74.165 25.8786
57 516.61 722.317 5 6.09755 -51.9509 -43.5031
58 516.336 722.736 5 6.14226 -56.1887 -98.4361
59 516.063 723.155 5 6.22693 -61.7535 -30.904
60 515.79 723.573 5 6.34995 -61.6253 17.358
61 515.517 723.992 5 6.50916 -65.2434 -129.721
62 515.243 724.411 5 6.70197 -132.145 -94.796
63 517.575 721.753 5 6.62766 -58.1567 -133.199
64 517.302 722.172 5 6.59342 -60.7274 -10.1659
65 517.028 722.59 5 6.597 -65.3127 -66.4146
66 516.755 723.009 5 6.63835 -53.8081 152.394
67 516.482 723.428 5 6.71677 -55.6236 17.9117
68 516.209 723.847 5 6.83097 -79.2733 167.127
69 515.935 724.265 5 6.97922 -63.4607 -176.037
70 515.662 724.684 5 7.15938 -81.2511 -88.1003
71 517.994 722.026 5 7.12504 -66.0227 -133.636
72 517.72 722.445 5 7.0932 -61.8378 17.9964
73 517.447 722.864 5 7.09653 -63.9553 -104.255
74 517.174 723.282 5 7.13498 -58.085 -117.404
75 516.901 723.701 5 7.208 -62.8631 -27.5853
76 516.627 724.12 5 7.31454 -67.9091 168.855
77 516.354 724.539 5 7.45317 -68.3834 -6.58108
78 516.081 724.957 5 7.62214 -68.1103 -107.657
