1 505.473 717.831 5 4.91502 -69.2988 -29.2076
2 505.747 717.412 5 4.44841 -75.3856 -34.4276
3 506.02 716.994 5 3.9899 -74.2393 -126.216
4 506.294 716.575 5 3.54264 -71.4842 163.978
5 506.567 716.157 5 3.11147 -68.8377 -178.842
6 505.891 718.104 5 4.76734 -70.235 -8.66522
7 506.165 717.686 5 4.28468 -66.9436 57.9614
8 506.439 717.267 5 3.8065 -62.8899 100.667
9 506.712 716.849 5 3.33473 -65.4391 119.341
10 506.986 716.43 5 2.87252 -62.1152 127.438
11 506.31 718.378 5 4.6688 -50.7227 -126.276
12 506.584 717.96 5 4.17476 -52.8739 -142.056
13 506.857 717.541 5 3.68234 -58.7399 -155.277
14 507.131 717.123 5 3.19227 -64.538 171.479
15 507.404 716.704 5 2.70583 -57.1997 -123.873
16 506.728 718.652 5 4.62253 -48.7493 -26.2473
17 507.002 718.233 5 4.12296 -48.7911 -24.1337
18 507.276 717.815 5 3.6235 -49.1228 -27.1869
19 507.549 717.396 5 3.12421 -49.9309 -39.7463
20 507.823 716.978 5 2.6252 -47.2359 -39.3037
21 507.147 718.925 5 4.63011 -48.8001 -43.1663
22 507.421 718.507 5 4.13145 -48.4159 -51.7401
23 507.694 718.088 5 3.63316 -50.4047 -52.4391
24 507.968 717.67 5 3.13542 -48.9216 -43.1994
25 508.241 717.251 5 2.63853 -47.1745 -55.2275
26 507.565 719.199 5 4.69128 -53.4164 -163.408
27 507.839 718.78 5 4.19989 -59.3669 -176.378
28 508.113 718.362 5 3.7108 -61.9236 -173.199
29 508.386 717.943 5 3.22506 -63.9329 -85.9481
30 508.66 717.525 5 2.74444 -64.6486 -117.08
31 507.984 719.472 5 4.80398 -75.4663 84.3163
32 508.258 719.054 5 4.32541 -60.197 33.4058
33 508.531 718.635 5 3.85229 -62.2603 -3.77881
34 508.805 718.217 5 3.38691 -56.8336 -110.859
35 509.078 717.798 5 2.93294 -58.5455 79.934
36 508.402 719.746 5 4.96471 -60.7669 -10.1084
37 508.676 719.328 5 4.50326 -78.9788 171.39
38 508.95 718.909 5 4.05097 -81.5552 -131.844
39 509.223 718.491 5 3.61127 -73.278 89.5081
40 509.497 718.072 5 3.1894 -96.8578 94.562
