1 505.473 717.831 5 8.42373 -75.9529 97.5916
2 505.747 717.412 5 8.12866 -63.7587 34.408
3 506.02 716.994 5 7.85436 -66.2572 15.4234
4 506.294 716.575 5 7.60308 -76.8537 47.8473
5 506.567 716.157 5 7.37718 -72.3423 175.743
6 505.891 718.104 5 8.03312 -70.4187 2.8932
7 506.165 717.686 5 7.72314 -79.0292 47.4938
8 506.439 717.267 5 7.43389 -67.0025 -127.533
9 506.712 716.849 5 7.16788 -64.3858 177.266
10 506.986 716.43 5 6.9278 -75.3789 140.655
11 506.31 718.378 5 7.65523 -77.3926 140.681
12 506.584 717.96 5 7.32929 -69.8781 -129.773
13 506.857 717.541 5 7.02384 -73.4626 -55.0843
14 507.131 717.123 5 6.74168 -72.6817 62.4693
15 507.404 716.704 5 6.48584 -61.7305 19.1886
16 506.728 718.652 5 7.29207 -72.1319 3.50886
17 507.002 718.233 5 6.94911 -69.79 46.5268
18 507.276 717.815 5 6.62616 -74.5707 -158.606
19 507.549 717.396 5 6.32629 -62.188 145.901
20 507.823 716.978 5 6.05292 -79.2974 132.513
21 507.147 718.925 5 6.94593 -70.391 -73.824
22 507.421 718.507 5 6.58497 -69.3737 164.698
23 507.694 718.088 5 6.24321 -64.0457 -53.4817
24 507.968 717.67 5 5.92398 -71.2208 -82.2152
25 508.241 717.251 5 5.63112 -61.3567 -9.23012
26 507.565 719.199 5 6.61949 -78.7145 72.2447
27 507.839 718.78 5 6.23967 -68.1474 170.721
28 508.113 718.362 5 5.87787 -69.8641 45.8703
29 508.386 717.943 5 5.53762 -68.0955 -168.272
30 508.66 717.525 5 5.22314 -67.5278 144.343
31 507.984 719.472 5 6.3158 -71.1499 40.5777
32 508.258 719.054 5 5.91652 -68.7958 -159.478
33 508.531 718.635 5 5.53363 -74.418 109.976
34 508.805 718.217 5 5.17078 -89.6559 90.8205
35 509.078 717.798 5 4.83248 -72.8124 -1.74303
36 508.402 719.746 5 6.03829 -59.4596 14.6781
37 508.676 719.328 5 5.61933 -73.0412 -87.7817
38 508.95 718.909 5 5.21467 -85.4667 -166.414
39 509.223 718.491 5 4.8279 -67.8667 120.959
40 509.497 718.072 5 4.46369 -81.7022 126.818
