1 505.473 717.831 5 6.22678 -70.2165 159.807
2 505.747 717.412 5 5.77934 -81.1563 -156.618
3 506.02 716.994 5 5.34123 -74.6869 -133.024
4 506.294 716.575 5 4.91495 -69.7796 -37.3356
5 506.567 716.157 5 4.50385 -77.5569 -12.7314
6 505.891 718.104 5 6.02877 -60.321 123.085
7 506.165 717.686 5 5.56543 -60.7628 53.0702
8 506.439 717.267 5 5.109 -71.2475 -70.5748
9 506.712 716.849 5 4.66153 -71.9212 -15.4421
10 506.986 716.43 5 4.22585 -71.7386 -48.8708
11 506.31 718.378 5 5.86679 -66.1805 32.0603
12 506.584 717.96 5 5.38954 -77.549 165.455
13 506.857 717.541 5 4.91682 -62.135 141.449
14 507.131 717.123 5 4.45006 -65.0022 -19.9756
15 507.404 716.704 5 3.99136 -55.6869 -135.382
16 506.728 718.652 5 5.7439 -63.7937 7.89039
17 507.002 718.233 5 5.2555 -71.2133 -31.6091
18 507.276 717.815 5 4.76951 -61.7946 -144.53
19 507.549 717.396 5 4.28675 -59.3247 -177.091
20 507.823 716.978 5 3.80843 -57.7043 157.306
21 507.147 718.925 5 5.66264 -54.5908 -107.503
22 507.421 718.507 5 5.16657 -55.0772 -123.335
23 507.694 718.088 5 4.67134 -54.6458 -149.58
24 507.968 717.67 5 4.17724 -52.6555 -162.162
25 508.241 717.251 5 3.68474 -53.4928 -146.335
26 507.565 719.199 5 5.62483 -50.5916 -24.61
27 507.839 718.78 5 5.1251 -52.3316 -38.821
28 508.113 718.362 5 4.62543 -49.1224 -43.8019
29 508.386 717.943 5 4.12584 -47.8906 -36.2717
30 508.66 717.525 5 3.62636 -49.1153 -37.0576
31 507.984 719.472 5 5.63133 -46.6284 -37.0359
32 508.258 719.054 5 5.13223 -48.7434 -23.7958
33 508.531 718.635 5 4.63333 -49.0283 -38.5848
34 508.805 718.217 5 4.1347 -48.8886 -54.6616
35 509.078 717.798 5 3.63644 -50.6569 -58.416
36 508.402 719.746 5 5.68199 -64.5027 -34.8616
37 508.676 719.328 5 5.18777 -66.1359 71.004
38 508.95 718.909 5 4.69478 -80.0954 -143.756
39 509.223 718.491 5 4.20344 -67.5383 -21.0119
40 509.497 718.072 5 3.71441 -79.4092 -174.899
