1 509.951 714.045 5 2 -42.811 11.9621
2 510.37 714.318 5 2.06155 -45.3526 -136.481
3 510.79 714.59 5 2.23607 -45.3114 4.3763
4 511.209 714.862 5 2.5 -44.3977 38.6384
5 511.628 715.135 5 2.82843 -41.2751 143.532
6 512.048 715.407 5 3.20156 -46.4693 153.68
7 512.467 715.679 5 3.60555 -48.9312 24.4938
8 512.886 715.952 5 4.03113 -52.0495 -127
9 513.306 716.224 5 4.47214 -44.5207 41.7754
10 513.725 716.496 5 4.92443 -48.585 -67.3686
11 514.144 716.769 5 5.38516 -54.446 -151.203
12 514.564 717.041 5 5.85235 -51.8789 -154.125
13 514.983 717.313 5 6.32456 -52.0951 6.67155
14 509.679 714.465 5 1.5 -42.3204 15.762
15 510.098 714.737 5 1.58114 -47.3494 97.4765
16 510.517 715.009 5 1.80278 -44.9852 -165.604
17 510.937 715.282 5 2.12132 -53.4193 -0.485253
18 511.356 715.554 5 2.5 -43.5916 -5.18432
19 511.775 715.826 5 2.91548 -47.3351 -113.601
20 512.195 716.099 5 3.3541 -44.1087 58.3932
21 512.614 716.371 5 3.80789 -51.0598 166.55
22 513.033 716.643 5 4.272 -46.1426 -169.714
23 513.453 716.916 5 4.74342 -56.4945 82.8173
24 513.872 717.188 5 5.22015 -46.5587 91.2378
25 514.291 717.46 5 5.70088 -51.991 35.19
26 514.711 717.733 5 6.18466 -51.3841 -159.077
27 509.406 714.884 5 1 -39.362 4.74305
28 509.826 715.156 5 1.11803 -37.7964 6.8627
29 510.245 715.429 5 1.41421 -40.9849 -87.4328
30 510.664 715.701 5 1.80278 -44.2614 -149.578
31 511.084 715.973 5 2.23607 -43.2089 76.602
32 511.503 716.246 5 2.69258 -51.7809 140.868
33 511.922 716.518 5 3.16228 -53.7585 -118.896
34 512.342 716.79 5 3.64005 -49.0643 -17.6537
35 512.761 717.063 5 4.12311 -49.496 -24.5799
36 513.18 717.335 5 4.60977 -51.2306 -26.4576
37 513.6 717.607 5 5.09902 -49.9577 26.8964
38 514.019 717.88 5 5.59017 -56.301 -116.496
39 514.438 718.152 5 6.08276 -51.0025 136.323
40 509.134 715.303 5 0.5 -33.7411 14.7602
41 509.553 715.576 5 0.707107 -36.8842 130.451
42 509.973 715.848 5 1.11803 -41.8571 9.30225
43 510.392 716.12 5 1.58114 -48.4317 63.335
44 510.811 716.393 5 2.06155 -40.8381 -164.42
45 511.231 716.665 5 2.54951 -46.5732 -88.9049
46 511.65 716.937 5 3.04138 -47.5205 -71.0892
47 512.069 717.21 5 3.53553 -49.1955 -106.887
48 512.489 717.482 5 4.03113 -51.7765 -118.207
49 512.908 717.754 5 4.52769 -50.2938 -97.5682
50 513.327 718.027 5 5.02494 -54.2737 0.638342
51 513.747 718.299 5 5.52268 -54.9695 -75.1007
52 514.166 718.571 5 6.0208 -58.6238 17.8507
53 508.862 715.723 5 0 -48.0129 30.9544
54 509.281 715.995 5 0.5 -33.9039 -18.959
55 509.7 716.267 5 1 -39.8719 20.3571
56 510.12 716.54 5 1.5 -38.2779 18.2541
57 510.539 716.812 5 2 -42.6992 -12.0888
58 510.958 717.084 5 2.5 -54.2666 31.4822
59 511.378 717.357 5 3 -52.3892 5.36854
60 511.797 717.629 5 3.5 -50.5557 -39.3205
61 512.216 717.901 5 4 -47.8489 2.97246
62 512.636 718.174 5 4.5 -51.3062 -18.3652
63 513.055 718.446 5 5 -55.493 31.2883
64 513.474 718.718 5 5.5 -56.5532 -43.274
65 513.894 718.991 5 6 -60.9804 -37.5168
66 508.589 716.142 5 0.5 -33.4623 17.7661
67 509.009 716.414 5 0.707107 -37.4717 134.338
68 509.428 716.687 5 1.11803 -42.2385 0.781394
69 509.847 716.959 5 1.58114 -40.9857 104.594
70 510.267 717.231 5 2.06155 -50.7754 145.695
71 510.686 717.504 5 2.54951 -43.4098 -125.329
72 511.105 717.776 5 3.04138 -48.5638 -89.1716
73 511.525 718.048 5 3.53553 -53.5542 -110.627
74 511.944 718.321 5 4.03113 -59.2717 -94.8694
75 512.363 718.593 5 4.52769 -51.4847 -68.5883
76 512.783 718.865 5 5.02494 -59.5238 -85.7357
77 513.202 719.138 5 5.52268 -52.5076 -71.7048
78 513.621 719.41 5 6.0208 -48.5238 -54.6048
79 510.414 717.923 5 2.69258 -57.3061 -133.888
80 510.833 718.195 5 3.16228 -48.4752 -119.243
81 511.672 718.74 5 4.12311 -52.9609 -91.3639
82 512.091 719.012 5 4.60977 -59.9854 21.2858
83 512.51 719.285 5 5.09902 -56.6801 50.7215
84 512.93 719.557 5 5.59017 -53.3746 160.592
85 513.349 719.829 5 6.08276 -53.6582 127.091
86 510.141 718.342 5 2.91548 -54.0692 -5.28444
87 510.561 718.615 5 3.3541 -48.3822 -42.1945
88 511.399 719.159 5 4.272 -50.1428 101.623
89 511.819 719.432 5 4.74342 -71.0933 155.789
90 512.238 719.704 5 5.22015 -55.2651 -17.965
91 512.657 719.976 5 5.70088 -58.1483 -62.9686
92 513.077 720.249 5 6.18466 -65.5672 -14.419
93 509.869 718.762 5 3.20156 -52.0905 135.974
94 510.288 719.034 5 3.60555 -52.4759 41.1673
95 511.127 719.579 5 4.47214 -68.3656 -148.592
96 511.546 719.851 5 4.92443 -50.6964 -164.088
97 511.966 720.123 5 5.38517 -63.5771 -111.802
98 512.385 720.396 5 5.85235 -67.2154 122.836
99 512.804 720.668 5 6.32456 -58.3878 -163.718
100 509.597 719.181 5 3.53553 -72.2332 104.752
101 510.016 719.453 5 3.90512 -52.332 138.402
102 509.324 719.6 5 3.90513 -58.4963 -41.9794
103 509.744 719.873 5 4.24264 -54.3731 -132.63
104 509.052 720.02 5 4.30116 -57.8305 81.434
105 509.471 720.292 5 4.60977 -57.7814 34.2204
