1 505.473 717.831 5 6.30845 -61.999 24.6878
2 505.747 717.412 5 5.90944 -67.1316 -165.962
3 506.02 716.994 5 5.52688 -60.4455 81.7778
4 506.294 716.575 5 5.16443 -68.4346 77.6306
5 506.567 716.157 5 4.82662 -75.0208 -2.81388
6 505.891 718.104 5 6.0306 -60.7187 98.2304
7 506.165 717.686 5 5.61187 -62.5946 -109.172
8 506.439 717.267 5 5.2075 -59.9049 -76.0456
9 506.712 716.849 5 4.82109 -61.0477 -100.717
10 506.986 716.43 5 4.45734 -70.8549 -81.9064
11 506.31 718.378 5 5.78272 -62.9559 73.9121
12 506.584 717.96 5 5.3446 -63.1056 -97.5809
13 506.857 717.541 5 4.9183 -60.6317 75.4037
14 507.131 717.123 5 4.50717 -64.3783 107.043
15 507.404 716.704 5 4.11577 -55.2674 -179.772
16 506.728 718.652 5 5.5688 -79.5385 113.385
17 507.002 718.233 5 5.11238 -61.579 -70.8951
18 507.276 717.815 5 4.66491 -61.3344 95.5246
19 507.549 717.396 5 4.22922 -60.9852 -120.572
20 507.823 716.978 5 3.80936 -56.8627 32.2695
21 507.147 718.925 5 5.39288 -70.7765 155.373
22 507.421 718.507 5 4.92017 -56.4696 115.102
23 507.694 718.088 5 4.45343 -61.0842 36.2124
24 507.968 717.67 5 3.99474 -61.1885 -98.9677
25 508.241 717.251 5 3.54723 -62.4293 85.6986
26 507.565 719.199 5 5.25878 -58.5612 4.94532
27 507.839 718.78 5 4.77281 -71.7534 -85.6966
28 508.113 718.362 5 4.29007 -59.2468 -171.72
29 508.386 717.943 5 3.81177 -65.0222 54.6481
30 508.66 717.525 5 3.33984 -61.6896 -32.4317
31 507.984 719.472 5 5.16977 -65.9998 -86.9585
32 508.258 719.054 5 4.67455 -59.8013 -11.2921
33 508.531 718.635 5 4.18047 -70.9585 86.2244
34 508.805 718.217 5 3.68799 -62.772 171.048
35 509.078 717.798 5 3.19784 -57.1342 125.809
36 508.402 719.746 5 5.12817 -73.6243 42.1011
37 508.676 719.328 5 4.62851 -67.5444 123.253
38 508.95 718.909 5 4.12892 -69.8892 -129.442
39 509.223 718.491 5 3.62945 -69.0726 138.933
40 509.497 718.072 5 3.13015 -71.4789 87.4035
