1 514.644 719.84 5 5.08991 -79.7009 -99.4255
2 514.371 720.259 5 4.89399 -91.7933 124.183
3 514.097 720.678 5 4.7429 -97.8492 102.823
4 513.824 721.096 5 4.64102 -89.6608 -32.5693
5 513.551 721.515 5 4.59163 -78.2673 -27.3188
6 513.278 721.934 5 4.59642 -90.9553 138.184
7 513.004 722.353 5 4.65521 -79.0595 52.1438
8 512.731 722.771 5 4.76602 -81.0953 27.9466
9 512.458 723.19 5 4.92534 -103.453 81.0868
10 512.185 723.609 5 5.12864 -93.1915 134.181
11 515.063 720.113 5 5.54474 -83.3658 -55.8564
12 514.789 720.532 5 5.36546 -97.7374 -59.9821
13 514.516 720.951 5 5.22801 -78.1235 -87.7732
14 514.243 721.37 5 5.13577 -83.6169 2.54598
15 513.97 721.788 5 5.09118 -97.4185 145.339
16 513.696 722.207 5 5.09549 -85.2515 111.049
17 513.423 722.626 5 5.14859 -78.9822 -103.676
18 513.15 723.045 5 5.249 -83.2706 94.2657
19 512.877 723.463 5 5.39407 -82.817 158.621
20 512.603 723.882 5 5.58032 -96.858 -141.904
21 515.481 720.387 5 6.00676 -78.971 70.9675
22 515.208 720.805 5 5.84168 -80.6769 65.9766
23 514.935 721.224 5 5.71569 -80.022 12.6922
24 514.662 721.643 5 5.63144 -80.4814 71.0781
25 514.388 722.062 5 5.5908 -91.1065 -62.8731
26 514.115 722.48 5 5.59473 -85.217 32.5969
27 513.842 722.899 5 5.64314 -81.3582 -143.676
28 513.568 723.318 5 5.73489 -87.6814 32.0537
29 513.295 723.737 5 5.86796 -79.2853 75.4429
30 513.022 724.155 5 6.03961 -86.7947 66.8656
31 515.9 720.66 5 6.47443 -77.2164 -80.594
32 515.627 721.079 5 6.32156 -75.3639 -142.818
33 515.353 721.497 5 6.20533 -83.6708 -110.106
34 515.08 721.916 5 6.12782 -78.5377 88.5661
35 514.807 722.335 5 6.09049 -95.2446 34.0888
36 514.534 722.754 5 6.0941 -89.4751 -15.8398
37 514.26 723.172 5 6.13857 -91.1617 7.71405
38 513.987 723.591 5 6.22302 -84.7045 144.209
39 516.319 720.933 5 6.9466 -76.2351 -106.532
40 516.045 721.352 5 6.80435 -84.7811 97.6204
41 515.772 721.771 5 6.6965 -89.7936 -4.05
42 515.499 722.189 5 6.62474 -84.9786 1.44582
43 515.226 722.608 5 6.59023 -82.1145 -103.06
44 514.952 723.027 5 6.59356 -81.0357 -164.982
45 514.679 723.446 5 6.63468 -81.4765 -169.92
46 514.406 723.864 5 6.7129 -164.998 130.88
47 516.737 721.206 5 7.42241 -82.0497 54.8789
48 516.464 721.625 5 7.28946 -73.3306 70.9538
49 516.191 722.044 5 7.18889 -83.6694 -35.5953
50 515.918 722.463 5 7.12209 -95.0464 -1.31145
51 515.644 722.881 5 7.09 -83.9628 132.484
52 515.371 723.3 5 7.0931 -76.4994 62.1583
53 515.098 723.719 5 7.13134 -84.342 -41.4578
54 514.825 724.138 5 7.20417 -177.457 -133.332
55 517.156 721.48 5 7.90122 -90.6994 108.748
56 516.883 721.898 5 7.77645 -90.4723 -21.8899
57 516.61 722.317 5 7.68226 -77.1668 -150.59
58 516.336 722.736 5 7.61979 -87.0567 97.7705
59 516.063 723.155 5 7.5898 -103.436 97.36
60 515.79 723.573 5 7.5927 -81.3082 -156.255
61 515.517 723.992 5 7.62844 -79.8467 -159.686
62 515.243 724.411 5 7.69656 -155.064 107.327
63 517.575 721.753 5 8.3825 -87.9889 168.525
64 517.302 722.172 5 8.265 -84.8112 88.9921
65 517.028 722.59 5 8.17644 -75.7837 38.3517
66 516.755 723.009 5 8.11777 -74.764 4.94741
67 516.482 723.428 5 8.08963 -101.769 -89.4632
68 516.209 723.847 5 8.09235 -84.1803 -46.0799
69 515.935 724.265 5 8.12589 -92.0579 49.6204
70 515.662 724.684 5 8.18987 -84.568 -65.3021
71 517.994 722.026 5 8.86585 -93.6398 152.122
72 517.72 722.445 5 8.75484 -82.9011 150.024
73 517.447 722.864 5 8.67128 -82.0157 136.295
74 517.174 723.282 5 8.61598 -83.079 -166.526
75 516.901 723.701 5 8.58948 -91.1836 89.6803
76 516.627 724.12 5 8.59204 -77.9622 51.93
77 516.354 724.539 5 8.62363 -81.3042 74.6424
78 516.081 724.957 5 8.68395 -81.9006 47.3849
