1 505.473 717.831 5 6.62571 -70.2754 -124.14
2 505.747 717.412 5 6.32617 -67.927 133.735
3 506.02 716.994 5 6.05316 -68.9644 -141.048
4 506.294 716.575 5 5.81044 -88.1101 171.595
5 506.567 716.157 5 5.60193 -64.9932 -145.335
6 505.891 718.104 5 6.24249 -63.7956 -125.211
7 506.165 717.686 5 5.9236 -71.954 -107.91
8 506.439 717.267 5 5.63111 -74.6539 2.17977
9 506.712 716.849 5 5.36934 -66.5298 3.97941
10 506.986 716.43 5 5.14298 -77.6501 -140.889
11 506.31 718.378 5 5.87684 -70.8997 -155.012
12 506.584 717.96 5 5.53694 -71.2821 21.0795
13 506.857 717.541 5 5.22284 -73.1386 97.9062
14 507.131 717.123 5 4.93948 -61.3702 128.071
15 507.404 716.704 5 4.69243 -60.8835 142.108
16 506.728 718.652 5 5.53226 -72.752 -170.522
17 507.002 718.233 5 5.16975 -69.7468 -97.5605
18 507.276 717.815 5 4.83185 -62.9923 -119.621
19 507.549 717.396 5 4.52406 -59.4701 -13.9884
20 507.823 716.978 5 4.25294 -71.9166 -70.0374
21 507.147 718.925 5 5.21293 -70.4338 66.215
22 507.421 718.507 5 4.82649 -67.0254 -80.1528
23 507.694 718.088 5 4.46267 -70.8822 -138.381
24 507.968 717.67 5 4.12744 -67.1086 62.6371
25 508.241 717.251 5 3.82834 -60.131 132.922
26 507.565 719.199 5 4.92374 -79.8772 81.9038
27 507.839 718.78 5 4.51261 -69.3239 105.589
28 508.113 718.362 5 4.12117 -65.6085 -22.2304
29 508.386 717.943 5 3.75559 -72.8012 164.558
30 508.66 717.525 5 3.42416 -59.7239 -155.267
31 507.984 719.472 5 4.67032 -66.5108 43.5261
32 508.258 719.054 5 4.23465 -59.5438 125.239
33 508.531 718.635 5 3.8148 -60.6256 150.214
34 508.805 718.217 5 3.41659 -73.5119 -163.296
35 509.078 717.798 5 3.04852 -68.6441 -50.0058
36 508.402 719.746 5 4.45876 -63.8976 -8.30484
37 508.676 719.328 5 4.00012 -59.1538 -167.267
38 508.95 718.909 5 3.55265 -58.3179 -79.1929
39 509.223 718.491 5 3.12118 -60.1977 -12.2674
40 509.497 718.072 5 2.71333 -57.5545 69.0961
