1 509.951 714.045 5 2 -43.4857 0.305727
2 510.37 714.318 5 1.5 -36.8752 -44.0476
3 510.79 714.59 5 1 -39.9978 -37.0606
4 511.209 714.862 5 0.5 -31.679 6.2322
5 511.628 715.135 5 0 -40.9899 5.49135
6 512.048 715.407 5 0.5 -33.3374 8.85906
7 512.467 715.679 5 1 -41.3509 -46.1344
8 512.886 715.952 5 1.5 -37.8935 -53.997
9 513.306 716.224 5 2 -54.3027 38.3711
10 513.725 716.496 5 2.5 -44.2811 -32.0391
11 514.144 716.769 5 3 -41.5982 -9.29076
12 514.564 717.041 5 3.5 -52.8193 -163.872
13 514.983 717.313 5 4 -54.3694 -24.984
14 509.679 714.465 5 2.06155 -44.194 107.931
15 510.098 714.737 5 1.58114 -43.464 89.9241
16 510.517 715.009 5 1.11803 -38.7481 6.66347
17 510.937 715.282 5 0.707107 -34.809 111.139
18 511.356 715.554 5 0.5 -31.1914 2.51072
19 511.775 715.826 5 0.707107 -35.1832 115.425
20 512.195 716.099 5 1.11803 -39.2816 6.78322
21 512.614 716.371 5 1.58114 -43.4657 109.827
22 513.033 716.643 5 2.06155 -48.0752 130.381
23 513.453 716.916 5 2.54951 -48.0316 -76.7437
24 513.872 717.188 5 3.04138 -49.4874 -170.631
25 514.291 717.46 5 3.53553 -46.2616 -89.9801
26 514.711 717.733 5 4.03113 -56.1245 -32.1131
27 509.406 714.884 5 2.23607 -49.0218 65.9759
28 509.826 715.156 5 1.80278 -41.3505 -162.255
29 510.245 715.429 5 1.41421 -43.4589 -153.298
30 510.664 715.701 5 1.11803 -41.3058 19.4786
31 511.084 715.973 5 1 -35.8933 -1.22232
32 511.503 716.246 5 1.11803 -43.1935 6.39797
33 511.922 716.518 5 1.41421 -46.5741 -118.255
34 512.342 716.79 5 1.80278 -43.5991 -161.986
35 512.761 717.063 5 2.23607 -47.0638 63.9198
36 513.18 717.335 5 2.69258 -45.8129 152.122
37 513.6 717.607 5 3.16228 -45.3179 -147.196
38 514.019 717.88 5 3.64006 -45.1014 -46.7659
39 514.438 718.152 5 4.12311 -62.0131 114.936
40 509.134 715.303 5 2.5 -50.5926 11.3306
41 509.553 715.576 5 2.12132 -45.7104 0.153855
42 509.973 715.848 5 1.80278 -41.4708 -175.374
43 510.392 716.12 5 1.58114 -45.3964 108.766
44 510.811 716.393 5 1.5 -40.6256 12.728
45 511.231 716.665 5 1.58114 -43.8299 130.512
46 511.65 716.937 5 1.80278 -42.3179 -164.637
47 512.069 717.21 5 2.12132 -46.0769 -2.95105
48 512.489 717.482 5 2.5 -44.9472 11.31
49 512.908 717.754 5 2.91548 -49.4505 -113.861
50 513.327 718.027 5 3.3541 -49.2337 -18.2148
51 513.747 718.299 5 3.80789 -48.1552 -148.794
52 514.166 718.571 5 4.272 -50.3293 -113.037
53 508.862 715.723 5 2.82843 -41.9492 140.096
54 509.281 715.995 5 2.5 -45.9642 30.0616
55 509.7 716.267 5 2.23607 -50.2786 26.4464
56 510.12 716.54 5 2.06155 -50.8273 -144.788
57 510.539 716.812 5 2 -42.6183 11.6978
58 510.958 717.084 5 2.06155 -46.9119 -148.602
59 511.378 717.357 5 2.23607 -49.3388 2.58546
60 511.797 717.629 5 2.5 -45.998 21.0198
61 512.216 717.901 5 2.82843 -44.2274 146.449
62 512.636 718.174 5 3.20156 -51.33 164.094
63 513.055 718.446 5 3.60555 -48.8802 26.6807
64 513.474 718.718 5 4.03113 -67.3827 13.3338
65 513.894 718.991 5 4.47214 -40.8793 50.3685
66 508.589 716.142 5 3.20156 -54.2873 -15.13
67 509.009 716.414 5 2.91548 -45.5672 -121.097
68 509.428 716.687 5 2.69258 -50.5356 119.485
69 509.847 716.959 5 2.54951 -49.7007 -112.597
70 510.267 717.231 5 2.5 -46.6295 22.539
71 510.686 717.504 5 2.54951 -45.9366 -135.612
72 511.105 717.776 5 2.69258 -52.8202 135.415
73 511.525 718.048 5 2.91548 -46.1143 -136.255
74 511.944 718.321 5 3.20156 -66.9922 -1.31507
75 512.363 718.593 5 3.53553 -48.1982 -91.4418
76 512.783 718.865 5 3.90512 -55.7813 -93.0651
77 513.202 719.138 5 4.30116 -51.7884 159.616
78 513.621 719.41 5 4.71699 -50.4772 148.939
79 510.414 717.923 5 3.04138 -48.8476 -130.307
80 510.833 718.195 5 3.16228 -49.8336 -73.8911
81 511.672 718.74 5 3.60555 -48.0708 91.8391
82 512.091 719.012 5 3.90512 -49.1559 -132.754
83 512.51 719.285 5 4.24264 -53.8579 -11.8517
84 512.93 719.557 5 4.60977 -49.7938 40.317
85 513.349 719.829 5 5 -51.4767 -89.6271
86 510.141 718.342 5 3.53553 -48.2344 -68.9715
87 510.561 718.615 5 3.64005 -54.0065 -9.31963
88 511.399 719.159 5 4.03113 -53.4034 -96.0136
89 511.819 719.432 5 4.30116 -68.7157 124.971
90 512.238 719.704 5 4.60977 -51.7053 -1.60318
91 512.657 719.976 5 4.94975 -52.3914 90.1159
92 513.077 720.249 5 5.31507 -54.3459 -150.364
93 509.869 718.762 5 4.03113 -48.9857 -48.7221
94 510.288 719.034 5 4.12311 -48.427 21.5095
95 511.127 719.579 5 4.47214 -63.1655 -110.116
96 511.546 719.851 5 4.71699 -49.2589 -8.84323
97 511.966 720.123 5 5 -52.9703 -55.9876
98 512.385 720.396 5 5.31507 -50.4166 172.342
99 512.804 720.668 5 5.65685 -59.5621 -7.99051
100 509.597 719.181 5 4.52769 -57.5786 -73.4358
101 510.016 719.453 5 4.60977 -50.4482 34.8426
102 509.324 719.6 5 5.02494 -68.8155 88.0661
103 509.744 719.873 5 5.09902 -47.9465 21.8666
104 509.052 720.02 5 5.52268 -57.1988 -47.1018
105 509.471 720.292 5 5.59017 -53.5294 95.7817
