1 505.473 717.831 5 5.53611 -61.9154 3.965
2 505.747 717.412 5 5.22225 -63.9934 106.367
3 506.02 716.994 5 4.93916 -61.6811 172.313
4 506.294 716.575 5 4.69241 -64.9778 -125.447
5 506.567 716.157 5 4.488 -69.7432 155.687
6 505.891 718.104 5 5.16871 -63.8827 18.2183
7 506.165 717.686 5 4.83105 -66.8035 -120.555
8 506.439 717.267 5 4.52354 -57.1601 -25.6059
9 506.712 716.849 5 4.25275 -62.5625 -11.1039
10 506.986 716.43 5 4.02607 -67.1817 125.464
11 506.31 718.378 5 4.82522 -63.5555 -98.5822
12 506.584 717.96 5 4.46163 -59.953 -54.4398
13 506.857 717.541 5 4.12669 -65.3576 51.8489
14 507.131 717.123 5 3.82792 -60.8113 130.789
15 507.404 716.704 5 3.57441 -64.2416 170.675
16 506.728 718.652 5 4.51108 -64.9474 150.289
17 507.002 718.233 5 4.11987 -61.5827 146.183
18 507.276 717.815 5 3.75456 -54.4796 104.01
19 507.549 717.396 5 3.42347 -70.2619 3.53564
20 507.823 716.978 5 3.13744 -57.5468 -81.3226
21 507.147 718.925 5 4.23285 -63.4445 -67.6125
22 507.421 718.507 5 3.81319 -65.4254 -48.361
23 507.694 718.088 5 3.41524 -60.5137 83.872
24 507.968 717.67 5 3.0475 -54.6284 34.6328
25 508.241 717.251 5 2.72226 -59.5363 31.9958
26 507.565 719.199 5 3.99802 -62.4511 -102.103
27 507.839 718.78 5 3.55071 -61.941 -141.983
28 508.113 718.362 5 3.11945 -67.4176 172.88
29 508.386 717.943 5 2.7119 -59.5987 -66.7308
30 508.66 717.525 5 2.34047 -57.5279 -112.485
31 507.984 719.472 5 3.81462 -58.1727 118.895
32 508.258 719.054 5 3.34286 -68.4735 129.341
33 508.531 718.635 5 2.88065 -68.7564 46.407
34 508.805 718.217 5 2.43342 -67.1429 100.999
35 509.078 717.798 5 2.01121 -58.6667 82.6453
36 508.402 719.746 5 3.69032 -62.9147 -58.4807
37 508.676 719.328 5 3.20029 -61.6151 -85.2346
38 508.95 718.909 5 2.7139 -84.4265 82.6281
39 509.223 718.491 5 2.23353 -62.2045 -59.7015
40 509.497 718.072 5 1.76411 -71.8098 -7.03632
