1 514.644 719.84 5 5.59456 -83.8401 -29.6056
2 514.371 720.259 5 5.32382 -83.147 134.167
3 514.097 720.678 5 5.08793 -93.4151 -127.952
4 513.824 721.096 5 4.89193 -91.0715 115.571
5 513.551 721.515 5 4.74078 -81.6898 -27.8974
6 513.278 721.934 5 4.63885 -73.0946 154.563
7 513.004 722.353 5 4.58944 -79.0371 -59.2232
8 512.731 722.771 5 4.59423 -81.2577 -169.976
9 512.458 723.19 5 4.65305 -103.434 124.674
10 512.185 723.609 5 4.76391 -110.18 166.098
11 515.063 720.113 5 6.01115 -80.4174 -32.9433
12 514.789 720.532 5 5.76003 -93.5764 -177.351
13 514.516 720.951 5 5.54273 -85.7116 0.555747
14 514.243 721.37 5 5.36338 -85.3641 98.4047
15 513.97 721.788 5 5.22588 -89.3741 160.376
16 513.696 722.207 5 5.13359 -85.4986 4.06573
17 513.423 722.626 5 5.08898 -71.7508 -38.4363
18 513.15 723.045 5 5.0933 -80.1016 -41.3957
19 512.877 723.463 5 5.14643 -85.7258 101.79
20 512.603 723.882 5 5.24687 -87.5419 3.18672
21 515.481 720.387 5 6.43962 -86.0295 -110.388
22 515.208 720.805 5 6.20586 -82.461 55.3018
23 514.935 721.224 5 6.00472 -81.8937 100.436
24 514.662 721.643 5 5.83958 -89.4868 166.528
25 514.388 722.062 5 5.71355 -87.6636 53.5954
26 514.115 722.48 5 5.62926 -84.0387 63.4219
27 513.842 722.899 5 5.58861 -78.1342 -51.9102
28 513.568 723.318 5 5.59254 -91.648 -175.78
29 513.295 723.737 5 5.64097 -88.198 -165.9
30 513.022 724.155 5 5.73276 -90.4925 112.068
31 515.9 720.66 5 6.87776 -91.4914 50.5381
32 515.627 721.079 5 6.65939 -89.9729 -122.77
33 515.353 721.497 5 6.47236 -83.9271 150.038
34 515.08 721.916 5 6.31945 -87.9146 24.8342
35 514.807 722.335 5 6.20318 -85.0569 -154.744
36 514.534 722.754 5 6.12564 -79.0965 102.049
37 514.26 723.172 5 6.0883 -88.0132 154.729
38 513.987 723.591 5 6.09191 -90.2612 -118.847
39 516.319 720.933 5 7.32382 -81.2408 -99.0535
40 516.045 721.352 5 7.11915 -82.0337 20.5397
41 515.772 721.771 5 6.94452 -87.224 37.1039
42 515.499 722.189 5 6.80223 -87.4976 13.19
43 515.226 722.608 5 6.69434 -95.0574 7.1274
44 514.952 723.027 5 6.62255 -91.0543 20.7094
45 514.679 723.446 5 6.58803 -83.7843 -77.4047
46 514.406 723.864 5 6.59137 -123.664 105.406
47 516.737 721.206 5 7.77645 -85.0463 -35.0581
48 516.464 721.625 5 7.58401 -91.1532 103.093
49 516.191 722.044 5 7.42032 -78.3045 164.856
50 515.918 722.463 5 7.28732 -99.1896 -44.9488
51 515.644 722.881 5 7.18673 -86.2126 -137.084
52 515.371 723.3 5 7.1199 -95.1888 18.7162
53 515.098 723.719 5 7.08781 -89.8088 26.3997
54 514.825 724.138 5 7.09091 -132.546 58.9087
55 517.156 721.48 5 8.23456 -95.2864 76.9453
56 516.883 721.898 5 8.05307 -87.1506 -54.3
57 516.61 722.317 5 7.89911 -92.3754 -176.157
58 516.336 722.736 5 7.77431 -79.6602 6.83344
59 516.063 723.155 5 7.6801 -91.4988 119.11
60 515.79 723.573 5 7.6176 -92.7967 -92.7849
61 515.517 723.992 5 7.58761 -89.3167 125.013
62 515.243 724.411 5 7.59051 -176.387 99.004
63 517.575 721.753 5 8.69729 -99.4889 5.76802
64 517.302 722.172 5 8.52565 -98.3724 -21.3255
65 517.028 722.59 5 8.38038 -86.1881 56.7953
66 516.755 723.009 5 8.26285 -85.4259 11.0599
67 516.482 723.428 5 8.17427 -82.4735 166.085
68 516.209 723.847 5 8.11558 -81.719 -69.7823
69 515.935 724.265 5 8.08744 -83.7752 -23.2754
70 515.662 724.684 5 8.09016 -86.5946 -76.3202
71 517.994 722.026 5 9.16393 -98.9846 5.01597
72 517.72 722.445 5 9.0012 -99.5525 67.882
73 517.447 722.864 5 8.86372 -98.1744 168.485
74 517.174 723.282 5 8.75269 -95.6549 -115.998
75 516.901 723.701 5 8.66911 -102.611 118.015
76 516.627 724.12 5 8.6138 -95.84 14.0866
77 516.354 724.539 5 8.58728 -85.3616 72.1525
78 516.081 724.957 5 8.58984 -85.3517 114.454
