1 509.951 714.045 5 1.5 -38.9742 -4.36296
2 510.37 714.318 5 1.58114 -45.2205 120.84
3 510.79 714.59 5 1.80278 -41.8713 -173.37
4 511.209 714.862 5 2.12132 -46.9744 -12.1105
5 511.628 715.135 5 2.5 -49.3567 15.2149
6 512.048 715.407 5 2.91548 -48.4563 -98.4464
7 512.467 715.679 5 3.3541 -48.7188 10.7862
8 512.886 715.952 5 3.80789 -47.6616 -152.48
9 513.306 716.224 5 4.272 -52.9935 -107.555
10 513.725 716.496 5 4.74342 -43.8313 42.1695
11 514.144 716.769 5 5.22015 -47.2808 97.6679
12 514.564 717.041 5 5.70088 -67.5339 153.481
13 514.983 717.313 5 6.18466 -50.7008 -80.2588
14 509.679 714.465 5 1 -36.4628 8.8003
15 510.098 714.737 5 1.11803 -39.7662 -9.96896
16 510.517 715.009 5 1.41421 -41.0472 -103.586
17 510.937 715.282 5 1.80278 -44.5352 -157.01
18 511.356 715.554 5 2.23607 -45.6534 98.6965
19 511.775 715.826 5 2.69258 -45.3311 155.197
20 512.195 716.099 5 3.16228 -45.7425 -86.0775
21 512.614 716.371 5 3.64005 -50.8296 -35.4345
22 513.033 716.643 5 4.12311 -43.7616 9.45849
23 513.453 716.916 5 4.60977 -46.7282 -3.01613
24 513.872 717.188 5 5.09902 -62.8273 29.3208
25 514.291 717.46 5 5.59017 -49.6958 58.3832
26 514.711 717.733 5 6.08276 -51.335 107.504
27 509.406 714.884 5 0.5 -33.2007 5.11536
28 509.826 715.156 5 0.707107 -38.3221 115.507
29 510.245 715.429 5 1.11803 -40.7008 27.0511
30 510.664 715.701 5 1.58114 -45.9104 119.699
31 511.084 715.973 5 2.06155 -51.8916 -108.419
32 511.503 716.246 5 2.54951 -46.2448 -121.631
33 511.922 716.518 5 3.04138 -55.071 -122.928
34 512.342 716.79 5 3.53553 -50.0908 -128.796
35 512.761 717.063 5 4.03113 -46.4162 -154.74
36 513.18 717.335 5 4.52769 -49.8701 -147.958
37 513.6 717.607 5 5.02494 -62.3962 -5.71013
38 514.019 717.88 5 5.52268 -49.2908 -34.7119
39 514.438 718.152 5 6.0208 -50.332 -75.9572
40 509.134 715.303 5 0 -48.4787 59.5853
41 509.553 715.576 5 0.5 -32.6364 -2.85516
42 509.973 715.848 5 1 -36.6974 -9.63492
43 510.392 716.12 5 1.5 -43.656 4.26308
44 510.811 716.393 5 2 -43.9633 26.2482
45 511.231 716.665 5 2.5 -45.6962 2.1036
46 511.65 716.937 5 3 -45.005 26.408
47 512.069 717.21 5 3.5 -45.7652 9.26403
48 512.489 717.482 5 4 -48.2265 -8.24468
49 512.908 717.754 5 4.5 -48.5933 -30.6846
50 513.327 718.027 5 5 -45.1873 -14.7793
51 513.747 718.299 5 5.5 -49.0024 -27.3815
52 514.166 718.571 5 6 -54.9922 28.9712
53 508.862 715.723 5 0.5 -32.9811 8.9648
54 509.281 715.995 5 0.707107 -37.5159 127.907
55 509.7 716.267 5 1.11803 -41.6904 7.08875
56 510.12 716.54 5 1.58114 -50.2859 71.5049
57 510.539 716.812 5 2.06155 -42.0742 -172.384
58 510.958 717.084 5 2.54951 -45.8044 -99.8313
59 511.378 717.357 5 3.04138 -48.3767 -109.803
60 511.797 717.629 5 3.53553 -48.3727 -115.625
61 512.216 717.901 5 4.03113 -55.6297 -111.858
62 512.636 718.174 5 4.52769 -53.3958 -62.0644
63 513.055 718.446 5 5.02494 -51.9043 11.3925
64 513.474 718.718 5 5.52268 -52.7935 29.0662
65 513.894 718.991 5 6.0208 -50.3122 16.1314
66 508.589 716.142 5 1 -38.2516 -3.54154
67 509.009 716.414 5 1.11803 -41.6515 -14.8986
68 509.428 716.687 5 1.41421 -47.7552 -143.597
69 509.847 716.959 5 1.80278 -51.2762 -169.862
70 510.267 717.231 5 2.23607 -49.5399 14.1421
71 510.686 717.504 5 2.69258 -46.0706 139.129
72 511.105 717.776 5 3.16228 -51.5474 -97.6652
73 511.525 718.048 5 3.64005 -53.2147 -62.2019
74 511.944 718.321 5 4.12311 -50.3936 -36.6257
75 512.363 718.593 5 4.60977 -48.881 -0.0866245
76 512.783 718.865 5 5.09902 -53.6239 48.0633
77 513.202 719.138 5 5.59017 -53.3923 154.95
78 513.621 719.41 5 6.08276 -52.0522 -162.992
79 510.414 717.923 5 2.91548 -47.28 -128.209
80 510.833 718.195 5 3.3541 -45.9474 25.6804
81 511.672 718.74 5 4.272 -55.2609 18.736
82 512.091 719.012 5 4.74342 -50.3463 37.4442
83 512.51 719.285 5 5.22015 -48.87 67.4621
84 512.93 719.557 5 5.70088 -64.3208 40.9849
85 513.349 719.829 5 6.18466 -53.4045 -73.123
86 510.141 718.342 5 3.20156 -55.177 149.784
87 510.561 718.615 5 3.60555 -46.3454 86.3196
88 511.399 719.159 5 4.47214 -53.5499 -107.015
89 511.819 719.432 5 4.92443 -56.0075 44.4172
90 512.238 719.704 5 5.38516 -54.6082 52.2176
91 512.657 719.976 5 5.85235 -51.9036 54.5107
92 513.077 720.249 5 6.32456 -56.4481 48.9463
93 509.869 718.762 5 3.53553 -55.6453 -86.092
94 510.288 719.034 5 3.90512 -55.8816 158.702
95 511.127 719.579 5 4.71699 -54.2891 -52.1826
96 511.546 719.851 5 5.14782 -54.8014 -15.4369
97 511.966 720.123 5 5.59017 -54.7553 -154.787
98 512.385 720.396 5 6.04152 -57.7274 152.627
99 512.804 720.668 5 6.5 -56.9762 97.3682
100 509.597 719.181 5 3.90512 -61.8018 -60.6059
101 510.016 719.453 5 4.24264 -57.1626 -9.41681
102 509.324 719.6 5 4.30116 -63.7363 155.725
103 509.744 719.873 5 4.60977 -56.5408 86.0781
104 509.052 720.02 5 4.71699 -70.2884 -34.2246
105 509.471 720.292 5 5 -55.5077 -107.734
