1 514.644 719.84 5 3.85591 -68.0229 49.1674
2 514.371 720.259 5 4.17316 -70.5833 -165.854
3 514.097 720.678 5 4.52355 -61.3383 167.571
4 513.824 721.096 5 4.89998 -63.3776 -169.411
5 513.551 721.515 5 5.29689 -65.3698 158.123
6 513.278 721.934 5 5.71002 -66.9105 175.478
7 513.004 722.353 5 6.13609 -67.1147 45.7121
8 512.731 722.771 5 6.57258 -80.1589 -66.0767
9 512.458 723.19 5 7.01755 -96.2709 77.8576
10 512.185 723.609 5 7.46949 -83.6422 75.7981
11 515.063 720.113 5 4.26789 -54.0253 -37.7035
12 514.789 720.532 5 4.55655 -66.4561 -32.7582
13 514.516 720.951 5 4.87949 -69.9164 120.963
14 514.243 721.37 5 5.23036 -62.1509 -69.0168
15 513.97 721.788 5 5.60392 -75.1949 -62.6502
16 513.696 722.207 5 5.99593 -66.7401 91.4181
17 513.423 722.626 5 6.403 -72.1192 119.012
18 513.15 723.045 5 6.82244 -70.5634 73.6661
19 512.877 723.463 5 7.2521 -79.6418 68.2552
20 512.603 723.882 5 7.69027 -83.7758 138.682
21 515.481 720.387 5 4.697 -66.1816 10.7862
22 515.208 720.805 5 4.96075 -53.8879 100.187
23 514.935 721.224 5 5.25893 -69.5146 134.824
24 514.662 721.643 5 5.58601 -64.9765 -144.682
25 514.388 722.062 5 5.93724 -64.6468 92.7017
26 514.115 722.48 5 6.30857 -65.1688 105.093
27 513.842 722.899 5 6.69666 -84.3766 148.047
28 513.568 723.318 5 7.09877 -70.4084 53.8992
29 513.295 723.737 5 7.51264 -82.1447 -120.584
30 513.022 724.155 5 7.93644 -81.5515 -80.7196
31 515.9 720.66 5 5.13894 -73.697 76.3324
32 515.627 721.079 5 5.38107 -59.624 165.002
33 515.353 721.497 5 5.65714 -67.7354 -112.007
34 515.08 721.916 5 5.96242 -77.0278 -100.491
35 514.807 722.335 5 6.29267 -60.8129 64.98
36 514.534 722.754 5 6.64417 -71.0982 165.947
37 514.26 723.172 5 7.01372 -63.5878 -132.345
38 513.987 723.591 5 7.39861 -69.5277 175.696
39 516.319 720.933 5 5.59067 -68.6851 -166.446
40 516.045 721.352 5 5.81402 -69.1325 -110.062
41 515.772 721.771 5 6.07043 -64.574 67.4746
42 515.499 722.189 5 6.35589 -69.6207 -27.259
43 515.226 722.608 5 6.66668 -71.9723 -26.3832
44 514.952 723.027 5 6.99942 -74.3919 136.034
45 514.679 723.446 5 7.35113 -68.1248 -69.2436
46 514.406 723.864 5 7.71922 -109.675 -141.385
47 516.737 721.206 5 6.05 -54.5491 -83.8984
48 516.464 721.625 5 6.25697 -67.5107 21.8913
49 516.191 722.044 5 6.49592 -63.1514 -20.0589
50 515.918 722.463 5 6.76345 -57.5719 12.1589
51 515.644 722.881 5 7.05631 -70.8499 32.0847
52 515.371 723.3 5 7.37148 -71.7236 151.575
53 515.098 723.719 5 7.70623 -72.6196 -95.1326
54 514.825 724.138 5 8.05811 -118.387 12.0202
55 517.156 721.48 5 6.51532 -63.6152 -83.8279
56 516.883 721.898 5 6.70795 -76.2627 -156.253
57 516.61 722.317 5 6.93137 -63.6642 7.71058
58 516.336 722.736 5 7.18269 -67.1539 42.6874
59 516.063 723.155 5 7.45911 -64.1894 98.1887
60 515.79 723.573 5 7.75794 -70.0115 -82.1674
61 515.517 723.992 5 8.07669 -68.5606 -135.092
62 515.243 724.411 5 8.41309 -125.946 32.0606
63 517.575 721.753 5 6.98543 -66.8996 127.058
64 517.302 722.172 5 7.16544 -54.6526 -39.5986
65 517.028 722.59 5 7.37501 -66.2228 -116.998
66 516.755 723.009 5 7.6117 -67.3307 17.8394
67 516.482 723.428 5 7.87307 -67.4835 14.3139
68 516.209 723.847 5 8.15674 -66.608 -146.243
69 515.935 724.265 5 8.46048 -79.5598 178.547
70 515.662 724.684 5 8.7822 -80.9375 -26.894
71 517.994 722.026 5 7.45943 -67.828 -138.943
72 517.72 722.445 5 7.62826 -64.0469 -49.4783
73 517.447 722.864 5 7.82545 -63.3858 -144.07
74 517.174 723.282 5 8.0489 -68.1091 45.4271
75 516.901 723.701 5 8.29651 -64.1389 -141.398
76 516.627 724.12 5 8.56618 -60.5323 176.647
77 516.354 724.539 5 8.85588 -64.7127 -9.5424
78 516.081 724.957 5 9.16373 -65.6076 -5.22963
