1 509.951 714.045 5 2.5 -40.1785 -30.0364
2 510.37 714.318 5 2 -47.9585 -6.64175
3 510.79 714.59 5 1.5 -37.3708 -50.0528
4 511.209 714.862 5 1 -40.2094 -35.6181
5 511.628 715.135 5 0.5 -32.8265 11.4755
6 512.048 715.407 5 0 -47.5247 -0.524228
7 512.467 715.679 5 0.5 -33.4459 4.23265
8 512.886 715.952 5 1 -43.0698 -36.0341
9 513.306 716.224 5 1.5 -38.8883 -41.0151
10 513.725 716.496 5 2 -45.4146 38.5118
11 514.144 716.769 5 2.5 -43.6694 3.47777
12 514.564 717.041 5 3 -48.1738 -151.678
13 514.983 717.313 5 3.5 -52.4728 -97.8772
14 509.679 714.465 5 2.54951 -51.1157 -118.364
15 510.098 714.737 5 2.06155 -46.1894 98.4631
16 510.517 715.009 5 1.58114 -45.7929 71.1662
17 510.937 715.282 5 1.11803 -38.7026 -0.130174
18 511.356 715.554 5 0.707107 -35.8927 119.283
19 511.775 715.826 5 0.5 -33.2961 -4.06918
20 512.195 716.099 5 0.707107 -35.5209 129.164
21 512.614 716.371 5 1.11803 -41.2287 -2.50545
22 513.033 716.643 5 1.58114 -45.1812 91.9245
23 513.453 716.916 5 2.06155 -48.3108 80.0124
24 513.872 717.188 5 2.54951 -50.3975 -51.2481
25 514.291 717.46 5 3.04138 -59.481 -143.461
26 514.711 717.733 5 3.53553 -51.9252 -78.6221
27 509.406 714.884 5 2.69258 -41.637 153.459
28 509.826 715.156 5 2.23607 -45.6594 59.8289
29 510.245 715.429 5 1.80278 -46.9472 -149.653
30 510.664 715.701 5 1.41421 -46.8138 -114.732
31 511.084 715.973 5 1.11803 -42.4042 17.5003
32 511.503 716.246 5 1 -40.066 -4.81205
33 511.922 716.518 5 1.11803 -44.5939 37.9789
34 512.342 716.79 5 1.41421 -45.1458 -141.083
35 512.761 717.063 5 1.80278 -43.6494 -159.934
36 513.18 717.335 5 2.23607 -46.1277 70.153
37 513.6 717.607 5 2.69258 -45.4201 162.096
38 514.019 717.88 5 3.16228 -50.3837 -170.676
39 514.438 718.152 5 3.64006 -47.5695 -38.5121
40 509.134 715.303 5 2.91548 -48.0846 -97.3738
41 509.553 715.576 5 2.5 -44.637 1.91355
42 509.973 715.848 5 2.12132 -42.6988 3.20097
43 510.392 716.12 5 1.80278 -41.4446 -157.206
44 510.811 716.393 5 1.58114 -44.4131 119.725
45 511.231 716.665 5 1.5 -42.6551 -1.6441
46 511.65 716.937 5 1.58114 -43.827 127.2
47 512.069 717.21 5 1.80278 -43.6471 -166.612
48 512.489 717.482 5 2.12132 -46.0741 -24.1582
49 512.908 717.754 5 2.5 -46.5677 -0.386274
50 513.327 718.027 5 2.91548 -46.9774 -123.283
51 513.747 718.299 5 3.3541 -47.921 -56.5522
52 514.166 718.571 5 3.80789 -47.989 -137.481
53 508.862 715.723 5 3.20156 -46.5459 152.123
54 509.281 715.995 5 2.82843 -43.1537 136.489
55 509.7 716.267 5 2.5 -47.9984 31.0124
56 510.12 716.54 5 2.23607 -48.3492 12.0026
57 510.539 716.812 5 2.06155 -49.7042 -166.106
58 510.958 717.084 5 2 -43.5586 -20.2105
59 511.378 717.357 5 2.06155 -43.6288 -162.485
60 511.797 717.629 5 2.23607 -49.8556 -5.84592
61 512.216 717.901 5 2.5 -45.2955 38.4329
62 512.636 718.174 5 2.82843 -47.109 131.923
63 513.055 718.446 5 3.20156 -51.261 152.853
64 513.474 718.718 5 3.60555 -49.9312 16.0644
65 513.894 718.991 5 4.03113 -51.1771 -29.5597
66 508.589 716.142 5 3.53553 -48.6753 -99.9419
67 509.009 716.414 5 3.20156 -54.9421 -16.9553
68 509.428 716.687 5 2.91548 -44.6693 -135.63
69 509.847 716.959 5 2.69258 -52.8217 125.219
70 510.267 717.231 5 2.54951 -48.7068 -108.107
71 510.686 717.504 5 2.5 -48.3998 -33.7242
72 511.105 717.776 5 2.54951 -47.0175 -116.252
73 511.525 718.048 5 2.69258 -54.2135 138.86
74 511.944 718.321 5 2.91548 -44.3959 -142.827
75 512.363 718.593 5 3.20156 -55.8585 138.773
76 512.783 718.865 5 3.53553 -50.7458 -76.722
77 513.202 719.138 5 3.90512 -58.0853 -119.452
78 513.621 719.41 5 4.30116 -47.9612 162.267
79 510.414 717.923 5 3 -47.8026 -50.0088
80 510.833 718.195 5 3.04138 -44.8609 -124.2
81 511.672 718.74 5 3.3541 -48.0266 18.2997
82 512.091 719.012 5 3.60555 -46.8355 91.0602
83 512.51 719.285 5 3.90512 -52.1115 -141.802
84 512.93 719.557 5 4.24264 -50.5274 -24.2458
85 513.349 719.829 5 4.60977 -59.8699 -6.83353
86 510.141 718.342 5 3.5 -46.5395 -32.4127
87 510.561 718.615 5 3.53553 -45.2926 -109.484
88 511.399 719.159 5 3.80789 -57.9132 96.6412
89 511.819 719.432 5 4.03113 -48.012 -113.36
90 512.238 719.704 5 4.30116 -67.8436 101.647
91 512.657 719.976 5 4.60977 -50.0786 31.0869
92 513.077 720.249 5 4.94975 -51.426 69.7195
93 509.869 718.762 5 4 -55.8885 -50.8359
94 510.288 719.034 5 4.03113 -43.0606 -97.928
95 511.127 719.579 5 4.272 -56.1461 120.83
96 511.546 719.851 5 4.47214 -54.7644 -78.354
97 511.966 720.123 5 4.71699 -54.3816 172.55
98 512.385 720.396 5 5 -53.6715 -89.3457
99 512.804 720.668 5 5.31507 -53.9022 59.0744
100 509.597 719.181 5 4.5 -65.2891 59.5398
101 510.016 719.453 5 4.52769 -50.3904 -82.2012
102 509.324 719.6 5 5 -53.3877 -56.0762
103 509.744 719.873 5 5.02494 -51.6645 173.955
104 509.052 720.02 5 5.5 -57.7089 56.1143
105 509.471 720.292 5 5.52268 -53.4134 -179.116
