1 514.644 719.84 5 4.2946 -80.5274 -101.989
2 514.371 720.259 5 4.47087 -70.4261 -55.8274
3 514.097 720.678 5 4.69401 -50.4238 5.3425
4 513.824 721.096 5 4.9577 -50.7884 -12.6543
5 513.551 721.515 5 5.25584 -68.6513 5.07695
6 513.278 721.934 5 5.58291 -75.3179 -169.751
7 513.004 722.353 5 5.93414 -81.2602 67.3495
8 512.731 722.771 5 6.30548 -73.6515 -129.436
9 512.458 723.19 5 6.69359 -80.2481 142.55
10 512.185 723.609 5 7.09572 -71.7111 -162.367
11 515.063 720.113 5 4.77371 -72.1168 -19.7237
12 514.789 720.532 5 4.93289 -74.0225 0.398578
13 514.516 720.951 5 5.13599 -54.7196 -166.375
14 514.243 721.37 5 5.37806 -50.1999 -147.507
15 513.97 721.788 5 5.65407 -79.2346 -140.334
16 513.696 722.207 5 5.95933 -69.7369 -11.2421
17 513.423 722.626 5 6.28957 -78.1418 -20.865
18 513.15 723.045 5 6.64106 -73.7269 -88.3502
19 512.877 723.463 5 7.01062 -82.8261 -26.3626
20 512.603 723.882 5 7.39553 -88.6398 14.1995
21 515.481 720.387 5 5.25671 -65.4375 -170.305
22 515.208 720.805 5 5.40167 -64.2614 126.529
23 514.935 721.224 5 5.58777 -75.5322 36.6676
24 514.662 721.643 5 5.81104 -51.8843 53.7856
25 514.388 722.062 5 6.06739 -51.5243 49.7226
26 514.115 722.48 5 6.35282 -74.3535 -158.311
27 513.842 722.899 5 6.66359 -71.3482 -138.63
28 513.568 723.318 5 6.99632 -75.5563 151.114
29 513.295 723.737 5 7.34803 -72.4834 36.3354
30 513.022 724.155 5 7.71612 -83.4902 -53.1281
31 515.9 720.66 5 5.74262 -61.6594 -130.374
32 515.627 721.079 5 5.87561 -75.0187 85.9242
33 515.353 721.497 5 6.04713 -73.4863 -75.2286
34 515.08 721.916 5 6.25403 -50.1021 -142.53
35 514.807 722.335 5 6.49291 -50.3982 -113.839
36 514.534 722.754 5 6.7604 -87.9673 -86.4572
37 514.26 723.172 5 7.05323 -68.5995 -1.98308
38 513.987 723.591 5 7.36839 -77.7206 15.5092
39 516.319 720.933 5 6.23076 -57.5916 103.01
40 516.045 721.352 5 6.35354 -68.5711 146.078
41 515.772 721.771 5 6.51249 -74.5827 157.279
42 515.499 722.189 5 6.70504 -60.6295 10.3679
43 515.226 722.608 5 6.92839 -54.05 85.2935
44 514.952 723.027 5 7.17967 -56.8363 70.5084
45 514.679 723.446 5 7.45605 -79.5442 119.212
46 514.406 723.864 5 7.75486 -124.57 -112.652
47 516.737 721.206 5 6.72064 -62.0611 -84.7094
48 516.464 721.625 5 6.83463 -71.7874 45.9886
49 516.191 722.044 5 6.98263 -73.921 144.59
50 515.918 722.463 5 7.16256 -69.1789 64.0786
51 515.644 722.881 5 7.37206 -55.5443 -118.464
52 515.371 723.3 5 7.6087 -55.0339 -47.037
53 515.098 723.719 5 7.87003 -60.3296 -68.3143
54 514.825 724.138 5 8.15368 -126.1 64.6433
55 517.156 721.48 5 7.21192 -68.158 88.3384
56 516.883 721.898 5 7.31825 -70.9574 -104.751
57 516.61 722.317 5 7.45667 -65.8931 148.754
58 516.336 722.736 5 7.62541 -70.2482 104.504
59 516.063 723.155 5 7.82253 -62.4242 61.085
60 515.79 723.573 5 8.04593 -54.2568 110.292
61 515.517 723.992 5 8.2935 -52.3703 98.5537
62 515.243 724.411 5 8.56313 -115.132 -117.413
63 517.575 721.753 5 7.70431 -80.6453 138.216
64 517.302 722.172 5 7.80394 -65.2954 53.3961
65 517.028 722.59 5 7.93389 -62.5876 51.1573
66 516.755 723.009 5 8.09269 -71.1009 -12.5846
67 516.482 723.428 5 8.27869 -67.2245 78.6185
68 516.209 723.847 5 8.4901 -54.7797 -63.5003
69 515.935 724.265 5 8.72507 -55.2908 -41.4135
70 515.662 724.684 5 8.98175 -63.9097 -137.336
71 517.994 722.026 5 8.19763 -66.9005 -34.766
72 517.72 722.445 5 8.29133 -58.6401 41.2677
73 517.447 722.864 5 8.41375 -66.5032 -84.2497
74 517.174 723.282 5 8.56366 -68.0224 -97.3541
75 516.901 723.701 5 8.73964 -69.0034 -154.83
76 516.627 724.12 5 8.94016 -61.1755 85.3791
77 516.354 724.539 5 9.1636 -54.9364 135.518
78 516.081 724.957 5 9.40832 -61.9753 178.557
