1 509.951 714.045 5 6.04152 -58.6533 -174.054
2 510.37 714.318 5 5.85235 -60.9329 -100.913
3 510.79 714.59 5 5.70088 -52.9008 55.6802
4 511.209 714.862 5 5.59017 -56.1286 22.4135
5 511.628 715.135 5 5.52268 -53.8373 -64.1921
6 512.048 715.407 5 5.5 -51.1272 101.728
7 512.467 715.679 5 5.52268 -47.9387 -11.6081
8 512.886 715.952 5 5.59017 -43.9966 99.221
9 513.306 716.224 5 5.70088 -49.1443 -162.602
10 513.725 716.496 5 5.85235 -60.8679 115.386
11 514.144 716.769 5 6.04152 -53.6989 24.3321
12 514.564 717.041 5 6.26498 -64.4438 -2.5429
13 514.983 717.313 5 6.5192 -66.9077 -24.128
14 509.679 714.465 5 5.59017 -70.3182 1.03656
15 510.098 714.737 5 5.38516 -55.1885 19.2906
16 510.517 715.009 5 5.22015 -54.8602 159.354
17 510.937 715.282 5 5.09902 -55.1432 -177.229
18 511.356 715.554 5 5.02494 -65.8255 120.957
19 511.775 715.826 5 5 -56.1401 46.37
20 512.195 716.099 5 5.02494 -47.5101 -35.3101
21 512.614 716.371 5 5.09902 -45.0047 64.0108
22 513.033 716.643 5 5.22015 -53.3244 -130.741
23 513.453 716.916 5 5.38517 -54.0085 -138.524
24 513.872 717.188 5 5.59017 -52.8066 25.1471
25 514.291 717.46 5 5.83095 -59.9882 -148.491
26 514.711 717.733 5 6.10328 -64.6711 -65.0449
27 509.406 714.884 5 5.14782 -60.6417 -160.643
28 509.826 715.156 5 4.92443 -57.6223 95.1018
29 510.245 715.429 5 4.74342 -54.6951 -36.2272
30 510.664 715.701 5 4.60977 -55.376 -25.8518
31 511.084 715.973 5 4.52769 -55.0117 -41.0339
32 511.503 716.246 5 4.5 -58.9359 66.5426
33 511.922 716.518 5 4.52769 -45.7926 -34.1311
34 512.342 716.79 5 4.60977 -48.0262 39.8614
35 512.761 717.063 5 4.74342 -57.9248 -91.2269
36 513.18 717.335 5 4.92443 -53.2039 -100.696
37 513.6 717.607 5 5.14782 -56.7087 98.5944
38 514.019 717.88 5 5.40833 -60.6994 82.3148
39 514.438 718.152 5 5.70088 -81.0447 -103.759
40 509.134 715.303 5 4.71699 -65.0937 6.53413
41 509.553 715.576 5 4.47214 -56.4874 -110.537
42 509.973 715.848 5 4.272 -74.65 73.3566
43 510.392 716.12 5 4.12311 -60.6047 84.3067
44 510.811 716.393 5 4.03113 -55.3412 -172.351
45 511.231 716.665 5 4 -52.3318 78.3042
46 511.65 716.937 5 4.03113 -42.8638 -65.9685
47 512.069 717.21 5 4.12311 -48.2165 -11.8842
48 512.489 717.482 5 4.272 -71.6466 -68.6443
49 512.908 717.754 5 4.47214 -53.2197 -33.7899
50 513.327 718.027 5 4.71699 -56.9542 -31.256
51 513.747 718.299 5 5 -53.9959 74.8692
52 514.166 718.571 5 5.31507 -59.157 62.279
53 508.862 715.723 5 4.30116 -56.2627 88.7122
54 509.281 715.995 5 4.03113 -59.6663 42.1068
55 509.7 716.267 5 3.80789 -64.0248 -133.277
56 510.12 716.54 5 3.64006 -64.3503 113.687
57 510.539 716.812 5 3.53553 -53.3497 -52.4688
58 510.958 717.084 5 3.5 -46.9855 14.0635
59 511.378 717.357 5 3.53553 -41.3469 -100.4
60 511.797 717.629 5 3.64006 -48.1099 -30.4355
61 512.216 717.901 5 3.80789 -58.1802 -18.9927
62 512.636 718.174 5 4.03113 -54.3046 86.3274
63 513.055 718.446 5 4.30116 -50.7091 -6.97215
64 513.474 718.718 5 4.60977 -52.6629 -63.0312
65 513.894 718.991 5 4.94975 -53.9848 29.6318
66 508.589 716.142 5 3.90513 -58.3263 -98.3686
67 509.009 716.414 5 3.60555 -60.8341 126.486
68 509.428 716.687 5 3.3541 -66.4886 -98.9614
69 509.847 716.959 5 3.16228 -74.4284 106.911
70 510.267 717.231 5 3.04138 -49.1932 30.8698
71 510.686 717.504 5 3 -44.6413 104.611
72 511.105 717.776 5 3.04138 -41.1856 -147.911
73 511.525 718.048 5 3.16228 -52.698 -99.0496
74 511.944 718.321 5 3.3541 -72.8354 -177.652
75 512.363 718.593 5 3.60555 -51.8231 103.362
76 512.783 718.865 5 3.90513 -58.327 89.555
77 513.202 719.138 5 4.24264 -49.9864 -78.9562
78 513.621 719.41 5 4.60977 -55.282 125.365
79 510.414 717.923 5 2.5 -54.1833 54.3534
80 510.833 718.195 5 2.54951 -45.3853 -89.5963
81 511.672 718.74 5 2.91548 -53.0518 47.7438
82 512.091 719.012 5 3.20156 -50.072 93.4526
83 512.51 719.285 5 3.53553 -49.5114 126.228
84 512.93 719.557 5 3.90513 -59.7827 33.7881
85 513.349 719.829 5 4.30116 -66.1001 -109.128
86 510.141 718.342 5 2 -48.5796 64.8563
87 510.561 718.615 5 2.06155 -39.0603 150.91
88 511.399 719.159 5 2.5 -54.0939 -40.6843
89 511.819 719.432 5 2.82843 -54.5373 55.0419
90 512.238 719.704 5 3.20156 -54.3876 -178.659
91 512.657 719.976 5 3.60555 -61.979 104.727
92 513.077 720.249 5 4.03113 -66.8603 -10.4828
93 509.869 718.762 5 1.5 -40.3863 52.1047
94 510.288 719.034 5 1.58114 -39.8126 154.186
95 511.127 719.579 5 2.12132 -53.3813 -111.913
96 511.546 719.851 5 2.5 -55.0567 44.9019
97 511.966 720.123 5 2.91548 -52.785 -150.252
98 512.385 720.396 5 3.3541 -66.6209 -128.347
99 512.804 720.668 5 3.80789 -55.3764 -51.5583
100 509.597 719.181 5 1 -38.4231 22.9884
101 510.016 719.453 5 1.11803 -41.6997 27.7693
102 509.324 719.6 5 0.5 -33.8114 1.73208
103 509.744 719.873 5 0.707107 -37.0504 122.952
104 509.052 720.02 5 0 -37.0898 64.1008
105 509.471 720.292 5 0.5 -33.1128 9.5001
