1 505.473 717.831 5 3.80911 -57.2057 13.7972
2 505.747 717.412 5 3.41157 -62.8527 103.214
3 506.02 716.994 5 3.04438 -56.8001 9.35465
4 506.294 716.575 5 2.71987 -60.2927 122.924
5 506.567 716.157 5 2.45503 -80.7983 -149.984
6 505.891 718.104 5 3.54612 -57.1915 63.0228
7 506.165 717.686 5 3.11519 -56.1953 -158.659
8 506.439 717.267 5 2.70811 -55.3538 -63.9525
9 506.712 716.849 5 2.33738 -55.8086 -113.577
10 506.986 716.43 5 2.02306 -57.1119 -32.3876
11 506.31 718.378 5 3.33775 -59.3638 118.141
12 506.584 717.96 5 2.87577 -53.2051 -157.663
13 506.857 717.541 5 2.42889 -57.6982 73.73
14 507.131 717.123 5 2.00722 -51.5612 161.998
15 507.404 716.704 5 1.63046 -52.0992 102.887
16 506.728 718.652 5 3.19472 -64.9894 159.772
17 507.002 718.233 5 2.70844 -72.3137 -161.339
18 507.276 717.815 5 2.22825 -53.3202 -78.3565
19 507.549 717.396 5 1.75914 -47.4051 -117.156
20 507.823 716.978 5 1.31302 -51.621 -7.47134
21 507.147 718.925 5 3.12599 -48.2788 -22.9426
22 507.421 718.507 5 2.62703 -46.9895 -26.9304
23 507.694 718.088 5 2.12855 -44.934 -27.4866
24 507.968 717.67 5 1.631 -45.8949 -44.3157
25 508.241 717.251 5 1.13562 -44.0073 -48.9278
26 507.565 719.199 5 3.13647 -48.6661 -42.9544
27 507.839 718.78 5 2.63949 -48.1782 -54.2259
28 508.113 718.362 5 2.14391 -47.0014 -56.3179
29 508.386 717.943 5 1.651 -48.9134 -87.6572
30 508.66 717.525 5 1.16415 -53.0467 -94.5577
31 507.984 719.472 5 3.22538 -71.0844 -17.448
32 508.258 719.054 5 2.74454 -57.3731 -117.723
33 508.531 718.635 5 2.27199 -50.5729 -133.531
34 508.805 718.217 5 1.81422 -62.4444 38.5589
35 509.078 717.798 5 1.38595 -47.5852 163.204
36 508.402 719.746 5 3.38654 -70.5075 82.9734
37 508.676 719.328 5 2.93226 -62.4147 -178.544
38 508.95 718.909 5 2.49551 -72.1334 -83.6086
39 509.223 718.491 5 2.08735 -78.1483 86.9809
40 509.497 718.072 5 1.72814 -73.8581 22.8007
