1 505.473 717.831 5 6.88562 -75.828 161.678
2 505.747 717.412 5 6.78436 -88.6664 126.381
3 506.02 716.994 5 6.71888 -78.0534 64.3477
4 506.294 716.575 5 6.69024 -76.7623 -40.1735
5 506.567 716.157 5 6.69889 -84.6234 22.2152
6 505.891 718.104 5 6.401 -105.459 -73.7402
7 506.165 717.686 5 6.29195 -72.2657 -10.4522
8 506.439 717.267 5 6.2213 -74.4428 39.7666
9 506.712 716.849 5 6.19035 -72.0538 -71.5946
10 506.986 716.43 5 6.1997 -78.4375 169.563
11 506.31 718.378 5 5.91895 -83.2891 -167.992
12 506.584 717.96 5 5.80084 -73.4196 -95.7949
13 506.857 717.541 5 5.72413 -71.6358 -140.823
14 507.131 717.123 5 5.69047 -71.5805 -118.623
15 507.404 716.704 5 5.70064 -77.3712 162.77
16 506.728 718.652 5 5.44013 -79.1165 48.0504
17 507.002 718.233 5 5.31139 -80.6385 129.368
18 507.276 717.815 5 5.2275 -72.2841 127.376
19 507.549 717.396 5 5.19063 -92.9492 -165.162
20 507.823 716.978 5 5.20177 -67.9707 122.223
21 507.147 718.925 5 4.96549 -75.0227 9.9274
22 507.421 718.507 5 4.8241 -80.6682 -162.495
23 507.694 718.088 5 4.73158 -79.5721 63.4313
24 507.968 717.67 5 4.69081 -73.8019 -53.918
25 508.241 717.251 5 4.70314 -72.5883 75.9267
26 507.565 719.199 5 4.49636 -83.648 100.673
27 507.839 718.78 5 4.33971 -86.8668 7.78095
28 508.113 718.362 5 4.23662 -76.7 -93.5719
29 508.386 717.943 5 4.19104 -69.1615 -135.779
30 508.66 717.525 5 4.20484 -82.3378 97.6572
31 507.984 719.472 5 4.03464 -82.9962 -156.295
32 508.258 719.054 5 3.8593 -91.0521 -33.0167
33 508.531 718.635 5 3.743 -70.4264 39.123
34 508.805 718.217 5 3.69133 -76.3076 68.7694
35 509.078 717.798 5 3.70699 -72.4498 -47.0417
36 508.402 719.746 5 3.58322 -70.0597 -97.2562
37 508.676 719.328 5 3.38457 -72.6916 17.9038
38 508.95 718.909 5 3.25133 -78.8707 -176.891
39 509.223 718.491 5 3.19171 -67.9797 -105.982
40 509.497 718.072 5 3.20981 -71.823 -54.942
