1 509.951 714.045 5 6.40312 -60.4481 -52.6974
2 510.37 714.318 5 6.0208 -55.7546 120.101
3 510.79 714.59 5 5.65685 -52.9196 -65.7131
4 511.209 714.862 5 5.31507 -52.1291 -140.883
5 511.628 715.135 5 5 -52.2711 -55.0629
6 512.048 715.407 5 4.71699 -54.6404 167.224
7 512.467 715.679 5 4.47214 -51.1796 63.2692
8 512.886 715.952 5 4.272 -49.418 -66.8061
9 513.306 716.224 5 4.12311 -49.4232 29.0015
10 513.725 716.496 5 4.03113 -46.5195 -139.583
11 514.144 716.769 5 4 -45.9352 -82.5115
12 514.564 717.041 5 4.03113 -62.696 3.09669
13 514.983 717.313 5 4.12311 -57.6775 -154.903
14 509.679 714.465 5 6.10328 -58.8729 -166.686
15 510.098 714.737 5 5.70088 -60.5419 18.821
16 510.517 715.009 5 5.31507 -56.3271 -69.7871
17 510.937 715.282 5 4.94975 -60.5054 -79.9481
18 511.356 715.554 5 4.60977 -68.5282 164.831
19 511.775 715.826 5 4.30116 -51.7944 -163.798
20 512.195 716.099 5 4.03113 -53.4927 17.463
21 512.614 716.371 5 3.80789 -45.9578 170.635
22 513.033 716.643 5 3.64006 -53.8766 16.0172
23 513.453 716.916 5 3.53553 -43.8007 -114.028
24 513.872 717.188 5 3.5 -50.2107 -54.6078
25 514.291 717.46 5 3.53553 -50.8285 -111.995
26 514.711 717.733 5 3.64006 -57.3009 43.2728
27 509.406 714.884 5 5.83095 -66.8012 35.82
28 509.826 715.156 5 5.40833 -62.8389 120.129
29 510.245 715.429 5 5 -52.7053 105.534
30 510.664 715.701 5 4.60977 -53.2438 89.8269
31 511.084 715.973 5 4.24264 -63.3753 -173.664
32 511.503 716.246 5 3.90513 -57.1801 -9.7155
33 511.922 716.518 5 3.60555 -59.2226 115.131
34 512.342 716.79 5 3.3541 -45.1905 103.408
35 512.761 717.063 5 3.16228 -48.392 -119.516
36 513.18 717.335 5 3.04138 -47.1294 -131.829
37 513.6 717.607 5 3 -52.8079 -89.2329
38 514.019 717.88 5 3.04138 -52.2377 -81.0119
39 514.438 718.152 5 3.16228 -51.8066 -45.2604
40 509.134 715.303 5 5.59017 -52.073 -160.987
41 509.553 715.576 5 5.14782 -54.7725 138.202
42 509.973 715.848 5 4.71699 -57.4187 98.636
43 510.392 716.12 5 4.30116 -54.5808 86.6516
44 510.811 716.393 5 3.90513 -52.7299 -5.27461
45 511.231 716.665 5 3.53553 -51.9774 27.4429
46 511.65 716.937 5 3.20156 -50.874 -177.681
47 512.069 717.21 5 2.91548 -54.5072 -30.9091
48 512.489 717.482 5 2.69258 -42.8846 156.897
49 512.908 717.754 5 2.54951 -51.4467 -161.111
50 513.327 718.027 5 2.5 -45.7035 -93.7811
51 513.747 718.299 5 2.54951 -51.2028 -108.647
52 514.166 718.571 5 2.69258 -44.198 144.162
53 508.862 715.723 5 5.38517 -63.0794 -128.725
54 509.281 715.995 5 4.92443 -57.5538 -111.734
55 509.7 716.267 5 4.47214 -53.7792 -161.977
56 510.12 716.54 5 4.03113 -58.9036 73.6185
57 510.539 716.812 5 3.60555 -52.4775 55.5778
58 510.958 717.084 5 3.20156 -49.8923 -117.151
59 511.378 717.357 5 2.82843 -47.0252 -128.972
60 511.797 717.629 5 2.5 -47.6048 -53.139
61 512.216 717.901 5 2.23607 -45.7735 69.1206
62 512.636 718.174 5 2.06155 -47.8486 164.902
63 513.055 718.446 5 2 -50.9236 -105.411
64 513.474 718.718 5 2.06155 -49.772 147.401
65 513.894 718.991 5 2.23607 -43.7532 24.9173
66 508.589 716.142 5 5.22015 -63.4789 137.474
67 509.009 716.414 5 4.74342 -65.5002 99.9153
68 509.428 716.687 5 4.272 -60.3379 90.9695
69 509.847 716.959 5 3.80789 -54.9779 -23.9548
70 510.267 717.231 5 3.3541 -54.5576 111.385
71 510.686 717.504 5 2.91548 -50.6193 -35.8711
72 511.105 717.776 5 2.5 -55.8692 -3.85541
73 511.525 718.048 5 2.12132 -48.7788 117.73
74 511.944 718.321 5 1.80278 -54.2777 -164.894
75 512.363 718.593 5 1.58114 -40.8459 109.462
76 512.783 718.865 5 1.5 -46.8165 -94.2259
77 513.202 719.138 5 1.58114 -44.9087 87.6823
78 513.621 719.41 5 1.80278 -44.4063 179.576
79 510.414 717.923 5 2.69258 -55.218 -60.4928
80 510.833 718.195 5 2.23607 -64.6092 -39.9756
81 511.672 718.74 5 1.41421 -42.3356 -71.7856
82 512.091 719.012 5 1.11803 -40.625 28.5411
83 512.51 719.285 5 1 -51.0625 12.4813
84 512.93 719.557 5 1.11803 -41.6146 29.183
85 513.349 719.829 5 1.41421 -43.4927 -124.372
86 510.141 718.342 5 2.54951 -54.6066 62.3009
87 510.561 718.615 5 2.06155 -61.81 52.751
88 511.399 719.159 5 1.11803 -44.3274 115.382
89 511.819 719.432 5 0.707107 -39.53 -139.007
90 512.238 719.704 5 0.5 -41.8005 15.3501
91 512.657 719.976 5 0.707107 -33.5057 136.428
92 513.077 720.249 5 1.11803 -39.0496 97.6338
93 509.869 718.762 5 2.5 -54.9602 44.7866
94 510.288 719.034 5 2 -56.758 57.6904
95 511.127 719.579 5 1 -38.9429 -153.715
96 511.546 719.851 5 0.5 -32.9769 -97.8112
97 511.966 720.123 5 0 -43.7361 -139.18
98 512.385 720.396 5 0.5 -34.2224 -9.77061
99 512.804 720.668 5 1 -41.3332 -109.509
100 509.597 719.181 5 2.54951 -58.0823 90.8828
101 510.016 719.453 5 2.06155 -57.9313 93.8395
102 509.324 719.6 5 2.69258 -53.9343 162.366
103 509.744 719.873 5 2.23607 -64.5976 140.509
104 509.052 720.02 5 2.91548 -53.5501 -138.575
105 509.471 720.292 5 2.5 -61.9092 98.1803
