1 509.951 714.045 5 0.5 -31.9427 11.7308
2 510.37 714.318 5 0 -38.063 28.5417
3 510.79 714.59 5 0.5 -32.7314 8.67071
4 511.209 714.862 5 1 -39.7442 -40.5676
5 511.628 715.135 5 1.5 -36.9642 -40.708
6 512.048 715.407 5 2 -45.4357 -4.28946
7 512.467 715.679 5 2.5 -41.0392 -34.9747
8 512.886 715.952 5 3 -42.7461 -11.9103
9 513.306 716.224 5 3.5 -45.9277 -41.4037
10 513.725 716.496 5 4 -48.9112 -35.186
11 514.144 716.769 5 4.5 -48.3503 -54.0451
12 514.564 717.041 5 5 -57.2805 87.2299
13 514.983 717.313 5 5.5 -48.7003 124.532
14 509.679 714.465 5 0.707107 -33.783 122.077
15 510.098 714.737 5 0.5 -32.9999 1.78971
16 510.517 715.009 5 0.707107 -35.0306 122.522
17 510.937 715.282 5 1.11803 -40.5529 12.5401
18 511.356 715.554 5 1.58114 -43.1972 99.4986
19 511.775 715.826 5 2.06155 -44.8545 98.3062
20 512.195 716.099 5 2.54951 -49.4278 -68.4075
21 512.614 716.371 5 3.04138 -61.7063 -120.638
22 513.033 716.643 5 3.53553 -49.4108 -71.9775
23 513.453 716.916 5 4.03113 -53.9599 -10.3906
24 513.872 717.188 5 4.52769 -50.5251 -165.541
25 514.291 717.46 5 5.02494 -48.4724 -154.709
26 514.711 717.733 5 5.52268 -49.2722 -101.209
27 509.406 714.884 5 1.11803 -42.696 10.2501
28 509.826 715.156 5 1 -37.4397 -4.80975
29 510.245 715.429 5 1.11803 -42.532 9.77322
30 510.664 715.701 5 1.41421 -44.7349 -116.479
31 511.084 715.973 5 1.80278 -44.7651 -160.947
32 511.503 716.246 5 2.23607 -43.0867 60.307
33 511.922 716.518 5 2.69258 -41.7539 160.959
34 512.342 716.79 5 3.16228 -47.3327 -146.174
35 512.761 717.063 5 3.64006 -43.976 -14.168
36 513.18 717.335 5 4.12311 -58.6813 1.7111
37 513.6 717.607 5 4.60977 -48.6584 6.22374
38 514.019 717.88 5 5.09902 -48.6909 66.6589
39 514.438 718.152 5 5.59017 -51.2758 117.123
40 509.134 715.303 5 1.58114 -43.0583 112.362
41 509.553 715.576 5 1.5 -39.9325 13.7516
42 509.973 715.848 5 1.58114 -44.0835 120.937
43 510.392 716.12 5 1.80278 -41.9521 -170.035
44 510.811 716.393 5 2.12132 -45.3545 20.6787
45 511.231 716.665 5 2.5 -47.1474 14.3418
46 511.65 716.937 5 2.91548 -48.6377 -86.4014
47 512.069 717.21 5 3.3541 -51.8245 8.82391
48 512.489 717.482 5 3.80789 -47.9599 -134.02
49 512.908 717.754 5 4.272 -59.2189 -156.818
50 513.327 718.027 5 4.74342 -45.8513 54.101
51 513.747 718.299 5 5.22015 -46.7795 99.1563
52 514.166 718.571 5 5.70088 -54.2274 126.266
53 508.862 715.723 5 2.06155 -45.4145 -148.833
54 509.281 715.995 5 2 -43.171 1.41416
55 509.7 716.267 5 2.06155 -47.6397 -143.567
56 510.12 716.54 5 2.23607 -45.4359 16.163
57 510.539 716.812 5 2.5 -46.1256 18.312
58 510.958 717.084 5 2.82843 -43.3757 140.428
59 511.378 717.357 5 3.20156 -50.299 163.899
60 511.797 717.629 5 3.60555 -51.5828 45.9178
61 512.216 717.901 5 4.03113 -53.0557 -36.6736
62 512.636 718.174 5 4.47214 -45.7347 67.3582
63 513.055 718.446 5 4.92443 -53.2232 -50.9217
64 513.474 718.718 5 5.38516 -56.4325 -48.8476
65 513.894 718.991 5 5.85235 -45.9064 52.9078
66 508.589 716.142 5 2.54951 -50.7738 -47.2133
67 509.009 716.414 5 2.5 -44.3382 31.6056
68 509.428 716.687 5 2.54951 -50.7894 -110.074
69 509.847 716.959 5 2.69258 -49.7479 98.9197
70 510.267 717.231 5 2.91548 -44.7564 -122.572
71 510.686 717.504 5 3.20156 -54.9429 6.67405
72 511.105 717.776 5 3.53553 -47.3462 -90.6019
73 511.525 718.048 5 3.90512 -49.1502 -114.987
74 511.944 718.321 5 4.30116 -53.8162 -162.696
75 512.363 718.593 5 4.71699 -49.8882 131.336
76 512.783 718.865 5 5.14782 -55.3868 -148.513
77 513.202 719.138 5 5.59017 -51.042 123.858
78 513.621 719.41 5 6.04152 -59.9002 -91.2853
79 510.414 717.923 5 3.60555 -44.5633 75.8878
80 510.833 718.195 5 3.90512 -49.4207 -111.607
81 511.672 718.74 5 4.60977 -50.5085 71.784
82 512.091 719.012 5 5 -51.2035 -20.6126
83 512.51 719.285 5 5.40833 -48.4864 -93.1978
84 512.93 719.557 5 5.83095 -55.5725 29.1877
85 513.349 719.829 5 6.26498 -49.1086 -41.1841
86 510.141 718.342 5 4.03113 -67.1917 -170.24
87 510.561 718.615 5 4.30116 -56.1074 -86.4038
88 511.399 719.159 5 4.94975 -58.2878 21.2827
89 511.819 719.432 5 5.31507 -49.7467 -158.64
90 512.238 719.704 5 5.70088 -65.1128 63.5485
91 512.657 719.976 5 6.10328 -51.8526 63.2267
92 513.077 720.249 5 6.5192 -66.3101 52.8377
93 509.869 718.762 5 4.47214 -62.0054 -164.664
94 510.288 719.034 5 4.71699 -57.8358 -131.958
95 511.127 719.579 5 5.31507 -56.7751 58.6471
96 511.546 719.851 5 5.65685 -64.2702 133.184
97 511.966 720.123 5 6.0208 -58.9267 85.91
98 512.385 720.396 5 6.40312 -56.3747 -87.5349
99 512.804 720.668 5 6.80074 -55.3588 78.6847
100 509.597 719.181 5 4.92443 -52.5744 57.494
101 510.016 719.453 5 5.14782 -54.1609 -97.312
102 509.324 719.6 5 5.38516 -54.4833 -41.9488
103 509.744 719.873 5 5.59017 -58.5209 -60.315
104 509.052 720.02 5 5.85235 -68.1881 -14.3436
105 509.471 720.292 5 6.04152 -51.9179 49.9217
