1 509.951 714.045 5 5.14782 -51.0671 -156.082
2 510.37 714.318 5 4.71699 -47.4082 109.652
3 510.79 714.59 5 4.30116 -51.6888 156.03
4 511.209 714.862 5 3.90512 -53.7687 -73.6715
5 511.628 715.135 5 3.53553 -47.9 -94.2756
6 512.048 715.407 5 3.20156 -55.9411 136.81
7 512.467 715.679 5 2.91548 -44.0568 -160.067
8 512.886 715.952 5 2.69258 -54.1134 140.024
9 513.306 716.224 5 2.54951 -42.9997 -145.318
10 513.725 716.496 5 2.5 -44.6251 -21.8127
11 514.144 716.769 5 2.54951 -47.2248 -129.977
12 514.564 717.041 5 2.69258 -49.3516 -6.99186
13 514.983 717.313 5 2.91548 -52.5874 48.1127
14 509.679 714.465 5 4.92443 -49.787 -137
15 510.098 714.737 5 4.47214 -51.2201 118.226
16 510.517 715.009 5 4.03113 -50.976 -96.8203
17 510.937 715.282 5 3.60555 -46.7601 53.1567
18 511.356 715.554 5 3.20156 -52.8888 142.692
19 511.775 715.826 5 2.82843 -46.9998 112.753
20 512.195 716.099 5 2.5 -47.3557 -16.2155
21 512.614 716.371 5 2.23607 -42.7113 30.738
22 513.033 716.643 5 2.06155 -42.4202 -168.658
23 513.453 716.916 5 2 -43.9257 -3.30797
24 513.872 717.188 5 2.06155 -49.9116 -160.152
25 514.291 717.46 5 2.23607 -46.53 6.25821
26 514.711 717.733 5 2.5 -50.3744 21.1484
27 509.406 714.884 5 4.74342 -50.8299 26.2417
28 509.826 715.156 5 4.272 -54.9336 -16.4311
29 510.245 715.429 5 3.80789 -59.1275 175.529
30 510.664 715.701 5 3.3541 -45.9061 27.6117
31 511.084 715.973 5 2.91548 -47.8428 -61.2919
32 511.503 716.246 5 2.5 -48.0919 -32.2774
33 511.922 716.518 5 2.12132 -47.0059 -12.2082
34 512.342 716.79 5 1.80278 -47.916 -152.963
35 512.761 717.063 5 1.58114 -41.9025 130.085
36 513.18 717.335 5 1.5 -39.5956 -6.20737
37 513.6 717.607 5 1.58114 -50.3558 151.322
38 514.019 717.88 5 1.80278 -49.1474 -117.025
39 514.438 718.152 5 2.12132 -45.296 -24.8504
40 509.134 715.303 5 4.60977 -49.6909 -12.4648
41 509.553 715.576 5 4.12311 -48.089 -29.1273
42 509.973 715.848 5 3.64006 -49.3865 -89.3544
43 510.392 716.12 5 3.16228 -48.2239 -120.531
44 510.811 716.393 5 2.69258 -46.8514 160.234
45 511.231 716.665 5 2.23607 -45.4676 5.71725
46 511.65 716.937 5 1.80278 -45.3932 -178.308
47 512.069 717.21 5 1.41421 -45.5559 -121.571
48 512.489 717.482 5 1.11803 -43.1413 3.50754
49 512.908 717.754 5 1 -36.8602 -6.44815
50 513.327 718.027 5 1.11803 -41.1607 20.231
51 513.747 718.299 5 1.41421 -41.0823 -92.2318
52 514.166 718.571 5 1.80278 -48.3114 -121.777
53 508.862 715.723 5 4.52769 -49.1958 -64.0756
54 509.281 715.995 5 4.03113 -52.409 -74.413
55 509.7 716.267 5 3.53553 -51.949 -64.1107
56 510.12 716.54 5 3.04138 -51.2106 -86.0598
57 510.539 716.812 5 2.54951 -45.9085 -121.801
58 510.958 717.084 5 2.06155 -61.2482 143.241
59 511.378 717.357 5 1.58114 -43.4123 110.766
60 511.797 717.629 5 1.11803 -40.2934 20.1953
61 512.216 717.901 5 0.707107 -37.5683 118.704
62 512.636 718.174 5 0.5 -32.6232 -5.04959
63 513.055 718.446 5 0.707107 -38.1077 130.872
64 513.474 718.718 5 1.11803 -42.5455 28.8552
65 513.894 718.991 5 1.58114 -45.3881 132.738
66 508.589 716.142 5 4.5 -54.2892 -100.914
67 509.009 716.414 5 4 -50.0683 -71.9443
68 509.428 716.687 5 3.5 -50.3987 -67.0445
69 509.847 716.959 5 3 -61.2597 23.0854
70 510.267 717.231 5 2.5 -43.32 11.0155
71 510.686 717.504 5 2 -44.284 -12.6702
72 511.105 717.776 5 1.5 -46.5515 10.5281
73 511.525 718.048 5 1 -38.2749 -5.37269
74 511.944 718.321 5 0.5 -34.1265 -11.9134
75 512.363 718.593 5 0 -50.2693 -19.6278
76 512.783 718.865 5 0.5 -34.5782 -0.857343
77 513.202 719.138 5 1 -42.3109 -2.75993
78 513.621 719.41 5 1.5 -41.2705 4.12646
79 510.414 717.923 5 2.06155 -43.0794 170.658
80 510.833 718.195 5 1.58114 -43.325 147.222
81 511.672 718.74 5 0.707107 -36.0012 117.515
82 512.091 719.012 5 0.5 -31.2823 -6.2307
83 512.51 719.285 5 0.707107 -37.4481 119.635
84 512.93 719.557 5 1.11803 -41.2655 15.7724
85 513.349 719.829 5 1.58114 -53.6301 164.237
86 510.141 718.342 5 2.23607 -58.4529 -86.5372
87 510.561 718.615 5 1.80278 -47.4146 66.1174
88 511.399 719.159 5 1.11803 -39.8959 44.2635
89 511.819 719.432 5 1 -35.9497 -3.71019
90 512.238 719.704 5 1.11803 -38.7779 25.1778
91 512.657 719.976 5 1.41421 -42.6588 -104.72
92 513.077 720.249 5 1.80278 -40.8431 -118.515
93 509.869 718.762 5 2.5 -46.7216 -121.474
94 510.288 719.034 5 2.12132 -52.1708 -133.513
95 511.127 719.579 5 1.58114 -39.2495 86.3906
96 511.546 719.851 5 1.5 -49.6568 -79.1166
97 511.966 720.123 5 1.58114 -40.3455 97.2164
98 512.385 720.396 5 1.80278 -44.5301 -166.545
99 512.804 720.668 5 2.12132 -49.5415 -153.49
100 509.597 719.181 5 2.82843 -45.5804 6.48377
101 510.016 719.453 5 2.5 -51.88 -90.9267
102 509.324 719.6 5 3.20156 -52.2113 48.3944
103 509.744 719.873 5 2.91548 -57.0458 -8.19617
104 509.052 720.02 5 3.60555 -51.146 89.621
105 509.471 720.292 5 3.3541 -53.7794 -48.4562
