1 505.473 717.831 5 4.49363 -62.4991 -83.7092
2 505.747 717.412 5 4.33776 -62.355 91.1415
3 506.02 716.994 5 4.23551 -63.9853 -156.568
4 506.294 716.575 5 4.19082 -66.6524 -178.67
5 506.567 716.157 5 4.20551 -69.276 0.0505687
6 505.891 718.104 5 4.0316 -57.7435 -178.928
7 506.165 717.686 5 3.8571 -72.2942 -59.68
8 506.439 717.267 5 3.74174 -67.9418 77.4735
9 506.712 716.849 5 3.69107 -67.6919 -17.2971
10 506.986 716.43 5 3.70775 -73.289 84.9784
11 506.31 718.378 5 3.57979 -60.297 67.8898
12 506.584 717.96 5 3.38206 -66.0566 -172.227
13 506.857 717.541 5 3.24988 -65.1588 123.21
14 507.131 717.123 5 3.19141 -66.3295 -72.9338
15 507.404 716.704 5 3.21069 -66.5379 -83.3921
16 506.728 718.652 5 3.14261 -97.7483 102.183
17 507.002 718.233 5 2.91538 -63.3901 24.7732
18 507.276 717.815 5 2.76095 -71.3583 48.0555
19 507.549 717.396 5 2.69188 -68.2048 144.78
20 507.823 716.978 5 2.71471 -65.3462 -95.1413
21 507.147 718.925 5 2.72711 -58.2076 -174.741
22 507.421 718.507 5 2.46181 -66.3182 40.3211
23 507.694 718.088 5 2.27682 -75.8152 90.4778
24 507.968 717.67 5 2.19256 -72.272 143.759
25 508.241 717.251 5 2.22052 -73.4795 -91.0879
26 507.565 719.199 5 2.34482 -60.0356 54.8931
27 507.839 718.78 5 2.03017 -58.829 -45.9628
28 508.113 718.362 5 1.80139 -78.4388 -32.2529
29 508.386 717.943 5 1.69364 -70.2145 -131.607
30 508.66 717.525 5 1.72969 -70.3717 53.8436
31 507.984 719.472 5 2.01477 -61.596 -64.2796
32 508.258 719.054 5 1.6379 -55.5297 -93.517
33 508.531 718.635 5 1.34392 -76.4496 34.4442
34 508.805 718.217 5 1.19562 -65.0764 142.729
35 509.078 717.798 5 1.24616 -62.9939 131.276
36 508.402 719.746 5 1.76646 -48.6103 -142.485
37 508.676 719.328 5 1.32053 -53.503 124.565
38 508.95 718.909 5 0.93124 -75.143 -117.258
39 509.223 718.491 5 0.700438 -66.2971 -59.9338
40 509.497 718.072 5 0.783594 -65.043 157.8
