1 509.951 714.045 5 6.7082 -49.8098 92.5116
2 510.37 714.318 5 6.26498 -48.5867 -36.2661
3 510.79 714.59 5 5.83095 -58.3936 -24.7014
4 511.209 714.862 5 5.40833 -48.0635 -75.9593
5 511.628 715.135 5 5 -53.1103 -95.8988
6 512.048 715.407 5 4.60977 -63.334 -15.6366
7 512.467 715.679 5 4.24264 -58.2519 -29.9576
8 512.886 715.952 5 3.90512 -49.696 -107.083
9 513.306 716.224 5 3.60555 -52.8807 89.1045
10 513.725 716.496 5 3.3541 -54.8991 18.7911
11 514.144 716.769 5 3.16228 -54.4753 -9.91759
12 514.564 717.041 5 3.04138 -49.0097 77.7931
13 514.983 717.313 5 3 -53.4115 -148.425
14 509.679 714.465 5 6.5 -56.66 1.93847
15 510.098 714.737 5 6.04152 -50.7865 166.841
16 510.517 715.009 5 5.59017 -48.4326 84.0057
17 510.937 715.282 5 5.14782 -49.7633 -65.6491
18 511.356 715.554 5 4.71699 -52.8972 107.222
19 511.775 715.826 5 4.30116 -53.0387 -139.53
20 512.195 716.099 5 3.90512 -55.4189 -129.333
21 512.614 716.371 5 3.53553 -48.5799 -68.2288
22 513.033 716.643 5 3.20156 -50.603 157.062
23 513.453 716.916 5 2.91548 -51.8003 -69.0365
24 513.872 717.188 5 2.69258 -46.8342 133.728
25 514.291 717.46 5 2.54951 -46.8932 -144.485
26 514.711 717.733 5 2.5 -45.1125 40.5895
27 509.406 714.884 5 6.32456 -53.5659 -174.121
28 509.826 715.156 5 5.85235 -60.8446 102.538
29 510.245 715.429 5 5.38516 -73.6034 -37.9123
30 510.664 715.701 5 4.92443 -51.0521 157.331
31 511.084 715.973 5 4.47214 -45.7072 51.2854
32 511.503 716.246 5 4.03113 -47.4447 -101.927
33 511.922 716.518 5 3.60555 -49.3228 113.063
34 512.342 716.79 5 3.20156 -49.8397 140.677
35 512.761 717.063 5 2.82843 -49.4113 130.882
36 513.18 717.335 5 2.5 -46.8918 17.8952
37 513.6 717.607 5 2.23607 -44.8398 39.5782
38 514.019 717.88 5 2.06155 -55.3662 152.204
39 514.438 718.152 5 2 -39.577 3.88467
40 509.134 715.303 5 6.18466 -53.871 -68.929
41 509.553 715.576 5 5.70088 -52.8538 -113.301
42 509.973 715.848 5 5.22015 -61.6157 -163.552
43 510.392 716.12 5 4.74342 -67.5966 118.578
44 510.811 716.393 5 4.272 -57.2933 -45.9656
45 511.231 716.665 5 3.80789 -52.6673 135.153
46 511.65 716.937 5 3.3541 -43.4888 26.7796
47 512.069 717.21 5 2.91548 -46.305 -101.055
48 512.489 717.482 5 2.5 -46.7688 29.4154
49 512.908 717.754 5 2.12132 -45.5419 -0.638573
50 513.327 718.027 5 1.80278 -50.2711 -165.327
51 513.747 718.299 5 1.58114 -46.8285 100.728
52 514.166 718.571 5 1.5 -44.849 35.949
53 508.862 715.723 5 6.08276 -52.9532 111.392
54 509.281 715.995 5 5.59017 -54.2531 129.131
55 509.7 716.267 5 5.09902 -52.9511 50.4237
56 510.12 716.54 5 4.60977 -54.959 40.8991
57 510.539 716.812 5 4.12311 -59.3733 19.002
58 510.958 717.084 5 3.64006 -52.7739 -67.9568
59 511.378 717.357 5 3.16228 -52.8096 174.907
60 511.797 717.629 5 2.69258 -47.5887 91.3976
61 512.216 717.901 5 2.23607 -47.98 13.3498
62 512.636 718.174 5 1.80278 -41.6722 -152.551
63 513.055 718.446 5 1.41421 -44.3149 -137.512
64 513.474 718.718 5 1.11803 -39.1287 12.916
65 513.894 718.991 5 1 -39.3595 8.90507
66 508.589 716.142 5 6.0208 -59.0624 -49.2227
67 509.009 716.414 5 5.52268 -51.8136 -73.8443
68 509.428 716.687 5 5.02494 -54.7622 -65.9382
69 509.847 716.959 5 4.52769 -52.688 -24.6383
70 510.267 717.231 5 4.03113 -50.6249 -63.1033
71 510.686 717.504 5 3.53553 -46.628 -63.7798
72 511.105 717.776 5 3.04138 -48.7658 -86.9663
73 511.525 718.048 5 2.54951 -51.1773 -99.2232
74 511.944 718.321 5 2.06155 -43.9217 -154.223
75 512.363 718.593 5 1.58114 -53.6298 148.334
76 512.783 718.865 5 1.11803 -40.0066 -3.50408
77 513.202 719.138 5 0.707107 -36.805 129.057
78 513.621 719.41 5 0.5 -32.6357 11.1297
79 510.414 717.923 5 3.5 -51.064 -132.808
80 510.833 718.195 5 3 -55.1556 -120.721
81 511.672 718.74 5 2 -44.6632 40.1398
82 512.091 719.012 5 1.5 -42.6479 27.9755
83 512.51 719.285 5 1 -39.5763 24.2276
84 512.93 719.557 5 0.5 -32.4996 15.341
85 513.349 719.829 5 0 -44.2418 84.906
86 510.141 718.342 5 3.53553 -50.0791 86.2887
87 510.561 718.615 5 3.04138 -50.161 114.397
88 511.399 719.159 5 2.06155 -43.7789 -125.651
89 511.819 719.432 5 1.58114 -53.2021 135.497
90 512.238 719.704 5 1.11803 -43.284 -16.5301
91 512.657 719.976 5 0.707107 -34.1177 126.21
92 513.077 720.249 5 0.5 -32.6742 20.3072
93 509.869 718.762 5 3.64006 -56.0304 -157.906
94 510.288 719.034 5 3.16228 -56.7403 159.674
95 511.127 719.579 5 2.23607 -45.7078 122.054
96 511.546 719.851 5 1.80278 -38.3429 102.481
97 511.966 720.123 5 1.41421 -40.889 -121.133
98 512.385 720.396 5 1.11803 -43.5183 67.683
99 512.804 720.668 5 1 -40.933 -124.261
100 509.597 719.181 5 3.80789 -50.6067 14.7846
101 510.016 719.453 5 3.3541 -50.3231 158.643
102 509.324 719.6 5 4.03113 -71.9212 66.6648
103 509.744 719.873 5 3.60555 -67.8334 -47.9412
104 509.052 720.02 5 4.30116 -62.7696 -71.3153
105 509.471 720.292 5 3.90513 -64.6768 -66.1374
