1 509.951 714.045 5 4.52769 -54.4304 -134.069
2 510.37 714.318 5 4.03113 -51.9371 -1.63236
3 510.79 714.59 5 3.53553 -46.0652 -82.2924
4 511.209 714.862 5 3.04138 -50.8787 -156.915
5 511.628 715.135 5 2.54951 -49.0764 -82.0583
6 512.048 715.407 5 2.06155 -45.9871 92.9446
7 512.467 715.679 5 1.58114 -44.0994 98.447
8 512.886 715.952 5 1.11803 -39.7418 26.7327
9 513.306 716.224 5 0.707107 -34.9458 128.796
10 513.725 716.496 5 0.5 -31.4387 -5.15072
11 514.144 716.769 5 0.707107 -36.0403 119.867
12 514.564 717.041 5 1.11803 -39.6937 -168.749
13 514.983 717.313 5 1.58114 -66.1725 -12.9934
14 509.679 714.465 5 4.5 -46.6921 -36.2178
15 510.098 714.737 5 4 -55.0235 -35.3052
16 510.517 715.009 5 3.5 -44.7248 -17.281
17 510.937 715.282 5 3 -57.8213 21.7785
18 511.356 715.554 5 2.5 -53.4883 0.155532
19 511.775 715.826 5 2 -47.9879 24.3579
20 512.195 716.099 5 1.5 -44.9656 -18.1043
21 512.614 716.371 5 1 -39.0024 24.4974
22 513.033 716.643 5 0.5 -36.4488 -3.41634
23 513.453 716.916 5 0 -47.771 -103.674
24 513.872 717.188 5 0.5 -34.8307 -2.38188
25 514.291 717.46 5 1 -39.9238 28.6096
26 514.711 717.733 5 1.5 -42.7475 -9.46534
27 509.406 714.884 5 4.52769 -52.6634 -6.39612
28 509.826 715.156 5 4.03113 -51.1811 -130.203
29 510.245 715.429 5 3.53553 -46.5611 -111.23
30 510.664 715.701 5 3.04138 -47.3899 -93.4539
31 511.084 715.973 5 2.54951 -46.1132 -135.119
32 511.503 716.246 5 2.06155 -47.6648 157.762
33 511.922 716.518 5 1.58114 -45.0798 104.712
34 512.342 716.79 5 1.11803 -43.7187 40.6369
35 512.761 717.063 5 0.707107 -35.6213 132.102
36 513.18 717.335 5 0.5 -32.9104 -1.23018
37 513.6 717.607 5 0.707107 -36.77 119.938
38 514.019 717.88 5 1.11803 -43.0809 35.2841
39 514.438 718.152 5 1.58114 -48.4458 108.105
40 509.134 715.303 5 4.60977 -46.0872 -6.7652
41 509.553 715.576 5 4.12311 -45.8258 22.0841
42 509.973 715.848 5 3.64006 -46.6231 -14.0753
43 510.392 716.12 5 3.16228 -47.12 -81.5666
44 510.811 716.393 5 2.69258 -49.4955 179.67
45 511.231 716.665 5 2.23607 -50.3248 77.5668
46 511.65 716.937 5 1.80278 -45.6697 174.479
47 512.069 717.21 5 1.41421 -41.2897 -108.6
48 512.489 717.482 5 1.11803 -45.9617 26.8322
49 512.908 717.754 5 1 -36.9847 -5.60669
50 513.327 718.027 5 1.11803 -41.6642 9.52176
51 513.747 718.299 5 1.41421 -40.1855 -108.232
52 514.166 718.571 5 1.80278 -46.0617 179.717
53 508.862 715.723 5 4.74342 -57.473 89.0886
54 509.281 715.995 5 4.272 -48.3704 -160.655
55 509.7 716.267 5 3.80789 -49.0481 135.473
56 510.12 716.54 5 3.3541 -45.9898 49.6809
57 510.539 716.812 5 2.91548 -53.0057 -89.1334
58 510.958 717.084 5 2.5 -43.3058 -21.6808
59 511.378 717.357 5 2.12132 -48.5444 -21.8436
60 511.797 717.629 5 1.80278 -53.2214 -133.378
61 512.216 717.901 5 1.58114 -40.0558 134.78
62 512.636 718.174 5 1.5 -41.6414 -10.3565
63 513.055 718.446 5 1.58114 -42.659 143.84
64 513.474 718.718 5 1.80278 -44.634 -121.065
65 513.894 718.991 5 2.12132 -44.7349 -27.3924
66 508.589 716.142 5 4.92443 -49.958 -72.8565
67 509.009 716.414 5 4.47214 -54.4262 60.2324
68 509.428 716.687 5 4.03113 -57.133 -127.521
69 509.847 716.959 5 3.60555 -48.4411 50.4952
70 510.267 717.231 5 3.20156 -49.7206 165.163
71 510.686 717.504 5 2.82843 -47.4319 130.737
72 511.105 717.776 5 2.5 -45.6641 -6.00564
73 511.525 718.048 5 2.23607 -42.8393 25.0765
74 511.944 718.321 5 2.06155 -43.3103 171.345
75 512.363 718.593 5 2 -43.4374 -13.2243
76 512.783 718.865 5 2.06155 -42.9917 -160.475
77 513.202 719.138 5 2.23607 -46.5348 33.8095
78 513.621 719.41 5 2.5 -45.0804 -1.51935
79 510.414 717.923 5 3.20156 -47.9094 151.711
80 510.833 718.195 5 2.91548 -48.7989 -104.211
81 511.672 718.74 5 2.54951 -51.435 172.59
82 512.091 719.012 5 2.5 -42.5329 -7.25606
83 512.51 719.285 5 2.54951 -45.8464 -137.077
84 512.93 719.557 5 2.69258 -49.0924 137.494
85 513.349 719.829 5 2.91548 -56.1848 -59.462
86 510.141 718.342 5 3.60555 -46.3836 24.3637
87 510.561 718.615 5 3.3541 -47.3813 55.5666
88 511.399 719.159 5 3.04138 -47.8799 -179.662
89 511.819 719.432 5 3 -43.8959 -23.2411
90 512.238 719.704 5 3.04138 -50.5678 -142.5
91 512.657 719.976 5 3.16228 -53.5168 -131.765
92 513.077 720.249 5 3.3541 -51.5502 85.4462
93 509.869 718.762 5 4.03113 -44.4863 -99.1695
94 510.288 719.034 5 3.80789 -59.542 113.532
95 511.127 719.579 5 3.53553 -52.5189 -84.4267
96 511.546 719.851 5 3.5 -54.1186 169.41
97 511.966 720.123 5 3.53553 -43.5143 -104.158
98 512.385 720.396 5 3.64006 -47.3662 61.9841
99 512.804 720.668 5 3.80789 -42.5879 51.7951
100 509.597 719.181 5 4.47214 -46.7571 107.783
101 510.016 719.453 5 4.272 -55.237 74.4946
102 509.324 719.6 5 4.92443 -52.2233 -90.9279
103 509.744 719.873 5 4.74342 -50.3419 -98.2159
104 509.052 720.02 5 5.38517 -51.156 -125.487
105 509.471 720.292 5 5.22015 -52.6174 141.14
