1 514.644 719.84 5 7.21073 -63.9386 -71.7737
2 514.371 720.259 5 7.31663 -59.9111 3.46365
3 514.097 720.678 5 7.45464 -51.5737 -38.5822
4 513.824 721.096 5 7.623 -53.0441 149.201
5 513.551 721.515 5 7.81975 -66.05 -169.652
6 513.278 721.934 5 8.04283 -68.0997 33.1779
7 513.004 722.353 5 8.29009 -85.1336 -138.529
8 512.731 722.771 5 8.55944 -81.644 69.3931
9 512.458 723.19 5 8.84887 -85.8209 -28.2063
10 512.185 723.609 5 9.15647 -95.0403 138.109
11 515.063 720.113 5 7.7032 -68.4652 56.389
12 514.789 720.532 5 7.80242 -64.2802 -94.7175
13 514.516 720.951 5 7.93198 -62.4094 55.2203
14 514.243 721.37 5 8.09041 -61.3038 79.7645
15 513.97 721.788 5 8.27606 -83.0173 -45.8263
16 513.696 722.207 5 8.48715 -84.3968 -154.289
17 513.423 722.626 5 8.72182 -76.7136 -179.532
18 513.15 723.045 5 8.97823 -78.0859 -75.1067
19 512.877 723.463 5 9.25457 -80.2798 29.2823
20 512.603 723.882 5 9.54912 -83.9873 27.603
21 515.481 720.387 5 8.19658 -72.7301 141.965
22 515.208 720.805 5 8.2899 -70.3622 -168.313
23 514.935 721.224 5 8.41195 -62.7018 79.8569
24 514.662 721.643 5 8.56151 -54.876 38.8551
25 514.388 722.062 5 8.73716 -58.1543 -96.4952
26 514.115 722.48 5 8.93736 -72.5282 97.6703
27 513.842 722.899 5 9.16051 -76.568 175.368
28 513.568 723.318 5 9.40496 -77.5604 -71.2136
29 513.295 723.737 5 9.66912 -84.2841 121.718
30 513.022 724.155 5 9.9514 -94.3842 -132.557
31 515.9 720.66 5 8.69072 -62.7202 73.0669
32 515.627 721.079 5 8.77879 -59.5023 -34.7976
33 515.353 721.497 5 8.89413 -66.703 -128.243
34 515.08 721.916 5 9.03571 -64.9208 106.155
35 514.807 722.335 5 9.20231 -63.2052 172.29
36 514.534 722.754 5 9.39261 -59.8467 56.1112
37 514.26 723.172 5 9.60518 -91.4327 129.551
38 513.987 723.591 5 9.8386 -67.5465 -129.794
39 516.319 720.933 5 9.1855 -63.5621 -17.7367
40 516.045 721.352 5 9.26886 -67.2286 -179.064
41 515.772 721.771 5 9.37818 -63.3003 -112.142
42 515.499 722.189 5 9.51256 -67.8528 175.366
43 515.226 722.608 5 9.67095 -61.5002 75.748
44 514.952 723.027 5 9.8522 -61.4791 -31.7162
45 514.679 723.446 5 10.0551 -62.2282 174.289
46 514.406 723.864 5 10.2783 -110.585 157.649
47 516.737 721.206 5 9.68081 -59.2242 71.3767
48 516.464 721.625 5 9.75994 -63.1108 149.365
49 516.191 722.044 5 9.86382 -72.5816 129.261
50 515.918 722.463 5 9.99167 -66.9004 -106.399
51 515.644 722.881 5 10.1426 -64.0846 -152.166
52 515.371 723.3 5 10.3155 -74.8217 -89.0406
53 515.098 723.719 5 10.5095 -59.0533 115.688
54 514.825 724.138 5 10.7232 -127.722 -96.3116
55 517.156 721.48 5 10.1766 -61.0921 102.255
56 516.883 721.898 5 10.2519 -68.0798 -114.326
57 516.61 722.317 5 10.3508 -68.9895 118.24
58 516.336 722.736 5 10.4727 -71.2184 151.24
59 516.063 723.155 5 10.6168 -61.8728 -144.268
60 515.79 723.573 5 10.7822 -65.5174 157.203
61 515.517 723.992 5 10.9678 -63.5705 -2.61106
62 515.243 724.411 5 11.1728 -127.696 1.5462
63 517.575 721.753 5 10.6727 -59.7829 83.9547
64 517.302 722.172 5 10.7446 -57.1835 165.711
65 517.028 722.59 5 10.839 -73.2505 41.6469
66 516.755 723.009 5 10.9555 -75.0912 88.1179
67 516.482 723.428 5 11.0933 -66.3117 -28.4405
68 516.209 723.847 5 11.2517 -66.0241 -110.409
69 515.935 724.265 5 11.4297 -87.4326 -170.871
70 515.662 724.684 5 11.6266 -70.4814 140.665
71 517.994 722.026 5 11.1692 -64.1892 123.508
72 517.72 722.445 5 11.2379 -66.8686 158.892
73 517.447 722.864 5 11.3282 -73.0085 -60.0941
74 517.174 723.282 5 11.4397 -70.0536 115.82
75 516.901 723.701 5 11.5718 -78.4556 153.165
76 516.627 724.12 5 11.7237 -67.6852 5.94444
77 516.354 724.539 5 11.8947 -75.6258 -126.106
78 516.081 724.957 5 12.0839 -77.7336 51.6388
