1 514.644 719.84 5 5.40198 -62.8499 -18.9911
2 514.371 720.259 5 5.58786 -68.2552 -125.323
3 514.097 720.678 5 5.81094 -54.4864 -2.87555
4 513.824 721.096 5 6.06712 -51.0483 12.0888
5 513.551 721.515 5 6.35239 -73.5343 33.5232
6 513.278 721.934 5 6.66301 -80.6151 -141.895
7 513.004 722.353 5 6.99561 -75.3747 -128.615
8 512.731 722.771 5 7.3472 -60.104 -166.719
9 512.458 723.19 5 7.7152 -79.1676 163.047
10 512.185 723.609 5 8.09735 -87.0281 114.437
11 515.063 720.113 5 5.87598 -57.5363 28.3072
12 514.789 720.532 5 6.04731 -71.5288 -11.6272
13 514.516 720.951 5 6.25403 -56.9768 -140.022
14 514.243 721.37 5 6.49274 -59.2172 -94.4066
15 513.97 721.788 5 6.76007 -74.8242 -10.0751
16 513.696 722.207 5 7.05276 -70.4111 100.959
17 513.423 722.626 5 7.36779 -69.5192 -73.7647
18 513.15 723.045 5 7.70241 -71.0906 -103.059
19 512.877 723.463 5 8.05419 -77.4844 -88.3504
20 512.603 723.882 5 8.42098 -78.1035 -62.6415
21 515.481 720.387 5 6.35397 -57.7575 -73.8429
22 515.208 720.805 5 6.51274 -57.0863 179.209
23 514.935 721.224 5 6.70512 -68.5284 -105.596
24 514.662 721.643 5 6.92831 -51.0039 75.4006
25 514.388 722.062 5 7.17944 -52.941 101.055
26 514.115 722.48 5 7.45568 -76.363 -148.308
27 513.842 722.899 5 7.75436 -64.7757 44.9042
28 513.568 723.318 5 8.07298 -74.7716 168.052
29 513.295 723.737 5 8.40927 -72.8263 12.3552
30 513.022 724.155 5 8.7612 -80.6466 120.873
31 515.9 720.66 5 6.83511 -65.9387 -129.501
32 515.627 721.079 5 6.98295 -59.1542 176.807
33 515.353 721.497 5 7.16271 -61.5764 -102.906
34 515.08 721.916 5 7.37206 -54.1628 -109.543
35 514.807 722.335 5 7.60856 -51.4951 -93.7221
36 514.534 722.754 5 7.86975 -61.7215 -76.5845
37 514.26 723.172 5 8.15327 -70.2473 -88.8571
38 513.987 723.591 5 8.45688 -82.8791 -62.4185
39 516.319 720.933 5 7.31877 -60.3651 57.2304
40 516.045 721.352 5 7.45703 -61.5126 29.2745
41 515.772 721.771 5 7.62563 -65.7584 0.695012
42 515.499 722.189 5 7.8226 -76.3646 23.0488
43 515.226 722.608 5 8.04586 -53.5594 109.625
44 514.952 723.027 5 8.2933 -54.6595 113.463
45 514.679 723.446 5 8.56281 -63.7816 69.8499
46 514.406 723.864 5 8.85237 -135.861 129.654
47 516.737 721.206 5 7.8045 -62.0385 -15.5265
48 516.464 721.625 5 7.9343 -62.9375 58.0635
49 516.191 722.044 5 8.09296 -76.6693 -164.88
50 515.918 722.463 5 8.27882 -57.5298 39.6192
51 515.644 722.881 5 8.49009 -56.7322 -103.325
52 515.371 723.3 5 8.72494 -53.6862 -37.3524
53 515.098 723.719 5 8.98151 -62.2885 -74.058
54 514.825 724.138 5 9.25799 -124.342 -56.164
55 517.156 721.48 5 8.29193 -63.4605 86.5168
56 516.883 721.898 5 8.41421 -50.7955 89.5722
57 516.61 722.317 5 8.56398 -65.1838 45.0265
58 516.336 722.736 5 8.73983 -67.6135 94.828
59 516.063 723.155 5 8.94022 -61.9853 151.353
60 515.79 723.573 5 9.16353 -57.0862 133.542
61 515.517 723.992 5 9.40815 -62.2592 113.365
62 515.243 724.411 5 9.67244 -133.163 75.8919
63 517.575 721.753 5 8.78076 -75.9387 74.6087
64 517.302 722.172 5 8.89633 -69.4738 -22.3367
65 517.028 722.59 5 9.03812 -67.9989 -76.5646
66 516.755 723.009 5 9.20491 -60.3048 -130.133
67 516.482 723.428 5 9.39539 -65.5567 -132.767
68 516.209 723.847 5 9.60813 -55.9186 -64.9168
69 515.935 724.265 5 9.8417 -56.0431 -20.0535
70 515.662 724.684 5 10.0946 -66.1284 -137.626
71 517.994 722.026 5 9.27079 -62.4735 83.6737
72 517.72 722.445 5 9.38032 -62.9352 102.205
73 517.447 722.864 5 9.5149 -70.6854 36.6311
74 517.174 723.282 5 9.67348 -72.1776 62.7311
75 516.901 723.701 5 9.8549 -75.4976 52.4468
76 516.627 724.12 5 10.0579 -57.8702 107.735
77 516.354 724.539 5 10.2813 -56.3243 152.201
78 516.081 724.957 5 10.5237 -55.2473 173.791
