1 514.644 719.84 5 4.77341 -73.8423 49.7367
2 514.371 720.259 5 4.93249 -68.3211 15.866
3 514.097 720.678 5 5.1355 -55.1415 152.259
4 513.824 721.096 5 5.37749 -55.6502 -117.167
5 513.551 721.515 5 5.65343 -64.7053 -111.322
6 513.278 721.934 5 5.95863 -85.1557 -143.821
7 513.004 722.353 5 6.28882 -77.1187 91.3763
8 512.731 722.771 5 6.64027 -78.9012 39.2625
9 512.458 723.19 5 7.00979 -76.8462 -57.5053
10 512.185 723.609 5 7.39467 -83.9336 -57.5665
11 515.063 720.113 5 5.25644 -72.8942 30.2242
12 514.789 720.532 5 5.40131 -75.577 -56.1167
13 514.516 720.951 5 5.58731 -54.7392 -5.47361
14 514.243 721.37 5 5.81051 -51.5117 33.0803
15 513.97 721.788 5 6.0668 -76.4983 -141.93
16 513.696 722.207 5 6.35216 -76.8455 29.0831
17 513.423 722.626 5 6.66288 -71.0414 110.914
18 513.15 723.045 5 6.99556 -72.8665 87.108
19 512.877 723.463 5 7.34723 -97.8513 -155.652
20 512.603 723.882 5 7.7153 -80.5486 169.497
21 515.481 720.387 5 5.74237 -65.7178 -34.4425
22 515.208 720.805 5 5.87527 -71.1112 -59.2905
23 514.935 721.224 5 6.04672 -54.118 83.137
24 514.662 721.643 5 6.25354 -51.4787 -138.297
25 514.388 722.062 5 6.49236 -53.2477 -103.367
26 514.115 722.48 5 6.75978 -74.5695 -3.13653
27 513.842 722.899 5 7.05256 -67.4263 -95.3279
28 513.568 723.318 5 7.36767 -73.3557 -32.712
29 513.295 723.737 5 7.70237 -77.3725 -17.2291
30 513.022 724.155 5 8.05422 -81.1973 -59.7925
31 515.9 720.66 5 6.23053 -60.2013 -82.1852
32 515.627 721.079 5 6.35323 -67.8021 52.0034
33 515.353 721.497 5 6.5121 -67.3122 159.433
34 515.08 721.916 5 6.70458 -56.2371 3.07455
35 514.807 722.335 5 6.92787 -52.5037 70.2428
36 514.534 722.754 5 7.17909 -69.5105 38.6588
37 514.26 723.172 5 7.45542 -82.9359 93.9783
38 513.987 723.591 5 7.75418 -84.3825 -105.628
39 516.319 720.933 5 6.72043 -57.6921 -58.4158
40 516.045 721.352 5 6.83434 -67.4847 -162.233
41 515.772 721.771 5 6.98227 -62.5621 -160.73
42 515.499 722.189 5 7.16213 -53.1346 134.437
43 515.226 722.608 5 7.37157 -52.4805 -101.498
44 514.952 723.027 5 7.60816 -56.6017 -86.2845
45 514.679 723.446 5 7.86943 -70.516 -155.63
46 514.406 723.864 5 8.15303 -128.408 -10.5487
47 516.737 721.206 5 7.21172 -62.6628 -152.78
48 516.464 721.625 5 7.31798 -60.4183 -142.424
49 516.191 722.044 5 7.45633 -61.4361 160.293
50 515.918 722.463 5 7.62501 -66.8497 176.734
51 515.644 722.881 5 7.82207 -58.0993 48.1714
52 515.371 723.3 5 8.04542 -55.1164 117.118
53 515.098 723.719 5 8.29293 -73.0028 -90.113
54 514.825 724.138 5 8.56251 -124.816 172.891
55 517.156 721.48 5 7.70413 -64.2543 101.366
56 516.883 721.898 5 7.80369 -67.2941 -103.856
57 516.61 722.317 5 7.93357 -69.7863 66.6433
58 516.336 722.736 5 8.09231 -64.3649 -117.593
59 516.063 723.155 5 8.27825 -56.7203 175.647
60 515.79 723.573 5 8.4896 -56.5198 -91.4224
61 515.517 723.992 5 8.72453 -64.6513 -116.174
62 515.243 724.411 5 8.98116 -123.307 175.202
63 517.575 721.753 5 8.19745 -61.137 127.955
64 517.302 722.172 5 8.29109 -68.2018 132.332
65 517.028 722.59 5 8.41345 -82.5797 -43.9691
66 516.755 723.009 5 8.5633 -75.6594 105.923
67 516.482 723.428 5 8.73923 -59.4764 -70.0861
68 516.209 723.847 5 8.93969 -61.3106 65.501
69 515.935 724.265 5 9.16308 -54.662 99.7257
70 515.662 724.684 5 9.40776 -61.0967 31.1153
71 517.994 722.026 5 8.69154 -76.1254 113.404
72 517.72 722.445 5 8.77991 -68.7239 117.537
73 517.447 722.864 5 8.89555 -67.9595 -58.4865
74 517.174 723.282 5 9.03741 -72.0637 -46.0827
75 516.901 723.701 5 9.20428 -65.2295 -20.6466
76 516.627 724.12 5 9.39483 -61.9439 -155.059
77 516.354 724.539 5 9.60764 -55.0586 -59.9615
78 516.081 724.957 5 9.84127 -66.3892 -39.0166
