1 509.951 714.045 5 2.23607 -43.2123 49.3488
2 510.37 714.318 5 1.80278 -44.1041 -158.051
3 510.79 714.59 5 1.41421 -47.6004 -134.743
4 511.209 714.862 5 1.11803 -39.79 30.5937
5 511.628 715.135 5 1 -35.9571 3.12056
6 512.048 715.407 5 1.11803 -42.4039 15.591
7 512.467 715.679 5 1.41421 -44.8079 -135.201
8 512.886 715.952 5 1.80278 -43.5249 -173.581
9 513.306 716.224 5 2.23607 -44.2199 39.2137
10 513.725 716.496 5 2.69258 -41.1433 177.23
11 514.144 716.769 5 3.16228 -47.0466 -147.193
12 514.564 717.041 5 3.64006 -48.1646 142.722
13 514.983 717.313 5 4.12311 -47.2692 -45.0259
14 509.679 714.465 5 2.06155 -47.2747 -155.385
15 510.098 714.737 5 1.58114 -44.0347 116.647
16 510.517 715.009 5 1.11803 -43.8174 31.2464
17 510.937 715.282 5 0.707107 -39.8063 118.914
18 511.356 715.554 5 0.5 -32.541 -2.8736
19 511.775 715.826 5 0.707107 -36.2157 127.408
20 512.195 716.099 5 1.11803 -43.1427 25.7374
21 512.614 716.371 5 1.58114 -47.9258 130.525
22 513.033 716.643 5 2.06155 -48.9872 148.765
23 513.453 716.916 5 2.54951 -44.3383 -137.717
24 513.872 717.188 5 3.04138 -43.8558 -109.447
25 514.291 717.46 5 3.53553 -44.7111 -128.252
26 514.711 717.733 5 4.03113 -43.5537 -110.23
27 509.406 714.884 5 2 -46.3499 26.2074
28 509.826 715.156 5 1.5 -40.7342 15.7721
29 510.245 715.429 5 1 -40.7322 -5.35627
30 510.664 715.701 5 0.5 -34.1514 -4.87426
31 511.084 715.973 5 0 -44.8001 77.1975
32 511.503 716.246 5 0.5 -33.3238 -7.39149
33 511.922 716.518 5 1 -39.5845 -1.69118
34 512.342 716.79 5 1.5 -43.2715 16.8339
35 512.761 717.063 5 2 -46.1336 -0.178037
36 513.18 717.335 5 2.5 -50.2614 15.0729
37 513.6 717.607 5 3 -46.1196 8.94816
38 514.019 717.88 5 3.5 -43.3504 11.3673
39 514.438 718.152 5 4 -43.1641 15.5451
40 509.134 715.303 5 2.06155 -53.3539 -123.879
41 509.553 715.576 5 1.58114 -45.1983 169.371
42 509.973 715.848 5 1.11803 -39.726 5.14101
43 510.392 716.12 5 0.707107 -39.6165 119.093
44 510.811 716.393 5 0.5 -33.8365 2.6574
45 511.231 716.665 5 0.707107 -38.6818 116.377
46 511.65 716.937 5 1.11803 -41.4186 12.5376
47 512.069 717.21 5 1.58114 -44.6021 146.95
48 512.489 717.482 5 2.06155 -52.3715 -145.622
49 512.908 717.754 5 2.54951 -49.0889 -146.308
50 513.327 718.027 5 3.04138 -52.1871 -108.727
51 513.747 718.299 5 3.53553 -50.2253 -75.986
52 514.166 718.571 5 4.03113 -47.0244 -150.012
53 508.862 715.723 5 2.23607 -43.8566 72.1652
54 509.281 715.995 5 1.80278 -46.1004 -144.424
55 509.7 716.267 5 1.41421 -41.1324 -99.2767
56 510.12 716.54 5 1.11803 -38.2998 2.22378
57 510.539 716.812 5 1 -39.2999 12.1935
58 510.958 717.084 5 1.11803 -40.7754 7.44639
59 511.378 717.357 5 1.41421 -43.4881 -106.431
60 511.797 717.629 5 1.80278 -44.7759 -141.152
61 512.216 717.901 5 2.23607 -49.115 57.106
62 512.636 718.174 5 2.69258 -47 -177.905
63 513.055 718.446 5 3.16228 -45.294 -106.138
64 513.474 718.718 5 3.64006 -52.598 -60.9742
65 513.894 718.991 5 4.12311 -57.9836 -83.9821
66 508.589 716.142 5 2.5 -67.7049 169.797
67 509.009 716.414 5 2.12132 -44.505 -17.4565
68 509.428 716.687 5 1.80278 -43.4782 -152.897
69 509.847 716.959 5 1.58114 -47.4338 112.969
70 510.267 717.231 5 1.5 -42.5363 14.7418
71 510.686 717.504 5 1.58114 -45.5553 135.299
72 511.105 717.776 5 1.80278 -49.9184 -163.384
73 511.525 718.048 5 2.12132 -45.8601 27.138
74 511.944 718.321 5 2.5 -48.728 -17.7639
75 512.363 718.593 5 2.91548 -47.4758 -62.0829
76 512.783 718.865 5 3.3541 -55.3726 7.28677
77 513.202 719.138 5 3.80789 -54.1153 176.859
78 513.621 719.41 5 4.272 -51.1462 -62.7474
79 510.414 717.923 5 2.06155 -46.4721 165.188
80 510.833 718.195 5 2.23607 -44.3742 43.5401
81 511.672 718.74 5 2.82843 -48.6435 98.422
82 512.091 719.012 5 3.20156 -48.6666 147.402
83 512.51 719.285 5 3.60555 -54.3321 100.806
84 512.93 719.557 5 4.03113 -49.5562 -141.161
85 513.349 719.829 5 4.47214 -47.4526 58.6575
86 510.141 718.342 5 2.54951 -54.5896 -97.9115
87 510.561 718.615 5 2.69258 -46.9054 147.043
88 511.399 719.159 5 3.20156 -49.6994 35.387
89 511.819 719.432 5 3.53553 -44.5806 -105.1
90 512.238 719.704 5 3.90512 -58.7768 -65.8094
91 512.657 719.976 5 4.30116 -58.7412 -123.322
92 513.077 720.249 5 4.71699 -50.4327 113.524
93 509.869 718.762 5 3.04138 -50.9383 -41.6978
94 510.288 719.034 5 3.16228 -46.6167 -160.8
95 511.127 719.579 5 3.60555 -67.5707 163.162
96 511.546 719.851 5 3.90513 -49.0263 -73.5147
97 511.966 720.123 5 4.24264 -91.119 -43.4954
98 512.385 720.396 5 4.60977 -59.5889 -23.405
99 512.804 720.668 5 5 -57.7864 -153.208
100 509.597 719.181 5 3.53553 -51.8428 -32.5238
101 510.016 719.453 5 3.64006 -47.4483 -33.8519
102 509.324 719.6 5 4.03113 -47.6868 -165.298
103 509.744 719.873 5 4.12311 -57.6483 28.6712
104 509.052 720.02 5 4.52769 -53.3717 -28.2998
105 509.471 720.292 5 4.60977 -59.1927 -48.068
