1 505.473 717.831 5 5.52889 -61.1105 54.7212
2 505.747 717.412 5 5.16658 -58.1942 16.1581
3 506.02 716.994 5 4.82892 -81.5615 -81.5746
4 506.294 716.575 5 4.52144 -59.2464 -64.0019
5 506.567 716.157 5 4.25068 -81.0116 150.834
6 505.891 718.104 5 5.20934 -56.514 -47.2903
7 506.165 717.686 5 4.82309 -52.8404 -58.2169
8 506.439 717.267 5 4.4595 -61.9361 -170.002
9 506.712 716.849 5 4.12457 -67.4213 83.9447
10 506.986 716.43 5 3.82583 -59.6907 146.928
11 506.31 718.378 5 4.91995 -60.4065 76.8445
12 506.584 717.96 5 4.50897 -62.2514 -176.711
13 506.857 717.541 5 4.11774 -62.119 160.968
14 507.131 717.123 5 3.75242 -55.3606 117.448
15 507.404 716.704 5 3.42135 -65.1149 115.936
16 506.728 718.652 5 4.66632 -63.2379 152.329
17 507.002 718.233 5 4.23078 -54.4381 -120.601
18 507.276 717.815 5 3.81109 -54.5943 9.77235
19 507.549 717.396 5 3.41311 -52.4497 49.7984
20 507.823 716.978 5 3.04537 -55.2523 6.51043
21 507.147 718.925 5 4.45457 -66.8682 141.862
22 507.421 718.507 5 3.99601 -57.384 -121.365
23 507.694 718.088 5 3.54867 -54.1219 91.5239
24 507.968 717.67 5 3.11737 -61.9294 -164.029
25 508.241 717.251 5 2.70978 -57.2025 -34.7322
26 507.565 719.199 5 4.2909 -72.8157 -179.297
27 507.839 718.78 5 3.81271 -59.8153 133.923
28 508.113 718.362 5 3.34091 -62.9588 31.8741
29 508.386 717.943 5 2.87865 -58.1775 -101.746
30 508.66 717.525 5 2.43137 -54.7918 31.0213
31 507.984 719.472 5 4.18097 -64.2129 -23.3456
32 508.258 719.054 5 3.68855 -68.5054 18.062
33 508.531 718.635 5 3.19849 -68.6946 110.472
34 508.805 718.217 5 2.71206 -66.6422 -19.1114
35 509.078 717.798 5 2.23163 -57.291 13.2928
36 508.402 719.746 5 4.12906 -74.5341 -98.3359
37 508.676 719.328 5 3.62961 -66.7601 143.572
38 508.95 718.909 5 3.13033 -67.5859 -106.188
39 509.223 718.491 5 2.63133 -66.3037 98.876
40 509.497 718.072 5 2.1328 -80.4176 -161.099
