1 505.473 717.831 5 8.28705 -71.8442 -157.158
2 505.747 717.412 5 8.0492 -73.5271 -162.075
3 506.02 716.994 5 7.83606 -72.0688 -163.96
4 506.294 716.575 5 7.64972 -66.6694 84.6766
5 506.567 716.157 5 7.49217 -73.5077 110.735
6 505.891 718.104 5 7.85773 -74.888 126.475
7 506.165 717.686 5 7.60646 -65.2369 83.9062
8 506.439 717.267 5 7.38055 -67.3691 104.737
9 506.712 716.849 5 7.1824 -65.9918 72.3221
10 506.986 716.43 5 7.01436 -69.7404 -20.5051
11 506.31 718.378 5 7.43724 -80.8569 -167.416
12 506.584 717.96 5 7.17125 -71.1214 -93.1412
13 506.857 717.541 5 6.93118 -66.9814 -50.042
14 507.131 717.123 5 6.71979 -66.7366 -18.6271
15 507.404 716.704 5 6.53987 -66.619 -71.4603
16 506.728 718.652 5 7.02717 -73.6407 71.0697
17 507.002 718.233 5 6.74504 -73.9571 111.907
18 507.276 717.815 5 6.48921 -76.425 56.8876
19 507.549 717.396 5 6.26293 -68.4064 139.557
20 507.823 716.978 5 6.06948 -68.0723 163.119
21 507.147 718.925 5 6.62947 -77.2523 9.7878
22 507.421 718.507 5 6.32963 -74.6474 162.76
23 507.694 718.088 5 6.05628 -74.8119 28.5441
24 507.968 717.67 5 5.81317 -84.3892 -1.94966
25 508.241 717.251 5 5.60422 -65.8686 16.1848
26 507.565 719.199 5 6.24648 -82.0135 103.395
27 507.839 718.78 5 5.9273 -80.9431 150.288
28 508.113 718.362 5 5.63447 -70.6696 -96.0971
29 508.386 717.943 5 5.3723 -79.57 66.3556
30 508.66 717.525 5 5.14548 -72.6244 -30.3859
31 507.984 719.472 5 5.88108 -72.9871 160.091
32 508.258 719.054 5 5.54089 -79.4258 -171.854
33 508.531 718.635 5 5.22646 -79.9412 -141.898
34 508.805 718.217 5 4.94269 -77.1788 66.765
35 509.078 717.798 5 4.69517 -75.8223 117.717
36 508.402 719.746 5 5.53677 -67.3546 27.6944
37 508.676 719.328 5 5.17399 -75.9343 157.489
38 508.95 718.909 5 4.83575 -88.5995 114.087
39 509.223 718.491 5 4.52757 -71.8459 151.343
40 509.497 718.072 5 4.25596 -70.8129 66.0291
