1 514.644 719.84 5 5.60009 -57.5432 3.98778
2 514.371 720.259 5 5.64826 -73.1875 -116.562
3 514.097 720.678 5 5.73974 -66.7073 -126.739
4 513.824 721.096 5 5.87251 -60.5976 142.59
5 513.551 721.515 5 6.04385 -65.7931 56.8725
6 513.278 721.934 5 6.25059 -78.255 58.288
7 513.004 722.353 5 6.48935 -86.411 -24.5568
8 512.731 722.771 5 6.75673 -78.9045 170.709
9 512.458 723.19 5 7.04948 -81.9559 -152.172
10 512.185 723.609 5 7.36458 -85.031 106.436
11 515.063 720.113 5 6.09947 -70.4438 59.9232
12 514.789 720.532 5 6.14372 -59.3335 -123.105
13 514.516 720.951 5 6.22793 -62.7051 -55.6693
14 514.243 721.37 5 6.3505 -64.7213 -47.5537
15 513.97 721.788 5 6.50927 -75.3129 115.933
16 513.696 722.207 5 6.70167 -83.2996 -105.276
17 513.423 722.626 5 6.9249 -72.7276 15.0671
18 513.15 723.045 5 7.17607 -84.3195 -154.853
19 512.877 723.463 5 7.45236 -90.5037 -153.042
20 512.603 723.882 5 7.7511 -88.3541 86.5974
21 515.481 720.387 5 6.59894 -67.4922 -114.148
22 515.208 720.805 5 6.63986 -60.0004 -113.418
23 514.935 721.224 5 6.71785 -56.1946 -41.7775
24 514.662 721.643 5 6.83164 -60.661 20.8946
25 514.388 722.062 5 6.97948 -69.7063 28.8497
26 514.115 722.48 5 7.15925 -81.2251 -63.1646
27 513.842 722.899 5 7.36863 -74.7918 -90.7014
28 513.568 723.318 5 7.60516 -79.5909 -179.078
29 513.295 723.737 5 7.8664 -82.7847 -83.7289
30 513.022 724.155 5 8.14997 -86.347 3.95999
31 515.9 720.66 5 7.09849 -65.2514 -93.3054
32 515.627 721.079 5 7.13655 -64.9349 -163.372
33 515.353 721.497 5 7.20917 -56.8364 5.37743
34 515.08 721.916 5 7.31532 -57.0002 76.3204
35 514.807 722.335 5 7.45356 -64.8105 -20.2788
36 514.534 722.754 5 7.62216 -71.4859 153.487
37 514.26 723.172 5 7.81915 -71.2373 28.3611
38 513.987 723.591 5 8.04245 -80.6216 121.055
39 516.319 720.933 5 7.59809 -61.1556 87.6561
40 516.045 721.352 5 7.63366 -64.5006 -82.3779
41 515.772 721.771 5 7.70159 -60.8911 40.289
42 515.499 722.189 5 7.80105 -59.8967 122.076
43 515.226 722.608 5 7.93083 -75.8713 94.5823
44 514.952 723.027 5 8.08949 -70.0762 142.343
45 514.679 723.446 5 8.27536 -75.1617 10.7547
46 514.406 723.864 5 8.48666 -113.616 140.831
47 516.737 721.206 5 8.09775 -59.7311 151.855
48 516.464 721.625 5 8.13113 -61.9603 -86.4431
49 516.191 722.044 5 8.19494 -62.8925 76.9182
50 515.918 722.463 5 8.28847 -60.8768 164.514
51 515.644 722.881 5 8.41074 -59.5534 171.703
52 515.371 723.3 5 8.56051 -67.7652 10.5662
53 515.098 723.719 5 8.73637 -69.3819 -14.0451
54 514.825 724.138 5 8.93677 -125.154 -151.195
55 517.156 721.48 5 8.59744 -60.0081 176.279
56 516.883 721.898 5 8.62889 -64.8322 -97.4139
57 516.61 722.317 5 8.68905 -70.9839 87.62
58 516.336 722.736 5 8.77732 -61.9673 157.977
59 516.063 723.155 5 8.89287 -64.7885 -143.524
60 515.79 723.573 5 9.03465 -74.733 53.2783
61 515.517 723.992 5 9.20145 -69.9111 154.119
62 515.243 724.411 5 9.39193 -131.588 -4.01203
63 517.575 721.753 5 9.09717 -63.9731 167.3
64 517.302 722.172 5 9.1269 -62.7904 -171.106
65 517.028 722.59 5 9.18379 -67.2236 98.6226
66 516.755 723.009 5 9.26735 -62.0983 -118.793
67 516.482 723.428 5 9.37686 -63.9445 -30.756
68 516.209 723.847 5 9.51143 -59.9937 -169.932
69 515.935 724.265 5 9.67001 -76.7488 48.7367
70 515.662 724.684 5 9.85144 -76.1577 -106.015
71 517.994 722.026 5 9.59692 -69.0798 -161.351
72 517.72 722.445 5 9.62511 -64.7687 -123.649
73 517.447 722.864 5 9.67908 -67.7167 128.026
74 517.174 723.282 5 9.7584 -68.3797 -75.7363
75 516.901 723.701 5 9.86246 -59.9473 -11.2139
76 516.627 724.12 5 9.99049 -60.6158 -105.897
77 516.354 724.539 5 10.1416 -67.5808 163.99
78 516.081 724.957 5 10.3147 -69.5124 -44.9173
