1 509.951 714.045 5 1.41421 -43.5139 -113.312
2 510.37 714.318 5 1.11803 -43.0476 9.28621
3 510.79 714.59 5 1 -37.9433 1.0495
4 511.209 714.862 5 1.11803 -41.7524 19.1285
5 511.628 715.135 5 1.41421 -43.8916 -150.893
6 512.048 715.407 5 1.80278 -47.9653 -158.876
7 512.467 715.679 5 2.23607 -43.4621 34.552
8 512.886 715.952 5 2.69258 -43.4326 169.956
9 513.306 716.224 5 3.16228 -44.1556 -149.658
10 513.725 716.496 5 3.64006 -44.4332 -46.6017
11 514.144 716.769 5 4.12311 -49.743 4.1166
12 514.564 717.041 5 4.60977 -50.941 152.64
13 514.983 717.313 5 5.09902 -52.6568 -79.8965
14 509.679 714.465 5 1.11803 -45.7294 26.8301
15 510.098 714.737 5 0.707107 -37.5643 125.443
16 510.517 715.009 5 0.5 -33.9359 1.71416
17 510.937 715.282 5 0.707107 -37.1132 123.706
18 511.356 715.554 5 1.11803 -47.6876 43.7671
19 511.775 715.826 5 1.58114 -45.9016 99.5357
20 512.195 716.099 5 2.06155 -45.9125 -144.954
21 512.614 716.371 5 2.54951 -48.4909 -144.858
22 513.033 716.643 5 3.04138 -48.1167 -96.7173
23 513.453 716.916 5 3.53553 -43.8808 -102.714
24 513.872 717.188 5 4.03113 -48.5415 -147.145
25 514.291 717.46 5 4.52769 -59.5665 42.2712
26 514.711 717.733 5 5.02494 -52.5507 -115.46
27 509.406 714.884 5 1 -41.933 -9.76701
28 509.826 715.156 5 0.5 -33.5625 -3.66246
29 510.245 715.429 5 0 -49.2657 79.226
30 510.664 715.701 5 0.5 -32.4574 0.123768
31 511.084 715.973 5 1 -40.6234 -11.1937
32 511.503 716.246 5 1.5 -43.1977 9.74348
33 511.922 716.518 5 2 -50.7427 25.8091
34 512.342 716.79 5 2.5 -48.6525 -8.80486
35 512.761 717.063 5 3 -48.0022 -7.96728
36 513.18 717.335 5 3.5 -46.2343 16.4151
37 513.6 717.607 5 4 -44.8354 14.97
38 514.019 717.88 5 4.5 -46.5465 -43.7059
39 514.438 718.152 5 5 -49.3859 -77.9131
40 509.134 715.303 5 1.11803 -40.0959 27.0724
41 509.553 715.576 5 0.707107 -37.8888 111.521
42 509.973 715.848 5 0.5 -33.1774 -1.1652
43 510.392 716.12 5 0.707107 -38.3919 126.46
44 510.811 716.393 5 1.11803 -39.6108 4.70011
45 511.231 716.665 5 1.58114 -48.4621 137.815
46 511.65 716.937 5 2.06155 -52.2873 -148.453
47 512.069 717.21 5 2.54951 -55.0318 -95.4342
48 512.489 717.482 5 3.04138 -48.9623 -95.3841
49 512.908 717.754 5 3.53553 -54.1135 -65.9578
50 513.327 718.027 5 4.03113 -55.9529 -133.693
51 513.747 718.299 5 4.52769 -49.1912 -143.761
52 514.166 718.571 5 5.02494 -67.4887 -109.06
53 508.862 715.723 5 1.41421 -41.2495 -84.6995
54 509.281 715.995 5 1.11803 -40.996 4.65233
55 509.7 716.267 5 1 -38.9528 13.8939
56 510.12 716.54 5 1.11803 -39.5984 2.64741
57 510.539 716.812 5 1.41421 -42.3721 -87.1964
58 510.958 717.084 5 1.80278 -48.9391 -179.984
59 511.378 717.357 5 2.23607 -44.9513 54.1492
60 511.797 717.629 5 2.69258 -45.9255 158.085
61 512.216 717.901 5 3.16228 -46.2956 -93.9054
62 512.636 718.174 5 3.64006 -52.5756 -56.5621
63 513.055 718.446 5 4.12311 -49.254 -46.8715
64 513.474 718.718 5 4.60977 -50.1554 -20.7012
65 513.894 718.991 5 5.09902 -47.3644 2.70127
66 508.589 716.142 5 1.80278 -46.7514 -133.719
67 509.009 716.414 5 1.58114 -50.6703 130.544
68 509.428 716.687 5 1.5 -42.6273 14.3954
69 509.847 716.959 5 1.58114 -52.1152 111.409
70 510.267 717.231 5 1.80278 -43.6978 -142.505
71 510.686 717.504 5 2.12132 -43.8945 6.09545
72 511.105 717.776 5 2.5 -55.7941 9.43354
73 511.525 718.048 5 2.91548 -50.2304 -105.953
74 511.944 718.321 5 3.3541 -48.1392 35.9447
75 512.363 718.593 5 3.80789 -55.6989 173.088
76 512.783 718.865 5 4.272 -49.4419 -68.3205
77 513.202 719.138 5 4.74342 -50.6691 -3.56604
78 513.621 719.41 5 5.22015 -50.5352 51.5096
79 510.414 717.923 5 2.5 -45.5505 26.0332
80 510.833 718.195 5 2.82843 -50.231 124.326
81 511.672 718.74 5 3.60555 -48.7791 92.3324
82 512.091 719.012 5 4.03113 -50.7277 -101.932
83 512.51 719.285 5 4.47214 -53.9902 81.7375
84 512.93 719.557 5 4.92443 -54.226 -103.066
85 513.349 719.829 5 5.38516 -67.0013 -35.6756
86 510.141 718.342 5 2.91548 -54.6784 147.108
87 510.561 718.615 5 3.20156 -49.0809 114.173
88 511.399 719.159 5 3.90512 -52.1924 101.201
89 511.819 719.432 5 4.30116 -56.6684 -7.98418
90 512.238 719.704 5 4.71699 -73.0607 87.451
91 512.657 719.976 5 5.14782 -49.547 -127.543
92 513.077 720.249 5 5.59017 -51.8533 118.505
93 509.869 718.762 5 3.3541 -60.5269 148.528
94 510.288 719.034 5 3.60555 -50.0308 128.454
95 511.127 719.579 5 4.24264 -56.081 -154.74
96 511.546 719.851 5 4.60977 -44.6872 135.596
97 511.966 720.123 5 5 -58.1611 73.8602
98 512.385 720.396 5 5.40833 -53.7936 -157.496
99 512.804 720.668 5 5.83095 -65.3028 -29.0453
100 509.597 719.181 5 3.80789 -55.6031 -109.812
101 510.016 719.453 5 4.03113 -49.1091 -145.93
102 509.324 719.6 5 4.272 -59.9144 -78.4538
103 509.744 719.873 5 4.47214 -54.4655 141.858
104 509.052 720.02 5 4.74342 -53.6029 -30.0542
105 509.471 720.292 5 4.92443 -52.5858 -133.702
