1 505.473 717.831 5 6.93251 -79.5947 -150.79
2 505.747 717.412 5 6.72139 -79.1339 111.264
3 506.02 716.994 5 6.54175 -74.7579 -164.036
4 506.294 716.575 5 6.39624 -75.1265 64.6995
5 506.567 716.157 5 6.28723 -68.2722 -22.0148
6 505.891 718.104 5 6.4904 -78.5203 -72.8708
7 506.165 717.686 5 6.2644 -77.4858 103.881
8 506.439 717.267 5 6.07125 -79.1578 -14.5695
9 506.712 716.849 5 5.91418 -75.0531 -159.975
10 506.986 716.43 5 5.79611 -78.6361 -131.713
11 506.31 718.378 5 6.05731 -67.1238 -32.9123
12 506.584 717.96 5 5.8145 -69.9878 95.9948
13 506.857 717.541 5 5.60587 -71.9639 171.381
14 507.131 717.123 5 5.43536 -73.4379 -37.6105
15 507.404 716.704 5 5.30664 -62.7679 -66.794
16 506.728 718.652 5 5.6353 -72.0197 -91.203
17 507.002 718.233 5 5.37345 -75.3389 -60.9178
18 507.276 717.815 5 5.14698 -70.942 -98.8498
19 507.549 717.396 5 4.96072 -67.3519 86.2477
20 507.823 716.978 5 4.81935 -67.1405 -127.685
21 507.147 718.925 5 5.22707 -71.2301 144.354
22 507.421 718.507 5 4.94365 -69.0311 -22.0894
23 507.694 718.088 5 4.69649 -76.5252 68.9747
24 507.968 717.67 5 4.49159 -65.4602 66.1948
25 508.241 717.251 5 4.33495 -78.2723 -75.3546
26 507.565 719.199 5 4.8361 -76.8603 -164.89
27 507.839 718.78 5 4.52827 -68.6031 -49.2503
28 508.113 718.362 5 4.25707 -89.4687 -150.696
29 508.386 717.943 5 4.02989 -73.7972 -14
30 508.66 717.525 5 3.85453 -67.8526 -89.6027
31 507.984 719.472 5 4.46694 -70.2322 -137.573
32 508.258 719.054 5 4.13169 -75.5066 129.763
33 508.531 718.635 5 3.83253 -71.1855 -74.3253
34 508.805 718.217 5 3.5785 -75.4402 -40.9268
35 509.078 717.798 5 3.3798 -76.619 159.502
36 508.402 719.746 5 4.12543 -67.3205 106.907
37 508.676 719.328 5 3.75986 -70.4266 169.65
38 508.95 718.909 5 3.4284 -80.0765 22.6708
39 509.223 718.491 5 3.14186 -99.563 28.6492
40 509.497 718.072 5 2.91353 -74.2634 156.602
