1 509.951 714.045 5 2.91548 -47.4821 -88.2644
2 510.37 714.318 5 2.5 -47.8194 10.8313
3 510.79 714.59 5 2.12132 -43.4279 16.9341
4 511.209 714.862 5 1.80278 -41.2457 -167.57
5 511.628 715.135 5 1.58114 -45.2799 128.952
6 512.048 715.407 5 1.5 -41.717 -0.451362
7 512.467 715.679 5 1.58114 -43.6409 135.928
8 512.886 715.952 5 1.80278 -42.2495 -168.557
9 513.306 716.224 5 2.12132 -43.6344 -21.7438
10 513.725 716.496 5 2.5 -43.292 -4.22355
11 514.144 716.769 5 2.91548 -48.1159 -128.19
12 514.564 717.041 5 3.3541 -51.344 -162.51
13 514.983 717.313 5 3.80789 -54.5995 7.59792
14 509.679 714.465 5 2.69258 -45.6247 137.208
15 510.098 714.737 5 2.23607 -48.8897 78.9858
16 510.517 715.009 5 1.80278 -49.9121 -170.087
17 510.937 715.282 5 1.41421 -41.8156 -113.227
18 511.356 715.554 5 1.11803 -41.7348 -3.81755
19 511.775 715.826 5 1 -39.4358 -12.9839
20 512.195 716.099 5 1.11803 -42.4198 1.14022
21 512.614 716.371 5 1.41421 -40.8668 -114.953
22 513.033 716.643 5 1.80278 -45.164 -173.57
23 513.453 716.916 5 2.23607 -51.0436 62.063
24 513.872 717.188 5 2.69258 -43.8921 170.105
25 514.291 717.46 5 3.16228 -52.1116 -95.9818
26 514.711 717.733 5 3.64006 -53.7033 6.52408
27 509.406 714.884 5 2.54951 -45.5763 -112.982
28 509.826 715.156 5 2.06155 -48.2259 -84.3797
29 510.245 715.429 5 1.58114 -50.1363 135.298
30 510.664 715.701 5 1.11803 -39.56 14.5029
31 511.084 715.973 5 0.707107 -38.7073 113.758
32 511.503 716.246 5 0.5 -33.6137 -0.0139127
33 511.922 716.518 5 0.707107 -37.2758 131.906
34 512.342 716.79 5 1.11803 -39.4353 11.0214
35 512.761 717.063 5 1.58114 -51.2562 137.705
36 513.18 717.335 5 2.06155 -50.3303 -128.71
37 513.6 717.607 5 2.54951 -57.1653 -143.406
38 514.019 717.88 5 3.04138 -51.7963 -109.594
39 514.438 718.152 5 3.53553 -52.6019 -120.055
40 509.134 715.303 5 2.5 -45.9851 -18.3269
41 509.553 715.576 5 2 -44.666 16.1965
42 509.973 715.848 5 1.5 -41.7619 -7.21631
43 510.392 716.12 5 1 -38.1501 -5.53487
44 510.811 716.393 5 0.5 -32.6914 -3.48148
45 511.231 716.665 5 0 -51.7134 6.27181
46 511.65 716.937 5 0.5 -34.2537 -5.94388
47 512.069 717.21 5 1 -37.2253 5.18398
48 512.489 717.482 5 1.5 -41.266 1.365
49 512.908 717.754 5 2 -43.6821 11.3815
50 513.327 718.027 5 2.5 -45.3679 32.8772
51 513.747 718.299 5 3 -47.6433 12.7331
52 514.166 718.571 5 3.5 -45.3739 10.7385
53 508.862 715.723 5 2.54951 -46.8385 -77.1554
54 509.281 715.995 5 2.06155 -41.9163 -161.19
55 509.7 716.267 5 1.58114 -49.5898 44.6423
56 510.12 716.54 5 1.11803 -40.1462 21.7927
57 510.539 716.812 5 0.707107 -38.1837 112.082
58 510.958 717.084 5 0.5 -34.2139 -3.82301
59 511.378 717.357 5 0.707107 -36.5306 124.055
60 511.797 717.629 5 1.11803 -38.856 20.8381
61 512.216 717.901 5 1.58114 -43.4282 96.7151
62 512.636 718.174 5 2.06155 -45.4591 -175.924
63 513.055 718.446 5 2.54951 -57.5014 -76.9795
64 513.474 718.718 5 3.04138 -51.0947 -38.4505
65 513.894 718.991 5 3.53553 -56.5987 -90.9055
66 508.589 716.142 5 2.69258 -45.2198 147.541
67 509.009 716.414 5 2.23607 -46.6257 42.4886
68 509.428 716.687 5 1.80278 -49.9335 114.508
69 509.847 716.959 5 1.41421 -43.4023 -131.879
70 510.267 717.231 5 1.11803 -40.9695 -15.7816
71 510.686 717.504 5 1 -39.3194 -26.8244
72 511.105 717.776 5 1.11803 -42.0467 1.56833
73 511.525 718.048 5 1.41421 -42.5793 -118.122
74 511.944 718.321 5 1.80278 -45.7799 -157.71
75 512.363 718.593 5 2.23607 -46.9778 -1.32165
76 512.783 718.865 5 2.69258 -45.092 139.89
77 513.202 719.138 5 3.16228 -46.4357 -136.213
78 513.621 719.41 5 3.64006 -54.0931 -79.4465
79 510.414 717.923 5 1.5 -43.1606 -7.1084
80 510.833 718.195 5 1.58114 -44.1258 130.569
81 511.672 718.74 5 2.12132 -48.1699 9.57453
82 512.091 719.012 5 2.5 -48.4482 0.931469
83 512.51 719.285 5 2.91548 -44.42 -95.0259
84 512.93 719.557 5 3.3541 -49.8328 52.6997
85 513.349 719.829 5 3.80789 -54.881 102.111
86 510.141 718.342 5 2 -44.5207 -2.8301
87 510.561 718.615 5 2.06155 -44.6115 175.25
88 511.399 719.159 5 2.5 -52.4807 -110.573
89 511.819 719.432 5 2.82843 -43.4378 148.641
90 512.238 719.704 5 3.20156 -48.8531 124.849
91 512.657 719.976 5 3.60555 -47.854 71.5281
92 513.077 720.249 5 4.03113 -43.4913 -99.0467
93 509.869 718.762 5 2.5 -57.3526 42.8984
94 510.288 719.034 5 2.54951 -47.2815 -124.528
95 511.127 719.579 5 2.91548 -58.5471 49.1144
96 511.546 719.851 5 3.20156 -51.6597 5.35826
97 511.966 720.123 5 3.53553 -53.8235 55.3068
98 512.385 720.396 5 3.90513 -46.1138 -98.9074
99 512.804 720.668 5 4.30116 -59.7133 -123.213
100 509.597 719.181 5 3 -58.3138 100.71
101 510.016 719.453 5 3.04138 -49.1728 -157.64
102 509.324 719.6 5 3.5 -46.5865 15.2884
103 509.744 719.873 5 3.53553 -42.1301 -142.093
104 509.052 720.02 5 4 -50.1941 53.4767
105 509.471 720.292 5 4.03113 -44.0312 -103.153
