1 514.644 719.84 5 3.31508 -60.7124 109.691
2 514.371 720.259 5 3.16813 -58.6222 164.079
3 514.097 720.678 5 3.09585 -53.9401 -41.9905
4 513.824 721.096 5 3.10347 -68.4321 135.113
5 513.551 721.515 5 3.19042 -61.6982 -16.8773
6 513.278 721.934 5 3.35053 -85.2414 103.788
7 513.004 722.353 5 3.57398 -79.4097 -111.877
8 512.731 722.771 5 3.84975 -70.5782 -14.9514
9 512.458 723.19 5 4.16747 -81.6393 168.058
10 512.185 723.609 5 4.51831 -83.5141 37.8755
11 515.063 720.113 5 3.78536 -49.4034 77.5815
12 514.789 720.532 5 3.65735 -53.6593 134.47
13 514.516 720.951 5 3.59492 -51.4614 18.8614
14 514.243 721.37 5 3.60149 -80.4692 122.299
15 513.97 721.788 5 3.67668 -75.1429 96.8273
16 513.696 722.207 5 3.81645 -63.5773 173.145
17 513.423 722.626 5 4.01404 -77.2002 154.935
18 513.15 723.045 5 4.26143 -69.2741 -57.4371
19 512.877 723.463 5 4.5505 -81.9053 -143.054
20 512.603 723.882 5 4.87384 -91.382 -43.9189
21 515.481 720.387 5 4.26241 -57.8015 113.127
22 515.208 720.805 5 4.14915 -47.7002 -166.848
23 514.935 721.224 5 4.09423 -55.1945 0.593816
24 514.662 721.643 5 4.09999 -68.9749 -24.9303
25 514.388 722.062 5 4.1662 -73.8555 -160.662
26 514.115 722.48 5 4.29004 -75.1794 -54.6183
27 513.842 722.899 5 4.46674 -67.2054 51.5384
28 513.568 723.318 5 4.69031 -85.7587 174.728
29 513.295 723.737 5 4.95442 -73.2089 87.6015
30 513.022 724.155 5 5.25295 -86.2906 55.7768
31 515.9 720.66 5 4.74419 -61.7679 -107.48
32 515.627 721.079 5 4.6427 -52.2222 -123.295
33 515.353 721.497 5 4.59368 -52.4589 -1.8378
34 515.08 721.916 5 4.59882 -69.0697 72.0075
35 514.807 722.335 5 4.65794 -74.887 8.71389
36 514.534 722.754 5 4.76903 -66.9386 4.21598
37 514.26 723.172 5 4.92858 -69.1653 161.534
38 513.987 723.591 5 5.13207 -80.4672 170.427
39 516.319 720.933 5 5.2294 -54.2719 -60.8528
40 516.045 721.352 5 5.13749 -53.3967 -134.817
41 515.772 721.771 5 5.09324 -51.6523 -15.5298
42 515.499 722.189 5 5.09788 -64.3166 12.627
43 515.226 722.608 5 5.15127 -67.6441 -73.6015
44 514.952 723.027 5 5.25194 -72.1559 -178.687
45 514.679 723.446 5 5.39723 -76.7117 12.3516
46 514.406 723.864 5 5.58367 -104.976 95.812
47 516.737 721.206 5 5.71715 -54.8631 -27.1756
48 516.464 721.625 5 5.63321 -55.8307 -101.022
49 516.191 722.044 5 5.59288 -59.5974 65.9728
50 515.918 722.463 5 5.5971 -56.6378 100.664
51 515.644 722.881 5 5.64578 -68.3874 162.126
52 515.371 723.3 5 5.73778 -80.5867 158.035
53 515.098 723.719 5 5.87106 -67.2951 42.7313
54 514.825 724.138 5 6.0429 -124.823 57.717
55 517.156 721.48 5 6.20685 -56.3423 -9.37541
56 516.883 721.898 5 6.12962 -58.0088 -101.801
57 516.61 722.317 5 6.09258 -55.3402 9.15076
58 516.336 722.736 5 6.09645 -55.8716 -162.413
59 516.063 723.155 5 6.14117 -65.5382 -133.39
60 515.79 723.573 5 6.22586 -69.2081 -44.5272
61 515.517 723.992 5 6.3489 -75.9684 -168.933
62 515.243 724.411 5 6.50813 -120.526 47.1802
63 517.575 721.753 5 6.69807 -59.2426 16.7863
64 517.302 722.172 5 6.62657 -63.4763 -73.6479
65 517.028 722.59 5 6.59232 -61.7164 10.7794
66 516.755 723.009 5 6.59591 -56.0448 74.6551
67 516.482 723.428 5 6.63726 -59.6086 -3.23592
68 516.209 723.847 5 6.71569 -63.6673 -29.696
69 515.935 724.265 5 6.82992 -71.5827 119.536
70 515.662 724.684 5 6.97818 -86.1158 -83.421
71 517.994 722.026 5 7.19051 -66.4815 -72.7758
72 517.72 722.445 5 7.12395 -61.1173 -12.9654
73 517.447 722.864 5 7.0921 -59.9171 25.5475
74 517.174 723.282 5 7.09543 -69.602 55.7806
75 516.901 723.701 5 7.13389 -66.7705 -176.878
76 516.627 724.12 5 7.20692 -57.3638 -87.9822
77 516.354 724.539 5 7.31348 -63.5656 50.4162
78 516.081 724.957 5 7.45213 -60.3288 -168.564
