1 514.644 719.84 5 7.45672 -68.9769 -126.423
2 514.371 720.259 5 7.62504 -79.0927 121.202
3 514.097 720.678 5 7.82174 -66.658 -175.066
4 513.824 721.096 5 8.04476 -52.8635 72.3549
5 513.551 721.515 5 8.29196 -69.3966 50.7516
6 513.278 721.934 5 8.56126 -76.1154 -139.111
7 513.004 722.353 5 8.85063 -77.2739 -40.733
8 512.731 722.771 5 9.15817 -62.3134 -66.48
9 512.458 723.19 5 9.48212 -81.2505 7.61822
10 512.185 723.609 5 9.82085 -87.2173 78.0188
11 515.063 720.113 5 7.93408 -58.1897 -135.484
12 514.789 720.532 5 8.09247 -86.1446 -106.201
13 514.516 720.951 5 8.27808 -54.9798 96.0656
14 514.243 721.37 5 8.48911 -56.7713 -81.3032
15 513.97 721.788 5 8.72373 -75.0168 -149.864
16 513.696 722.207 5 8.98009 -90.4233 -89.6873
17 513.423 722.626 5 9.25637 -82.3302 83.1468
18 513.15 723.045 5 9.55086 -67.1838 74.4889
19 512.877 723.463 5 9.86192 -84.0177 48.6835
20 512.603 723.882 5 10.188 -78.7372 151.178
21 515.481 720.387 5 8.41406 -56.6672 36.8181
22 515.208 720.805 5 8.56358 -75.0452 73.0141
23 514.935 721.224 5 8.73919 -63.0053 -133.746
24 514.662 721.643 5 8.93935 -58.8872 -49.4451
25 514.388 722.062 5 9.16244 -53.1288 126.019
26 514.115 722.48 5 9.40685 -75.0888 96.7466
27 513.842 722.899 5 9.67095 -69.1164 55.2339
28 513.568 723.318 5 9.95318 -79.7673 87.0862
29 513.295 723.737 5 10.252 -62.1206 98.7732
30 513.022 724.155 5 10.5661 -76.5257 64.9589
31 515.9 720.66 5 8.89625 -70.7147 -6.02734
32 515.627 721.079 5 9.0378 -65.399 -64.7936
33 515.353 721.497 5 9.20436 -69.5174 163.283
34 515.08 721.916 5 9.39461 -54.9204 124.351
35 514.807 722.335 5 9.60715 -66.8057 -3.20466
36 514.534 722.754 5 9.84051 -67.2973 -104.541
37 514.26 723.172 5 10.0933 -71.9485 -176.212
38 513.987 723.591 5 10.364 -91.7805 146.709
39 516.319 720.933 5 9.38031 -76.8855 -179.508
40 516.045 721.352 5 9.51466 -60.8288 14.5728
41 515.772 721.771 5 9.67301 -68.9865 -21.7704
42 515.499 722.189 5 9.85422 -59.5789 -32.126
43 515.226 722.608 5 10.057 -54.9806 -12.5746
44 514.952 723.027 5 10.2802 -55.3234 178.409
45 514.679 723.446 5 10.5224 -94.6554 -2.61014
46 514.406 723.864 5 10.7824 -109.287 92.9607
47 516.737 721.206 5 9.86596 -74.0073 -69.8891
48 516.464 721.625 5 9.99378 -62.4654 1.80034
49 516.191 722.044 5 10.1447 -71.6885 4.57577
50 515.918 722.463 5 10.3176 -65.3624 -14.8064
51 515.644 722.881 5 10.5115 -60.8593 163.675
52 515.371 723.3 5 10.7252 -72.2189 -89.1655
53 515.098 723.719 5 10.9576 -60.8223 9.72301
54 514.825 724.138 5 11.2074 -111.03 -124.841
55 517.156 721.48 5 10.353 -66.7182 -147.7
56 516.883 721.898 5 10.4748 -70.3333 -65.2218
57 516.61 722.317 5 10.6189 -81.165 112.895
58 516.336 722.736 5 10.7842 -76.6181 8.09482
59 516.063 723.155 5 10.9699 -63.8497 -33.0631
60 515.79 723.573 5 11.1748 -61.7954 56.9838
61 515.517 723.992 5 11.398 -58.8802 -158.676
62 515.243 724.411 5 11.6384 -116.64 -72.4306
63 517.575 721.753 5 10.8412 -63.7161 -72.8254
64 517.302 722.172 5 10.9576 -71.4857 -169.769
65 517.028 722.59 5 11.0954 -69.2075 92.9181
66 516.755 723.009 5 11.2537 -65.6315 1.52352
67 516.482 723.428 5 11.4317 -68.1465 100.224
68 516.209 723.847 5 11.6286 -59.4846 -153.967
69 515.935 724.265 5 11.8432 -62.9662 -113.29
70 515.662 724.684 5 12.0748 -75.2834 -152.768
71 517.994 722.026 5 11.3304 -84.0675 -178.329
72 517.72 722.445 5 11.4419 -61.3139 62.1243
73 517.447 722.864 5 11.5739 -70.7398 123.953
74 517.174 723.282 5 11.7257 -65.6869 106.384
75 516.901 723.701 5 11.8967 -59.8974 116.741
76 516.627 724.12 5 12.0859 -62.6663 -23.9316
77 516.354 724.539 5 12.2926 -60.6047 52.9041
78 516.081 724.957 5 12.5159 -83.7373 93.0271
