1 505.473 717.831 5 3.99118 -59.7522 -122.956
2 505.747 717.412 5 3.54407 -68.2425 -75.8098
3 506.02 716.994 5 3.11311 -75.8459 -92.1332
4 506.294 716.575 5 2.70599 -73.9795 -18.2751
5 506.567 716.157 5 2.33524 -68.3216 66.2172
6 505.891 718.104 5 3.80744 -56.1867 165.53
7 506.165 717.686 5 3.3358 -63.703 53.3694
8 506.439 717.267 5 2.87377 -62.7236 -106.342
9 506.712 716.849 5 2.42683 -65.6137 10.8818
10 506.986 716.43 5 2.00511 -63.7903 40.2466
11 506.31 718.378 5 3.6829 -55.3651 -168.358
12 506.584 717.96 5 3.19292 -59.9239 -172.752
13 506.857 717.541 5 2.7066 -70.3758 136.823
14 507.131 717.123 5 2.22635 -55.7941 -54.1278
15 507.404 716.704 5 1.75716 -50.7471 -121.866
16 506.728 718.652 5 3.62365 -47.8858 -23.0677
17 507.002 718.233 5 3.12439 -47.7103 -20.0814
18 507.276 717.815 5 2.62541 -45.723 -26.202
19 507.549 717.396 5 2.12691 -46.1527 -29.5397
20 507.823 716.978 5 1.62933 -44.8427 -36.155
21 507.147 718.925 5 3.6329 -47.4838 -51.7663
22 507.421 718.507 5 3.13512 -47.4909 -47.3377
23 507.694 718.088 5 2.63817 -46.2287 -53.9902
24 507.968 717.67 5 2.14264 -51.3808 -73.3304
25 508.241 717.251 5 1.6498 -48.6116 -96.8894
26 507.565 719.199 5 3.71014 -73.5456 109.115
27 507.839 718.78 5 3.2243 -64.5234 172.423
28 508.113 718.362 5 2.74355 -51.5978 -114.154
29 508.386 717.943 5 2.27113 -48.6947 -141.079
30 508.66 717.525 5 1.81355 -59.6145 127.649
31 507.984 719.472 5 3.85127 -62.4298 -25.5146
32 508.258 719.054 5 3.38574 -63.4597 -63.9346
33 508.531 718.635 5 2.93158 -57.7424 48.916
34 508.805 718.217 5 2.49502 -55.8487 -130.794
35 509.078 717.798 5 2.08713 -50.8503 -67.358
36 508.402 719.746 5 4.04961 -58.668 100.506
37 508.676 719.328 5 3.60976 -61.4588 140.912
38 508.95 718.909 5 3.18768 -73.5822 173.023
39 509.223 718.491 5 2.79146 -72.4379 107.662
40 509.497 718.072 5 2.43377 -84.0343 98.3348
