1 505.473 717.831 5 6.72015 -63.8236 -65.9257
2 505.747 717.412 5 6.30756 -63.6563 14.5763
3 506.02 716.994 5 5.90849 -66.6691 29.7247
4 506.294 716.575 5 5.52587 -66.4699 67.7443
5 506.567 716.157 5 5.16335 -72.5314 158.595
6 505.891 718.104 5 6.46016 -63.4939 -79.2308
7 506.165 717.686 5 6.0298 -62.2898 141.048
8 506.439 717.267 5 5.61101 -61.5245 -145.18
9 506.712 716.849 5 5.20657 -58.4415 -74.0895
10 506.986 716.43 5 4.8201 -77.8719 -16.8602
11 506.31 718.378 5 6.22951 -69.1834 -112.281
12 506.584 717.96 5 5.78202 -59.3022 143.095
13 506.857 717.541 5 5.34384 -57.6942 -45.8754
14 507.131 717.123 5 4.91748 -59.8119 68.3348
15 507.404 716.704 5 4.50627 -59.9195 143.911
16 506.728 718.652 5 6.03158 -62.4827 168.767
17 507.002 718.233 5 5.5682 -65.249 66.1673
18 507.276 717.815 5 5.11173 -58.8726 -124.813
19 507.549 717.396 5 4.6642 -58.705 116.218
20 507.823 716.978 5 4.22844 -54.6097 -82.0179
21 507.147 718.925 5 5.86968 -66.9249 100.739
22 507.421 718.507 5 5.39241 -62.2666 139.802
23 507.694 718.088 5 4.91965 -67.3932 -173.179
24 507.968 717.67 5 4.45286 -58.3664 -42.7042
25 508.241 717.251 5 3.9941 -54.8319 -109.231
26 507.565 719.199 5 5.74685 -59.0852 6.03967
27 507.839 718.78 5 5.25844 -59.1899 -40.3304
28 508.113 718.362 5 4.77244 -58.8143 -119.068
29 508.386 717.943 5 4.28965 -66.3826 -110.84
30 508.66 717.525 5 3.8113 -60.4688 -177.16
31 507.984 719.472 5 5.66564 -63.089 100.775
32 508.258 719.054 5 5.16957 -64.0833 36.895
33 508.531 718.635 5 4.67433 -64.9741 -173.836
34 508.805 718.217 5 4.18022 -61.6801 -151.679
35 509.078 717.798 5 3.68771 -53.0648 156.219
36 508.402 719.746 5 5.62785 -63.2586 -33.3468
37 508.676 719.328 5 5.12812 -61.9038 -74.6277
38 508.95 718.909 5 4.62845 -64.6379 28.0663
39 509.223 718.491 5 4.12885 -68.1785 -153.348
40 509.497 718.072 5 3.62938 -73.8573 89.5545
