1 509.951 714.045 5 0.5 -32.218 5.88269
2 510.37 714.318 5 0.707107 -34.258 123.113
3 510.79 714.59 5 1.11803 -42.8539 -5.67068
4 511.209 714.862 5 1.58114 -47.7595 96.9554
5 511.628 715.135 5 2.06155 -44.2785 110.498
6 512.048 715.407 5 2.54951 -50.0166 -116.618
7 512.467 715.679 5 3.04138 -58.7923 -143.611
8 512.886 715.952 5 3.53553 -48.9549 -34.8164
9 513.306 716.224 5 4.03113 -48.3324 -41.834
10 513.725 716.496 5 4.52769 -48.2394 -109.534
11 514.144 716.769 5 5.02494 -44.2728 -110.533
12 514.564 717.041 5 5.52268 -47.864 104.211
13 514.983 717.313 5 6.0208 -47.8965 147.156
14 509.679 714.465 5 0 -42.6325 -35.4688
15 510.098 714.737 5 0.5 -35.1048 -3.53421
16 510.517 715.009 5 1 -42.6012 13.5764
17 510.937 715.282 5 1.5 -50.1965 -8.57153
18 511.356 715.554 5 2 -49.2151 22.2243
19 511.775 715.826 5 2.5 -57.8736 151.585
20 512.195 716.099 5 3 -48.0683 88.2564
21 512.614 716.371 5 3.5 -47.0135 11.3166
22 513.033 716.643 5 4 -47.4932 -2.28793
23 513.453 716.916 5 4.5 -47.3656 -27.1274
24 513.872 717.188 5 5 -47.4653 40.0456
25 514.291 717.46 5 5.5 -62.566 -20.3494
26 514.711 717.733 5 6 -49.8481 -64.7998
27 509.406 714.884 5 0.5 -32.0385 6.6026
28 509.826 715.156 5 0.707107 -36.9237 129.472
29 510.245 715.429 5 1.11803 -46.9424 18.9923
30 510.664 715.701 5 1.58114 -48.0014 103.338
31 511.084 715.973 5 2.06155 -46.1337 -156.021
32 511.503 716.246 5 2.54951 -45.4561 -122.414
33 511.922 716.518 5 3.04138 -44.0412 -118.925
34 512.342 716.79 5 3.53553 -46.4503 -116.057
35 512.761 717.063 5 4.03113 -57.1687 -132.104
36 513.18 717.335 5 4.52769 -54.5151 -66.8522
37 513.6 717.607 5 5.02494 -48.3595 -144.936
38 514.019 717.88 5 5.52268 -52.0784 -62.2413
39 514.438 718.152 5 6.0208 -73.5215 121.598
40 509.134 715.303 5 1 -36.8332 4.1946
41 509.553 715.576 5 1.11803 -40.0216 -14.053
42 509.973 715.848 5 1.41421 -40.4728 -97.1139
43 510.392 716.12 5 1.80278 -49.7641 -154.949
44 510.811 716.393 5 2.23607 -47.042 66.5922
45 511.231 716.665 5 2.69258 -47.3854 149.424
46 511.65 716.937 5 3.16228 -48.1425 -53.7402
47 512.069 717.21 5 3.64005 -49.7322 0.327782
48 512.489 717.482 5 4.12311 -45.2967 4.11149
49 512.908 717.754 5 4.60977 -46.6852 -0.815248
50 513.327 718.027 5 5.09902 -59.0975 115.325
51 513.747 718.299 5 5.59017 -56.9921 14.3257
52 514.166 718.571 5 6.08276 -53.5164 169.043
53 508.862 715.723 5 1.5 -42.2079 12.5905
54 509.281 715.995 5 1.58114 -44.5739 80.1892
55 509.7 716.267 5 1.80278 -49.7978 -152.872
56 510.12 716.54 5 2.12132 -48.7507 -33.4452
57 510.539 716.812 5 2.5 -43.6461 -4.47153
58 510.958 717.084 5 2.91548 -51.3657 -73.2971
59 511.378 717.357 5 3.3541 -45.8329 40.6599
60 511.797 717.629 5 3.80789 -49.3078 158.146
61 512.216 717.901 5 4.272 -58.3193 -134.556
62 512.636 718.174 5 4.74342 -52.3362 86.3878
63 513.055 718.446 5 5.22015 -47.1701 103.645
64 513.474 718.718 5 5.70088 -50.9662 62.8604
65 513.894 718.991 5 6.18466 -54.0394 -140.858
66 508.589 716.142 5 2 -45.4804 35.1343
67 509.009 716.414 5 2.06155 -48.5042 -162.41
68 509.428 716.687 5 2.23607 -42.4265 0.0942284
69 509.847 716.959 5 2.5 -44.7785 32.321
70 510.267 717.231 5 2.82843 -41.6646 120.038
71 510.686 717.504 5 3.20156 -53.4133 -157.556
72 511.105 717.776 5 3.60555 -50.5348 48.8793
73 511.525 718.048 5 4.03113 -52.4342 -108.754
74 511.944 718.321 5 4.47214 -57.4392 104.688
75 512.363 718.593 5 4.92443 -49.012 -147.306
76 512.783 718.865 5 5.38516 -47.1754 -51.8693
77 513.202 719.138 5 5.85235 -52.7978 16.4034
78 513.621 719.41 5 6.32456 -50.903 130.186
79 510.414 717.923 5 3.53553 -45.4296 -65.8724
80 510.833 718.195 5 3.90512 -53.4394 -84.1537
81 511.672 718.74 5 4.71699 -54.9007 129.067
82 512.091 719.012 5 5.14782 -56.5326 -102.936
83 512.51 719.285 5 5.59017 -49.0579 71.0755
84 512.93 719.557 5 6.04152 -68.6615 97.4224
85 513.349 719.829 5 6.5 -55.0564 -19.9024
86 510.141 718.342 5 3.90512 -62.2403 34.135
87 510.561 718.615 5 4.24264 -69.1358 126.499
88 511.399 719.159 5 5 -56.3703 -171.955
89 511.819 719.432 5 5.40833 -59.2344 -41.4835
90 512.238 719.704 5 5.83095 -56.9374 74.9499
91 512.657 719.976 5 6.26498 -50.802 -129.04
92 513.077 720.249 5 6.7082 -52.094 103.086
93 509.869 718.762 5 4.30116 -60.3965 40.3601
94 510.288 719.034 5 4.60977 -58.0678 6.06805
95 511.127 719.579 5 5.31507 -58.9262 49.4576
96 511.546 719.851 5 5.70088 -51.3002 173.64
97 511.966 720.123 5 6.10328 -62.8196 -140.504
98 512.385 720.396 5 6.5192 -59.0528 -170.628
99 512.804 720.668 5 6.94622 -53.1881 81.5821
100 509.597 719.181 5 4.71699 -76.185 88.3319
101 510.016 719.453 5 5 -57.4852 20.1281
102 509.324 719.6 5 5.14782 -56.3192 171.552
103 509.744 719.873 5 5.40833 -57.0079 -178.86
104 509.052 720.02 5 5.59017 -66.0615 -10.1144
105 509.471 720.292 5 5.83095 -57.5499 -22.13
