1 514.644 719.84 5 6.83424 -63.7234 26.4988
2 514.371 720.259 5 6.98186 -62.5636 -119.023
3 514.097 720.678 5 7.16142 -55.1995 143.764
4 513.824 721.096 5 7.37059 -62.4859 152.415
5 513.551 721.515 5 7.60691 -70.2393 -35.9733
6 513.278 721.934 5 7.86796 -69.845 126.083
7 513.004 722.353 5 8.15134 -79.5539 5.57984
8 512.731 722.771 5 8.45481 -66.5151 -175.12
9 512.458 723.19 5 8.7763 -79.1306 -82.8855
10 512.185 723.609 5 9.11389 -85.2618 -171.267
11 515.063 720.113 5 7.31797 -67.1773 141.978
12 514.789 720.532 5 7.45602 -63.4231 -86.3307
13 514.516 720.951 5 7.62442 -57.5874 -139.482
14 514.243 721.37 5 7.82121 -52.22 -3.00502
15 513.97 721.788 5 8.04431 -73.5793 115.769
16 513.696 722.207 5 8.29159 -66.1913 24.3991
17 513.423 722.626 5 8.56096 -81.3158 -52.2712
18 513.15 723.045 5 8.8504 -64.0977 -75.1622
19 512.877 723.463 5 9.15801 -77.2859 -154.581
20 512.603 723.882 5 9.48202 -89.8253 -121.81
21 515.481 720.387 5 7.80374 -73.6631 -142.852
22 515.208 720.805 5 7.93335 -75.6648 -94.3673
23 514.935 721.224 5 8.09182 -61.7216 -35.657
24 514.662 721.643 5 8.27751 -56.1134 163.941
25 514.388 722.062 5 8.48862 -56.3906 140.953
26 514.115 722.48 5 8.72332 -79.1775 59.5434
27 513.842 722.899 5 8.97975 -67.0082 -136.996
28 513.568 723.318 5 9.2561 -74.6579 -83.1185
29 513.295 723.737 5 9.55065 -67.2756 -56.9001
30 513.022 724.155 5 9.86177 -82.6596 -140.807
31 515.9 720.66 5 8.29121 -61.9047 87.5301
32 515.627 721.079 5 8.41331 -55.6644 128.585
33 515.353 721.497 5 8.5629 -71.4848 44.432
34 515.08 721.916 5 8.73859 -56.4291 -80.0396
35 514.807 722.335 5 8.93882 -53.5931 42.7178
36 514.534 722.754 5 9.16199 -59.2845 -62.8691
37 514.26 723.172 5 9.40647 -71.9756 -53.4946
38 513.987 723.591 5 9.67064 -81.6827 56.5854
39 516.319 720.933 5 8.78009 -67.0336 88.3803
40 516.045 721.352 5 8.89548 -68.1356 -115.65
41 515.772 721.771 5 9.0371 -64.578 73.6737
42 515.499 722.189 5 9.20373 -62.5794 16.9061
43 515.226 722.608 5 9.39405 -57.2608 166.794
44 514.952 723.027 5 9.60666 -58.227 -137.202
45 514.679 723.446 5 9.84009 -58.2603 65.2505
46 514.406 723.864 5 10.0929 -127.668 68.1775
47 516.737 721.206 5 9.27015 -55.8418 -78.4052
48 516.464 721.625 5 9.37952 -57.5379 -86.4769
49 516.191 722.044 5 9.51393 -58.6529 151.307
50 515.918 722.463 5 9.67236 -63.1696 108.808
51 515.644 722.881 5 9.85363 -56.3537 -42.0441
52 515.371 723.3 5 10.0565 -57.7151 57.4513
53 515.098 723.719 5 10.2797 -58.7432 41.3742
54 514.825 724.138 5 10.522 -211.934 111.924
55 517.156 721.48 5 9.76122 -74.4758 -92.3456
56 516.883 721.898 5 9.86514 -74.9955 123.019
57 516.61 722.317 5 9.99303 -63.4786 -33.0942
58 516.336 722.736 5 10.144 -59.1178 146.808
59 516.063 723.155 5 10.317 -58.0335 47.4594
60 515.79 723.573 5 10.5109 -59.1063 -162.431
61 515.517 723.992 5 10.7247 -64.914 -73.432
62 515.243 724.411 5 10.9571 -128.83 -3.20041
63 517.575 721.753 5 10.2532 -71.74 125.102
64 517.302 722.172 5 10.3521 -52.8309 -83.4369
65 517.028 722.59 5 10.4741 -64.6632 -52.3646
66 516.755 723.009 5 10.6182 -58.1346 -170.533
67 516.482 723.428 5 10.7836 -63.919 151.378
68 516.209 723.847 5 10.9693 -55.5962 -8.43123
69 515.935 724.265 5 11.1743 -59.1224 68.0488
70 515.662 724.684 5 11.3976 -65.8628 -11.6577
71 517.994 722.026 5 10.7458 -63.7431 121.808
72 517.72 722.445 5 10.8403 -55.0778 -70.7195
73 517.447 722.864 5 10.9568 -62.4307 -155.572
74 517.174 723.282 5 11.0947 -66.0052 130.883
75 516.901 723.701 5 11.2531 -63.6345 -11.3064
76 516.627 724.12 5 11.4311 -57.5265 108.551
77 516.354 724.539 5 11.628 -58.1452 -140.402
78 516.081 724.957 5 11.8427 -71.3741 -92.5101
