1 505.473 717.831 5 8.05054 -77.8145 145.402
2 505.747 717.412 5 7.83745 -68.745 -135.168
3 506.02 716.994 5 7.65114 -71.0065 -114.119
4 506.294 716.575 5 7.49362 -68.1756 158.152
5 506.567 716.157 5 7.36673 -63.847 100.115
6 505.891 718.104 5 7.60779 -72.6152 65.3425
7 506.165 717.686 5 7.38192 -80.6341 68.7273
8 506.439 717.267 5 7.18381 -72.6937 66.8441
9 506.712 716.849 5 7.0158 -72.47 40.9149
10 506.986 716.43 5 6.8801 -65.8248 74.2312
11 506.31 718.378 5 7.17256 -78.9108 92.3844
12 506.584 717.96 5 6.93252 -77.6732 -109.456
13 506.857 717.541 5 6.72118 -84.264 18.526
14 507.131 717.123 5 6.5413 -66.031 -44.1832
15 507.404 716.704 5 6.39554 -66.7057 75.8392
16 506.728 718.652 5 6.74631 -77.989 53.0317
17 507.002 718.233 5 6.49054 -71.1919 -59.8298
18 507.276 717.815 5 6.2643 -70.7555 -177.172
19 507.549 717.396 5 6.07089 -64.6521 -22.6764
20 507.823 716.978 5 5.91355 -69.9037 -41.9361
21 507.147 718.925 5 6.33086 -79.9127 99.8474
22 507.421 718.507 5 6.05757 -74.5634 40.8537
23 507.694 718.088 5 5.81451 -65.189 -159.561
24 507.968 717.67 5 5.60561 -69.4711 -162.514
25 508.241 717.251 5 5.43482 -66.5963 -68.5424
26 507.565 719.199 5 5.92849 -71.3632 -42.3541
27 507.839 718.78 5 5.63572 -62.6497 87.5164
28 508.113 718.362 5 5.37361 -72.0558 130.118
29 508.386 717.943 5 5.14685 -73.5015 112.262
30 508.66 717.525 5 4.96028 -76.9908 62.4296
31 507.984 719.472 5 5.54203 -60.8046 -14.6851
32 508.258 719.054 5 5.22767 -70.616 -1.95354
33 508.531 718.635 5 4.94397 -86.7376 -24.2624
34 508.805 718.217 5 4.69651 -75.5223 128.354
35 509.078 717.798 5 4.49128 -89.2274 -161.528
36 508.402 719.746 5 5.17506 -61.9286 -133.996
37 508.676 719.328 5 4.83691 -74.2372 113.728
38 508.95 718.909 5 4.5288 -76.215 -60.6989
39 509.223 718.491 5 4.25727 -70.2776 -90.4049
40 509.497 718.072 5 4.02973 -78.3196 -173.445
