1 505.473 717.831 5 7.97892 -78.4066 -172.673
2 505.747 717.412 5 7.85978 -91.6417 -125.856
3 506.02 716.994 5 7.77103 -76.6909 -123.156
4 506.294 716.575 5 7.71374 -86.128 134.629
5 506.567 716.157 5 7.6886 -74.5777 71.689
6 505.891 718.104 5 7.49839 -78.7402 116.915
7 506.165 717.686 5 7.37148 -76.4626 49.9931
8 506.439 717.267 5 7.27678 -76.0023 81.1601
9 506.712 716.849 5 7.21556 -81.8903 -54.7842
10 506.986 716.43 5 7.18869 -83.3459 -168.679
11 506.31 718.378 5 7.02057 -74.4171 -84.1505
12 506.584 717.96 5 6.88486 -85.1514 -21.749
13 506.857 717.541 5 6.78337 -77.5939 -127.907
14 507.131 717.123 5 6.71766 -77.7317 26.1491
15 507.404 716.704 5 6.68878 -80.2343 -132.327
16 506.728 718.652 5 6.54607 -76.5931 -38.0841
17 507.002 718.233 5 6.40031 -75.3082 61.6195
18 507.276 717.815 5 6.29101 -74.8975 -171.179
19 507.549 717.396 5 6.2201 -83.6922 136.422
20 507.823 716.978 5 6.1889 -81.2334 -118.909
21 507.147 718.925 5 6.07567 -88.5884 9.72271
22 507.421 718.507 5 5.91832 -77.3033 114.894
23 507.694 718.088 5 5.79995 -69.9227 -62.7827
24 507.968 717.67 5 5.72296 -80.6237 15.409
25 508.241 717.251 5 5.68903 -77.4777 -24.4767
26 507.565 719.199 5 5.61038 -83.2876 60.243
27 507.839 718.78 5 5.43959 -78.1008 6.73608
28 508.113 718.362 5 5.31056 -83.0683 -57.1778
29 508.386 717.943 5 5.22636 -91.5321 -129.062
30 508.66 717.525 5 5.18919 -65.6578 -81.8969
31 507.984 719.472 5 5.1516 -74.547 34.8427
32 508.258 719.054 5 4.96506 -77.6604 -86.567
33 508.531 718.635 5 4.82334 -76.8023 146.594
34 508.805 718.217 5 4.73048 -83.2948 -103.339
35 509.078 717.798 5 4.68938 -73.615 -99.7305
36 508.402 719.746 5 4.70123 -84.2189 147.551
37 508.676 719.328 5 4.49605 -76.0401 -81.9674
38 508.95 718.909 5 4.33904 -79.7904 38.2088
39 509.223 718.491 5 4.23558 -72.7622 47.4141
40 509.497 718.072 5 4.18962 -77.7303 141.177
