1 509.951 714.045 5 0 -36.3211 17.2802
2 510.37 714.318 5 0.5 -32.0827 12.3848
3 510.79 714.59 5 1 -39.9434 -39.8653
4 511.209 714.862 5 1.5 -35.7118 -44.2576
5 511.628 715.135 5 2 -44.0172 5.79381
6 512.048 715.407 5 2.5 -40.2933 -27.7287
7 512.467 715.679 5 3 -43.5259 -6.6741
8 512.886 715.952 5 3.5 -51.0603 -7.38092
9 513.306 716.224 5 4 -48.0507 -31.8739
10 513.725 716.496 5 4.5 -48.8901 -50.413
11 514.144 716.769 5 5 -50.9352 -76.8826
12 514.564 717.041 5 5.5 -56.1324 93.0026
13 514.983 717.313 5 6 -47.6152 138.191
14 509.679 714.465 5 0.5 -32.5952 6.66733
15 510.098 714.737 5 0.707107 -33.4519 120.366
16 510.517 715.009 5 1.11803 -42.0443 9.10087
17 510.937 715.282 5 1.58114 -44.8368 112.02
18 511.356 715.554 5 2.06155 -45.4656 125.504
19 511.775 715.826 5 2.54951 -59.3027 -79.947
20 512.195 716.099 5 3.04138 -52.2848 148.373
21 512.614 716.371 5 3.53553 -49.4984 -58.8994
22 513.033 716.643 5 4.03113 -61.3212 -49.86
23 513.453 716.916 5 4.52769 -51.6852 -109.222
24 513.872 717.188 5 5.02494 -48.7497 -105.189
25 514.291 717.46 5 5.52268 -48.2298 -71.7883
26 514.711 717.733 5 6.0208 -48.0096 -61.9923
27 509.406 714.884 5 1 -36.2122 -9.09729
28 509.826 715.156 5 1.11803 -40.2519 16.8922
29 510.245 715.429 5 1.41421 -43.4994 -113.983
30 510.664 715.701 5 1.80278 -43.5021 -156.912
31 511.084 715.973 5 2.23607 -42.537 44.1146
32 511.503 716.246 5 2.69258 -41.2732 154.591
33 511.922 716.518 5 3.16228 -49.4083 -144.165
34 512.342 716.79 5 3.64005 -46.0798 -6.95092
35 512.761 717.063 5 4.12311 -55.379 48.4541
36 513.18 717.335 5 4.60977 -46.2134 -7.27841
37 513.6 717.607 5 5.09902 -45.8637 50.966
38 514.019 717.88 5 5.59017 -55.5809 76.2407
39 514.438 718.152 5 6.08276 -58.0786 153.665
40 509.134 715.303 5 1.5 -38.7737 0.418303
41 509.553 715.576 5 1.58114 -44.1814 125.702
42 509.973 715.848 5 1.80278 -40.7236 -164.233
43 510.392 716.12 5 2.12132 -43.8958 10.1632
44 510.811 716.393 5 2.5 -47.4251 15.3107
45 511.231 716.665 5 2.91548 -48.5619 -95.7088
46 511.65 716.937 5 3.3541 -47.7894 10.384
47 512.069 717.21 5 3.80789 -48.8632 -155.81
48 512.489 717.482 5 4.272 -59.8985 -22.3839
49 512.908 717.754 5 4.74342 -46.9274 47.7951
50 513.327 718.027 5 5.22015 -47.6255 136.845
51 513.747 718.299 5 5.70088 -58.2498 102.912
52 514.166 718.571 5 6.18466 -49.6858 114.907
53 508.862 715.723 5 2 -43.5061 18.8382
54 509.281 715.995 5 2.06155 -47.8064 -160.111
55 509.7 716.267 5 2.23607 -46.8897 13.4176
56 510.12 716.54 5 2.5 -44.9764 22.1889
57 510.539 716.812 5 2.82843 -41.3492 137.058
58 510.958 717.084 5 3.20156 -46.0488 166.362
59 511.378 717.357 5 3.60555 -47.4901 42.3285
60 511.797 717.629 5 4.03113 -51.6861 -63.6649
61 512.216 717.901 5 4.47214 -46.493 55.5702
62 512.636 718.174 5 4.92443 -51.2829 -105.331
63 513.055 718.446 5 5.38516 -59.9547 -62.5171
64 513.474 718.718 5 5.85235 -47.1738 52.4963
65 513.894 718.991 5 6.32456 -54.4727 -166.558
66 508.589 716.142 5 2.5 -44.6897 33.4554
67 509.009 716.414 5 2.54951 -48.827 -60.4413
68 509.428 716.687 5 2.69258 -48.7431 121.059
69 509.847 716.959 5 2.91548 -44.0743 -122.046
70 510.267 717.231 5 3.20156 -55.1037 -18.0367
71 510.686 717.504 5 3.53553 -44.9236 -99.0476
72 511.105 717.776 5 3.90512 -47.298 -92.5928
73 511.525 718.048 5 4.30116 -53.2588 -173.753
74 511.944 718.321 5 4.71699 -46.0212 136.811
75 512.363 718.593 5 5.14782 -52.7757 -153.209
76 512.783 718.865 5 5.59017 -49.2056 121.543
77 513.202 719.138 5 6.04152 -55.3583 -113.888
78 513.621 719.41 5 6.5 -53.8266 -86.9859
79 510.414 717.923 5 3.90512 -46.5203 -113.768
80 510.833 718.195 5 4.24264 -50.2335 -1.36612
81 511.672 718.74 5 5 -57.7382 -14.2715
82 512.091 719.012 5 5.40833 -48.4909 -99.3117
83 512.51 719.285 5 5.83095 -58.3343 19.5645
84 512.93 719.557 5 6.26498 -49.8308 -59.5297
85 513.349 719.829 5 6.7082 -49.7609 97.0491
86 510.141 718.342 5 4.30116 -58.1315 -7.61837
87 510.561 718.615 5 4.60977 -47.4534 30.7013
88 511.399 719.159 5 5.31507 -53.7952 47.804
89 511.819 719.432 5 5.70088 -59.9321 -87.1388
90 512.238 719.704 5 6.10328 -45.9872 68.8862
91 512.657 719.976 5 6.5192 -57.9232 33.6067
92 513.077 720.249 5 6.94622 -53.0718 150.128
93 509.869 718.762 5 4.71699 -57.4016 78.6941
94 510.288 719.034 5 5 -53.7625 -41.2062
95 511.127 719.579 5 5.65685 -53.9393 151.122
96 511.546 719.851 5 6.0208 -53.349 72.7933
97 511.966 720.123 5 6.40312 -75.8295 -61.4251
98 512.385 720.396 5 6.80074 -51.5778 -159.804
99 512.804 720.668 5 7.2111 -51.2954 -9.33984
100 509.597 719.181 5 5.14782 -49.7888 155.624
101 510.016 719.453 5 5.40833 -50.8973 67.3528
102 509.324 719.6 5 5.59017 -57.5337 -68.3677
103 509.744 719.873 5 5.83095 -55.1609 51.0045
104 509.052 720.02 5 6.04152 -59.0667 155.778
105 509.471 720.292 5 6.26498 -51.5869 127.811
