1 509.951 714.045 5 5.40833 -50.7682 69.4597
2 510.37 714.318 5 5.14782 -58.1465 -111.37
3 510.79 714.59 5 4.92443 -52.8988 35.9698
4 511.209 714.862 5 4.74342 -54.9821 -1.01001
5 511.628 715.135 5 4.60977 -50.3384 71.2128
6 512.048 715.407 5 4.52769 -53.6546 -60.884
7 512.467 715.679 5 4.5 -45.6809 -44.5826
8 512.886 715.952 5 4.52769 -46.5084 -90.7521
9 513.306 716.224 5 4.60977 -56.1419 27.2155
10 513.725 716.496 5 4.74342 -53.5494 -24.9996
11 514.144 716.769 5 4.92443 -57.475 137.354
12 514.564 717.041 5 5.14782 -56.5603 166.787
13 514.983 717.313 5 5.40833 -62.6477 -88.7024
14 509.679 714.465 5 5 -53.8199 -1.4282
15 510.098 714.737 5 4.71699 -47.1027 -46.6524
16 510.517 715.009 5 4.47214 -52.9625 152.904
17 510.937 715.282 5 4.272 -52.1813 -165.02
18 511.356 715.554 5 4.12311 -45.5795 58.2958
19 511.775 715.826 5 4.03113 -45.8018 -97.5472
20 512.195 716.099 5 4 -46.4301 -59.2512
21 512.614 716.371 5 4.03113 -50.1743 -62.0078
22 513.033 716.643 5 4.12311 -51.4034 88.4249
23 513.453 716.916 5 4.272 -62.4222 63.4265
24 513.872 717.188 5 4.47214 -49.3129 -124.661
25 514.291 717.46 5 4.71699 -51.1102 -55.2077
26 514.711 717.733 5 5 -58.6427 -24.3265
27 509.406 714.884 5 4.60977 -57.8362 -150.611
28 509.826 715.156 5 4.30116 -57.1849 116.22
29 510.245 715.429 5 4.03113 -48.821 -142.07
30 510.664 715.701 5 3.80789 -61.8875 -173.816
31 511.084 715.973 5 3.64006 -47.6793 -21.9934
32 511.503 716.246 5 3.53553 -44.7109 -133.896
33 511.922 716.518 5 3.5 -46.7925 -32.7172
34 512.342 716.79 5 3.53553 -43.1599 -77.8617
35 512.761 717.063 5 3.64006 -59.973 -38.887
36 513.18 717.335 5 3.80789 -54.7106 48.064
37 513.6 717.607 5 4.03113 -56.0582 160.076
38 514.019 717.88 5 4.30116 -67.2931 -85.0418
39 514.438 718.152 5 4.60977 -57.9713 -87.4463
40 509.134 715.303 5 4.24264 -59.9444 -6.64538
41 509.553 715.576 5 3.90512 -50.6261 -128.318
42 509.973 715.848 5 3.60555 -55.1513 155.949
43 510.392 716.12 5 3.3541 -52.6038 15.9183
44 510.811 716.393 5 3.16228 -48.8734 -153.916
45 511.231 716.665 5 3.04138 -50.9325 -160.527
46 511.65 716.937 5 3 -47.7069 -17.1266
47 512.069 717.21 5 3.04138 -58.9119 155.977
48 512.489 717.482 5 3.16228 -52.1368 -36.9698
49 512.908 717.754 5 3.3541 -59.6703 4.34756
50 513.327 718.027 5 3.60555 -54.0412 -173.776
51 513.747 718.299 5 3.90513 -54.0813 -119.398
52 514.166 718.571 5 4.24264 -51.7855 -101.719
53 508.862 715.723 5 3.90512 -53.6604 129.804
54 509.281 715.995 5 3.53553 -54.3194 -53.1715
55 509.7 716.267 5 3.20156 -64.128 -161.048
56 510.12 716.54 5 2.91548 -51.7789 -29.2334
57 510.539 716.812 5 2.69258 -45.4336 -144.856
58 510.958 717.084 5 2.54951 -47.6302 -83.0084
59 511.378 717.357 5 2.5 -48.1827 -27.549
60 511.797 717.629 5 2.54951 -46.2963 -125.98
61 512.216 717.901 5 2.69258 -50.7686 -24.5077
62 512.636 718.174 5 2.91548 -58.0677 -21.5227
63 513.055 718.446 5 3.20156 -59.3902 -19.8504
64 513.474 718.718 5 3.53553 -49.7929 147.322
65 513.894 718.991 5 3.90513 -47.8919 116.381
66 508.589 716.142 5 3.60555 -52.802 -109.006
67 509.009 716.414 5 3.20156 -61.4564 86.9342
68 509.428 716.687 5 2.82843 -60.5192 8.44899
69 509.847 716.959 5 2.5 -54.4028 -56.7352
70 510.267 717.231 5 2.23607 -53.4716 -105.216
71 510.686 717.504 5 2.06155 -42.0248 140.227
72 511.105 717.776 5 2 -38.2918 31.8257
73 511.525 718.048 5 2.06155 -44.8812 -163.446
74 511.944 718.321 5 2.23607 -55.2074 -171.663
75 512.363 718.593 5 2.5 -57.8682 -73.4707
76 512.783 718.865 5 2.82843 -49.137 18.262
77 513.202 719.138 5 3.20156 -51.815 1.22576
78 513.621 719.41 5 3.60555 -44.4882 -82.6845
79 510.414 717.923 5 1.58114 -43.5146 165.554
80 510.833 718.195 5 1.5 -37.0311 -5.46935
81 511.672 718.74 5 1.80278 -63.2033 -138.859
82 512.091 719.012 5 2.12132 -51.1546 -108.418
83 512.51 719.285 5 2.5 -44.7982 -151.538
84 512.93 719.557 5 2.91548 -45.64 75.7438
85 513.349 719.829 5 3.3541 -52.2585 146.71
86 510.141 718.342 5 1.11803 -39.8713 -23.0406
87 510.561 718.615 5 1 -36.7369 0.493697
88 511.399 719.159 5 1.41421 -46.6891 136.006
89 511.819 719.432 5 1.80278 -43.0765 29.9765
90 512.238 719.704 5 2.23607 -52.8424 98.6729
91 512.657 719.976 5 2.69258 -64.3736 125.127
92 513.077 720.249 5 3.16228 -59.7939 -76.576
93 509.869 718.762 5 0.707107 -32.7744 107.071
94 510.288 719.034 5 0.5 -31.8692 12.2689
95 511.127 719.579 5 1.11803 -42.1577 -124.33
96 511.546 719.851 5 1.58114 -46.7522 -149.371
97 511.966 720.123 5 2.06155 -67.9315 116.907
98 512.385 720.396 5 2.54951 -57.2857 -162.341
99 512.804 720.668 5 3.04138 -64.1165 -4.9546
100 509.597 719.181 5 0.5 -32.5256 -36.9167
101 510.016 719.453 5 0 -39.7062 -88.0117
102 509.324 719.6 5 0.707107 -35.4459 117.602
103 509.744 719.873 5 0.5 -32.2537 0.35764
104 509.052 720.02 5 1.11803 -40.7882 16.3068
105 509.471 720.292 5 1 -41.6808 -2.73642
