1 505.473 717.831 5 4.33921 -94.6106 129.259
2 505.747 717.412 5 4.237 -68.7958 158.021
3 506.02 716.994 5 4.19232 -73.5258 -71.0483
4 506.294 716.575 5 4.20702 -68.2454 -45.7419
5 506.567 716.157 5 4.28047 -68.2846 -81.3582
6 505.891 718.104 5 3.85854 -59.245 61.6533
7 506.165 717.686 5 3.74323 -67.1694 41.4115
8 506.439 717.267 5 3.69258 -64.8013 137.519
9 506.712 716.849 5 3.70926 -64.9901 141.058
10 506.986 716.43 5 3.79236 -66.4477 17.1043
11 506.31 718.378 5 3.38348 -63.7851 15.2744
12 506.584 717.96 5 3.25136 -71.3683 -50.9259
13 506.857 717.541 5 3.19292 -67.8436 -28.7076
14 507.131 717.123 5 3.21219 -65.6517 -115.663
15 507.404 716.704 5 3.3078 -67.2586 -175.149
16 506.728 718.652 5 2.91677 -55.9516 28.1928
17 507.002 718.233 5 2.76242 -63.5341 123.46
18 507.276 717.815 5 2.69339 -62.057 131.503
19 507.549 717.396 5 2.7162 -65.3421 53.5535
20 507.823 716.978 5 2.82863 -66.5681 -115.286
21 507.147 718.925 5 2.46315 -64.1177 -102.793
22 507.421 718.507 5 2.27827 -58.2621 -22.9102
23 507.694 718.088 5 2.19407 -61.7112 23.5949
24 507.968 717.67 5 2.22201 -66.6451 -162.117
25 508.241 717.251 5 2.35812 -73.187 103.616
26 507.565 719.199 5 2.03143 -65.0421 104.345
27 507.839 718.78 5 1.80281 -66.1504 13.6825
28 508.113 718.362 5 1.69515 -61.0462 -16.3165
29 508.386 717.943 5 1.73116 -83.741 121.704
30 508.66 717.525 5 1.90272 -60.6959 178.805
31 507.984 719.472 5 1.63899 -58.5838 114.858
32 508.258 719.054 5 1.34525 -56.8462 174.736
33 508.531 718.635 5 1.19713 -76.7702 102.733
34 508.805 718.217 5 1.2476 -61.7851 -126.797
35 509.078 717.798 5 1.47645 -77.1818 118.833
36 508.402 719.746 5 1.32132 -49.311 55.7016
37 508.676 719.328 5 0.932359 -57.9338 139.638
38 508.95 718.909 5 0.701923 -59.2444 40.562
39 509.223 718.491 5 0.78492 -58.877 79.1247
40 509.497 718.072 5 1.11333 -60.4759 97.1775
