1 509.951 714.045 5 3.90512 -46.4363 -112.53
2 510.37 714.318 5 3.60555 -45.4384 77.6707
3 510.79 714.59 5 3.3541 -50.1668 42.3532
4 511.209 714.862 5 3.16228 -50.7501 -102.045
5 511.628 715.135 5 3.04138 -48.5401 -123.727
6 512.048 715.407 5 3 -48.2663 -17.6771
7 512.467 715.679 5 3.04138 -45.9855 -148.98
8 512.886 715.952 5 3.16228 -54.302 -90.4674
9 513.306 716.224 5 3.3541 -51.759 -0.601496
10 513.725 716.496 5 3.60555 -51.6419 62.946
11 514.144 716.769 5 3.90512 -49.6841 -103.545
12 514.564 717.041 5 4.24264 -55.021 -144.39
13 514.983 717.313 5 4.60977 -55.0119 -164.958
14 509.679 714.465 5 3.53553 -44.7459 -70.3942
15 510.098 714.737 5 3.20156 -46.2886 176.013
16 510.517 715.009 5 2.91548 -48.1098 -105.354
17 510.937 715.282 5 2.69258 -50.8396 126.777
18 511.356 715.554 5 2.54951 -48.1415 -148.404
19 511.775 715.826 5 2.5 -46.3016 30.0604
20 512.195 716.099 5 2.54951 -49.4771 174.101
21 512.614 716.371 5 2.69258 -47.5037 109.585
22 513.033 716.643 5 2.91548 -56.028 -145.176
23 513.453 716.916 5 3.20156 -51.2794 174.789
24 513.872 717.188 5 3.53553 -45.5321 -78.6238
25 514.291 717.46 5 3.90512 -52.1429 -82.5834
26 514.711 717.733 5 4.30116 -53.3704 153.954
27 509.406 714.884 5 3.20156 -47.1912 142.434
28 509.826 715.156 5 2.82843 -50.3025 151.08
29 510.245 715.429 5 2.5 -43.8234 26.4191
30 510.664 715.701 5 2.23607 -44.7556 30.335
31 511.084 715.973 5 2.06155 -45.9565 168.764
32 511.503 716.246 5 2 -44.0007 -0.148439
33 511.922 716.518 5 2.06155 -47.2529 155.259
34 512.342 716.79 5 2.23607 -44.9923 36.6152
35 512.761 717.063 5 2.5 -44.1522 25.7253
36 513.18 717.335 5 2.82843 -53.7766 115.268
37 513.6 717.607 5 3.20156 -48.5421 137.707
38 514.019 717.88 5 3.60555 -51.1646 55.3835
39 514.438 718.152 5 4.03113 -48.8334 -110.116
40 509.134 715.303 5 2.91548 -47.496 -138.426
41 509.553 715.576 5 2.5 -49.1388 33.9498
42 509.973 715.848 5 2.12132 -44.9821 51.3473
43 510.392 716.12 5 1.80278 -44.2173 -159.413
44 510.811 716.393 5 1.58114 -47.6842 97.1311
45 511.231 716.665 5 1.5 -42.4605 5.59697
46 511.65 716.937 5 1.58114 -49.4794 106.775
47 512.069 717.21 5 1.80278 -48.0298 -172.255
48 512.489 717.482 5 2.12132 -45.8838 26.7099
49 512.908 717.754 5 2.5 -44.3025 15.2113
50 513.327 718.027 5 2.91548 -41.3384 -108.192
51 513.747 718.299 5 3.3541 -49.8582 36.0619
52 514.166 718.571 5 3.80789 -47.9938 151.402
53 508.862 715.723 5 2.69258 -57.5854 -127.267
54 509.281 715.995 5 2.23607 -44.0527 41.9725
55 509.7 716.267 5 1.80278 -46.717 170.76
56 510.12 716.54 5 1.41421 -41.8344 -98.7264
57 510.539 716.812 5 1.11803 -40.9759 -1.55231
58 510.958 717.084 5 1 -38.8131 7.58554
59 511.378 717.357 5 1.11803 -41.649 7.95073
60 511.797 717.629 5 1.41421 -44.3042 -112.483
61 512.216 717.901 5 1.80278 -43.677 -157.745
62 512.636 718.174 5 2.23607 -46.7808 47.4161
63 513.055 718.446 5 2.69258 -43.6766 114.102
64 513.474 718.718 5 3.16228 -46.0946 -159.676
65 513.894 718.991 5 3.64006 -49.7365 -84.7904
66 508.589 716.142 5 2.54951 -60.5009 -52.6092
67 509.009 716.414 5 2.06155 -55.7161 -85.3657
68 509.428 716.687 5 1.58114 -45.1707 166.959
69 509.847 716.959 5 1.11803 -40.4834 29.9332
70 510.267 717.231 5 0.707107 -35.3806 131.976
71 510.686 717.504 5 0.5 -32.5452 -6.16389
72 511.105 717.776 5 0.707107 -36.38 125.67
73 511.525 718.048 5 1.11803 -38.8456 8.89599
74 511.944 718.321 5 1.58114 -42.6385 93.525
75 512.363 718.593 5 2.06155 -43.3915 170.402
76 512.783 718.865 5 2.54951 -52.0361 -158.6
77 513.202 719.138 5 3.04138 -45.2158 -87.7367
78 513.621 719.41 5 3.53553 -54.8745 -48.1114
79 510.414 717.923 5 0 -34.6662 -96.8996
80 510.833 718.195 5 0.5 -32.5325 -26.4816
81 511.672 718.74 5 1.5 -43.4791 -135.257
82 512.091 719.012 5 2 -61.8368 -165.595
83 512.51 719.285 5 2.5 -49.9495 -126.291
84 512.93 719.557 5 3 -62.5777 -126.585
85 513.349 719.829 5 3.5 -49.4206 -139.412
86 510.141 718.342 5 0.5 -58.111 46.8672
87 510.561 718.615 5 0.707107 -36.2753 118.193
88 511.399 719.159 5 1.58114 -43.628 -38.1717
89 511.819 719.432 5 2.06155 -47.151 -1.99744
90 512.238 719.704 5 2.54951 -57.609 -32.9222
91 512.657 719.976 5 3.04138 -53.1118 109.59
92 513.077 720.249 5 3.53553 -65.8089 -43.3342
93 509.869 718.762 5 1 -33.9318 3.22261
94 510.288 719.034 5 1.11803 -43.4057 -20.7265
95 511.127 719.579 5 1.80278 -41.8091 78.69
96 511.546 719.851 5 2.23607 -42.7255 138.126
97 511.966 720.123 5 2.69258 -62.4012 -44.3689
98 512.385 720.396 5 3.16228 -65.3682 -130.013
99 512.804 720.668 5 3.64006 -54.8038 43.0608
100 509.597 719.181 5 1.5 -42.6451 69.4919
101 510.016 719.453 5 1.58114 -43.4108 165.767
102 509.324 719.6 5 2 -46.5236 25.2525
103 509.744 719.873 5 2.06155 -43.8097 101.272
104 509.052 720.02 5 2.5 -53.7274 36.1379
105 509.471 720.292 5 2.54951 -52.6171 -175.998
