1 514.644 719.84 5 3.46788 -63.3382 -78.7901
2 514.371 720.259 5 3.81766 -75.4487 15.8734
3 514.097 720.678 5 4.19796 -73.1588 -18.5194
4 513.824 721.096 5 4.60122 -69.0601 -40.0479
5 513.551 721.515 5 5.02191 -62.8424 74.0571
6 513.278 721.934 5 5.456 -86.7945 -72.9561
7 513.004 722.353 5 5.90053 -68.1837 -139.681
8 512.731 722.771 5 6.35332 -78.6012 -105.203
9 512.458 723.19 5 6.81271 -91.238 -116.449
10 512.185 723.609 5 7.27745 -96.4167 12.7794
11 515.063 720.113 5 3.85656 -65.6125 143.605
12 514.789 720.532 5 4.1739 -73.6552 45.5691
13 514.516 720.951 5 4.52436 -75.3065 -117.636
14 514.243 721.37 5 4.90083 -67.9485 142.791
15 513.97 721.788 5 5.29778 -79.5283 92.9666
16 513.696 722.207 5 5.71094 -76.7685 163.586
17 513.423 722.626 5 6.13703 -77.042 -32.2449
18 513.15 723.045 5 6.57355 -71.963 16.2115
19 512.877 723.463 5 7.01854 -68.9918 -143.825
20 512.603 723.882 5 7.47049 -80.2933 136.117
21 515.481 720.387 5 4.26849 -59.5339 118.473
22 515.208 720.805 5 4.55723 -65.3667 168.823
23 514.935 721.224 5 4.88023 -72.156 164.058
24 514.662 721.643 5 5.23116 -73.5577 161.772
25 514.388 722.062 5 5.60476 -66.7308 -150.32
26 514.115 722.48 5 5.99681 -69.3406 -89.6229
27 513.842 722.899 5 6.40391 -71.2215 70.5918
28 513.568 723.318 5 6.82337 -77.9488 165.002
29 513.295 723.737 5 7.25305 -74.0656 155.173
30 513.022 724.155 5 7.69124 -74.8639 59.7824
31 515.9 720.66 5 4.69754 -60.3003 -96.5061
32 515.627 721.079 5 4.96137 -61.5989 -58.1258
33 515.353 721.497 5 5.25962 -55.4849 -38.9966
34 515.08 721.916 5 5.58676 -63.3746 -36.894
35 514.807 722.335 5 5.93803 -68.5648 -135.756
36 514.534 722.754 5 6.30941 -68.4175 -19.3322
37 514.26 723.172 5 6.69753 -76.16 40.4011
38 513.987 723.591 5 7.09967 -69.5248 -44.2544
39 516.319 720.933 5 5.13943 -53.1002 64.8041
40 516.045 721.352 5 5.38164 -61.3176 94.2979
41 515.772 721.771 5 5.65778 -57.5155 65.565
42 515.499 722.189 5 5.96312 -56.949 60.6065
43 515.226 722.608 5 6.29342 -64.3864 174.486
44 514.952 723.027 5 6.64496 -69.1566 79.1267
45 514.679 723.446 5 7.01454 -68.7351 120.935
46 514.406 723.864 5 7.39947 -100.682 -112.739
47 516.737 721.206 5 5.59112 -64.1566 -178.838
48 516.464 721.625 5 5.81455 -62.8669 -89.5508
49 516.191 722.044 5 6.07102 -63.3692 -106.965
50 515.918 722.463 5 6.35655 -60.7169 -131.627
51 515.644 722.881 5 6.66738 -66.0454 -125.779
52 515.371 723.3 5 7.00017 -71.9488 -87.7609
53 515.098 723.719 5 7.35192 -72.6701 171.839
54 514.825 724.138 5 7.72004 -117.787 -145.167
55 517.156 721.48 5 6.05041 -64.9102 -101.994
56 516.883 721.898 5 6.25746 -54.9137 71.5431
57 516.61 722.317 5 6.49648 -64.1087 136.337
58 516.336 722.736 5 6.76406 -62.7705 127.05
59 516.063 723.155 5 7.05698 -70.0529 -66.7126
60 515.79 723.573 5 7.37219 -56.4096 -93.5786
61 515.517 723.992 5 7.70698 -69.5337 20.3358
62 515.243 724.411 5 8.0589 -117.781 63.3288
63 517.575 721.753 5 6.5157 -66.1273 -12.2329
64 517.302 722.172 5 6.70841 -54.4584 -136.726
65 517.028 722.59 5 6.93189 -61.8661 -103.16
66 516.755 723.009 5 7.18327 -62.0067 -79.1757
67 516.482 723.428 5 7.45974 -62.1125 -54.7075
68 516.209 723.847 5 7.75862 -69.05 -3.50063
69 515.935 724.265 5 8.07741 -56.0236 31.3346
70 515.662 724.684 5 8.41385 -71.7654 117.515
71 517.994 722.026 5 6.98579 -76.2699 118.162
72 517.72 722.445 5 7.16586 -64.7631 -43.6606
73 517.447 722.864 5 7.3755 -53.1903 91.4138
74 517.174 723.282 5 7.61225 -62.8843 127.522
75 516.901 723.701 5 7.87367 -62.018 100.245
76 516.627 724.12 5 8.15739 -59.0124 98.0771
77 516.354 724.539 5 8.46117 -59.3671 123.106
78 516.081 724.957 5 8.78292 -58.6313 177.484
