1 505.473 717.831 5 8.03215 -68.402 -59.521
2 505.747 717.412 5 7.72223 -79.4072 101.636
3 506.02 716.994 5 7.43305 -65.6088 -75.7033
4 506.294 716.575 5 7.16712 -63.0518 -154.169
5 506.567 716.157 5 6.92712 -69.8812 -155.366
6 505.891 718.104 5 7.65422 -69.7755 90.1063
7 506.165 717.686 5 7.32834 -66.7508 162.257
8 506.439 717.267 5 7.02296 -69.8948 -70.9742
9 506.712 716.849 5 6.74087 -69.9997 72.544
10 506.986 716.43 5 6.48511 -62.4048 65.2502
11 506.31 718.378 5 7.29101 -72.0341 -56.7026
12 506.584 717.96 5 6.94811 -65.3712 -49.8487
13 506.857 717.541 5 6.62522 -65.462 49.0168
14 507.131 717.123 5 6.32542 -68.9834 117.403
15 507.404 716.704 5 6.05214 -68.6409 78.6323
16 506.728 718.652 5 6.94482 -66.7092 -156.569
17 507.002 718.233 5 6.58391 -66.8669 -101.64
18 507.276 717.815 5 6.24222 -70.6486 161.919
19 507.549 717.396 5 5.92306 -64.3714 -95.1604
20 507.823 716.978 5 5.63028 -64.8503 -17.9612
21 507.147 718.925 5 6.61832 -75.191 -165.763
22 507.421 718.507 5 6.23855 -78.0245 6.09662
23 507.694 718.088 5 5.87681 -67.1366 155.532
24 507.968 717.67 5 5.53663 -64.4918 -0.582852
25 508.241 717.251 5 5.22223 -64.3393 68.7917
26 507.565 719.199 5 6.31457 -73.4851 -81.7913
27 507.839 718.78 5 5.91534 -69.4618 -31.3088
28 508.113 718.362 5 5.5325 -86.3261 60.6626
29 508.386 717.943 5 5.16972 -77.0752 -44.788
30 508.66 717.525 5 4.8315 -70.1687 -160.341
31 507.984 719.472 5 6.03701 -69.3198 -114.579
32 508.258 719.054 5 5.61809 -70.1401 -149.983
33 508.531 718.635 5 5.21347 -80.9326 -53.3011
34 508.805 718.217 5 4.82677 -70.8767 127.906
35 509.078 717.798 5 4.46263 -76.5619 169.617
36 508.402 719.746 5 5.7894 -75.68 -35.7045
37 508.676 719.328 5 5.35113 -65.1609 89.2162
38 508.95 718.909 5 4.92463 -63.2298 -160.839
39 509.223 718.491 5 4.51324 -67.9401 -114.611
40 509.497 718.072 5 4.1215 -64.8089 26.1077
