1 514.644 719.84 5 5.1009 -65.4492 -34.9463
2 514.371 720.259 5 5.15384 -64.9856 117.782
3 514.097 720.678 5 5.25404 -60.5459 -151.011
4 513.824 721.096 5 5.39887 -67.3708 119.092
5 513.551 721.515 5 5.58486 -62.5382 114.201
6 513.278 721.934 5 5.80806 -62.5864 23.7268
7 513.004 722.353 5 6.06436 -86.2221 -25.3846
8 512.731 722.771 5 6.34975 -74.3844 -162.891
9 512.458 723.19 5 6.66049 -84.2177 -176.635
10 512.185 723.609 5 6.99321 -93.6637 62.2198
11 515.063 720.113 5 5.60015 -69.6335 -71.6977
12 514.789 720.532 5 5.64841 -62.1655 -167.908
13 514.516 720.951 5 5.73999 -63.8268 -123.416
14 514.243 721.37 5 5.87285 -59.7398 -119.798
15 513.97 721.788 5 6.04427 -68.9306 66.1104
16 513.696 722.207 5 6.25108 -82.8393 -178.755
17 513.423 722.626 5 6.48991 -75.854 -159.529
18 513.15 723.045 5 6.75735 -70.2173 -163.03
19 512.877 723.463 5 7.05015 -85.2483 -179.051
20 512.603 723.882 5 7.36529 -90.5891 -146.646
21 515.481 720.387 5 6.09952 -63.8357 114.993
22 515.208 720.805 5 6.14386 -67.4304 171.273
23 514.935 721.224 5 6.22816 -54.7481 -56.5391
24 514.662 721.643 5 6.35081 -60.3671 -81.2952
25 514.388 722.062 5 6.50966 -69.6491 2.11443
26 514.115 722.48 5 6.70213 -70.7353 61.7122
27 513.842 722.899 5 6.92542 -84.5477 127.544
28 513.568 723.318 5 7.17665 -73.8989 -59.7116
29 513.295 723.737 5 7.453 -76.0181 -22.5603
30 513.022 724.155 5 7.75178 -88.6474 65.6282
31 515.9 720.66 5 6.59899 -65.7964 -170.33
32 515.627 721.079 5 6.64 -70.5051 37.4499
33 515.353 721.497 5 6.71807 -57.7369 -1.41399
34 515.08 721.916 5 6.83193 -59.1571 34.2344
35 514.807 722.335 5 6.97984 -70.9438 -172.582
36 514.534 722.754 5 7.15968 -73.1887 152.849
37 514.26 723.172 5 7.36912 -74.7223 -38.3885
38 513.987 723.591 5 7.60571 -69.5418 -147.202
39 516.319 720.933 5 7.09853 -66.0326 -2.31765
40 516.045 721.352 5 7.13667 -75.3056 114.896
41 515.772 721.771 5 7.20936 -58.0049 15.8929
42 515.499 722.189 5 7.31559 -60.668 7.96158
43 515.226 722.608 5 7.4539 -65.2401 -0.527741
44 514.952 723.027 5 7.62257 -66.7391 110.612
45 514.679 723.446 5 7.81962 -71.7163 90.455
46 514.406 723.864 5 8.04296 -112.641 -46.5746
47 516.737 721.206 5 7.59814 -56.4077 155.076
48 516.464 721.625 5 7.63378 -68.604 -151.733
49 516.191 722.044 5 7.70178 -57.2333 34.4368
50 515.918 722.463 5 7.8013 -62.6862 87.8225
51 515.644 722.881 5 7.93115 -62.3568 106.989
52 515.371 723.3 5 8.08987 -73.0189 20.657
53 515.098 723.719 5 8.2758 -88.0366 -92.8808
54 514.825 724.138 5 8.48715 -129.454 155.103
55 517.156 721.48 5 8.09779 -58.2262 -168.058
56 516.883 721.898 5 8.13124 -69.1766 -53.7736
57 516.61 722.317 5 8.19511 -69.1872 111.297
58 516.336 722.736 5 8.28871 -66.0784 154.867
59 516.063 723.155 5 8.41104 -68.7313 -126.413
60 515.79 723.573 5 8.56087 -65.0376 -21.5463
61 515.517 723.992 5 8.73678 -73.6135 171.84
62 515.243 724.411 5 8.93724 -119.935 -141.702
63 517.575 721.753 5 8.59748 -68.6378 -116.422
64 517.302 722.172 5 8.62899 -61.8731 -155.653
65 517.028 722.59 5 8.68921 -64.1367 129.11
66 516.755 723.009 5 8.77754 -64.3681 -166.809
67 516.482 723.428 5 8.89315 -61.5248 -67.209
68 516.209 723.847 5 9.03499 -61.3785 128.117
69 515.935 724.265 5 9.20184 -72.3459 -142.185
70 515.662 724.684 5 9.39238 -75.4364 -139.261
71 517.994 722.026 5 9.0972 -67.2279 -140.405
72 517.72 722.445 5 9.12699 -61.3522 -127.322
73 517.447 722.864 5 9.18395 -61.2437 88.6249
74 517.174 723.282 5 9.26756 -63.03 -140.228
75 516.901 723.701 5 9.37713 -64.4699 -102.939
76 516.627 724.12 5 9.51176 -64.0727 -172.113
77 516.354 724.539 5 9.67039 -63.743 48.2454
78 516.081 724.957 5 9.85186 -79.1282 -58.0479
