1 514.644 719.84 5 2.69296 -45.7643 48.6697
2 514.371 720.259 5 2.40863 -47.4921 67.8259
3 514.097 720.678 5 2.20249 -63.9606 -51.1006
4 513.824 721.096 5 2.09772 -64.9391 -137.52
5 513.551 721.515 5 2.10947 -48.6219 -95.1387
6 513.278 721.934 5 2.23592 -58.5767 84.7634
7 513.004 722.353 5 2.45943 -47.7678 -150.414
8 512.731 722.771 5 2.75649 -49.8571 64.023
9 512.458 723.19 5 3.10607 -79.198 109.345
10 512.185 723.609 5 3.49244 -67.2738 -52.6047
11 515.063 720.113 5 3.0968 -49.4811 -51.7173
12 514.789 720.532 5 2.853 -61.8577 -134.78
13 514.516 720.951 5 2.68124 -63.715 -49.25
14 514.243 721.37 5 2.59587 -58.9246 178.324
15 513.97 721.788 5 2.60538 -71.3671 167.468
16 513.696 722.207 5 2.70877 -55.3812 2.29412
17 513.423 722.626 5 2.89601 -59.3609 68.8097
18 513.15 723.045 5 3.1522 -48.8649 27.5672
19 512.877 723.463 5 3.46205 -59.0041 -137.554
20 512.603 723.882 5 3.81251 -66.671 6.66809
21 515.481 720.387 5 3.52537 -51.7208 132.457
22 515.208 720.805 5 3.31326 -67.2232 -106.399
23 514.935 721.224 5 3.16657 -74.266 32.3838
24 514.662 721.643 5 3.09461 -50.0848 -86.1429
25 514.388 722.062 5 3.10259 -58.7985 -66.2797
26 514.115 722.48 5 3.18991 -53.1613 -44.7907
27 513.842 722.899 5 3.35037 -55.9122 -177.342
28 513.568 723.318 5 3.57414 -66.2175 -167.741
29 513.295 723.737 5 3.85018 -51.7561 177.7
30 513.022 724.155 5 4.16814 -67.8554 -6.28809
31 515.9 720.66 5 3.97069 -61.1815 -77.8211
32 515.627 721.079 5 3.78363 -58.2854 101.065
33 515.353 721.497 5 3.65586 -66.5481 73.7827
34 515.08 721.916 5 3.59371 -72.1315 -179.24
35 514.807 722.335 5 3.60058 -51.6742 52.0645
36 514.534 722.754 5 3.67609 -57.6157 -118.876
37 514.26 723.172 5 3.81616 -64.9516 -80.4939
38 513.987 723.591 5 4.01405 -75.659 30.2947
39 516.319 720.933 5 4.4277 -62.5489 155.351
40 516.045 721.352 5 4.26074 -66.1622 103.908
41 515.772 721.771 5 4.1477 -71.111 -131.629
42 515.499 722.189 5 4.09302 -61.5304 160.878
43 515.226 722.608 5 4.09906 -59.1959 125.356
44 514.952 723.027 5 4.16554 -50.926 -123.022
45 514.679 723.446 5 4.28966 -68.5333 -58.3567
46 514.406 723.864 5 4.46662 -129.956 -119.366
47 516.737 721.206 5 4.89312 -55.925 165.424
48 516.464 721.625 5 4.74258 -57.9467 -48.2129
49 516.191 722.044 5 4.64128 -67.4634 -57.1601
50 515.918 722.463 5 4.59249 -61.0791 -104.299
51 515.644 722.881 5 4.59787 -64.8265 28.8274
52 515.371 723.3 5 4.65724 -57.5256 -103.863
53 515.098 723.719 5 4.76858 -54.4482 -72.0954
54 514.825 724.138 5 4.92837 -132.233 -9.12847
55 517.156 721.48 5 5.36476 -56.8014 -44.416
56 516.883 721.898 5 5.22783 -53.7439 -49.2562
57 516.61 722.317 5 5.13611 -59.7085 38.041
58 516.336 722.736 5 5.09206 -65.9128 -147.214
59 516.063 723.155 5 5.09691 -65.0924 -24.7942
60 515.79 723.573 5 5.15053 -62.5009 -62.6433
61 515.517 723.992 5 5.25142 -84.5022 62.9266
62 515.243 724.411 5 5.39693 -149.156 -172.309
63 517.575 721.753 5 5.84113 -68.1967 83.8184
64 517.302 722.172 5 5.71562 -56.707 172.918
65 517.028 722.59 5 5.63185 -65.3013 5.22828
66 516.755 723.009 5 5.59171 -62.1213 155.255
67 516.482 723.428 5 5.59613 -60.8786 140.392
68 516.209 723.847 5 5.64501 -62.0513 -49.8526
69 515.935 724.265 5 5.73721 -58.4991 -102.264
70 515.662 724.684 5 5.87069 -78.3957 -0.607672
71 517.994 722.026 5 6.32115 -75.2417 -91.3447
72 517.72 722.445 5 6.20535 -56.2325 6.0052
73 517.447 722.864 5 6.12828 -59.189 87.6383
74 517.174 723.282 5 6.09141 -63.3007 -128.806
75 516.901 723.701 5 6.09547 -63.9719 -40.2051
76 516.627 724.12 5 6.14037 -65.3209 -34.9545
77 516.354 724.539 5 6.22524 -65.9605 85.6883
78 516.081 724.957 5 6.34847 -67.4379 -38.1549
