1 509.951 714.045 5 0.707107 -33.7222 124.085
2 510.37 714.318 5 0.5 -32.9423 -1.49425
3 510.79 714.59 5 0.707107 -34.5312 115.153
4 511.209 714.862 5 1.11803 -42.7057 22.1454
5 511.628 715.135 5 1.58114 -42.9334 92.7606
6 512.048 715.407 5 2.06155 -44.2792 98.1895
7 512.467 715.679 5 2.54951 -48.5707 -95.2755
8 512.886 715.952 5 3.04138 -54.0118 -118.186
9 513.306 716.224 5 3.53553 -45.4239 -71.3777
10 513.725 716.496 5 4.03113 -46.8478 -86.6292
11 514.144 716.769 5 4.52769 -44.305 -134.558
12 514.564 717.041 5 5.02494 -48.8342 54.8626
13 514.983 717.313 5 5.52268 -44.7804 106.98
14 509.679 714.465 5 0.5 -34.975 -2.32957
15 510.098 714.737 5 0 -53.0526 -7.20956
16 510.517 715.009 5 0.5 -36.0139 -2.96467
17 510.937 715.282 5 1 -42.7273 13.0682
18 511.356 715.554 5 1.5 -46.3776 16.7832
19 511.775 715.826 5 2 -44.7705 62.8218
20 512.195 716.099 5 2.5 -55.7985 68.6729
21 512.614 716.371 5 3 -55.3643 55.263
22 513.033 716.643 5 3.5 -42.9162 -25.1878
23 513.453 716.916 5 4 -55.9294 -49.4084
24 513.872 717.188 5 4.5 -44.0846 -29.4397
25 514.291 717.46 5 5 -48.7986 3.24625
26 514.711 717.733 5 5.5 -64.5367 -174.874
27 509.406 714.884 5 0.707107 -36.3997 122.583
28 509.826 715.156 5 0.5 -33.6267 3.26439
29 510.245 715.429 5 0.707107 -37.166 126.812
30 510.664 715.701 5 1.11803 -44.823 23.2158
31 511.084 715.973 5 1.58114 -44.9767 117.465
32 511.503 716.246 5 2.06155 -52.2321 -169.59
33 511.922 716.518 5 2.54951 -51.7255 -114.55
34 512.342 716.79 5 3.04138 -43.3141 -114.958
35 512.761 717.063 5 3.53553 -46.6026 -95.1503
36 513.18 717.335 5 4.03113 -52.3959 -127.779
37 513.6 717.607 5 4.52769 -61.1042 -56.9668
38 514.019 717.88 5 5.02494 -51.6641 -166.173
39 514.438 718.152 5 5.52268 -50.3762 -51.1
40 509.134 715.303 5 1.11803 -40.3721 -6.59336
41 509.553 715.576 5 1 -37.2912 -2.0499
42 509.973 715.848 5 1.11803 -41.2756 -9.23154
43 510.392 716.12 5 1.41421 -40.7389 -110.206
44 510.811 716.393 5 1.80278 -49.8113 -167.022
45 511.231 716.665 5 2.23607 -48.8581 70.8374
46 511.65 716.937 5 2.69258 -46.9449 155.924
47 512.069 717.21 5 3.16228 -45.7395 -74.9527
48 512.489 717.482 5 3.64006 -49.3164 -4.79788
49 512.908 717.754 5 4.12311 -45.9517 3.63911
50 513.327 718.027 5 4.60977 -46.5136 -24.1933
51 513.747 718.299 5 5.09902 -68.705 123.977
52 514.166 718.571 5 5.59017 -48.4208 95.9753
53 508.862 715.723 5 1.58114 -44.3468 95.2034
54 509.281 715.995 5 1.5 -41.9318 32.1979
55 509.7 716.267 5 1.58114 -49.0929 121.386
56 510.12 716.54 5 1.80278 -49.0534 -160.298
57 510.539 716.812 5 2.12132 -49.4161 -27.2282
58 510.958 717.084 5 2.5 -42.0772 -17.2294
59 511.378 717.357 5 2.91548 -53.3874 -110.728
60 511.797 717.629 5 3.3541 -47.6397 38.392
61 512.216 717.901 5 3.80789 -52.5246 164.714
62 512.636 718.174 5 4.272 -54.689 -152.317
63 513.055 718.446 5 4.74342 -51.5442 102.234
64 513.474 718.718 5 5.22015 -51.4205 89.6861
65 513.894 718.991 5 5.70088 -57.9716 -6.91497
66 508.589 716.142 5 2.06155 -49.9797 -142.852
67 509.009 716.414 5 2 -47.1985 2.26475
68 509.428 716.687 5 2.06155 -48.9522 -134.481
69 509.847 716.959 5 2.23607 -43.7437 20.51
70 510.267 717.231 5 2.5 -50.3542 15.6679
71 510.686 717.504 5 2.82843 -42.4851 132.743
72 511.105 717.776 5 3.20156 -47.7597 152.506
73 511.525 718.048 5 3.60555 -50.8711 56.8337
74 511.944 718.321 5 4.03113 -52.3517 -109.755
75 512.363 718.593 5 4.47214 -52.6411 100.973
76 512.783 718.865 5 4.92443 -50.5159 -92.934
77 513.202 719.138 5 5.38516 -45.5065 -30.3473
78 513.621 719.41 5 5.85235 -55.5348 -3.24303
79 510.414 717.923 5 3.20156 -47.9244 175.609
80 510.833 718.195 5 3.53553 -47.6977 -104.558
81 511.672 718.74 5 4.30116 -55.7068 172.534
82 512.091 719.012 5 4.71699 -53.3653 68.3911
83 512.51 719.285 5 5.14782 -49.0832 -81.8077
84 512.93 719.557 5 5.59017 -56.0409 86.2301
85 513.349 719.829 5 6.04152 -50.195 173.675
86 510.141 718.342 5 3.60555 -62.7056 -100.058
87 510.561 718.615 5 3.90512 -52.1518 -97.804
88 511.399 719.159 5 4.60977 -52.73 -109.133
89 511.819 719.432 5 5 -54.8556 -32.9375
90 512.238 719.704 5 5.40833 -48.9829 -102.287
91 512.657 719.976 5 5.83095 -47.5296 95.0279
92 513.077 720.249 5 6.26498 -55.5653 -63.7892
93 509.869 718.762 5 4.03113 -52.913 -22.6813
94 510.288 719.034 5 4.30116 -55.3544 -141.832
95 511.127 719.579 5 4.94975 -64.1359 13.7085
96 511.546 719.851 5 5.31507 -48.7602 -22.2314
97 511.966 720.123 5 5.70088 -62.5172 48.2243
98 512.385 720.396 5 6.10328 -54.4513 67.1449
99 512.804 720.668 5 6.5192 -51.9051 128.47
100 509.597 719.181 5 4.47214 -53.6641 4.79965
101 510.016 719.453 5 4.71699 -48.7976 -45.8038
102 509.324 719.6 5 4.92443 -53.4805 137.78
103 509.744 719.873 5 5.14782 -56.0361 40.4355
104 509.052 720.02 5 5.38516 -66.0466 24.4055
105 509.471 720.292 5 5.59017 -63.6111 6.32151
