1 509.951 714.045 5 4.74342 -46.5853 34.7565
2 510.37 714.318 5 4.272 -57.8927 -153.561
3 510.79 714.59 5 3.80789 -47.5462 -153.653
4 511.209 714.862 5 3.3541 -49.0748 9.33678
5 511.628 715.135 5 2.91548 -50.2356 -102.646
6 512.048 715.407 5 2.5 -46.1386 0.153308
7 512.467 715.679 5 2.12132 -43.3559 -10.9904
8 512.886 715.952 5 1.80278 -42.3381 177.05
9 513.306 716.224 5 1.58114 -41.2553 151.867
10 513.725 716.496 5 1.5 -39.2032 -16.365
11 514.144 716.769 5 1.58114 -42.7023 167.298
12 514.564 717.041 5 1.80278 -47.6466 6.80601
13 514.983 717.313 5 2.12132 -50.0956 -159.743
14 509.679 714.465 5 4.60977 -47.4573 0.572546
15 510.098 714.737 5 4.12311 -46.7695 6.30834
16 510.517 715.009 5 3.64006 -52.963 13.2065
17 510.937 715.282 5 3.16228 -50.5168 -122.616
18 511.356 715.554 5 2.69258 -47.6378 167.132
19 511.775 715.826 5 2.23607 -52.738 49.0514
20 512.195 716.099 5 1.80278 -47.327 -170.903
21 512.614 716.371 5 1.41421 -42.7802 -119.574
22 513.033 716.643 5 1.11803 -48.9417 33.0942
23 513.453 716.916 5 1 -36.8654 -5.82708
24 513.872 717.188 5 1.11803 -42.1054 6.75382
25 514.291 717.46 5 1.41421 -44.2494 -79.8412
26 514.711 717.733 5 1.80278 -44.695 -109.027
27 509.406 714.884 5 4.52769 -53.898 -124.72
28 509.826 715.156 5 4.03113 -49.427 -136.875
29 510.245 715.429 5 3.53553 -52.2266 -69.1179
30 510.664 715.701 5 3.04138 -48.1664 -100.313
31 511.084 715.973 5 2.54951 -52.1025 -130.506
32 511.503 716.246 5 2.06155 -52.9065 -172.355
33 511.922 716.518 5 1.58114 -46.87 136.23
34 512.342 716.79 5 1.11803 -37.7591 11.4048
35 512.761 717.063 5 0.707107 -37.6053 137.574
36 513.18 717.335 5 0.5 -32.7728 -4.43392
37 513.6 717.607 5 0.707107 -36.5483 118.064
38 514.019 717.88 5 1.11803 -37.3333 10.5704
39 514.438 718.152 5 1.58114 -46.3393 125.629
40 509.134 715.303 5 4.5 -46.9643 -34.7822
41 509.553 715.576 5 4 -47.6078 -28.9905
42 509.973 715.848 5 3.5 -46.6926 -13.1375
43 510.392 716.12 5 3 -48.0857 0.611975
44 510.811 716.393 5 2.5 -47.4447 3.37933
45 511.231 716.665 5 2 -43.9103 23.3109
46 511.65 716.937 5 1.5 -41.0499 -0.9312
47 512.069 717.21 5 1 -36.4747 4.54783
48 512.489 717.482 5 0.5 -34.5308 -4.55722
49 512.908 717.754 5 0 -42.3688 30.5774
50 513.327 718.027 5 0.5 -33.3948 -6.57927
51 513.747 718.299 5 1 -36.6394 4.22653
52 514.166 718.571 5 1.5 -43.191 7.36105
53 508.862 715.723 5 4.52769 -51.0385 -79.8035
54 509.281 715.995 5 4.03113 -51.3226 -102.189
55 509.7 716.267 5 3.53553 -51.6163 -103.86
56 510.12 716.54 5 3.04138 -52.7816 -82.8188
57 510.539 716.812 5 2.54951 -59.3122 -95.5445
58 510.958 717.084 5 2.06155 -44.8312 -179.306
59 511.378 717.357 5 1.58114 -45.0996 85.9809
60 511.797 717.629 5 1.11803 -38.6472 17.4091
61 512.216 717.901 5 0.707107 -36.4149 114.718
62 512.636 718.174 5 0.5 -31.168 4.04449
63 513.055 718.446 5 0.707107 -38.322 118.161
64 513.474 718.718 5 1.11803 -37.9317 15.2133
65 513.894 718.991 5 1.58114 -43.4663 98.8436
66 508.589 716.142 5 4.60977 -49.8469 22.9717
67 509.009 716.414 5 4.12311 -44.6546 -20.0303
68 509.428 716.687 5 3.64006 -47.3894 -51.9623
69 509.847 716.959 5 3.16228 -53.8982 -119.118
70 510.267 717.231 5 2.69258 -44.0452 144.751
71 510.686 717.504 5 2.23607 -47.8182 2.57635
72 511.105 717.776 5 1.80278 -43.9967 -172.593
73 511.525 718.048 5 1.41421 -42.7683 -140.882
74 511.944 718.321 5 1.11803 -43.4707 32.2539
75 512.363 718.593 5 1 -36.555 -13.7915
76 512.783 718.865 5 1.11803 -42.2136 -3.2645
77 513.202 719.138 5 1.41421 -43.1109 -128.144
78 513.621 719.41 5 1.80278 -45.6102 -166.963
79 510.414 717.923 5 2.5 -45.4402 13.7339
80 510.833 718.195 5 2.12132 -49.8859 22.2135
81 511.672 718.74 5 1.58114 -42.6925 125.165
82 512.091 719.012 5 1.5 -41.5343 -12.8485
83 512.51 719.285 5 1.58114 -43.03 129.848
84 512.93 719.557 5 1.80278 -44.5639 -163.822
85 513.349 719.829 5 2.12132 -45.2457 8.05008
86 510.141 718.342 5 2.82843 -42.5551 125.123
87 510.561 718.615 5 2.5 -59.3915 2.19787
88 511.399 719.159 5 2.06155 -43.3809 -172.379
89 511.819 719.432 5 2 -42.879 -14.5398
90 512.238 719.704 5 2.06155 -42.9837 -175.892
91 512.657 719.976 5 2.23607 -45.4291 53.5855
92 513.077 720.249 5 2.5 -47.2069 22.0224
93 509.869 718.762 5 3.20156 -57.9039 -51.7874
94 510.288 719.034 5 2.91548 -61.9827 -111.428
95 511.127 719.579 5 2.54951 -41.9507 168.221
96 511.546 719.851 5 2.5 -66.0406 -167.202
97 511.966 720.123 5 2.54951 -48.9206 -152.083
98 512.385 720.396 5 2.69258 -48.5028 121.157
99 512.804 720.668 5 2.91548 -46.0948 109.91
100 509.597 719.181 5 3.60555 -72.5842 -163.944
101 510.016 719.453 5 3.3541 -62.8643 64.2514
102 509.324 719.6 5 4.03113 -59.4399 155.423
103 509.744 719.873 5 3.80789 -50.7196 117.508
104 509.052 720.02 5 4.47214 -54.198 -46.2285
105 509.471 720.292 5 4.272 -53.134 -25.3563
