1 514.644 719.84 5 3.0974 -65.5255 40.3216
2 514.371 720.259 5 2.85346 -48.637 158.332
3 514.097 720.678 5 2.68153 -64.7779 -85.4836
4 513.824 721.096 5 2.59595 -64.2374 -148.332
5 513.551 721.515 5 2.60525 -100.44 -32.2839
6 513.278 721.934 5 2.70845 -66.926 142.329
7 513.004 722.353 5 2.89552 -71.3561 -7.22368
8 512.731 722.771 5 3.15157 -80.3938 161.354
9 512.458 723.19 5 3.46132 -82.9551 92.3784
10 512.185 723.609 5 3.81171 -82.2597 29.9135
11 515.063 720.113 5 3.5259 -50.6228 46.2015
12 514.789 720.532 5 3.31366 -47.2572 -91.6872
13 514.516 720.951 5 3.16681 -53.6311 -38.1404
14 514.243 721.37 5 3.09468 -72.095 -139.263
15 513.97 721.788 5 3.10249 -65.0269 -119.451
16 513.696 722.207 5 3.18964 -75.3382 -75.8596
17 513.423 722.626 5 3.34995 -71.4561 179.848
18 513.15 723.045 5 3.57358 -67.5463 -80.352
19 512.877 723.463 5 3.84953 -92.2518 -75.0015
20 512.603 723.882 5 4.1674 -85.2851 -29.3619
21 515.481 720.387 5 3.97116 -49.1084 -144.941
22 515.208 720.805 5 3.78397 -58.138 -44.8877
23 514.935 721.224 5 3.65607 -74.9293 40.9567
24 514.662 721.643 5 3.59377 -58.878 30.4446
25 514.388 722.062 5 3.60049 -67.1343 158.665
26 514.115 722.48 5 3.67585 -67.2322 -99.4166
27 513.842 722.899 5 3.81579 -70.6115 111.064
28 513.568 723.318 5 4.01355 -66.0187 49.7308
29 513.295 723.737 5 4.2611 -76.2922 92.1401
30 513.022 724.155 5 4.55031 -81.1492 169.613
31 515.9 720.66 5 4.42812 -48.2876 -75.6198
32 515.627 721.079 5 4.26105 -61.271 61.2547
33 515.353 721.497 5 4.14788 -60.6379 127.739
34 515.08 721.916 5 4.09308 -56.6823 -58.0256
35 514.807 722.335 5 4.09898 -74.6487 -99.7431
36 514.534 722.754 5 4.16533 -69.6666 -91.7658
37 514.26 723.172 5 4.28933 -63.5717 -136.77
38 513.987 723.591 5 4.46617 -65.7714 -132.439
39 516.319 720.933 5 4.8935 -75.6691 136.418
40 516.045 721.352 5 4.74286 -55.551 69.5313
41 515.772 721.771 5 4.64145 -56.9722 10.6826
42 515.499 722.189 5 4.59254 -65.6286 -108.038
43 515.226 722.608 5 4.5978 -60.4379 -179.082
44 514.952 723.027 5 4.65705 -58.7718 -156.495
45 514.679 723.446 5 4.76828 -79.1458 -2.41533
46 514.406 723.864 5 4.92796 -250 0
47 516.737 721.206 5 5.36511 -60.2753 -111.347
48 516.464 721.625 5 5.22808 -57.1826 26.6563
49 516.191 722.044 5 5.13626 -66.5447 173.383
50 515.918 722.463 5 5.0921 -76.5631 16.347
51 515.644 722.881 5 5.09685 -61.8423 100.505
52 515.371 723.3 5 5.15036 -56.7322 -96.7464
53 515.098 723.719 5 5.25115 -62.8198 57.2985
54 514.825 724.138 5 5.39657 -250 0
55 517.156 721.48 5 5.84145 -54.9421 18.1358
56 516.883 721.898 5 5.71585 -57.8012 -18.3729
57 516.61 722.317 5 5.63198 -55.3301 122.137
58 516.336 722.736 5 5.59174 -74.4058 168.109
59 516.063 723.155 5 5.59607 -67.6404 18.1113
60 515.79 723.573 5 5.64485 -55.6599 -166.503
61 515.517 723.992 5 5.73696 -61.2813 71.708
62 515.243 724.411 5 5.87035 -250 0
63 517.575 721.753 5 6.32144 -55.9487 169.565
64 517.302 722.172 5 6.20556 -56.6308 -125.526
65 517.028 722.59 5 6.12841 -64.4448 120.903
66 516.755 723.009 5 6.09145 -63.8634 -122.495
67 516.482 723.428 5 6.09541 -73.4345 -155.85
68 516.209 723.847 5 6.14023 -60.5044 167.256
69 515.935 724.265 5 6.22501 -59.7439 118.656
70 515.662 724.684 5 6.34816 -71.6807 -72.1086
71 517.994 722.026 5 6.80432 -51.3351 -104.509
72 517.72 722.445 5 6.6968 -53.4512 41.1133
73 517.447 722.864 5 6.62537 -58.7092 50.1905
74 517.174 723.282 5 6.59119 -61.2129 -101.406
75 516.901 723.701 5 6.59486 -69.082 26.8051
76 516.627 724.12 5 6.6363 -69.9387 -108.884
77 516.354 724.539 5 6.71483 -65.674 -18.3509
78 516.081 724.957 5 6.82915 -62.0887 100.951
