1 509.951 714.045 5 7.2111 -54.3387 -15.5133
2 510.37 714.318 5 6.80074 -55.0268 56.1817
3 510.79 714.59 5 6.40312 -60.3985 175.443
4 511.209 714.862 5 6.0208 -71.3998 -9.53073
5 511.628 715.135 5 5.65685 -57.9707 -8.17453
6 512.048 715.407 5 5.31507 -52.8459 9.49604
7 512.467 715.679 5 5 -51.4235 107.634
8 512.886 715.952 5 4.71699 -43.7818 11.1589
9 513.306 716.224 5 4.47214 -48.1521 -113.705
10 513.725 716.496 5 4.272 -51.044 -48.4553
11 514.144 716.769 5 4.12311 -47.6628 -61.9442
12 514.564 717.041 5 4.03113 -45.5317 -32.1298
13 514.983 717.313 5 4 -53.0624 25.4386
14 509.679 714.465 5 6.94622 -55.5661 63.9217
15 510.098 714.737 5 6.5192 -53.1345 121.995
16 510.517 715.009 5 6.10328 -57.4824 -48.093
17 510.937 715.282 5 5.70088 -51.8705 30.5202
18 511.356 715.554 5 5.31507 -52.1483 -13.6492
19 511.775 715.826 5 4.94975 -52.4847 -46.9991
20 512.195 716.099 5 4.60977 -48.6709 -94.9665
21 512.614 716.371 5 4.30116 -64.0488 38.2214
22 513.033 716.643 5 4.03113 -45.1657 -135.005
23 513.453 716.916 5 3.80789 -43.5565 58.8434
24 513.872 717.188 5 3.64006 -50.6408 -134.69
25 514.291 717.46 5 3.53553 -48.4251 78.1308
26 514.711 717.733 5 3.5 -50.113 -159.941
27 509.406 714.884 5 6.7082 -61.364 -118.363
28 509.826 715.156 5 6.26498 -51.8945 -168.313
29 510.245 715.429 5 5.83095 -57.2858 -78.3469
30 510.664 715.701 5 5.40833 -51.3914 119.232
31 511.084 715.973 5 5 -54.6843 -169.553
32 511.503 716.246 5 4.60977 -58.8018 174.6
33 511.922 716.518 5 4.24264 -71.3824 5.62268
34 512.342 716.79 5 3.90513 -52.4314 111.201
35 512.761 717.063 5 3.60555 -51.7335 -36.6949
36 513.18 717.335 5 3.3541 -58.5637 -129.713
37 513.6 717.607 5 3.16228 -60.1204 -73.3851
38 514.019 717.88 5 3.04138 -54.4956 -33.6516
39 514.438 718.152 5 3 -51.1631 75.1536
40 509.134 715.303 5 6.5 -63.1357 49.2415
41 509.553 715.576 5 6.04152 -59.0348 69.0896
42 509.973 715.848 5 5.59017 -55.6389 25.9291
43 510.392 716.12 5 5.14782 -53.2644 -163.158
44 510.811 716.393 5 4.71699 -47.9755 -41.2268
45 511.231 716.665 5 4.30116 -66.6576 -122.702
46 511.65 716.937 5 3.90513 -48.9126 128.623
47 512.069 717.21 5 3.53553 -61.0614 84.6272
48 512.489 717.482 5 3.20156 -56.4754 19.3233
49 512.908 717.754 5 2.91548 -46.6347 113.632
50 513.327 718.027 5 2.69258 -39.1589 -1.17964
51 513.747 718.299 5 2.54951 -43.7578 78.7048
52 514.166 718.571 5 2.5 -41.6728 -46.2897
53 508.862 715.723 5 6.32456 -58.8923 -143.269
54 509.281 715.995 5 5.85235 -63.9864 -149.811
55 509.7 716.267 5 5.38517 -59.9272 114.493
56 510.12 716.54 5 4.92443 -63.1823 -139.64
57 510.539 716.812 5 4.47214 -62.272 -58.7899
58 510.958 717.084 5 4.03113 -46.0893 119.856
59 511.378 717.357 5 3.60555 -48.3718 -56.2773
60 511.797 717.629 5 3.20156 -50.3093 20.7394
61 512.216 717.901 5 2.82843 -51.9224 11.6615
62 512.636 718.174 5 2.5 -49.2085 -120.561
63 513.055 718.446 5 2.23607 -41.1869 -58.8323
64 513.474 718.718 5 2.06155 -42.8689 117.647
65 513.894 718.991 5 2 -37.4923 -102.166
66 508.589 716.142 5 6.18466 -59.6872 -166.191
67 509.009 716.414 5 5.70088 -74.5304 18.5703
68 509.428 716.687 5 5.22015 -65.6086 96.0367
69 509.847 716.959 5 4.74342 -55.727 61.2383
70 510.267 717.231 5 4.272 -49.6819 -14.0118
71 510.686 717.504 5 3.80789 -57.3833 -97.7066
72 511.105 717.776 5 3.3541 -48.1219 -54.7035
73 511.525 718.048 5 2.91548 -46.7189 132.209
74 511.944 718.321 5 2.5 -48.8528 -133.266
75 512.363 718.593 5 2.12132 -48.1352 -137.645
76 512.783 718.865 5 1.80278 -46.053 87.2344
77 513.202 719.138 5 1.58114 -43.4407 -9.93391
78 513.621 719.41 5 1.5 -44.3177 -88.0673
79 510.414 717.923 5 3.64006 -54.821 81.9684
80 510.833 718.195 5 3.16228 -49.0289 54.8693
81 511.672 718.74 5 2.23607 -44.1577 -135.278
82 512.091 719.012 5 1.80278 -47.7835 85.6376
83 512.51 719.285 5 1.41421 -49.7285 86.3235
84 512.93 719.557 5 1.11803 -40.3335 -93.2712
85 513.349 719.829 5 1 -40.5509 -128.898
86 510.141 718.342 5 3.53553 -49.945 -3.7377
87 510.561 718.615 5 3.04138 -59.3366 -162.061
88 511.399 719.159 5 2.06155 -51.391 117.036
89 511.819 719.432 5 1.58114 -39.743 -5.54059
90 512.238 719.704 5 1.11803 -38.5221 -81.5407
91 512.657 719.976 5 0.707107 -38.6312 8.59172
92 513.077 720.249 5 0.5 -32.9441 -107.856
93 509.869 718.762 5 3.5 -54.5412 147.858
94 510.288 719.034 5 3 -64.0448 -52.6155
95 511.127 719.579 5 2 -42.5853 79.9174
96 511.546 719.851 5 1.5 -41.6131 139.946
97 511.966 720.123 5 1 -41.0842 -99.0084
98 512.385 720.396 5 0.5 -32.7256 -108.549
99 512.804 720.668 5 0 -28.7392 73.8128
100 509.597 719.181 5 3.53553 -61.6177 -67.6658
101 510.016 719.453 5 3.04138 -61.4268 1.29206
102 509.324 719.6 5 3.64006 -63.1616 -62.5265
103 509.744 719.873 5 3.16228 -66.9557 -58.3357
104 509.052 720.02 5 3.80789 -56.1318 -43.8449
105 509.471 720.292 5 3.3541 -62.9697 82.8184
