1 505.473 717.831 5 6.05575 -81.5254 -76.8913
2 505.747 717.412 5 5.81313 -72.1285 160.962
3 506.02 716.994 5 5.60472 -69.6864 -25.3919
4 506.294 716.575 5 5.43446 -69.9274 -64.7875
5 506.567 716.157 5 5.30601 -86.5306 51.596
6 505.891 718.104 5 5.63363 -78.3221 -94.1073
7 506.165 717.686 5 5.37198 -67.7276 62.5187
8 506.439 717.267 5 5.14573 -73.8109 -136.041
9 506.712 716.849 5 4.95973 -69.7966 97.1594
10 506.986 716.43 5 4.81864 -83.225 -148.393
11 506.31 718.378 5 5.22526 -77.0256 115.97
12 506.584 717.96 5 4.94204 -75.2885 7.08692
13 506.857 717.541 5 4.69512 -65.6979 -131.488
14 507.131 717.123 5 4.4905 -65.0023 12.2371
15 507.404 716.704 5 4.33416 -69.3888 -90.5326
16 506.728 718.652 5 4.83415 -63.3585 41.3344
17 507.002 718.233 5 4.52652 -76.1516 133.038
18 507.276 717.815 5 4.25556 -66.157 154.365
19 507.549 717.396 5 4.02867 -71.2278 167.974
20 507.823 716.978 5 3.85365 -67.97 159.906
21 507.147 718.925 5 4.46482 -63.6105 -40.0648
22 507.421 718.507 5 4.12977 -68.7173 65.9068
23 507.694 718.088 5 3.83085 -67.4583 22.7526
24 507.968 717.67 5 3.57713 -64.2646 -118.25
25 508.241 717.251 5 3.37879 -62.5224 128.843
26 507.565 719.199 5 4.12314 -70.6563 -34.6195
27 507.839 718.78 5 3.75775 -75.5638 0.82681
28 508.113 718.362 5 3.42652 -71.2477 81.328
29 508.386 717.943 5 3.1403 -72.469 59.7087
30 508.66 717.525 5 2.91236 -67.4835 93.288
31 507.984 719.472 5 3.81653 -62.1097 -115.651
32 508.258 719.054 5 3.41852 -78.5139 -1.14601
33 508.531 718.635 5 3.05069 -75.3042 -152.169
34 508.805 718.217 5 2.72527 -67.0545 63.1904
35 509.078 717.798 5 2.45916 -76.8366 116.461
36 508.402 719.746 5 3.55409 -63.7312 73.415
37 508.676 719.328 5 3.12281 -62.8773 33.7544
38 508.95 718.909 5 2.7152 -70.9102 162.687
39 509.223 718.491 5 2.34366 -58.4564 174.829
40 509.497 718.072 5 2.02808 -72.4997 168.086
