1 514.644 719.84 5 4.90013 -87.6543 97.4779
2 514.371 720.259 5 4.64288 -82.1191 -83.7104
3 514.097 720.678 5 4.42735 -100.58 -146.495
4 513.824 721.096 5 4.25987 -83.804 -120.598
5 513.551 721.515 5 4.14627 -80.9362 -40.1922
6 513.278 721.934 5 4.09105 -69.6522 -53.9698
7 513.004 722.353 5 4.09655 -71.9375 44.7046
8 512.731 722.771 5 4.16255 -68.2716 112.564
9 512.458 723.19 5 4.28624 -94.9008 -123.435
10 512.185 723.609 5 4.46284 -92.3178 2.31976
11 515.063 720.113 5 5.32421 -88.0641 53.4819
12 514.789 720.532 5 5.08845 -88.5805 -47.3978
13 514.516 720.951 5 4.89258 -84.6342 -30.2393
14 514.243 721.37 5 4.74156 -91.1698 -2.47787
15 513.97 721.788 5 4.63977 -91.4638 -127.027
16 513.696 722.207 5 4.59049 -100.322 -47.0594
17 513.423 722.626 5 4.59539 -85.276 -44.3843
18 513.15 723.045 5 4.65432 -78.051 -164.525
19 512.877 723.463 5 4.76527 -83.5877 -119.459
20 512.603 723.882 5 4.92472 -94.852 -69.54
21 515.481 720.387 5 5.76048 -83.8775 -134.004
22 515.208 720.805 5 5.5433 -81.906 -172.979
23 514.935 721.224 5 5.36407 -86.9988 -171.712
24 514.662 721.643 5 5.22669 -88.4714 -37.4087
25 514.388 722.062 5 5.13453 -96.588 -94.8882
26 514.115 722.48 5 5.09004 -96.3365 55.6628
27 513.842 722.899 5 5.09446 -93.9897 168.765
28 513.568 723.318 5 5.14768 -94.3902 50.3854
29 513.295 723.737 5 5.24821 -97.876 120.615
30 513.022 724.155 5 5.3934 -91.5011 -99.1185
31 515.9 720.66 5 6.20637 -82.0741 -146.49
32 515.627 721.079 5 6.00534 -94.5365 -29.0831
33 515.353 721.497 5 5.84031 -91.7219 55.4271
34 515.08 721.916 5 5.71439 -85.1588 16.7186
35 514.807 722.335 5 5.63021 -91.772 152.62
36 514.534 722.754 5 5.58967 -106.795 107.51
37 514.26 723.172 5 5.5937 -87.8147 -23.0763
38 513.987 723.591 5 5.64221 -85.6953 -131.745
39 516.319 720.933 5 6.65995 -80.3124 58.6985
40 516.045 721.352 5 6.47302 -90.4465 129.526
41 515.772 721.771 5 6.32021 -88.873 162.426
42 515.499 722.189 5 6.20404 -84.1481 -98.3847
43 515.226 722.608 5 6.1266 -92.3247 -137.339
44 514.952 723.027 5 6.08936 -85.5753 -62.7421
45 514.679 723.446 5 6.09306 -89.5466 3.3291
46 514.406 723.864 5 6.13763 -132.068 -105.469
47 516.737 721.206 5 7.11975 -91.8791 117.932
48 516.464 721.625 5 6.94521 -76.1307 -151.939
49 516.191 722.044 5 6.80301 -89.9485 -7.84591
50 515.918 722.463 5 6.69523 -82.5995 5.83196
51 515.644 722.881 5 6.62353 -86.9258 107.923
52 515.371 723.3 5 6.5891 -86.6842 118.804
53 515.098 723.719 5 6.59252 -85.3246 82.8565
54 514.825 724.138 5 6.63373 -132.297 -85.4228
55 517.156 721.48 5 7.58464 -91.7964 49.4594
56 516.883 721.898 5 7.42104 -81.7146 76.9502
57 516.61 722.317 5 7.28814 -84.2241 -19.6932
58 516.336 722.736 5 7.18763 -81.5443 -148.626
59 516.063 723.155 5 7.12089 -89.2036 -154.649
60 515.79 723.573 5 7.08887 -87.6896 124.687
61 515.517 723.992 5 7.09205 -84.7008 -22.0282
62 515.243 724.411 5 7.13038 -163.44 154.433
63 517.575 721.753 5 8.05374 -94.0593 -131.312
64 517.302 722.172 5 7.89986 -89.8622 -58.828
65 517.028 722.59 5 7.77514 -85.8682 -142.707
66 516.755 723.009 5 7.68101 -86.115 75.6771
67 516.482 723.428 5 7.61859 -80.955 -30.7694
68 516.209 723.847 5 7.58868 -88.3711 96.5241
69 515.935 724.265 5 7.59165 -92.033 36.3259
70 515.662 724.684 5 7.62746 -86.5812 89.3505
71 517.994 722.026 5 8.52635 -100.323 34.3676
72 517.72 722.445 5 8.38115 -91.3367 145.517
73 517.447 722.864 5 8.2637 -85.1494 122.187
74 517.174 723.282 5 8.17519 -86.9724 59.2306
75 516.901 723.701 5 8.11658 -89.7692 -53.8683
76 516.627 724.12 5 8.08851 -90.5553 -164.448
77 516.354 724.539 5 8.09129 -83.2564 -103.103
78 516.081 724.957 5 8.12491 -89.8288 -148.363
