1 514.644 719.84 5 5.87564 -64.1346 148.578
2 514.371 720.259 5 6.0469 -68.6246 61.5049
3 514.097 720.678 5 6.25354 -53.2056 -127.924
4 513.824 721.096 5 6.49219 -58.921 -85.3629
5 513.551 721.515 5 6.75946 -65.3866 5.32028
6 513.278 721.934 5 7.05209 -67.7406 -8.65617
7 513.004 722.353 5 7.36707 -78.5785 93.7837
8 512.731 722.771 5 7.70166 -60.9391 -93.9656
9 512.458 723.19 5 8.0534 -74.6943 -83.7295
10 512.185 723.609 5 8.42016 -82.7201 59.6996
11 515.063 720.113 5 6.35366 -61.1074 -16.1025
12 514.789 720.532 5 6.51235 -72.255 162.829
13 514.516 720.951 5 6.70466 -56.6444 -9.29607
14 514.243 721.37 5 6.92779 -50.0186 69.8093
15 513.97 721.788 5 7.17886 -74.3168 57.5769
16 513.696 722.207 5 7.45505 -74.6809 -162.853
17 513.423 722.626 5 7.75368 -68.4249 -22.6955
18 513.15 723.045 5 8.07226 -70.0522 -49.517
19 512.877 723.463 5 8.40851 -94.5913 -125.904
20 512.603 723.882 5 8.76042 -80.0104 144.329
21 515.481 720.387 5 6.83482 -56.3036 -31.277
22 515.208 720.805 5 6.98259 -61.8266 -75.1192
23 514.935 721.224 5 7.16228 -60.1251 111.034
24 514.662 721.643 5 7.37157 -55.1892 -128.097
25 514.388 722.062 5 7.60801 -54.0806 -109.008
26 514.115 722.48 5 7.86915 -68.0013 97.8668
27 513.842 722.899 5 8.15263 -68.2135 68.0119
28 513.568 723.318 5 8.45619 -81.3552 -35.4135
29 513.295 723.737 5 8.77775 -73.1893 124.278
30 513.022 724.155 5 9.11541 -90.2479 -126.277
31 515.9 720.66 5 7.3185 -59.0126 23.8476
32 515.627 721.079 5 7.45669 -68.4422 124.465
33 515.353 721.497 5 7.62522 -68.0817 141.011
34 515.08 721.916 5 7.82214 -56.0129 35.4135
35 514.807 722.335 5 8.04535 -56.7834 109.273
36 514.534 722.754 5 8.29273 -63.8839 -35.2736
37 514.26 723.172 5 8.56219 -65.9757 150.76
38 513.987 723.591 5 8.85172 -75.981 154.483
39 516.319 720.933 5 7.80425 -52.9544 -121.244
40 516.045 721.352 5 7.93398 -76.9071 113.631
41 515.772 721.771 5 8.09258 -59.5546 -150.699
42 515.499 722.189 5 8.27838 -56.6881 -177.768
43 515.226 722.608 5 8.4896 -54.2766 -74.4103
44 514.952 723.027 5 8.7244 -53.282 -55.4297
45 514.679 723.446 5 8.98092 -60.9061 70.138
46 514.406 723.864 5 9.25736 -129.393 -72.3804
47 516.737 721.206 5 8.29169 -69.4651 45.3637
48 516.464 721.625 5 8.41391 -63.7429 109.952
49 516.191 722.044 5 8.56362 -68.3078 142.317
50 515.918 722.463 5 8.73942 -73.2426 163.865
51 515.644 722.881 5 8.93975 -57.3316 46.8447
52 515.371 723.3 5 9.16302 -54.7682 141.725
53 515.098 723.719 5 9.40759 -62.605 103.386
54 514.825 724.138 5 9.67184 -118.117 112.654
55 517.156 721.48 5 8.78054 -60.4288 124.152
56 516.883 721.898 5 8.89605 -54.4014 -145.502
57 516.61 722.317 5 9.03778 -62.93 59.3663
58 516.336 722.736 5 9.20452 -68.5232 -36.0878
59 516.063 723.155 5 9.39494 -60.257 -142.934
60 515.79 723.573 5 9.60764 -55.8968 -49.5995
61 515.517 723.992 5 9.84116 -63.8744 -77.3024
62 515.243 724.411 5 10.0941 -131.559 54.4948
63 517.575 721.753 5 9.27058 -66.5388 11.6254
64 517.302 722.172 5 9.38005 -72.1182 141.548
65 517.028 722.59 5 9.51458 -63.537 144.753
66 516.755 723.009 5 9.6731 -81.586 -29.7722
67 516.482 723.428 5 9.85448 -77.3893 114.131
68 516.209 723.847 5 10.0575 -58.1417 102.043
69 515.935 724.265 5 10.2808 -61.3722 154.024
70 515.662 724.684 5 10.5231 -69.5462 68.4932
71 517.994 722.026 5 9.76163 -64.2638 94.0895
72 517.72 722.445 5 9.86566 -61.3499 63.2949
73 517.447 722.864 5 9.99365 -59.7815 -107.01
74 517.174 723.282 5 10.1447 -78.7262 -131.429
75 516.901 723.701 5 10.3178 -67.1403 -22.7751
76 516.627 724.12 5 10.5118 -63.6824 -146.725
77 516.354 724.539 5 10.7257 -57.7809 -42.1388
78 516.081 724.957 5 10.9582 -69.7941 -40.9987
