1 505.473 717.831 5 6.23509 -70.3615 -163.74
2 505.747 717.412 5 5.87365 -60.4952 139.683
3 506.02 716.994 5 5.53382 -74.8039 -42.1237
4 506.294 716.575 5 5.21983 -60.4407 88.165
5 506.567 716.157 5 4.9366 -68.8574 -170.147
6 505.891 718.104 5 5.91156 -64.9766 42.5679
7 506.165 717.686 5 5.52901 -58.9714 55.3373
8 506.439 717.267 5 5.16656 -59.6338 13.9112
9 506.712 716.849 5 4.82874 -62.9761 -158.414
10 506.986 716.43 5 4.52108 -60.2309 -60.9036
11 506.31 718.378 5 5.61397 -55.9809 -129.333
12 506.584 717.96 5 5.20961 -73.4327 -54.7923
13 506.857 717.541 5 4.82322 -59.2392 -57.8822
14 507.131 717.123 5 4.45948 -60.0226 -142.477
15 507.404 716.704 5 4.12436 -66.8599 84.4684
16 506.728 718.652 5 5.34666 -61.2756 -65.5736
17 507.002 718.233 5 4.92039 -58.5102 62.3789
18 507.276 717.815 5 4.50929 -58.7534 176.691
19 507.549 717.396 5 4.1179 -56.8636 136.882
20 507.823 716.978 5 3.7524 -55.6286 121.787
21 507.147 718.925 5 5.11439 -64.7489 -114.923
22 507.421 718.507 5 4.66695 -64.1555 66.1584
23 507.694 718.088 5 4.23129 -58.2821 -96.5518
24 507.968 717.67 5 3.81146 -59.9977 -9.68064
25 508.241 717.251 5 3.4133 -58.7235 54.2875
26 507.565 719.199 5 4.92211 -60.1096 135.983
27 507.839 718.78 5 4.4554 -66.8556 -164.269
28 508.113 718.362 5 3.99674 -72.4479 72.0037
29 508.386 717.943 5 3.54928 -55.3285 64.8955
30 508.66 717.525 5 3.11782 -57.6707 -126.918
31 507.984 719.472 5 4.77465 -66.1857 61.7694
32 508.258 719.054 5 4.29193 -60.8361 18.0012
33 508.531 718.635 5 3.81368 -62.2148 34.7788
34 508.805 718.217 5 3.34179 -65.5975 -40.5943
35 509.078 717.798 5 2.8794 -62.8883 -79.788
36 508.402 719.746 5 4.67626 -66.6588 -9.67761
37 508.676 719.328 5 4.18221 -62.974 -122.795
38 508.95 718.909 5 3.68975 -69.948 33.6467
39 509.223 718.491 5 3.19964 -64.9847 -145.41
40 509.497 718.072 5 2.71314 -75.2677 -23.7118
