1 505.473 717.831 5 5.86389 -70.2414 -18.8073
2 505.747 717.412 5 5.38667 -75.5841 -35.1987
3 506.02 716.994 5 4.91398 -69.5416 -40.4061
4 506.294 716.575 5 4.44727 -74.9216 3.80725
5 506.567 716.157 5 3.98863 -64.6693 52.6849
6 505.891 718.104 5 5.74094 -63.8567 138.057
7 506.165 717.686 5 5.25256 -62.0231 132.004
8 506.439 717.267 5 4.76659 -62.6472 109.664
9 506.712 716.849 5 4.28385 -64.1818 129.148
10 506.986 716.43 5 3.80556 -57.3256 116.165
11 506.31 718.378 5 5.65964 -51.4065 -121.343
12 506.584 717.96 5 5.16358 -50.9003 -127.638
13 506.857 717.541 5 4.66835 -52.7101 -138.16
14 507.131 717.123 5 4.17427 -55.1131 -80.5109
15 507.404 716.704 5 3.68178 -58.3255 -90.2002
16 506.728 718.652 5 5.62181 -51.176 -29.3698
17 507.002 718.233 5 5.12208 -50.6427 -24.1876
18 507.276 717.815 5 4.62241 -48.4955 -45.6742
19 507.549 717.396 5 4.12282 -47.0889 -42.7483
20 507.823 716.978 5 3.62335 -48.2233 -48.1118
21 507.147 718.925 5 5.62831 -53.2044 -27.2556
22 507.421 718.507 5 5.12922 -53.7807 -14.1082
23 507.694 718.088 5 4.63032 -53.1267 -41.2319
24 507.968 717.67 5 4.13169 -50.8707 -33.8696
25 508.241 717.251 5 3.63343 -49.6812 -41.1987
26 507.565 719.199 5 5.679 -55.6605 -124.209
27 507.839 718.78 5 5.18479 -59.9475 -158.595
28 508.113 718.362 5 4.6918 -59.1529 -169.565
29 508.386 717.943 5 4.20047 -61.7442 126.262
30 508.66 717.525 5 3.71146 -68.6013 119.028
31 507.984 719.472 5 5.77271 -60.413 -103.139
32 508.258 719.054 5 5.28727 -69.3236 161.609
33 508.531 718.635 5 4.80481 -59.029 161.475
34 508.805 718.217 5 4.32633 -59.8314 115.44
35 509.078 717.798 5 3.85333 -72.7997 23.3347
36 508.402 719.746 5 5.9074 -57.6282 -127.704
37 508.676 719.328 5 5.434 -69.2937 92.148
38 508.95 718.909 5 4.96582 -79.6064 -25.7075
39 509.223 718.491 5 4.50448 -78.8944 -96.4632
40 509.497 718.072 5 4.05232 -82.6441 -110.606
