1 505.473 717.831 5 5.14786 -67.1785 43.103
2 505.747 717.412 5 4.96209 -69.3519 -120.512
3 506.02 716.994 5 4.82123 -67.6045 -150.823
4 506.294 716.575 5 4.72929 -74.1485 57.9814
5 506.567 716.157 5 4.68914 -67.7676 5.82785
6 505.891 718.104 5 4.69713 -66.488 -149.431
7 506.165 717.686 5 4.49277 -73.4419 -105.73
8 506.439 717.267 5 4.33669 -62.3188 122.308
9 506.712 716.849 5 4.23424 -63.3011 -43.3881
10 506.986 716.43 5 4.18935 -62.1946 -43.28
11 506.31 718.378 5 4.25743 -67.1332 -38.9104
12 506.584 717.96 5 4.03083 -63.8039 173.66
13 506.857 717.541 5 3.85609 -59.3526 163.262
14 507.131 717.123 5 3.7405 -58.7263 -137.247
15 507.404 716.704 5 3.68962 -64.0842 -32.7922
16 506.728 718.652 5 3.83253 -67.2444 67.7858
17 507.002 718.233 5 3.57913 -63.8422 36.5352
18 507.276 717.815 5 3.38113 -65.6864 138.025
19 507.549 717.396 5 3.24869 -60.3623 168.333
20 507.823 716.978 5 3.18996 -69.8856 91.0481
21 507.147 718.925 5 3.42796 -71.6552 -67.475
22 507.421 718.507 5 3.1421 -58.9416 23.815
23 507.694 718.088 5 2.91456 -57.5191 12.2585
24 507.968 717.67 5 2.75982 -65.3739 -108.225
25 508.241 717.251 5 2.69044 -63.9961 137.669
26 507.565 719.199 5 3.0518 -63.4741 -32.6635
27 507.839 718.78 5 2.72679 -55.693 -45.84
28 508.113 718.362 5 2.46116 -57.0426 0.184243
29 508.386 717.943 5 2.27578 -55.7335 -35.7319
30 508.66 717.525 5 2.19114 -59.9945 79.8562
31 507.984 719.472 5 2.7159 -62.8361 167.204
32 508.258 719.054 5 2.34478 -71.1825 176.095
33 508.531 718.635 5 2.02975 -62.8565 -151.419
34 508.805 718.217 5 1.8005 -65.4935 -128.622
35 509.078 717.798 5 1.69225 -64.1658 -131.42
36 508.402 719.746 5 2.43695 -51.3518 73.0171
37 508.676 719.328 5 2.0151 -58.8394 17.0491
38 508.95 718.909 5 1.63784 -57.6012 88.9773
39 509.223 718.491 5 1.34328 -53.4557 134.027
40 509.497 718.072 5 1.19428 -58.143 -120.464
