1 505.473 717.831 5 6.40062 -71.3692 67.214
2 505.747 717.412 5 6.29168 -73.0527 147.698
3 506.02 716.994 5 6.22114 -66.7878 21.4165
4 506.294 716.575 5 6.19031 -76.4899 -129.481
5 506.567 716.157 5 6.19979 -78.0353 -109.394
6 505.891 718.104 5 5.91853 -68.0833 12.0107
7 506.165 717.686 5 5.80055 -72.3803 -130.303
8 506.439 717.267 5 5.72396 -70.4699 -11.7431
9 506.712 716.849 5 5.69044 -72.5263 -156.674
10 506.986 716.43 5 5.70074 -79.0259 150.266
11 506.31 718.378 5 5.43968 -74.7452 -46.2342
12 506.584 717.96 5 5.31107 -73.828 -147.79
13 506.857 717.541 5 5.22732 -83.9304 149.636
14 507.131 717.123 5 5.19059 -66.5474 -156.109
15 507.404 716.704 5 5.20188 -71.071 67.998
16 506.728 718.652 5 4.965 -72.1059 144.25
17 507.002 718.233 5 4.82375 -75.3855 80.1113
18 507.276 717.815 5 4.73138 -67.6193 -41.2608
19 507.549 717.396 5 4.69077 -65.9487 120.631
20 507.823 716.978 5 4.70326 -66.6304 28.4229
21 507.147 718.925 5 4.49581 -71.3009 71.642
22 507.421 718.507 5 4.33932 -75.2523 47.4578
23 507.694 718.088 5 4.2364 -77.9996 -124.84
24 507.968 717.67 5 4.19099 -74.4739 70.4317
25 508.241 717.251 5 4.20497 -67.6739 -29.2955
26 507.565 719.199 5 4.03403 -93.8875 155.31
27 507.839 718.78 5 3.85886 -71.7705 144.874
28 508.113 718.362 5 3.74275 -73.7212 28.3789
29 508.386 717.943 5 3.69128 -72.6694 -67.2382
30 508.66 717.525 5 3.70714 -70.2077 -172.845
31 507.984 719.472 5 3.58253 -78.2611 107.08
32 508.258 719.054 5 3.38407 -92.9805 149.727
33 508.531 718.635 5 3.25104 -97.7823 -98.6045
34 508.805 718.217 5 3.19165 -89.7572 -98.7678
35 509.078 717.798 5 3.20998 -74.045 3.33546
36 508.402 719.746 5 3.14573 -79.8004 -101.916
37 508.676 719.328 5 2.91771 -88.652 -95.3687
38 508.95 718.909 5 2.76231 -111.004 -83.4255
39 509.223 718.491 5 2.69216 -103.161 175.451
40 509.497 718.072 5 2.71387 -102.401 150.353
