1 514.644 719.84 5 6.64069 -74.4004 113.53
2 514.371 720.259 5 6.71851 -61.1217 -32.1188
3 514.097 720.678 5 6.83212 -76.6802 169.397
4 513.824 721.096 5 6.97979 -56.9364 -111.58
5 513.551 721.515 5 7.1594 -67.1233 -52.2574
6 513.278 721.934 5 7.36863 -76.7146 40.221
7 513.004 722.353 5 7.60501 -90.0248 -84.6972
8 512.731 722.771 5 7.86612 -71.8891 -142.63
9 512.458 723.19 5 8.14956 -82.7465 -51.6688
10 512.185 723.609 5 8.4531 -91.715 126.298
11 515.063 720.113 5 7.13739 -63.3509 -120.76
12 514.789 720.532 5 7.20985 -60.5091 -32.8386
13 514.516 720.951 5 7.31584 -62.834 33.1689
14 514.243 721.37 5 7.45393 -58.784 -33.8611
15 513.97 721.788 5 7.62238 -86.6181 15
16 513.696 722.207 5 7.81922 -86.8722 -6.15986
17 513.423 722.626 5 8.04238 -81.1261 30.0247
18 513.15 723.045 5 8.28972 -83.1068 52.2407
19 512.877 723.463 5 8.55915 -90.5392 -92.8163
20 512.603 723.882 5 8.84865 -94.3264 -20.4132
21 515.481 720.387 5 7.63452 -74.1468 -12.9643
22 515.208 720.805 5 7.70231 -58.275 23.4569
23 514.935 721.224 5 7.80161 -58.3046 105.509
24 514.662 721.643 5 7.93125 -57.6871 75.6352
25 514.388 722.062 5 8.08976 -60.503 83.5006
26 514.115 722.48 5 8.27549 -79.5675 -166.308
27 513.842 722.899 5 8.48666 -89.2857 3.98925
28 513.568 723.318 5 8.72141 -77.7883 -77.457
29 513.295 723.737 5 8.97789 -86.5678 -118.52
30 513.022 724.155 5 9.2543 -98.2443 122.68
31 515.9 720.66 5 8.13201 -64.4721 -8.36259
32 515.627 721.079 5 8.19568 -73.949 -38.6437
33 515.353 721.497 5 8.28907 -56.5791 144.654
34 515.08 721.916 5 8.4112 -63.6307 151.164
35 514.807 722.335 5 8.56083 -66.4972 -56.1627
36 514.534 722.754 5 8.73656 -61.7244 -131.553
37 514.26 723.172 5 8.93683 -78.835 -51.1684
38 513.987 723.591 5 9.16005 -87.9861 -158.647
39 516.319 720.933 5 8.62978 -64.2005 -45.6952
40 516.045 721.352 5 8.6898 -64.8545 -82.4239
41 515.772 721.771 5 8.77794 -61.8534 -173.133
42 515.499 722.189 5 8.89336 -60.6507 171.895
43 515.226 722.608 5 9.03501 -64.5494 124.328
44 514.952 723.027 5 9.20168 -74.6416 42.3723
45 514.679 723.446 5 9.39205 -64.2517 6.81353
46 514.406 723.864 5 9.60469 -124.921 41.1281
47 516.737 721.206 5 9.1278 -61.0881 108.811
48 516.464 721.625 5 9.18457 -65.2561 -43.3151
49 516.191 722.044 5 9.268 -58.8801 -139.192
50 515.918 722.463 5 9.37739 -56.0724 -113.507
51 515.644 722.881 5 9.51183 -69.8963 -154.937
52 515.371 723.3 5 9.67029 -72.625 -7.92426
53 515.098 723.719 5 9.85161 -70.4933 -48.8217
54 514.825 724.138 5 10.0545 -133.477 -13.9303
55 517.156 721.48 5 9.62602 -65.5364 129.508
56 516.883 721.898 5 9.67987 -63.2266 -45.7389
57 516.61 722.317 5 9.75907 -59.6061 -134.22
58 516.336 722.736 5 9.86301 -64.9124 -73.5166
59 516.063 723.155 5 9.99092 -63.0063 -15.1488
60 515.79 723.573 5 10.1419 -63.3254 113.597
61 515.517 723.992 5 10.3149 -68.9124 105.322
62 515.243 724.411 5 10.5089 -135.883 -30.2179
63 517.575 721.753 5 10.1244 -62.7468 107.814
64 517.302 722.172 5 10.1756 -71.4728 -151.103
65 517.028 722.59 5 10.251 -58.7881 -173.389
66 516.755 723.009 5 10.35 -64.5348 -34.6773
67 516.482 723.428 5 10.472 -64.3451 -38.6666
68 516.209 723.847 5 10.6161 -66.526 -139.742
69 515.935 724.265 5 10.7815 -75.0186 -57.4761
70 515.662 724.684 5 10.9673 -79.5895 -107.769
71 517.994 722.026 5 10.623 -80.6311 141.464
72 517.72 722.445 5 10.6718 -66.9475 -129.328
73 517.447 722.864 5 10.7437 -81.7423 -37.6618
74 517.174 723.282 5 10.8382 -64.0352 16.0081
75 516.901 723.701 5 10.9547 -58.4303 16.4008
76 516.627 724.12 5 11.0926 -68.2783 50.881
77 516.354 724.539 5 11.251 -71.3771 -120.771
78 516.081 724.957 5 11.4291 -74.6303 87.1599
