1 514.644 719.84 5 6.04791 -62.7779 39.117
2 514.371 720.259 5 6.25452 -66.677 137.159
3 514.097 720.678 5 6.49313 -54.9017 -171.674
4 513.824 721.096 5 6.76036 -52.6889 -124.643
5 513.551 721.515 5 7.05296 -63.7605 -96.2158
6 513.278 721.934 5 7.36791 -73.2522 -43.3789
7 513.004 722.353 5 7.70246 -69.1395 4.06811
8 512.731 722.771 5 8.05417 -64.3832 -36.9577
9 512.458 723.19 5 8.42089 -87.1223 -54.0382
10 512.185 723.609 5 8.80075 -88.6551 -105.776
11 515.063 720.113 5 6.51338 -61.2977 81.76
12 514.789 720.532 5 6.70566 -70.941 -98.7729
13 514.516 720.951 5 6.92875 -55.381 54.3881
14 514.243 721.37 5 7.17979 -62.1981 34.1479
15 513.97 721.788 5 7.45595 -67.528 44.5641
16 513.696 722.207 5 7.75454 -64.1568 14.3975
17 513.423 722.626 5 8.07308 -75.6607 9.67098
18 513.15 723.045 5 8.40931 -71.1297 -41.0921
19 512.877 723.463 5 8.76118 -99.6792 -171.033
20 512.603 723.882 5 9.12688 -84.194 79.0086
21 515.481 720.387 5 6.98362 -75.7137 123.087
22 515.208 720.805 5 7.16329 -69.176 22.6324
23 514.935 721.224 5 7.37255 -77.4069 128.115
24 514.662 721.643 5 7.60896 -52.84 -112.002
25 514.388 722.062 5 7.87007 -59.4683 -57.5197
26 514.115 722.48 5 8.15351 -69.0005 100.948
27 513.842 722.899 5 8.45704 -72.5054 166.506
28 513.568 723.318 5 8.77857 -68.9254 2.74801
29 513.295 723.737 5 9.1162 -72.072 81.9084
30 513.022 724.155 5 9.4682 -81.6539 -115.89
31 515.9 720.66 5 7.45774 -60.9692 80.7929
32 515.627 721.079 5 7.62624 -55.4971 84.9315
33 515.353 721.497 5 7.82313 -66.6434 -48.1617
34 515.08 721.916 5 8.04631 -54.0756 88.1085
35 514.807 722.335 5 8.29367 -55.4391 79.432
36 514.534 722.754 5 8.5631 -59.5191 -163.29
37 514.26 723.172 5 8.8526 -69.8318 -152.792
38 513.987 723.591 5 9.16025 -72.2294 146.559
39 516.319 720.933 5 7.93503 -69.0364 24.7588
40 516.045 721.352 5 8.09361 -57.1967 -76.4402
41 515.772 721.771 5 8.27939 -56.3106 -6.67625
42 515.499 722.189 5 8.49058 -63.0498 -165.766
43 515.226 722.608 5 8.72535 -55.5148 -42.1104
44 514.952 723.027 5 8.98185 -61.4964 -89.7004
45 514.679 723.446 5 9.25826 -60.3326 -46.5333
46 514.406 723.864 5 9.55286 -108.37 -130.965
47 516.737 721.206 5 8.41496 -56.0615 -142.303
48 516.464 721.625 5 8.56466 -56.8786 -154.3
49 516.191 722.044 5 8.74043 -54.1045 122.276
50 515.918 722.463 5 8.94074 -83.477 129.442
51 515.644 722.881 5 9.16399 -63.7407 134.192
52 515.371 723.3 5 9.40853 -56.043 164.922
53 515.098 723.719 5 9.67276 -66.4743 131.958
54 514.825 724.138 5 9.9551 -121.272 131.554
55 517.156 721.48 5 8.8971 -71.5086 -82.7509
56 516.883 721.898 5 9.03882 -67.67 -93.6627
57 516.61 722.317 5 9.20554 -64.5659 -1.14666
58 516.336 722.736 5 9.39594 -70.407 -25.0238
59 516.063 723.155 5 9.60862 -66.3762 -159.102
60 515.79 723.573 5 9.84212 -57.9975 -16.3363
61 515.517 723.992 5 10.095 -55.9522 -50.8712
62 515.243 724.411 5 10.3658 -120.581 -22.6391
63 517.575 721.753 5 9.38112 -70.5886 97.954
64 517.302 722.172 5 9.51562 -60.9551 -85.2114
65 517.028 722.59 5 9.67413 -65.6689 -24.7676
66 516.755 723.009 5 9.85549 -60.1962 -166.041
67 516.482 723.428 5 10.0585 -72.6229 -76.2429
68 516.209 723.847 5 10.2817 -60.2635 164.417
69 515.935 724.265 5 10.5241 -57.159 -173.88
70 515.662 724.684 5 10.7841 -73.7697 -50.7551
71 517.994 722.026 5 9.86672 -67.589 -172.426
72 517.72 722.445 5 9.9947 -67.9782 -81.4681
73 517.447 722.864 5 10.1457 -65.3208 164.96
74 517.174 723.282 5 10.3188 -61.3862 59.4518
75 516.901 723.701 5 10.5128 -57.6584 -14.072
76 516.627 724.12 5 10.7267 -68.7181 -137.559
77 516.354 724.539 5 10.9591 -61.7474 10.5235
78 516.081 724.957 5 11.2091 -62.5102 77.4778
