1 509.951 714.045 5 6.26498 -51.4085 120.852
2 510.37 714.318 5 6.04152 -50.7002 59.1606
3 510.79 714.59 5 5.85235 -52.7083 -73.2963
4 511.209 714.862 5 5.70088 -56.1495 -174.356
5 511.628 715.135 5 5.59017 -52.1617 116.415
6 512.048 715.407 5 5.52268 -58.1385 -168.285
7 512.467 715.679 5 5.5 -46.4247 -6.75132
8 512.886 715.952 5 5.52268 -55.7644 -7.29365
9 513.306 716.224 5 5.59017 -53.0425 159.948
10 513.725 716.496 5 5.70088 -49.7471 -46.67
11 514.144 716.769 5 5.85235 -53.5715 16.4515
12 514.564 717.041 5 6.04152 -68.1283 178.265
13 514.983 717.313 5 6.26498 -79.7417 102.534
14 509.679 714.465 5 5.83095 -59.9414 -23.7867
15 510.098 714.737 5 5.59017 -62.6752 -166.498
16 510.517 715.009 5 5.38516 -57.3609 -76.8834
17 510.937 715.282 5 5.22015 -50.7569 116.543
18 511.356 715.554 5 5.09902 -53.9675 55.1518
19 511.775 715.826 5 5.02494 -79.2104 110.802
20 512.195 716.099 5 5 -45.3661 -32.1355
21 512.614 716.371 5 5.02494 -50.4384 -81.4483
22 513.033 716.643 5 5.09902 -49.948 112.2
23 513.453 716.916 5 5.22015 -55.3108 119.003
24 513.872 717.188 5 5.38517 -53.8804 134.316
25 514.291 717.46 5 5.59017 -53.6282 -115.805
26 514.711 717.733 5 5.83095 -60.3686 -32.2902
27 509.406 714.884 5 5.40833 -60.6901 61.6006
28 509.826 715.156 5 5.14782 -59.9567 22.6644
29 510.245 715.429 5 4.92443 -54.6121 -133.582
30 510.664 715.701 5 4.74342 -51.9833 -151.689
31 511.084 715.973 5 4.60977 -58.033 -34.9954
32 511.503 716.246 5 4.52769 -49.4826 -78.2165
33 511.922 716.518 5 4.5 -44.377 -31.402
34 512.342 716.79 5 4.52769 -50.0952 -105.435
35 512.761 717.063 5 4.60977 -50.204 -48.5383
36 513.18 717.335 5 4.74342 -57.0563 3.36953
37 513.6 717.607 5 4.92443 -59.5664 23.2544
38 514.019 717.88 5 5.14782 -51.1867 87.7341
39 514.438 718.152 5 5.40833 -60.2419 29.1332
40 509.134 715.303 5 5 -57.5834 -116.888
41 509.553 715.576 5 4.71699 -71.6991 11.6201
42 509.973 715.848 5 4.47214 -56.974 -92.9566
43 510.392 716.12 5 4.272 -62.6689 115.942
44 510.811 716.393 5 4.12311 -48.0495 29.3354
45 511.231 716.665 5 4.03113 -43.5416 -99.0546
46 511.65 716.937 5 4 -42.6634 -52.0819
47 512.069 717.21 5 4.03113 -58.0779 -72.4256
48 512.489 717.482 5 4.12311 -51.3141 136.522
49 512.908 717.754 5 4.272 -55.6581 -43.9525
50 513.327 718.027 5 4.47214 -57.689 -50.2295
51 513.747 718.299 5 4.71699 -53.8591 -129.773
52 514.166 718.571 5 5 -61.7115 -23.8264
53 508.862 715.723 5 4.60977 -61.5499 2.79893
54 509.281 715.995 5 4.30116 -62.197 -98.7275
55 509.7 716.267 5 4.03113 -53.4051 -20.2728
56 510.12 716.54 5 3.80789 -58.2907 -1.02725
57 510.539 716.812 5 3.64006 -51.812 -27.0493
58 510.958 717.084 5 3.53553 -38.6743 -124.623
59 511.378 717.357 5 3.5 -43.4428 -71.5913
60 511.797 717.629 5 3.53553 -44.2535 -85.8937
61 512.216 717.901 5 3.64006 -53.0364 -121.629
62 512.636 718.174 5 3.80789 -56.973 -46.611
63 513.055 718.446 5 4.03113 -50.8163 132.088
64 513.474 718.718 5 4.30116 -55.54 -58.3029
65 513.894 718.991 5 4.60977 -54.7753 90.8088
66 508.589 716.142 5 4.24264 -60.946 136.785
67 509.009 716.414 5 3.90513 -58.7493 -94.3284
68 509.428 716.687 5 3.60555 -57.7271 49.5147
69 509.847 716.959 5 3.3541 -57.5954 51.8128
70 510.267 717.231 5 3.16228 -60.9046 -77.9661
71 510.686 717.504 5 3.04138 -42.9296 -131.473
72 511.105 717.776 5 3 -58.8816 44.4559
73 511.525 718.048 5 3.04138 -52.4953 114.264
74 511.944 718.321 5 3.16228 -59.3432 -132.857
75 512.363 718.593 5 3.3541 -58.3998 -45.6177
76 512.783 718.865 5 3.60555 -57.1421 -110.148
77 513.202 719.138 5 3.90513 -58.8981 56.5908
78 513.621 719.41 5 4.24264 -57.3749 -109.601
79 510.414 717.923 5 2.54951 -48.9412 -157.517
80 510.833 718.195 5 2.5 -52.1668 -143.952
81 511.672 718.74 5 2.69258 -56.1972 140.041
82 512.091 719.012 5 2.91548 -56.1922 35.403
83 512.51 719.285 5 3.20156 -60.3784 -48.343
84 512.93 719.557 5 3.53553 -55.324 -158.511
85 513.349 719.829 5 3.90513 -71.1792 5.70425
86 510.141 718.342 5 2.06155 -45.3318 145.55
87 510.561 718.615 5 2 -42.0743 37.8043
88 511.399 719.159 5 2.23607 -55.0588 -141.298
89 511.819 719.432 5 2.5 -71.8105 25.0947
90 512.238 719.704 5 2.82843 -58.9731 61.31
91 512.657 719.976 5 3.20156 -57.0109 -33.0151
92 513.077 720.249 5 3.60555 -61.1105 107.23
93 509.869 718.762 5 1.58114 -47.4729 -161.14
94 510.288 719.034 5 1.5 -42.8254 29.0946
95 511.127 719.579 5 1.80278 -58.3299 21.0881
96 511.546 719.851 5 2.12132 -61.2697 -112.615
97 511.966 720.123 5 2.5 -61.6665 76.4486
98 512.385 720.396 5 2.91548 -59.1189 -20.9996
99 512.804 720.668 5 3.3541 -62.2052 42.4358
100 509.597 719.181 5 1.11803 -35.8323 -8.2531
101 510.016 719.453 5 1 -43.7784 -5.19302
102 509.324 719.6 5 0.707107 -39.515 137.11
103 509.744 719.873 5 0.5 -34.0642 -5.93059
104 509.052 720.02 5 0.5 -33.6415 7.91729
105 509.471 720.292 5 0 -39.035 38.9766
