1 505.473 717.831 5 7.31765 -65.9088 -49.4479
2 505.747 717.412 5 6.94046 -63.0777 -49.0635
3 506.02 716.994 5 6.57965 -58.823 -88.438
4 506.294 716.575 5 6.23809 -62.3921 149.069
5 506.567 716.157 5 5.91909 -69.1425 0.65322
6 505.891 718.104 5 7.00865 -64.3937 168.172
7 506.165 717.686 5 6.61386 -59.1695 -166.846
8 506.439 717.267 5 6.23418 -66.954 -142.684
9 506.712 716.849 5 5.87256 -57.9173 142.982
10 506.986 716.43 5 5.53253 -63.914 -10.3314
11 506.31 718.378 5 6.72268 -62.6334 -72.1975
12 506.584 717.96 5 6.31002 -72.15 23.4174
13 506.857 717.541 5 5.91085 -61.0328 29.9786
14 507.131 717.123 5 5.52812 -59.7284 63.8223
15 507.404 716.704 5 5.16547 -59.4654 26.895
16 506.728 718.652 5 6.46278 -59.5758 -34.5124
17 507.002 718.233 5 6.03237 -61.6709 109.643
18 507.276 717.815 5 5.6135 -63.5619 -149.895
19 507.549 717.396 5 5.20896 -57.7587 -80.1001
20 507.823 716.978 5 4.82237 -60.0884 -69.6252
21 507.147 718.925 5 6.23223 -74.773 5.85199
22 507.421 718.507 5 5.78469 -62.5443 138.299
23 507.694 718.088 5 5.34645 -58.1106 -62.7851
24 507.968 717.67 5 4.92001 -61.5991 59.1376
25 508.241 717.251 5 4.5087 -58.9651 139.029
26 507.565 719.199 5 6.03439 -69.8361 129.056
27 507.839 718.78 5 5.57098 -64.3902 2.48071
28 508.113 718.362 5 5.11446 -63.5619 -117.43
29 508.386 717.943 5 4.66687 -56.9744 121.664
30 508.66 717.525 5 4.23102 -58.6133 -93.8985
31 507.984 719.472 5 5.87257 -65.7549 -59.7226
32 508.258 719.054 5 5.39528 -68.721 -117.944
33 508.531 718.635 5 4.92249 -68.1554 15.1033
34 508.805 718.217 5 4.45565 -67.6667 -107.559
35 509.078 717.798 5 3.99684 -60.4949 -121.738
36 508.402 719.746 5 5.74981 -59.3233 61.2306
37 508.676 719.328 5 5.26139 -60.4826 121.452
38 508.95 718.909 5 4.77536 -74.9864 -135.447
39 509.223 718.491 5 4.29255 -64.2593 -177.278
40 509.497 718.072 5 3.81417 -67.4364 116.004
