1 514.644 719.84 5 2.24104 -77.2847 126.996
2 514.371 720.259 5 2.46408 -72.3233 127.989
3 514.097 720.678 5 2.76064 -48.8016 -163.714
4 513.824 721.096 5 3.10976 -54.3654 -103.167
5 513.551 721.515 5 3.49572 -62.7721 -104.833
6 513.278 721.934 5 3.90762 -67.6203 55.7759
7 513.004 722.353 5 4.33808 -68.585 -141.249
8 512.731 722.771 5 4.78209 -75.5728 35.6656
9 512.458 723.19 5 5.23621 -86.656 44.9297
10 512.185 723.609 5 5.69801 -87.0656 -19.2598
11 515.063 720.113 5 2.71401 -58.5908 120.073
12 514.789 720.532 5 2.90091 -64.1873 17.8772
13 514.516 720.951 5 3.1567 -60.673 93.5516
14 514.243 721.37 5 3.46615 -50.4787 -13.1621
15 513.97 721.788 5 3.81623 -63.5946 2.54716
16 513.696 722.207 5 4.1968 -72.3626 162.818
17 513.423 722.626 5 4.60028 -70.2065 161.108
18 513.15 723.045 5 5.02115 -79.0587 122.928
19 512.877 723.463 5 5.4554 -74.2256 -82.717
20 512.603 723.882 5 5.90008 -77.1208 -139.177
21 515.481 720.387 5 3.19522 -69.0951 112.286
22 515.208 720.805 5 3.35543 -62.5486 -117.599
23 514.935 721.224 5 3.57887 -68.3432 -116.128
24 514.662 721.643 5 3.85458 -53.1994 -79.9702
25 514.388 722.062 5 4.1722 -49.9557 117.485
26 514.115 722.48 5 4.52291 -66.2127 170.639
27 513.842 722.899 5 4.89961 -68.7048 71.079
28 513.568 723.318 5 5.29675 -79.0277 164.824
29 513.295 723.737 5 5.71008 -72.7724 -46.6472
30 513.022 724.155 5 6.13632 -72.6294 82.4528
31 515.9 720.66 5 3.68144 -50.9769 126.593
32 515.627 721.079 5 3.82132 -65.9411 -33.3522
33 515.353 721.497 5 4.01895 -56.5269 1.92557
34 515.08 721.916 5 4.26631 -60.1144 31.2125
35 514.807 722.335 5 4.55531 -51.6797 88.0012
36 514.534 722.754 5 4.87855 -50.0253 -98.8684
37 514.26 723.172 5 5.2297 -63.6437 -92.1812
38 513.987 723.591 5 5.6035 -75.9866 -138.816
39 516.319 720.933 5 4.17093 -88.7816 33.8347
40 516.045 721.352 5 4.29489 -61.1033 16.7835
41 515.772 721.771 5 4.47164 -63.9634 -24.0224
42 515.499 722.189 5 4.69521 -64.5312 -179.303
43 515.226 722.608 5 4.95928 -61.3178 -29.7358
44 514.952 723.027 5 5.25774 -51.7562 -120.06
45 514.679 723.446 5 5.5851 -54.56 44.3633
46 514.406 723.864 5 5.93656 -100.621 -104.198
47 516.737 721.206 5 4.66264 -60.6427 65.1789
48 516.464 721.625 5 4.77385 -62.3363 -132.621
49 516.191 722.044 5 4.93347 -60.0043 -106.321
50 515.918 722.463 5 5.13698 -64.1544 106.091
51 515.644 722.881 5 5.37941 -69.4123 -125.007
52 515.371 723.3 5 5.65575 -61.3656 120.368
53 515.098 723.719 5 5.96128 -52.3253 0.951937
54 514.825 724.138 5 6.29177 -114.161 115.187
55 517.156 721.48 5 5.15595 -64.0682 -150.075
56 516.883 721.898 5 5.25673 -60.0643 -172.922
57 516.61 722.317 5 5.4021 -57.7656 -85.1398
58 516.336 722.736 5 5.58857 -66.0712 9.54772
59 516.063 723.155 5 5.81219 -61.6394 -88.5561
60 515.79 723.573 5 6.06886 -63.6415 -26.1846
61 515.517 723.992 5 6.35457 -55.6127 -61.7143
62 515.243 724.411 5 6.66558 -110.877 -71.1995
63 517.575 721.753 5 5.65043 -60.5424 -133.185
64 517.302 722.172 5 5.74255 -56.3995 -127.164
65 517.028 722.59 5 5.87591 -63.6611 -179.693
66 516.755 723.009 5 6.04779 -72.496 100.909
67 516.482 723.428 5 6.25501 -73.0468 51.3375
68 516.209 723.847 5 6.4942 -64.3175 87.6101
69 515.935 724.265 5 6.76196 -64.3985 150.626
70 515.662 724.684 5 7.05504 -61.9919 58.6552
71 517.994 722.026 5 6.14581 -68.2905 -127.003
72 517.72 722.445 5 6.23061 -59.1276 -168.022
73 517.447 722.864 5 6.35373 -68.1163 -11.9973
74 517.174 723.282 5 6.51301 -64.2377 47.3365
75 516.901 723.701 5 6.70588 -69.3681 128.829
76 516.627 724.12 5 6.92952 -71.7834 -141.897
77 516.354 724.539 5 7.18107 -68.7181 -135.672
78 516.081 724.957 5 7.45769 -65.7012 -60.3052
