1 514.644 719.84 5 2.59923 -71.312 -144.394
2 514.371 720.259 5 2.60852 -58.5121 -82.8324
3 514.097 720.678 5 2.71159 -53.8598 -62.0324
4 513.824 721.096 5 2.89846 -47.6882 102.507
5 513.551 721.515 5 3.15427 -65.0881 -111.722
6 513.278 721.934 5 3.46378 -71.7158 33.5131
7 513.004 722.353 5 3.81394 -65.1942 37.2904
8 512.731 722.771 5 4.19458 -70.4985 -140.665
9 512.458 723.19 5 4.59814 -82.1785 -112.193
10 512.185 723.609 5 5.01908 -79.8759 -49.6666
11 515.063 720.113 5 3.09797 -59.0187 -160.578
12 514.789 720.532 5 3.10576 -56.4153 -59.154
13 514.516 720.951 5 3.19282 -56.1129 47.1951
14 514.243 721.37 5 3.35298 -49.7655 -68.6525
15 513.97 721.788 5 3.57643 -65.6512 -47.2954
16 513.696 722.207 5 3.85217 -77.2236 -64.8898
17 513.423 722.626 5 4.16984 -67.7241 -96.9729
18 513.15 723.045 5 4.52061 -66.0049 -75.1593
19 512.877 723.463 5 4.89737 -84.7073 9.24014
20 512.603 723.882 5 5.29458 -87.1882 -94.3357
21 515.481 720.387 5 3.59705 -52.5802 -114.641
22 515.208 720.805 5 3.60377 -57.2724 -43.531
23 514.935 721.224 5 3.67906 -52.5418 69.3087
24 514.662 721.643 5 3.81888 -50.5864 17.7595
25 514.388 722.062 5 4.01649 -69.6024 -160.056
26 514.115 722.48 5 4.26387 -67.3853 11.1339
27 513.842 722.899 5 4.5529 -74.5884 143.198
28 513.568 723.318 5 4.8762 -76.3119 83.2153
29 513.295 723.737 5 5.22739 -72.0645 37.7013
30 513.022 724.155 5 5.60125 -83.4274 106.169
31 515.9 720.66 5 4.09636 -52.1845 -76.5059
32 515.627 721.079 5 4.10226 -61.7319 -62.7263
33 515.353 721.497 5 4.16856 -52.077 101.203
34 515.08 721.916 5 4.29247 -58.2688 83.0554
35 514.807 722.335 5 4.46919 -54.2803 -75.2674
36 514.534 722.754 5 4.69276 -68.6612 -139.031
37 514.26 723.172 5 4.95685 -64.4019 -60.9335
38 513.987 723.591 5 5.25535 -72.1333 -84.4521
39 516.319 720.933 5 4.59582 -57.4043 -72.2676
40 516.045 721.352 5 4.60108 -54.5843 -3.01061
41 515.772 721.771 5 4.66029 -55.1453 137.224
42 515.499 722.189 5 4.77144 -57.8095 -170.656
43 515.226 722.608 5 4.93103 -55.2853 73.8351
44 514.952 723.027 5 5.13453 -88.793 51.6558
45 514.679 723.446 5 5.37696 -74.4225 -137.165
46 514.406 723.864 5 5.65333 -108.173 -9.55013
47 516.737 721.206 5 5.09539 -63.3286 -32.8604
48 516.464 721.625 5 5.10013 -59.5585 -0.41413
49 516.191 722.044 5 5.15361 -53.8759 141.388
50 515.918 722.463 5 5.25434 -55.8944 -166.158
51 515.644 722.881 5 5.39967 -53.5169 -144.485
52 515.371 723.3 5 5.58612 -61.8499 -6.0518
53 515.098 723.719 5 5.80974 -64.9822 127.776
54 514.825 724.138 5 6.06642 -116.554 -152.403
55 517.156 721.48 5 5.59503 -66.2782 51.2802
56 516.883 721.898 5 5.59935 -56.6124 42.7692
57 516.61 722.317 5 5.64811 -56.9005 117.568
58 516.336 722.736 5 5.74016 -59.6551 -105.737
59 516.063 723.155 5 5.87348 -56.139 -144.531
60 515.79 723.573 5 6.04534 -52.0025 86.3433
61 515.517 723.992 5 6.25256 -64.1913 49.3761
62 515.243 724.411 5 6.49175 -117.034 -150.156
63 517.575 721.753 5 6.09473 -69.498 56.1695
64 517.302 722.172 5 6.0987 -57.732 97.6324
65 517.028 722.59 5 6.14349 -63.152 96.8254
66 516.755 723.009 5 6.22823 -53.7876 -70.6414
67 516.482 723.428 5 6.35132 -52.6975 -83.1906
68 516.209 723.847 5 6.51057 -56.276 -169.799
69 515.935 724.265 5 6.70343 -59.7797 -35.698
70 515.662 724.684 5 6.92707 -70.3418 -153.501
71 517.994 722.026 5 6.59448 -70.8624 143.133
72 517.72 722.445 5 6.59815 -59.7471 54.4395
73 517.447 722.864 5 6.63957 -61.6052 -3.03087
74 517.174 723.282 5 6.71805 -58.7995 3.98676
75 516.901 723.701 5 6.83232 -57.8464 -10.5417
76 516.627 724.12 5 6.98061 -58.4245 -18.7479
77 516.354 724.539 5 7.16082 -56.7235 105.679
78 516.081 724.957 5 7.3706 -64.0828 79.6524
