1 514.644 719.84 5 2.32599 -53.3732 -10.4313
2 514.371 720.259 5 1.99017 -56.8051 98.9621
3 514.097 720.678 5 1.73532 -67.3936 -75.5083
4 513.824 721.096 5 1.60059 -63.6162 163.461
5 513.551 721.515 5 1.6163 -44.156 -129.212
6 513.278 721.934 5 1.77848 -55.5562 73.2198
7 513.004 722.353 5 2.05269 -73.9993 171.64
8 512.731 722.771 5 2.40085 -66.1711 -103.97
9 512.458 723.19 5 2.79547 -77.5078 -135.389
10 512.185 723.609 5 3.2195 -72.821 146.784
11 515.063 720.113 5 2.69227 -57.0408 -67.8414
12 514.789 720.532 5 2.40809 -60.0227 -70.8606
13 514.516 720.951 5 2.20214 -56.8395 6.50333
14 514.243 721.37 5 2.09761 -61.9845 80.5571
15 513.97 721.788 5 2.10963 -59.5068 136.353
16 513.696 722.207 5 2.23631 -60.5239 -100.235
17 513.423 722.626 5 2.46001 -58.724 -101.412
18 513.15 723.045 5 2.75721 -69.0443 -126.826
19 512.877 723.463 5 3.10689 -74.9259 87.8011
20 512.603 723.882 5 3.49332 -69.4463 20.8608
21 515.481 720.387 5 3.0962 -56.475 162.558
22 515.208 720.805 5 2.85254 -52.8697 74.6347
23 514.935 721.224 5 2.68096 -62.799 97.0482
24 514.662 721.643 5 2.59578 -61.5116 -124.373
25 514.388 722.062 5 2.6055 -63.8546 154.57
26 514.115 722.48 5 2.7091 -56.3275 145.499
27 513.842 722.899 5 2.89651 -59.3077 -164.84
28 513.568 723.318 5 3.15282 -68.7479 -15.8907
29 513.295 723.737 5 3.46278 -66.3805 -22.6624
30 513.022 724.155 5 3.81332 -73.9948 -149.986
31 515.9 720.66 5 3.52485 -63.0154 -99.9723
32 515.627 721.079 5 3.31287 -63.8461 73.1501
33 515.353 721.497 5 3.16633 -71.1412 -59.6854
34 515.08 721.916 5 3.09454 -64.7863 -42.7944
35 514.807 722.335 5 3.1027 -61.9005 12.9166
36 514.534 722.754 5 3.19019 -59.6102 -170.918
37 514.26 723.172 5 3.3508 -64.0693 -62.5495
38 513.987 723.591 5 3.57469 -63.0028 -70.9579
39 516.319 720.933 5 3.97022 -70.912 -23.9895
40 516.045 721.352 5 3.78328 -69.1292 121.552
41 515.772 721.771 5 3.65565 -64.0189 40.9293
42 515.499 722.189 5 3.59365 -74.9009 -26.0948
43 515.226 722.608 5 3.60068 -68.0082 -138.577
44 514.952 723.027 5 3.67633 -69.7265 -173.034
45 514.679 723.446 5 3.81654 -57.3956 -20.0427
46 514.406 723.864 5 4.01454 -101.016 -142.398
47 516.737 721.206 5 4.42728 -77.7034 162.358
48 516.464 721.625 5 4.26044 -68.3742 146.931
49 516.191 722.044 5 4.14751 -66.643 57.2077
50 515.918 722.463 5 4.09297 -73.8264 10.7304
51 515.644 722.881 5 4.09914 -77.2324 171.038
52 515.371 723.3 5 4.16576 -62.9488 -169.125
53 515.098 723.719 5 4.29 -55.942 -67.9376
54 514.825 724.138 5 4.46706 -148.557 142.011
55 517.156 721.48 5 4.89274 -59.98 61.0835
56 516.883 721.898 5 4.7423 -76.8054 -83.1402
57 516.61 722.317 5 4.64112 -66.6468 179.024
58 516.336 722.736 5 4.59244 -71.4934 132.952
59 516.063 723.155 5 4.59794 -77.5564 -15.5005
60 515.79 723.573 5 4.65743 -61.159 -130.17
61 515.517 723.992 5 4.76888 -55.8121 -43.5116
62 515.243 724.411 5 4.92877 -128.392 170.568
63 517.575 721.753 5 5.36442 -67.7326 -20.6225
64 517.302 722.172 5 5.22757 -60.9936 -179.597
65 517.028 722.59 5 5.13596 -63.2989 44.5783
66 516.755 723.009 5 5.09202 -75.3239 -169.412
67 516.482 723.428 5 5.09698 -73.9327 53.9192
68 516.209 723.847 5 5.1507 -69.9413 -126.994
69 515.935 724.265 5 5.25169 -58.9005 51.5823
70 515.662 724.684 5 5.3973 -71.363 71.8111
71 517.994 722.026 5 5.84081 -67.4047 -71.4574
72 517.72 722.445 5 5.71539 -55.5951 166.44
73 517.447 722.864 5 5.63171 -64.0827 3.97365
74 517.174 723.282 5 5.59167 -69.1486 -54.1052
75 516.901 723.701 5 5.59619 -76.905 -141.39
76 516.627 724.12 5 5.64516 -71.1553 -143.278
77 516.354 724.539 5 5.73746 -86.141 137.791
78 516.081 724.957 5 5.87103 -64.0529 -12.6285
