1 514.644 719.84 5 3.82123 -80.1485 51.4533
2 514.371 720.259 5 4.01845 -68.6168 125.804
3 514.097 720.678 5 4.26546 -49.1465 163.603
4 513.824 721.096 5 4.55415 -49.927 73.9064
5 513.551 721.515 5 4.87713 -68.1932 155.231
6 513.278 721.934 5 5.22806 -80.3212 169.825
7 513.004 722.353 5 5.60167 -73.2766 32.6273
8 512.731 722.771 5 5.99374 -75.7302 -60.5122
9 512.458 723.19 5 6.40086 -87.7108 -3.60898
10 512.185 723.609 5 6.82035 -71.9614 -147.683
11 515.063 720.113 5 4.29494 -68.7795 4.67485
12 514.789 720.532 5 4.47131 -75.3591 -59.615
13 514.516 720.951 5 4.69455 -54.6079 21.1416
14 514.243 721.37 5 4.95832 -50.5701 -18.0309
15 513.97 721.788 5 5.25653 -66.7207 84.3763
16 513.696 722.207 5 5.58366 -80.8971 147.124
17 513.423 722.626 5 5.93493 -74.1007 -162.812
18 513.15 723.045 5 6.30631 -77.9927 -109.932
19 512.877 723.463 5 6.69446 -77.8294 5.98047
20 512.603 723.882 5 7.09661 -83.9587 -52.4887
21 515.481 720.387 5 4.77401 -54.3633 155.796
22 515.208 720.805 5 4.93329 -75.0711 49.8628
23 514.935 721.224 5 5.13649 -63.4181 148.73
24 514.662 721.643 5 5.37863 -48.754 -143.468
25 514.388 722.062 5 5.65471 -51.7162 166.087
26 514.115 722.48 5 5.96003 -78.2009 -96.8636
27 513.842 722.899 5 6.29032 -74.6233 54.8328
28 513.568 723.318 5 6.64186 -73.2948 -108.844
29 513.295 723.737 5 7.01145 -85.9558 0.65619
30 513.022 724.155 5 7.39639 -89.9441 -125.509
31 515.9 720.66 5 5.25698 -64.547 114.977
32 515.627 721.079 5 5.40204 -71.8796 33.8316
33 515.353 721.497 5 5.58822 -65.6714 -176.188
34 515.08 721.916 5 5.81157 -55.3515 56.428
35 514.807 722.335 5 6.06799 -49.2274 38.4715
36 514.534 722.754 5 6.35348 -58.4293 1.07017
37 514.26 723.172 5 6.66429 -69.1132 -5.67634
38 513.987 723.591 5 6.99707 -75.7373 -64.461
39 516.319 720.933 5 5.74287 -64.0578 77.1522
40 516.045 721.352 5 5.87594 -69.3675 146.297
41 515.772 721.771 5 6.04755 -63.6941 -143.922
42 515.499 722.189 5 6.25452 -74.4421 149.447
43 515.226 722.608 5 6.49347 -52.4073 -80.3724
44 514.952 723.027 5 6.76102 -51.3139 -130.706
45 514.679 723.446 5 7.0539 -63.3133 23.0676
46 514.406 723.864 5 7.3691 -114.675 -157.341
47 516.737 721.206 5 6.23099 -71.3018 -143.072
48 516.464 721.625 5 6.35385 -66.8464 9.20738
49 516.191 722.044 5 6.51288 -72.212 54.523
50 515.918 722.463 5 6.7055 -67.8727 -5.7675
51 515.644 722.881 5 6.92891 -56.2793 72.1354
52 515.371 723.3 5 7.18025 -52.7954 84.5561
53 515.098 723.719 5 7.45669 -53.4112 3.77686
54 514.825 724.138 5 7.75554 -132.139 53.7516
55 517.156 721.48 5 6.72086 -69.0467 72.2253
56 516.883 721.898 5 6.83492 -72.8733 -4.68769
57 516.61 722.317 5 6.983 -77.1559 41.5883
58 516.336 722.736 5 7.16299 -71.8234 -67.3439
59 516.063 723.155 5 7.37255 -67.0664 158.585
60 515.79 723.573 5 7.60925 -59.2918 -80.6825
61 515.517 723.992 5 7.87063 -51.1289 -88.8119
62 515.243 724.411 5 8.15433 -121.146 -149.741
63 517.575 721.753 5 7.21212 -67.9273 -65.9069
64 517.302 722.172 5 7.31852 -63.5498 -85.826
65 517.028 722.59 5 7.457 -66.6112 -18.3173
66 516.755 723.009 5 7.62582 -69.5614 67.8375
67 516.482 723.428 5 7.82299 -74.7426 15.2704
68 516.209 723.847 5 8.04645 -60.0028 132.757
69 515.935 724.265 5 8.29407 -57.472 132.153
70 515.662 724.684 5 8.56374 -63.369 -2.43837
71 517.994 722.026 5 7.7045 -74.0288 -15.0073
72 517.72 722.445 5 7.80419 -57.9372 11.0566
73 517.447 722.864 5 7.9342 -63.7564 -66.0782
74 517.174 723.282 5 8.09307 -74.5786 122.66
75 516.901 723.701 5 8.27913 -70.5026 80.9582
76 516.627 724.12 5 8.49059 -65.517 -158.413
77 516.354 724.539 5 8.72561 -62.2903 -35.8888
78 516.081 724.957 5 8.98234 -58.435 -44.9574
