1 514.644 719.84 5 2.10099 -72.9052 170.971
2 514.371 720.259 5 2.11273 -58.0155 -96.1358
3 514.097 720.678 5 2.23899 -53.0696 -131.936
4 513.824 721.096 5 2.46222 -42.9697 -27.0828
5 513.551 721.515 5 2.75898 -63.5315 53.4202
6 513.278 721.934 5 3.10828 -66.9791 -48.6411
7 513.004 722.353 5 3.49441 -66.3003 -24.7921
8 512.731 722.771 5 3.90645 -65.8187 -4.4167
9 512.458 723.19 5 4.33703 -74.3781 -115.835
10 512.185 723.609 5 4.78113 -79.6433 -31.5957
11 515.063 720.113 5 2.59915 -47.166 9.32544
12 514.789 720.532 5 2.60864 -66.9783 -99.6824
13 514.516 720.951 5 2.71191 -52.268 -59.4602
14 514.243 721.37 5 2.89895 -48.1557 148.053
15 513.97 721.788 5 3.1549 -68.6478 -37.1712
16 513.696 722.207 5 3.46451 -63.7028 121.23
17 513.423 722.626 5 3.81475 -72.117 84.1492
18 513.15 723.045 5 4.19544 -66.9168 -37.2393
19 512.877 723.463 5 4.59904 -77.175 169.542
20 512.603 723.882 5 5.02002 -75.5099 -138.838
21 515.481 720.387 5 3.0979 -49.9879 135.368
22 515.208 720.805 5 3.10587 -55.7334 -155.541
23 514.935 721.224 5 3.1931 -51.7879 15.3126
24 514.662 721.643 5 3.35341 -50.459 -111.226
25 514.388 722.062 5 3.57698 -50.7235 -8.38344
26 514.115 722.48 5 3.85282 -68.5494 124.274
27 513.842 722.899 5 4.17057 -71.996 6.8858
28 513.568 723.318 5 4.52141 -67.2013 -132.948
29 513.295 723.737 5 4.89822 -69.2886 126.833
30 513.022 724.155 5 5.29547 -88.4208 96.2334
31 515.9 720.66 5 3.59699 -53.5439 65.7614
32 515.627 721.079 5 3.60386 -52.9191 52.5465
33 515.353 721.497 5 3.6793 -54.9313 60.313
34 515.08 721.916 5 3.81926 -51.3482 -26.8196
35 514.807 722.335 5 4.01699 -49.5042 179.446
36 514.534 722.754 5 4.26446 -60.1278 140.881
37 514.26 723.172 5 4.55358 -59.9761 -158.507
38 513.987 723.591 5 4.87694 -68.5243 139.253
39 516.319 720.933 5 4.09631 -62.6961 105.756
40 516.045 721.352 5 4.10234 -52.4598 -85.2623
41 515.772 721.771 5 4.16877 -55.0044 115.369
42 515.499 722.189 5 4.2928 -51.9149 54.6114
43 515.226 722.608 5 4.46963 -53.6581 -35.4189
44 514.952 723.027 5 4.6933 -54.5898 43.8352
45 514.679 723.446 5 4.95747 -66.4251 -108.187
46 514.406 723.864 5 5.25604 -113.905 109.612
47 516.737 721.206 5 4.59578 -69.7121 -178.543
48 516.464 721.625 5 4.60115 -63.6425 -43.4539
49 516.191 722.044 5 4.66048 -49.4756 84.1392
50 515.918 722.463 5 4.77174 -56.6988 124.94
51 515.644 722.881 5 4.93143 -53.6939 25.8616
52 515.371 723.3 5 5.13502 -51.3298 -170.101
53 515.098 723.719 5 5.37753 -61.0896 159.12
54 514.825 724.138 5 5.65397 -129.051 50.4492
55 517.156 721.48 5 5.09535 -71.8226 -89.0606
56 516.883 721.898 5 5.1002 -59.2574 -57.048
57 516.61 722.317 5 5.15378 -60.7499 -166.663
58 516.336 722.736 5 5.25461 -52.9705 -135.744
59 516.063 723.155 5 5.40003 -52.6226 114.914
60 515.79 723.573 5 5.58658 -52.831 -35.7242
61 515.517 723.992 5 5.81027 -56.9261 22.0174
62 515.243 724.411 5 6.06702 -119.428 112.592
63 517.575 721.753 5 5.59499 -63.2686 53.3756
64 517.302 722.172 5 5.59941 -66.1869 -91.4344
65 517.028 722.59 5 5.64826 -57.2507 -72.9909
66 516.755 723.009 5 5.74041 -61.4389 25.0207
67 516.482 723.428 5 5.87382 -60.6294 -155.241
68 516.209 723.847 5 6.04576 -52.6651 39.0336
69 515.935 724.265 5 6.25305 -52.4492 -155.261
70 515.662 724.684 5 6.49231 -62.118 151.074
71 517.994 722.026 5 6.0947 -75.1611 -135.7
72 517.72 722.445 5 6.09876 -62.7631 -43.502
73 517.447 722.864 5 6.14364 -57.1106 -167.984
74 517.174 723.282 5 6.22846 -51.834 -46.8419
75 516.901 723.701 5 6.35163 -53.0205 -90.43
76 516.627 724.12 5 6.51096 -54.788 155.597
77 516.354 724.539 5 6.70389 -57.439 17.318
78 516.081 724.957 5 6.92759 -67.0678 34.0623
