1 514.644 719.84 5 5.15493 -77.3198 158.987
2 514.371 720.259 5 5.25511 -62.7462 -142.452
3 514.097 720.678 5 5.39991 -57.3704 106.184
4 513.824 721.096 5 5.58586 -55.1836 -57.6783
5 513.551 721.515 5 5.80902 -68.2971 35.389
6 513.278 721.934 5 6.06528 -77.8777 1.14183
7 513.004 722.353 5 6.35063 -76.1063 -70.1946
8 512.731 722.771 5 6.66133 -64.1526 -21.595
9 512.458 723.19 5 6.99401 -93.0958 143.665
10 512.185 723.609 5 7.34568 -82.29 -40.3893
11 515.063 720.113 5 5.6495 -63.8036 75.2837
12 514.789 720.532 5 5.74106 -65.9529 4.26274
13 514.516 720.951 5 5.87389 -54.1082 -164.472
14 514.243 721.37 5 6.04528 -55.0351 110.373
15 513.97 721.788 5 6.25207 -79.4662 32.7258
16 513.696 722.207 5 6.49085 -81.7837 165.389
17 513.423 722.626 5 6.75826 -85.9763 122.184
18 513.15 723.045 5 7.05102 -64.8752 103.004
19 512.877 723.463 5 7.36612 -96.6763 -138.135
20 512.603 723.882 5 7.70082 -92.8753 -28.8561
21 515.481 720.387 5 6.14495 -59.5289 103.346
22 515.208 720.805 5 6.22923 -75.0262 99.5434
23 514.935 721.224 5 6.35186 -57.4013 -78.5061
24 514.662 721.643 5 6.51069 -60.1372 -175.42
25 514.388 722.062 5 6.70313 -72.1574 24.803
26 514.115 722.48 5 6.92638 -69.8841 167.781
27 513.842 722.899 5 7.17758 -64.4103 65.4433
28 513.568 723.318 5 7.45389 -79.6358 174.189
29 513.295 723.737 5 7.75264 -62.9735 114.595
30 513.022 724.155 5 8.07132 -77.3093 -167.288
31 515.9 720.66 5 6.64109 -63.9738 9.46847
32 515.627 721.079 5 6.71914 -61.8531 -78.7367
33 515.353 721.497 5 6.83299 -58.4619 6.17518
34 515.08 721.916 5 6.98088 -58.0943 -89.7591
35 514.807 722.335 5 7.16069 -58.4303 125.649
36 514.534 722.754 5 7.3701 -75.2656 -162.034
37 514.26 723.172 5 7.60666 -76.2292 -174.594
38 513.987 723.591 5 7.86792 -83.595 -84.6837
39 516.319 720.933 5 7.13776 -64.6691 142.008
40 516.045 721.352 5 7.21044 -68.9154 -76.8388
41 515.772 721.771 5 7.31665 -55.5513 53.7425
42 515.499 722.189 5 7.45495 -59.0902 4.67244
43 515.226 722.608 5 7.62359 -66.7815 -80.8961
44 514.952 723.027 5 7.82061 -67.2837 40.0612
45 514.679 723.446 5 8.04393 -86.9127 -83.6993
46 514.406 723.864 5 8.29142 -125.042 -41.488
47 516.737 721.206 5 7.63487 -71.7922 131.931
48 516.464 721.625 5 7.70286 -71.757 -23.5284
49 516.191 722.044 5 7.80237 -69.8201 92.1303
50 515.918 722.463 5 7.9322 -59.3453 102.149
51 515.644 722.881 5 8.0909 -59.1054 -31.5074
52 515.371 723.3 5 8.27681 -56.3747 -175.576
53 515.098 723.719 5 8.48813 -78.7798 -177.963
54 514.825 724.138 5 8.72303 -129.795 -34.1055
55 517.156 721.48 5 8.13233 -63.8633 179.881
56 516.883 721.898 5 8.1962 -72.1397 -62.0909
57 516.61 722.317 5 8.28978 -74.6854 -151.766
58 516.336 722.736 5 8.4121 -62.5662 150.164
59 516.063 723.155 5 8.56191 -59.5381 48.751
60 515.79 723.573 5 8.7378 -60.3556 8.77174
61 515.517 723.992 5 8.93823 -68.1332 17.5722
62 515.243 724.411 5 9.1616 -122.775 166.188
63 517.575 721.753 5 8.63008 -75.1897 136.838
64 517.302 722.172 5 8.6903 -79.2428 -108.196
65 517.028 722.59 5 8.77862 -66.2502 129.167
66 516.755 723.009 5 8.89421 -64.2611 -137.813
67 516.482 723.428 5 9.03603 -67.3244 143.888
68 516.209 723.847 5 9.20286 -63.7661 46.287
69 515.935 724.265 5 9.39338 -60.1141 -158.988
70 515.662 724.684 5 9.60617 -70.7321 124.047
71 517.994 722.026 5 9.12809 -60.6133 -166.395
72 517.72 722.445 5 9.18503 -68.1483 -8.14935
73 517.447 722.864 5 9.26864 -80.1789 96.2914
74 517.174 723.282 5 9.3782 -60.9002 -113.264
75 516.901 723.701 5 9.5128 -62.5788 -171.601
76 516.627 724.12 5 9.67142 -58.3749 96.2905
77 516.354 724.539 5 9.85288 -64.8129 -61.7468
78 516.081 724.957 5 10.0559 -62.7511 105.508
