1 514.644 719.84 5 2.40593 -56.6566 -81.7011
2 514.371 720.259 5 2.79983 -70.5564 -128.414
3 514.097 720.678 5 3.22329 -74.1047 -81.2935
4 513.824 721.096 5 3.66608 -78.5309 -28.3068
5 513.551 721.515 5 4.12197 -66.764 49.8704
6 513.278 721.934 5 4.58707 -99.5656 -20.9959
7 513.004 722.353 5 5.05883 -79.248 -112.233
8 512.731 722.771 5 5.53555 -75.0586 -111.584
9 512.458 723.19 5 6.01605 -92.4173 22.1305
10 512.185 723.609 5 6.49949 -83.5143 -23.2884
11 515.063 720.113 5 2.76302 -52.6856 65.8072
12 514.789 720.532 5 3.11205 -63.6795 -59.8416
13 514.516 720.951 5 3.49791 -72.5854 121.041
14 514.243 721.37 5 3.90972 -74.7033 46.9765
15 513.97 721.788 5 4.3401 -97.0114 24.3771
16 513.696 722.207 5 4.78404 -74.7427 69.1846
17 513.423 722.626 5 5.23809 -76.1271 -174.94
18 513.15 723.045 5 5.69983 -71.7041 84.6249
19 512.877 723.463 5 6.16755 -81.2373 -121.437
20 512.603 723.882 5 6.63997 -82.2758 174.617
21 515.481 720.387 5 3.15913 -63.9229 -86.8623
22 515.208 720.805 5 3.46852 -58.3872 -123.719
23 514.935 721.224 5 3.81853 -61.4199 151.229
24 514.662 721.643 5 4.19901 -70.7806 -29.2259
25 514.388 722.062 5 4.60242 -77.961 -47.5362
26 514.115 722.48 5 5.02323 -70.5453 -12.8533
27 513.842 722.899 5 5.45741 -73.4626 39.5755
28 513.568 723.318 5 5.90202 -82.2344 59.9204
29 513.295 723.737 5 6.35487 -78.7947 -87.869
30 513.022 724.155 5 6.81432 -79.8163 -27.6395
31 515.9 720.66 5 3.58132 -57.5452 -166.477
32 515.627 721.079 5 3.85699 -65.2094 107.117
33 515.353 721.497 5 4.17456 -64.075 -5.20331
34 515.08 721.916 5 4.52521 -59.7378 -66.5885
35 514.807 722.335 5 4.90184 -76.4577 -149.146
36 514.534 722.754 5 5.29892 -72.6099 173.919
37 514.26 723.172 5 5.71219 -81.7837 -57.494
38 513.987 723.591 5 6.13838 -75.0633 -35.9964
39 516.319 720.933 5 4.0214 -51.8207 29.791
40 516.045 721.352 5 4.26875 -56.8236 -4.14103
41 515.772 721.771 5 4.55771 -61.9563 -5.47206
42 515.499 722.189 5 4.88091 -67.7584 104.526
43 515.226 722.608 5 5.232 -61.9438 37.8533
44 514.952 723.027 5 5.60574 -70.5807 -28.0104
45 514.679 723.446 5 5.99791 -73.0028 -116.256
46 514.406 723.864 5 6.40511 -104.005 154.411
47 516.737 721.206 5 4.47409 -65.0169 79.6034
48 516.464 721.625 5 4.69766 -57.5124 -148.734
49 516.191 722.044 5 4.96171 -57.7034 112.202
50 515.918 722.463 5 5.26014 -66.8807 102.059
51 515.644 722.881 5 5.58745 -69.9372 -111.985
52 515.371 723.3 5 5.93887 -59.1634 172.907
53 515.098 723.719 5 6.31036 -57.1325 88.5114
54 514.825 724.138 5 6.6986 -111.192 8.05999
55 517.156 721.48 5 4.93591 -66.0072 130.734
56 516.883 721.898 5 5.13943 -53.63 79.317
57 516.61 722.317 5 5.38185 -63.6984 60.2708
58 516.336 722.736 5 5.65817 -65.3127 176.505
59 516.063 723.155 5 5.96367 -67.3568 -59.5721
60 515.79 723.573 5 6.29412 -62.6293 14.1035
61 515.517 723.992 5 6.64579 -77.5443 35.0855
62 515.243 724.411 5 7.01549 -120.72 -53.8233
63 517.575 721.753 5 5.40454 -69.7022 60.2549
64 517.302 722.172 5 5.59103 -56.8391 -152.58
65 517.028 722.59 5 5.81465 -64.8696 -150.827
66 516.755 723.009 5 6.0713 -61.4702 -179.7
67 516.482 723.428 5 6.35698 -75.3623 115.128
68 516.209 723.847 5 6.66796 -64.9068 61.2277
69 515.935 724.265 5 7.00088 -64.2497 145.105
70 515.662 724.684 5 7.35274 -75.6555 -167.644
71 517.994 722.026 5 5.87833 -75.5859 -40.1843
72 517.72 722.445 5 6.05024 -69.4461 -146.337
73 517.447 722.864 5 6.25747 -53.2773 78.8154
74 517.174 723.282 5 6.49665 -65.0552 50.4659
75 516.901 723.701 5 6.76439 -63.465 -35.639
76 516.627 724.12 5 7.05744 -72.8842 -72.6488
77 516.354 724.539 5 7.37279 -71.0409 141.724
78 516.081 724.957 5 7.7077 -66.0459 -86.4725
