1 509.951 714.045 5 4.03113 -59.5903 -76.8623
2 510.37 714.318 5 3.53553 -48.1601 -73.2986
3 510.79 714.59 5 3.04138 -47.502 -174.133
4 511.209 714.862 5 2.54951 -48.6473 -100.729
5 511.628 715.135 5 2.06155 -45.4482 106.224
6 512.048 715.407 5 1.58114 -43.489 81.9311
7 512.467 715.679 5 1.11803 -38.1361 -2.75526
8 512.886 715.952 5 0.707107 -34.9811 128.105
9 513.306 716.224 5 0.5 -31.7693 -5.43374
10 513.725 716.496 5 0.707107 -34.569 132.736
11 514.144 716.769 5 1.11803 -41.2892 2.58509
12 514.564 717.041 5 1.58114 -44.2741 -75.6123
13 514.983 717.313 5 2.06155 -50.2914 90.9853
14 509.679 714.465 5 4 -50.4584 2.5567
15 510.098 714.737 5 3.5 -42.3173 -24.5517
16 510.517 715.009 5 3 -60.6571 152.796
17 510.937 715.282 5 2.5 -54.5942 113.33
18 511.356 715.554 5 2 -46.8677 28.3305
19 511.775 715.826 5 1.5 -45.3648 -2.15242
20 512.195 716.099 5 1 -40.6277 11.9687
21 512.614 716.371 5 0.5 -35.2235 -5.40849
22 513.033 716.643 5 0 -45.2509 -48.5293
23 513.453 716.916 5 0.5 -37.3476 -2.23876
24 513.872 717.188 5 1 -40.474 31.1107
25 514.291 717.46 5 1.5 -46.3132 -8.23026
26 514.711 717.733 5 2 -45.5525 -3.93782
27 509.406 714.884 5 4.03113 -48.4968 -97.4527
28 509.826 715.156 5 3.53553 -45.3977 -135.725
29 510.245 715.429 5 3.04138 -49.0041 -101.753
30 510.664 715.701 5 2.54951 -47.5798 -131.045
31 511.084 715.973 5 2.06155 -46.5061 152.262
32 511.503 716.246 5 1.58114 -48.7187 94.7835
33 511.922 716.518 5 1.11803 -43.1111 13.437
34 512.342 716.79 5 0.707107 -37.2983 125.324
35 512.761 717.063 5 0.5 -32.5526 -12.7938
36 513.18 717.335 5 0.707107 -35.7282 135.81
37 513.6 717.607 5 1.11803 -43.4331 34.1842
38 514.019 717.88 5 1.58114 -45.8452 114.667
39 514.438 718.152 5 2.06155 -52.0509 168.649
40 509.134 715.303 5 4.12311 -43.0088 17.3243
41 509.553 715.576 5 3.64006 -53.3181 -27.1107
42 509.973 715.848 5 3.16228 -48.9788 -97.4237
43 510.392 716.12 5 2.69258 -47.5332 157.191
44 510.811 716.393 5 2.23607 -49.1838 70.2883
45 511.231 716.665 5 1.80278 -44.0716 -162.26
46 511.65 716.937 5 1.41421 -41.3985 -115.277
47 512.069 717.21 5 1.11803 -42.9469 18.1095
48 512.489 717.482 5 1 -40.2476 -28.5392
49 512.908 717.754 5 1.11803 -47.9844 17.2522
50 513.327 718.027 5 1.41421 -41.7127 -130.637
51 513.747 718.299 5 1.80278 -43.9737 163.114
52 514.166 718.571 5 2.23607 -46.7948 48.1246
53 508.862 715.723 5 4.272 -46.4315 -170.614
54 509.281 715.995 5 3.80789 -45.2703 141.167
55 509.7 716.267 5 3.3541 -43.4857 61.1271
56 510.12 716.54 5 2.91548 -49.2003 -99.8181
57 510.539 716.812 5 2.5 -42.9131 -11.807
58 510.958 717.084 5 2.12132 -44.9942 -16.5316
59 511.378 717.357 5 1.80278 -46.1472 -125.309
60 511.797 717.629 5 1.58114 -45.7947 134.347
61 512.216 717.901 5 1.5 -43.3897 -39.2911
62 512.636 718.174 5 1.58114 -43.2311 147.215
63 513.055 718.446 5 1.80278 -46.6681 -152.075
64 513.474 718.718 5 2.12132 -52.6745 2.18099
65 513.894 718.991 5 2.5 -45.528 -5.79609
66 508.589 716.142 5 4.47214 -75.0885 71.5257
67 509.009 716.414 5 4.03113 -50.8125 -110.512
68 509.428 716.687 5 3.60555 -50.7339 42.4508
69 509.847 716.959 5 3.20156 -48.1776 -174.88
70 510.267 717.231 5 2.82843 -41.0135 117.413
71 510.686 717.504 5 2.5 -45.8826 1.75868
72 511.105 717.776 5 2.23607 -46.4069 17.2989
73 511.525 718.048 5 2.06155 -51.4296 -172.225
74 511.944 718.321 5 2 -46.1633 -38.3414
75 512.363 718.593 5 2.06155 -42.6775 -163.986
76 512.783 718.865 5 2.23607 -43.5094 41.5082
77 513.202 719.138 5 2.5 -42.5271 3.11373
78 513.621 719.41 5 2.82843 -43.6712 130.439
79 510.414 717.923 5 2.91548 -56.0838 -83.7544
80 510.833 718.195 5 2.69258 -48.7091 126.464
81 511.672 718.74 5 2.5 -57.0368 -78.7517
82 512.091 719.012 5 2.54951 -49.0955 -132.583
83 512.51 719.285 5 2.69258 -49.3369 109.905
84 512.93 719.557 5 2.91548 -60.5609 -65.4874
85 513.349 719.829 5 3.20156 -49.2253 149.22
86 510.141 718.342 5 3.3541 -46.77 68.0153
87 510.561 718.615 5 3.16228 -54.5829 -85.237
88 511.399 719.159 5 3 -46.9681 -128.359
89 511.819 719.432 5 3.04138 -44.1136 -110.435
90 512.238 719.704 5 3.16228 -52.2711 -104.34
91 512.657 719.976 5 3.3541 -43.9031 59.9517
92 513.077 720.249 5 3.60555 -51.8283 30.8857
93 509.869 718.762 5 3.80789 -56.8493 -139.068
94 510.288 719.034 5 3.64006 -55.9618 -6.7528
95 511.127 719.579 5 3.5 -48.7744 -75.2851
96 511.546 719.851 5 3.53553 -48.8383 139.721
97 511.966 720.123 5 3.64006 -55.6232 -46.0807
98 512.385 720.396 5 3.80789 -48.3635 176.171
99 512.804 720.668 5 4.03113 -44.5485 -132.329
100 509.597 719.181 5 4.272 -68.4644 -128.032
101 510.016 719.453 5 4.12311 -51.1634 86.7396
102 509.324 719.6 5 4.74342 -51.3533 128.619
103 509.744 719.873 5 4.60977 -51.4403 -44.9763
104 509.052 720.02 5 5.22015 -54.5402 -90.9413
105 509.471 720.292 5 5.09902 -51.7191 80.691
