1 505.473 717.831 5 8.82627 -64.7067 -177.313
2 505.747 717.412 5 8.54502 -73.5402 152.322
3 506.02 716.994 5 8.28443 -65.656 -90.9363
4 506.294 716.575 5 8.0465 -84.3365 172.372
5 506.567 716.157 5 7.8333 -73.6836 158.78
6 505.891 718.104 5 8.42465 -69.5967 90.0614
7 506.165 717.686 5 8.12952 -64.4623 -4.1051
8 506.439 717.267 5 7.85516 -62.9545 0.923326
9 506.712 716.849 5 7.6038 -78.3286 94.9727
10 506.986 716.43 5 7.37782 -72.5276 -52.0392
11 506.31 718.378 5 8.03408 -81.0043 2.31086
12 506.584 717.96 5 7.72404 -66.2957 -44.3336
13 506.857 717.541 5 7.43473 -63.0592 -131.514
14 507.131 717.123 5 7.16865 -59.1946 -166.814
15 507.404 716.704 5 6.92848 -74.2599 75.8767
16 506.728 718.652 5 7.65625 -70.1295 -115.047
17 507.002 718.233 5 7.33024 -82.4085 -121.168
18 507.276 717.815 5 7.02473 -69.679 -154.808
19 507.549 717.396 5 6.74249 -65.4394 90.953
20 507.823 716.978 5 6.48657 -61.2432 71.741
21 507.147 718.925 5 7.29313 -79.1508 115.67
22 507.421 718.507 5 6.95012 -78.6882 178.947
23 507.694 718.088 5 6.6271 -73.7701 -50.9848
24 507.968 717.67 5 6.32715 -80.676 83.0025
25 508.241 717.251 5 6.0537 -76.7835 -4.29444
26 507.565 719.199 5 6.94705 -70.7854 112.286
27 507.839 718.78 5 6.58603 -68.8738 160.121
28 508.113 718.362 5 6.24421 -71.9982 172.271
29 508.386 717.943 5 5.92491 -76.7932 -53.5531
30 508.66 717.525 5 5.63195 -63.1557 -0.412626
31 507.984 719.472 5 6.62066 -67.7377 5.82978
32 508.258 719.054 5 6.24079 -72.7402 -25.5195
33 508.531 718.635 5 5.87893 -80.8003 -70.9462
34 508.805 718.217 5 5.53861 -84.259 -121.991
35 509.078 717.798 5 5.22404 -76.0575 -34.2517
36 508.402 719.746 5 6.31703 -73.6113 -20.5993
37 508.676 719.328 5 5.9177 -78.1891 -142.194
38 508.95 718.909 5 5.53476 -82.8983 19.1788
39 509.223 718.491 5 5.17184 -81.971 162.565
40 509.497 718.072 5 4.83345 -84.6719 -80.0567
