1 509.951 714.045 5 4.03113 -53.2874 -71.2711
2 510.37 714.318 5 3.60555 -49.0135 55.4699
3 510.79 714.59 5 3.20156 -47.2846 145.612
4 511.209 714.862 5 2.82843 -44.1269 152.175
5 511.628 715.135 5 2.5 -46.5257 23.6877
6 512.048 715.407 5 2.23607 -48.2349 7.82842
7 512.467 715.679 5 2.06155 -47.0587 177.479
8 512.886 715.952 5 2 -42.163 -0.225611
9 513.306 716.224 5 2.06155 -45.6356 154.161
10 513.725 716.496 5 2.23607 -44.4192 16.7901
11 514.144 716.769 5 2.5 -48.9247 29.4464
12 514.564 717.041 5 2.82843 -52.3691 -51.97
13 514.983 717.313 5 3.20156 -56.1447 -60.2554
14 509.679 714.465 5 3.80789 -49.9448 160.864
15 510.098 714.737 5 3.3541 -48.542 46.1665
16 510.517 715.009 5 2.91548 -53.5278 -93.5916
17 510.937 715.282 5 2.5 -45.2884 -1.48706
18 511.356 715.554 5 2.12132 -50.1159 3.99229
19 511.775 715.826 5 1.80278 -45.9829 -115.696
20 512.195 716.099 5 1.58114 -48.0612 97.4771
21 512.614 716.371 5 1.5 -43.1059 -6.35858
22 513.033 716.643 5 1.58114 -44.5159 133.556
23 513.453 716.916 5 1.80278 -50.0474 -100.037
24 513.872 717.188 5 2.12132 -54.454 24.13
25 514.291 717.46 5 2.5 -47.1739 26.2611
26 514.711 717.733 5 2.91548 -49.5376 -143.095
27 509.406 714.884 5 3.64005 -63.2243 4.52384
28 509.826 715.156 5 3.16228 -47.2125 -94.3155
29 510.245 715.429 5 2.69258 -46.7162 158.128
30 510.664 715.701 5 2.23607 -47.7329 56.4501
31 511.084 715.973 5 1.80278 -45.4456 -134.318
32 511.503 716.246 5 1.41421 -42.7504 -112.9
33 511.922 716.518 5 1.11803 -42.8019 -1.10481
34 512.342 716.79 5 1 -40.3194 4.32963
35 512.761 717.063 5 1.11803 -41.0671 8.09055
36 513.18 717.335 5 1.41421 -43.7608 -111.871
37 513.6 717.607 5 1.80278 -46.9616 -146.24
38 514.019 717.88 5 2.23607 -47.5079 59.2891
39 514.438 718.152 5 2.69258 -50.7289 139.128
40 509.134 715.303 5 3.53553 -49.5336 -112.163
41 509.553 715.576 5 3.04138 -51.5284 -135.049
42 509.973 715.848 5 2.54951 -52.1862 -145.711
43 510.392 716.12 5 2.06155 -44.7606 -167.086
44 510.811 716.393 5 1.58114 -43.9749 106.277
45 511.231 716.665 5 1.11803 -39.1766 16.8873
46 511.65 716.937 5 0.707107 -37.1596 124.31
47 512.069 717.21 5 0.5 -34.3918 4.17989
48 512.489 717.482 5 0.707107 -39.2122 132.089
49 512.908 717.754 5 1.11803 -40.9335 16.7385
50 513.327 718.027 5 1.58114 -44.03 87.9646
51 513.747 718.299 5 2.06155 -46.1198 -159.786
52 514.166 718.571 5 2.54951 -52.617 -145.54
53 508.862 715.723 5 3.5 -51.9617 -30.8659
54 509.281 715.995 5 3 -51.1341 27.2539
55 509.7 716.267 5 2.5 -48.808 32.6085
56 510.12 716.54 5 2 -42.2867 -6.78656
57 510.539 716.812 5 1.5 -41.1269 10.616
58 510.958 717.084 5 1 -38.7938 7.67882
59 511.378 717.357 5 0.5 -34.361 -0.82131
60 511.797 717.629 5 0 -47.8541 169.045
61 512.216 717.901 5 0.5 -34.224 -4.75834
62 512.636 718.174 5 1 -38.7524 -1.47311
63 513.055 718.446 5 1.5 -40.6099 6.76051
64 513.474 718.718 5 2 -41.7131 -11.9581
65 513.894 718.991 5 2.5 -48.6736 13.5121
66 508.589 716.142 5 3.53553 -68.3191 -157.434
67 509.009 716.414 5 3.04138 -48.6535 -82.5804
68 509.428 716.687 5 2.54951 -44.9763 -113.466
69 509.847 716.959 5 2.06155 -63.7981 162.016
70 510.267 717.231 5 1.58114 -48.2491 83.3342
71 510.686 717.504 5 1.11803 -40.637 22.4782
72 511.105 717.776 5 0.707107 -38.2549 115.489
73 511.525 718.048 5 0.5 -35.7428 16.5309
74 511.944 718.321 5 0.707107 -37.3472 117.756
75 512.363 718.593 5 1.11803 -39.8861 14.0906
76 512.783 718.865 5 1.58114 -41.7066 98.8242
77 513.202 719.138 5 2.06155 -46.9389 134.175
78 513.621 719.41 5 2.54951 -47.4759 -110.929
79 510.414 717.923 5 1.41421 -43.204 -119.887
80 510.833 718.195 5 1.11803 -41.1181 21.3792
81 511.672 718.74 5 1.11803 -41.2664 17.8852
82 512.091 719.012 5 1.41421 -42.8184 -115.024
83 512.51 719.285 5 1.80278 -42.9611 -166.702
84 512.93 719.557 5 2.23607 -44.7198 43.7583
85 513.349 719.829 5 2.69258 -49.5786 90.4421
86 510.141 718.342 5 1.80278 -45.2111 152.968
87 510.561 718.615 5 1.58114 -42.6582 109.109
88 511.399 719.159 5 1.58114 -43.1904 130.282
89 511.819 719.432 5 1.80278 -43.8282 -169.536
90 512.238 719.704 5 2.12132 -44.1439 40.8287
91 512.657 719.976 5 2.5 -45.5175 7.02136
92 513.077 720.249 5 2.91548 -46.7147 -122.097
93 509.869 718.762 5 2.23607 -43.3992 51.6286
94 510.288 719.034 5 2.06155 -42.2864 -162.933
95 511.127 719.579 5 2.06155 -59.6712 -109.959
96 511.546 719.851 5 2.23607 -46.017 -75.6749
97 511.966 720.123 5 2.5 -50.3065 -43.7562
98 512.385 720.396 5 2.82843 -51.6288 -175.241
99 512.804 720.668 5 3.20156 -49.2099 7.84862
100 509.597 719.181 5 2.69258 -48.9505 -160.532
101 510.016 719.453 5 2.54951 -47.0113 -116.885
102 509.324 719.6 5 3.16228 -48.5912 -52.9288
103 509.744 719.873 5 3.04138 -54.2377 -137.592
104 509.052 720.02 5 3.64006 -48.5815 -24.392
105 509.471 720.292 5 3.53553 -46.1805 -80.9737
