1 509.951 714.045 5 6.80074 -51.2866 -153.777
2 510.37 714.318 5 6.40312 -70.9333 -89.708
3 510.79 714.59 5 6.0208 -59.9195 -28.3928
4 511.209 714.862 5 5.65685 -56.4131 -114.034
5 511.628 715.135 5 5.31507 -52.7899 162.044
6 512.048 715.407 5 5 -54.9013 -73.4117
7 512.467 715.679 5 4.71699 -49.3285 75.0827
8 512.886 715.952 5 4.47214 -50.8256 19.0987
9 513.306 716.224 5 4.272 -56.2917 -108.44
10 513.725 716.496 5 4.12311 -47.0472 20.7184
11 514.144 716.769 5 4.03113 -52.0633 -116.516
12 514.564 717.041 5 4 -51.5553 -167.331
13 514.983 717.313 5 4.03113 -54.9232 17.0824
14 509.679 714.465 5 6.5192 -75.7057 125.894
15 510.098 714.737 5 6.10328 -53.8109 63.7709
16 510.517 715.009 5 5.70088 -54.1687 131.837
17 510.937 715.282 5 5.31507 -54.2448 122.8
18 511.356 715.554 5 4.94975 -50.5141 92.3615
19 511.775 715.826 5 4.60977 -50.4588 7.22101
20 512.195 716.099 5 4.30116 -53.7689 -134.499
21 512.614 716.371 5 4.03113 -48.8647 -107.884
22 513.033 716.643 5 3.80789 -50.7666 154.532
23 513.453 716.916 5 3.64006 -47.3481 50.6092
24 513.872 717.188 5 3.53553 -45.6408 -123.717
25 514.291 717.46 5 3.5 -47.6619 -30.8859
26 514.711 717.733 5 3.53553 -51.3257 -23.5585
27 509.406 714.884 5 6.26498 -53.7173 -86.6166
28 509.826 715.156 5 5.83095 -53.6474 166.625
29 510.245 715.429 5 5.40833 -57.3379 -161.163
30 510.664 715.701 5 5 -49.4051 -28.843
31 511.084 715.973 5 4.60977 -67.4021 -20.1739
32 511.503 716.246 5 4.24264 -61.1487 62.7306
33 511.922 716.518 5 3.90513 -50.4059 -65.7385
34 512.342 716.79 5 3.60555 -54.052 78.2426
35 512.761 717.063 5 3.3541 -51.3501 74.3622
36 513.18 717.335 5 3.16228 -57.1286 -167.678
37 513.6 717.607 5 3.04138 -48.7032 -106.98
38 514.019 717.88 5 3 -51.2456 80.6864
39 514.438 718.152 5 3.04138 -54.4385 78.2187
40 509.134 715.303 5 6.04152 -56.0497 149.627
41 509.553 715.576 5 5.59017 -56.3674 36.601
42 509.973 715.848 5 5.14782 -59.7986 -60.579
43 510.392 716.12 5 4.71699 -53.5586 96.2846
44 510.811 716.393 5 4.30116 -66.831 65.9885
45 511.231 716.665 5 3.90513 -46.2793 -89.8274
46 511.65 716.937 5 3.53553 -49.761 -156.355
47 512.069 717.21 5 3.20156 -46.0172 119.192
48 512.489 717.482 5 2.91548 -48.9473 -143.032
49 512.908 717.754 5 2.69258 -52.6839 127.464
50 513.327 718.027 5 2.54951 -46.0406 -72.198
51 513.747 718.299 5 2.5 -45.3442 59.2537
52 514.166 718.571 5 2.54951 -49.2612 -143.138
53 508.862 715.723 5 5.85235 -76.2136 110.077
54 509.281 715.995 5 5.38517 -61.6188 173.765
55 509.7 716.267 5 4.92443 -53.6162 38.2389
56 510.12 716.54 5 4.47214 -52.0294 -50.337
57 510.539 716.812 5 4.03113 -49.6253 -88.1875
58 510.958 717.084 5 3.60555 -47.2778 94.9106
59 511.378 717.357 5 3.20156 -52.4712 126.31
60 511.797 717.629 5 2.82843 -52.2809 -169.32
61 512.216 717.901 5 2.5 -48.3299 2.08994
62 512.636 718.174 5 2.23607 -46.6723 41.269
63 513.055 718.446 5 2.06155 -45.0696 -144.439
64 513.474 718.718 5 2 -44.2779 71.4916
65 513.894 718.991 5 2.06155 -47.1385 -116.932
66 508.589 716.142 5 5.70088 -63.8986 -175.572
67 509.009 716.414 5 5.22015 -69.2419 43.3216
68 509.428 716.687 5 4.74342 -58.3933 123.848
69 509.847 716.959 5 4.272 -51.3963 80.6626
70 510.267 717.231 5 3.80789 -53.3592 -7.60642
71 510.686 717.504 5 3.3541 -54.9853 -74.874
72 511.105 717.776 5 2.91548 -47.1928 -100.879
73 511.525 718.048 5 2.5 -52.9339 43.4227
74 511.944 718.321 5 2.12132 -45.3584 9.86566
75 512.363 718.593 5 1.80278 -44.6885 -158.209
76 512.783 718.865 5 1.58114 -42.5245 127.762
77 513.202 719.138 5 1.5 -40.6676 29.8091
78 513.621 719.41 5 1.58114 -42.128 95.7501
79 510.414 717.923 5 3.16228 -63.961 -107.868
80 510.833 718.195 5 2.69258 -51.8482 -6.49548
81 511.672 718.74 5 1.80278 -39.9156 -157.031
82 512.091 719.012 5 1.41421 -43.0672 -123.467
83 512.51 719.285 5 1.11803 -39.5728 31.7045
84 512.93 719.557 5 1 -42.7105 35.3155
85 513.349 719.829 5 1.11803 -42.5193 62.3751
86 510.141 718.342 5 3.04138 -56.4017 -6.94591
87 510.561 718.615 5 2.54951 -55.4414 69.3124
88 511.399 719.159 5 1.58114 -43.3893 81.1526
89 511.819 719.432 5 1.11803 -41.0689 38.8098
90 512.238 719.704 5 0.707107 -33.8941 123.017
91 512.657 719.976 5 0.5 -34.5579 16.2198
92 513.077 720.249 5 0.707107 -38.2647 -100.123
93 509.869 718.762 5 3 -55.1646 -14.6905
94 510.288 719.034 5 2.5 -67.8732 -157.905
95 511.127 719.579 5 1.5 -36.8691 129.906
96 511.546 719.851 5 1 -47.1543 -106.313
97 511.966 720.123 5 0.5 -34.2792 -16.1129
98 512.385 720.396 5 0 -48.6666 156.549
99 512.804 720.668 5 0.5 -32.5132 -93.4199
100 509.597 719.181 5 3.04138 -61.8914 145.376
101 510.016 719.453 5 2.54951 -56.1945 -156.892
102 509.324 719.6 5 3.16228 -61.5123 179.324
103 509.744 719.873 5 2.69258 -53.3639 -35.0025
104 509.052 720.02 5 3.3541 -59.1793 -131.654
105 509.471 720.292 5 2.91548 -60.6971 -42.5677
