1 514.644 719.84 5 4.17008 -74.1143 -51.5885
2 514.371 720.259 5 4.29356 -60.0728 39.2279
3 514.097 720.678 5 4.46987 -52.8459 -79.5436
4 513.824 721.096 5 4.69306 -54.8437 -6.19797
5 513.551 721.515 5 4.9568 -64.2788 59.278
6 513.278 721.934 5 5.25499 -73.5595 -26.496
7 513.004 722.353 5 5.58211 -81.769 55.7056
8 512.731 722.771 5 5.93338 -70.357 35.0708
9 512.458 723.19 5 6.30477 -87.2726 79.433
10 512.185 723.609 5 6.69292 -87.9369 114.902
11 515.063 720.113 5 4.66189 -70.4262 -140.8
12 514.789 720.532 5 4.77266 -64.8882 -4.64067
13 514.516 720.951 5 4.93187 -52.9034 45.7052
14 514.243 721.37 5 5.13501 -51.3388 171.011
15 513.97 721.788 5 5.37712 -83.0217 84.1844
16 513.696 722.207 5 5.65318 -72.2977 -90.3031
17 513.423 722.626 5 5.95849 -71.9186 5.40599
18 513.15 723.045 5 6.28877 -65.5272 19.7902
19 512.877 723.463 5 6.64031 -84.9951 -23.3128
20 512.603 723.882 5 7.0099 -84.2614 23.104
21 515.481 720.387 5 5.15527 -72.4339 -151.143
22 515.208 720.805 5 5.25565 -69.0494 -107.085
23 514.935 721.224 5 5.40064 -56.1203 140.418
24 514.662 721.643 5 5.58677 -54.9074 -41.5784
25 514.388 722.062 5 5.81008 -52.0848 40.5815
26 514.115 722.48 5 6.06647 -66.6393 -179.206
27 513.842 722.899 5 6.35194 -66.8841 132.965
28 513.568 723.318 5 6.66275 -66.8408 126.44
29 513.295 723.737 5 6.99552 -68.6047 134.39
30 513.022 724.155 5 7.34727 -82.5066 86.4944
31 515.9 720.66 5 5.64981 -66.6485 -56.0042
32 515.627 721.079 5 5.74155 -66.1193 -52.6307
33 515.353 721.497 5 5.87456 -59.8291 -95.1366
34 515.08 721.916 5 6.04612 -54.1847 96.1116
35 514.807 722.335 5 6.25305 -53.7885 -138.395
36 514.534 722.754 5 6.49197 -70.5812 -101.278
37 514.26 723.172 5 6.75949 -74.0368 -94.2338
38 513.987 723.591 5 7.05236 -77.037 -106.547
39 516.319 720.933 5 6.14524 -77.9821 -177.166
40 516.045 721.352 5 6.22969 -67.2409 0.43372
41 515.772 721.771 5 6.35249 -62.9515 -1.94216
42 515.499 722.189 5 6.51146 -56.6547 -145.311
43 515.226 722.608 5 6.70404 -55.2027 6.74652
44 514.952 723.027 5 6.92743 -62.7765 124.91
45 514.679 723.446 5 7.17874 -77.3301 -106.568
46 514.406 723.864 5 7.45516 -136.236 -95.883
47 516.737 721.206 5 6.64135 -59.1224 97.4859
48 516.464 721.625 5 6.71957 -69.5942 -8.42871
49 516.191 722.044 5 6.83357 -69.8411 36.044
50 515.918 722.463 5 6.9816 -59.6863 -75.2982
51 515.644 722.881 5 7.16155 -56.4201 141.267
52 515.371 723.3 5 7.37108 -59.2935 -122.087
53 515.098 723.719 5 7.60775 -71.5863 1.47437
54 514.825 724.138 5 7.86911 -113.843 159.207
55 517.156 721.48 5 7.13801 -55.8776 -148.239
56 516.883 721.898 5 7.21084 -66.7783 175.46
57 516.61 722.317 5 7.31719 -72.1056 -61.6072
58 516.336 722.736 5 7.45562 -63.5673 15.4032
59 516.063 723.155 5 7.62439 -56.7518 -146.661
60 515.79 723.573 5 7.82154 -54.3336 10.0998
61 515.517 723.992 5 8.04497 -63.7433 104.851
62 515.243 724.411 5 8.29256 -118.782 -8.96134
63 517.575 721.753 5 7.6351 -65.3717 -111.417
64 517.302 722.172 5 7.70323 -64.6365 162.153
65 517.028 722.59 5 7.80287 -69.3488 -134.159
66 516.755 723.009 5 7.93284 -72.8642 23.2259
67 516.482 723.428 5 8.09166 -58.8989 -18.6081
68 516.209 723.847 5 8.27768 -54.8543 157.777
69 515.935 724.265 5 8.48912 -68.17 -83.3381
70 515.662 724.684 5 8.72411 -68.8902 115.753
71 517.994 722.026 5 8.13255 -65.9409 -68.7573
72 517.72 722.445 5 8.19655 -63.1978 -107.099
73 517.447 722.864 5 8.29026 -73.1971 40.6549
74 517.174 723.282 5 8.4127 -70.9351 11.9011
75 516.901 723.701 5 8.56263 -61.6121 74.6381
76 516.627 724.12 5 8.73863 -57.4663 -68.7002
77 516.354 724.539 5 8.93917 -62.0999 79.1202
78 516.081 724.957 5 9.16263 -61.3531 -87.7585
