1 509.951 714.045 5 5.59017 -56.0579 -55.8423
2 510.37 714.318 5 5.38516 -53.479 -54.3943
3 510.79 714.59 5 5.22015 -52.8139 133.683
4 511.209 714.862 5 5.09902 -53.5544 -153.895
5 511.628 715.135 5 5.02494 -63.2537 46.9563
6 512.048 715.407 5 5 -61.8797 -66.8763
7 512.467 715.679 5 5.02494 -46.44 -79.6039
8 512.886 715.952 5 5.09902 -47.7035 56.0092
9 513.306 716.224 5 5.22015 -50.0223 150.871
10 513.725 716.496 5 5.38517 -61.0515 49.016
11 514.144 716.769 5 5.59017 -52.6441 114.88
12 514.564 717.041 5 5.83095 -68.3595 -101.355
13 514.983 717.313 5 6.10328 -65.19 15.8359
14 509.679 714.465 5 5.14782 -53.5594 157.329
15 510.098 714.737 5 4.92443 -54.114 130.235
16 510.517 715.009 5 4.74342 -55.108 128.573
17 510.937 715.282 5 4.60977 -46.4241 -26.56
18 511.356 715.554 5 4.52769 -50.7986 -19.6711
19 511.775 715.826 5 4.5 -56.0317 73.2716
20 512.195 716.099 5 4.52769 -45.9263 -74.3289
21 512.614 716.371 5 4.60977 -52.8191 32.6216
22 513.033 716.643 5 4.74342 -50.0349 143.536
23 513.453 716.916 5 4.92443 -52.433 -83.0466
24 513.872 717.188 5 5.14782 -80.434 -156.271
25 514.291 717.46 5 5.40833 -50.3622 66.3567
26 514.711 717.733 5 5.70088 -63.1915 143.149
27 509.406 714.884 5 4.71699 -61.7341 -39.1722
28 509.826 715.156 5 4.47214 -55.3863 11.859
29 510.245 715.429 5 4.272 -64.6112 -81.34
30 510.664 715.701 5 4.12311 -49.9288 42.3016
31 511.084 715.973 5 4.03113 -47.5355 -165.296
32 511.503 716.246 5 4 -49.968 65.0624
33 511.922 716.518 5 4.03113 -44.0852 -100.231
34 512.342 716.79 5 4.12311 -54.9054 -35.168
35 512.761 717.063 5 4.272 -63.7197 1.72131
36 513.18 717.335 5 4.47214 -52.9436 160.341
37 513.6 717.607 5 4.71699 -51.2626 -67.609
38 514.019 717.88 5 5 -49.9555 106.615
39 514.438 718.152 5 5.31507 -68.425 111.272
40 509.134 715.303 5 4.30116 -65.5686 176.404
41 509.553 715.576 5 4.03113 -55.1575 106.777
42 509.973 715.848 5 3.80789 -56.7772 -81.4409
43 510.392 716.12 5 3.64006 -58.9669 -159.662
44 510.811 716.393 5 3.53553 -46.6929 -91.4712
45 511.231 716.665 5 3.5 -46.6663 27.6335
46 511.65 716.937 5 3.53553 -43.1928 -111.22
47 512.069 717.21 5 3.64006 -57.3845 -32.0601
48 512.489 717.482 5 3.80789 -47.9077 -89.2899
49 512.908 717.754 5 4.03113 -58.774 126.991
50 513.327 718.027 5 4.30116 -55.0252 -9.59304
51 513.747 718.299 5 4.60977 -55.9109 -43.0876
52 514.166 718.571 5 4.94975 -52.5216 42.4969
53 508.862 715.723 5 3.90513 -59.2689 -75.1263
54 509.281 715.995 5 3.60555 -71.5988 -175.176
55 509.7 716.267 5 3.3541 -72.6541 5.3658
56 510.12 716.54 5 3.16228 -53.1767 152.543
57 510.539 716.812 5 3.04138 -62.1499 93.9737
58 510.958 717.084 5 3 -43.8319 105.884
59 511.378 717.357 5 3.04138 -48.5626 -139.208
60 511.797 717.629 5 3.16228 -49.5971 -58.435
61 512.216 717.901 5 3.3541 -71.9258 104.759
62 512.636 718.174 5 3.60555 -80.7163 98.0277
63 513.055 718.446 5 3.90513 -60.6686 -76.6024
64 513.474 718.718 5 4.24264 -50.4201 -64.3903
65 513.894 718.991 5 4.60977 -49.2139 -120.689
66 508.589 716.142 5 3.53553 -55.064 132.132
67 509.009 716.414 5 3.20156 -62.1502 6.10169
68 509.428 716.687 5 2.91548 -63.9784 140.649
69 509.847 716.959 5 2.69258 -69.9059 111.654
70 510.267 717.231 5 2.54951 -50.1775 1.53529
71 510.686 717.504 5 2.5 -53.1971 61.6012
72 511.105 717.776 5 2.54951 -42.9248 -58.5567
73 511.525 718.048 5 2.69258 -45.1416 -109.849
74 511.944 718.321 5 2.91548 -48.5396 46.294
75 512.363 718.593 5 3.20156 -55.2939 51.3614
76 512.783 718.865 5 3.53553 -55.1823 163.575
77 513.202 719.138 5 3.90513 -49.739 151.109
78 513.621 719.41 5 4.30116 -49.3375 69.8584
79 510.414 717.923 5 2 -45.7167 23.0028
80 510.833 718.195 5 2.06155 -51.5693 169.857
81 511.672 718.74 5 2.5 -54.8231 31.0488
82 512.091 719.012 5 2.82843 -47.5282 32.3622
83 512.51 719.285 5 3.20156 -46.4654 19.5551
84 512.93 719.557 5 3.60555 -46.5539 -69.9615
85 513.349 719.829 5 4.03113 -80.7159 -92.5151
86 510.141 718.342 5 1.5 -41.4055 44.7864
87 510.561 718.615 5 1.58114 -40.3213 -173.475
88 511.399 719.159 5 2.12132 -51.6838 -69.7239
89 511.819 719.432 5 2.5 -46.2546 -157.669
90 512.238 719.704 5 2.91548 -56.6555 168.682
91 512.657 719.976 5 3.3541 -72.4593 51.6423
92 513.077 720.249 5 3.80789 -65.6484 116.341
93 509.869 718.762 5 1 -33.9797 6.62445
94 510.288 719.034 5 1.11803 -39.5063 -31.4875
95 511.127 719.579 5 1.80278 -42.1748 66.4747
96 511.546 719.851 5 2.23607 -50.1585 56.5952
97 511.966 720.123 5 2.69258 -54.2881 144.617
98 512.385 720.396 5 3.16228 -61.6613 -177.872
99 512.804 720.668 5 3.64006 -67.6925 29.5192
100 509.597 719.181 5 0.5 -54.4331 55.5924
101 510.016 719.453 5 0.707107 -35.5189 115.289
102 509.324 719.6 5 0 -36.115 -71.5776
103 509.744 719.873 5 0.5 -32.1045 -23.7762
104 509.052 720.02 5 0.5 -33.2275 2.11964
105 509.471 720.292 5 0.707107 -40.0398 142.404
