1 505.473 717.831 5 6.45884 -64.4031 -40.5916
2 505.747 717.412 5 6.02852 -63.5047 111.898
3 506.02 716.994 5 5.60977 -67.8696 -160.316
4 506.294 716.575 5 5.20538 -69.5104 -45.7145
5 506.567 716.157 5 4.81896 -67.0068 14.1878
6 505.891 718.104 5 6.22815 -70.7218 -156.939
7 506.165 717.686 5 5.78068 -56.3736 150.946
8 506.439 717.267 5 5.34254 -57.3819 -44.9732
9 506.712 716.849 5 4.91621 -57.9926 63.38
10 506.986 716.43 5 4.50506 -83.5341 -28.5502
11 506.31 718.378 5 6.03017 -69.4975 153.638
12 506.584 717.96 5 5.56681 -64.4313 33.0449
13 506.857 717.541 5 5.11037 -61.9595 -120.941
14 507.131 717.123 5 4.66286 -58.1292 116.67
15 507.404 716.704 5 4.22714 -53.3859 -81.8745
16 506.728 718.652 5 5.86823 -65.3076 30.3577
17 507.002 718.233 5 5.39097 -67.7834 81.0081
18 507.276 717.815 5 4.91824 -63.0329 122.788
19 507.549 717.396 5 4.45146 -66.4845 -3.66445
20 507.823 716.978 5 3.99273 -55.852 -133.556
21 507.147 718.925 5 5.74537 -59.2388 -28.608
22 507.421 718.507 5 5.25697 -69.398 -43.5589
23 507.694 718.088 5 4.77098 -62.8591 -116.21
24 507.968 717.67 5 4.2882 -61.7348 142.117
25 508.241 717.251 5 3.80987 -57.6077 126.386
26 507.565 719.199 5 5.66414 -52.8168 -115.741
27 507.839 718.78 5 5.16807 -55.6818 -102.947
28 508.113 718.362 5 4.67283 -51.3694 -100.247
29 508.386 717.943 5 4.17873 -55.4011 -120.068
30 508.66 717.525 5 3.68623 -69.4919 -122.69
31 507.984 719.472 5 5.62634 -51.3074 57.3634
32 508.258 719.054 5 5.12661 -53.0087 37.7538
33 508.531 718.635 5 4.62694 -49.8824 8.93274
34 508.805 718.217 5 4.12735 -50.484 -2.28762
35 509.078 717.798 5 3.62787 -51.6549 -22.1318
36 508.402 719.746 5 5.63284 -76.5161 64.8931
37 508.676 719.328 5 5.13374 -64.151 -22.756
38 508.95 718.909 5 4.63484 -67.731 80.1496
39 509.223 718.491 5 4.1362 -66.8595 -36.6723
40 509.497 718.072 5 3.63794 -84.5663 -148.442
