1 505.473 717.831 5 7.43556 -72.8059 -40.0421
2 505.747 717.412 5 7.16973 -74.0529 -97.2884
3 506.02 716.994 5 6.92982 -78.6604 101.824
4 506.294 716.575 5 6.71861 -81.7916 170.096
5 506.567 716.157 5 6.53889 -65.9968 -39.1333
6 505.891 718.104 5 7.0254 -76.8485 20.3328
7 506.165 717.686 5 6.74341 -70.2422 -175.958
8 506.439 717.267 5 6.48776 -75.0286 -2.13046
9 506.712 716.849 5 6.26166 -65.6244 -152.76
10 506.986 716.43 5 6.06842 -75.4553 -68.7375
11 506.31 718.378 5 6.62759 -76.8832 -9.30918
12 506.584 717.96 5 6.3279 -71.8784 65.7399
13 506.857 717.541 5 6.05472 -64.8838 56.7561
14 507.131 717.123 5 5.8118 -66.3978 162.289
15 507.404 716.704 5 5.60307 -81.7687 -99.2183
16 506.728 718.652 5 6.24448 -78.3498 -6.60958
17 507.002 718.233 5 5.92545 -77.9414 -34.0873
18 507.276 717.815 5 5.63279 -69.5995 110.68
19 507.549 717.396 5 5.37082 -67.8792 161.644
20 507.823 716.978 5 5.14423 -68.6797 -127.47
21 507.147 718.925 5 5.87896 -80.4076 -80.544
22 507.421 718.507 5 5.53892 -68.5741 44.188
23 507.694 718.088 5 5.22465 -69.9994 -7.49154
24 507.968 717.67 5 4.94109 -66.4921 34.2863
25 508.241 717.251 5 4.6938 -66.466 106.928
26 507.565 719.199 5 5.53452 -66.5499 -179.435
27 507.839 718.78 5 5.17187 -69.2348 -85.152
28 508.113 718.362 5 4.8338 -71.294 -97.0967
29 508.386 717.943 5 4.52582 -81.6107 -4.19044
30 508.66 717.525 5 4.25445 -73.4394 160.26
31 507.984 719.472 5 5.21532 -98.7198 107.92
32 508.258 719.054 5 4.82876 -69.9869 -149.96
33 508.531 718.635 5 4.46478 -71.9489 70.9409
34 508.805 718.217 5 4.12937 -94.9484 35.7068
35 509.078 717.798 5 3.83002 -78.1697 -126.65
36 508.402 719.746 5 4.92627 -61.3232 54.477
37 508.676 719.328 5 4.51504 -64.6394 -141.632
38 508.95 718.909 5 4.12346 -69.0075 -53.8751
39 509.223 718.491 5 3.7577 -66.7892 22.4037
40 509.497 718.072 5 3.42603 -65.658 79.7563
