1 505.473 717.831 5 6.94148 -63.6466 -56.5508
2 505.747 717.412 5 6.58073 -61.2616 -85.1415
3 506.02 716.994 5 6.23922 -72.739 104.862
4 506.294 716.575 5 5.92029 -66.4961 -93.1555
5 506.567 716.157 5 5.62776 -78.4598 -114.26
6 505.891 718.104 5 6.61481 -60.3139 -155.593
7 506.165 717.686 5 6.2352 -62.5947 -156.408
8 506.439 717.267 5 5.87363 -58.8108 143.701
9 506.712 716.849 5 5.53367 -64.3951 17.3623
10 506.986 716.43 5 5.21952 -65.2649 105.477
11 506.31 718.378 5 6.3109 -63.8316 14.5925
12 506.584 717.96 5 5.9118 -63.6696 64.9972
13 506.857 717.541 5 5.52913 -61.3937 61.5814
14 507.131 717.123 5 5.16654 -59.3212 16.2899
15 507.404 716.704 5 4.82857 -68.1728 -58.8649
16 506.728 718.652 5 6.03317 -57.9525 115.454
17 507.002 718.233 5 5.61436 -56.7601 -142.755
18 507.276 717.815 5 5.20989 -60.339 -83.0598
19 507.549 717.396 5 4.82336 -59.049 -46.8847
20 507.823 716.978 5 4.45945 -62.2207 -113.296
21 507.147 718.925 5 5.78539 -62.0553 95.4026
22 507.421 718.507 5 5.34721 -60.1506 -102.124
23 507.694 718.088 5 4.92083 -56.2188 75.5501
24 507.968 717.67 5 4.5096 -62.3979 136.382
25 508.241 717.251 5 4.11806 -57.4168 175.153
26 507.565 719.199 5 5.57157 -67.0174 82.3327
27 507.839 718.78 5 5.11511 -70.4058 5.68827
28 508.113 718.362 5 4.66757 -94.1884 -112.392
29 508.386 717.943 5 4.2318 -58.5396 -99.5322
30 508.66 717.525 5 3.81183 -57.2262 36.0034
31 507.984 719.472 5 5.39575 -69.9549 -125.468
32 508.258 719.054 5 4.92301 -74.7102 -149.687
33 508.531 718.635 5 4.45622 -76.0108 11.033
34 508.805 718.217 5 3.99748 -69.2635 142.513
35 509.078 717.798 5 3.54989 -83.364 -110.734
36 508.402 719.746 5 5.26173 -60.3506 40.1141
37 508.676 719.328 5 4.77574 -60.3586 100.274
38 508.95 718.909 5 4.29297 -81.7194 -167.386
39 509.223 718.491 5 3.81464 -71.7584 -144.93
40 509.497 718.072 5 3.34266 -75.6137 134.862
