1 505.473 717.831 5 4.22768 -53.786 -90.8907
2 505.747 717.412 5 3.80825 -61.1605 -17.3625
3 506.02 716.994 5 3.4106 -57.6255 89.963
4 506.294 716.575 5 3.0433 -60.2334 -25.243
5 506.567 716.157 5 2.71866 -61.1981 5.65355
6 505.891 718.104 5 3.99255 -60.4439 -100.309
7 506.165 717.686 5 3.5454 -60.8531 71.6259
8 506.439 717.267 5 3.11437 -54.7686 -123.019
9 506.712 716.849 5 2.70717 -52.2548 -43.3946
10 506.986 716.43 5 2.33629 -60.657 41.9315
11 506.31 718.378 5 3.80888 -54.819 152.747
12 506.584 717.96 5 3.33721 -60.0295 75.4062
13 506.857 717.541 5 2.87514 -65.2955 -158.811
14 507.131 717.123 5 2.42815 -52.4142 73.8267
15 507.404 716.704 5 2.00633 -51.621 161.562
16 506.728 718.652 5 3.68438 -58.8776 -155.644
17 507.002 718.233 5 3.19439 -62.5187 -143.634
18 507.276 717.815 5 2.70806 -63.3302 -131.287
19 507.549 717.396 5 2.22779 -52.7945 -63.2458
20 507.823 716.978 5 1.75855 -49.5948 -125.051
21 507.147 718.925 5 3.62516 -48.5169 -37.3931
22 507.421 718.507 5 3.1259 -47.9587 -33.4087
23 507.694 718.088 5 2.62692 -46.4514 -35.0021
24 507.968 717.67 5 2.12842 -47.044 -50.1542
25 508.241 717.251 5 1.63083 -45.9041 -46.655
26 507.565 719.199 5 3.63441 -48.2204 -48.8318
27 507.839 718.78 5 3.13662 -48.8369 -52.04
28 508.113 718.362 5 2.63967 -47.9974 -54.1386
29 508.386 717.943 5 2.14413 -47.3766 -76.2347
30 508.66 717.525 5 1.65128 -48.3964 -79.2818
31 507.984 719.472 5 3.71161 -58.9274 -169.255
32 508.258 719.054 5 3.22576 -60.026 -96.2427
33 508.531 718.635 5 2.74499 -55.1079 -112.726
34 508.805 718.217 5 2.27253 -51.3233 -137.078
35 509.078 717.798 5 1.8149 -56.5258 61.569
36 508.402 719.746 5 3.85268 -74.1664 153.035
37 508.676 719.328 5 3.38713 -78.0524 52.1287
38 508.95 718.909 5 2.93293 -83.7365 -163.732
39 509.223 718.491 5 2.49631 -68.7849 46.7659
40 509.497 718.072 5 2.0883 -75.4327 55.5522
