1 509.951 714.045 5 5 -56.0992 -16.7454
2 510.37 714.318 5 4.60977 -51.0185 57.2609
3 510.79 714.59 5 4.24264 -51.7597 -32.0187
4 511.209 714.862 5 3.90512 -48.6066 -117.119
5 511.628 715.135 5 3.60555 -48.7633 81.7639
6 512.048 715.407 5 3.3541 -46.3646 18.4583
7 512.467 715.679 5 3.16228 -51.7166 -86.3972
8 512.886 715.952 5 3.04138 -48.6231 -130.217
9 513.306 716.224 5 3 -49.5156 -64.8755
10 513.725 716.496 5 3.04138 -48.3371 174.514
11 514.144 716.769 5 3.16228 -51.7843 -40.1805
12 514.564 717.041 5 3.3541 -49.0431 -151.92
13 514.983 717.313 5 3.60555 -52.0691 -130.406
14 509.679 714.465 5 4.71699 -60.394 118.423
15 510.098 714.737 5 4.30116 -52.6382 179.901
16 510.517 715.009 5 3.90512 -52.342 -107.286
17 510.937 715.282 5 3.53553 -50.5315 -88.4964
18 511.356 715.554 5 3.20156 -50.5334 -143.884
19 511.775 715.826 5 2.91548 -52.0199 -81.4643
20 512.195 716.099 5 2.69258 -48.2754 131.646
21 512.614 716.371 5 2.54951 -55.0689 -146.579
22 513.033 716.643 5 2.5 -56.4813 -46.2434
23 513.453 716.916 5 2.54951 -52.3338 -163.222
24 513.872 717.188 5 2.69258 -57.1038 92.2233
25 514.291 717.46 5 2.91548 -47.6121 -144.889
26 514.711 717.733 5 3.20156 -57.4128 133.914
27 509.406 714.884 5 4.47214 -49.4292 110.503
28 509.826 715.156 5 4.03113 -51.928 -90.6154
29 510.245 715.429 5 3.60555 -49.9058 97.5009
30 510.664 715.701 5 3.20156 -45.8959 127.317
31 511.084 715.973 5 2.82843 -47.5679 93.496
32 511.503 716.246 5 2.5 -47.4422 26.9719
33 511.922 716.518 5 2.23607 -46.4224 53.1315
34 512.342 716.79 5 2.06155 -45.1136 165.878
35 512.761 717.063 5 2 -49.4022 -48.0846
36 513.18 717.335 5 2.06155 -51.9776 175.485
37 513.6 717.607 5 2.23607 -44.0479 0.409011
38 514.019 717.88 5 2.5 -48.7586 62.7371
39 514.438 718.152 5 2.82843 -44.8592 144.572
40 509.134 715.303 5 4.272 -60.7036 18.5141
41 509.553 715.576 5 3.80789 -58.3863 177.895
42 509.973 715.848 5 3.3541 -47.6024 46.4848
43 510.392 716.12 5 2.91548 -47.7909 -102.107
44 510.811 716.393 5 2.5 -46.0326 18.0899
45 511.231 716.665 5 2.12132 -48.2186 6.42207
46 511.65 716.937 5 1.80278 -47.4344 -143.846
47 512.069 717.21 5 1.58114 -43.0799 123.838
48 512.489 717.482 5 1.5 -48.9305 -52.9707
49 512.908 717.754 5 1.58114 -42.0974 124.648
50 513.327 718.027 5 1.80278 -45.0159 -139.718
51 513.747 718.299 5 2.12132 -48.6687 8.41406
52 514.166 718.571 5 2.5 -49.4732 30.4222
53 508.862 715.723 5 4.12311 -51.8257 -80.1728
54 509.281 715.995 5 3.64006 -50.7653 -94.9468
55 509.7 716.267 5 3.16228 -48.2594 -122.638
56 510.12 716.54 5 2.69258 -53.0997 153.36
57 510.539 716.812 5 2.23607 -50.2327 86.6165
58 510.958 717.084 5 1.80278 -41.2998 -146.312
59 511.378 717.357 5 1.41421 -42.3266 -130.45
60 511.797 717.629 5 1.11803 -40.9625 20.518
61 512.216 717.901 5 1 -43.158 -33.647
62 512.636 718.174 5 1.11803 -46.4012 18.6722
63 513.055 718.446 5 1.41421 -42.2087 -118.165
64 513.474 718.718 5 1.80278 -46.0621 -151.555
65 513.894 718.991 5 2.23607 -43.5932 -19.668
66 508.589 716.142 5 4.03113 -57.9983 55.1752
67 509.009 716.414 5 3.53553 -49.9457 -3.34529
68 509.428 716.687 5 3.04138 -52.3757 -71.2193
69 509.847 716.959 5 2.54951 -64.5153 69.955
70 510.267 717.231 5 2.06155 -62.9005 -171.247
71 510.686 717.504 5 1.58114 -54.495 105.898
72 511.105 717.776 5 1.11803 -38.3049 33.4788
73 511.525 718.048 5 0.707107 -39.2387 109.599
74 511.944 718.321 5 0.5 -38.2255 -11.6089
75 512.363 718.593 5 0.707107 -36.6774 119.207
76 512.783 718.865 5 1.11803 -37.304 17.4277
77 513.202 719.138 5 1.58114 -44.766 104.598
78 513.621 719.41 5 2.06155 -45.7352 -164.986
79 510.414 717.923 5 1.5 -43.9931 -129.254
80 510.833 718.195 5 1 -55.3399 -176.254
81 511.672 718.74 5 0 -39.0863 141.254
82 512.091 719.012 5 0.5 -35.0638 17.0047
83 512.51 719.285 5 1 -39.8626 25.2026
84 512.93 719.557 5 1.5 -44.3587 10.9453
85 513.349 719.829 5 2 -44.7507 35.037
86 510.141 718.342 5 1.58114 -45.4626 -61.0232
87 510.561 718.615 5 1.11803 -44.4335 -109.985
88 511.399 719.159 5 0.5 -34.7985 12.4074
89 511.819 719.432 5 0.707107 -34.5661 120.485
90 512.238 719.704 5 1.11803 -39.8589 17.4344
91 512.657 719.976 5 1.58114 -45.1281 63.2153
92 513.077 720.249 5 2.06155 -51.2299 -115.433
93 509.869 718.762 5 1.80278 -43.9044 71.2193
94 510.288 719.034 5 1.41421 -44.4125 129.608
95 511.127 719.579 5 1 -37.6637 -9.69296
96 511.546 719.851 5 1.11803 -37.4924 -109.776
97 511.966 720.123 5 1.41421 -41.5877 -88.6644
98 512.385 720.396 5 1.80278 -38.7179 -160.206
99 512.804 720.668 5 2.23607 -41.1662 -128.507
100 509.597 719.181 5 2.12132 -47.8749 -81.8441
101 510.016 719.453 5 1.80278 -83.1016 128.869
102 509.324 719.6 5 2.5 -60.6298 24.9041
103 509.744 719.873 5 2.23607 -60.8651 -175.082
104 509.052 720.02 5 2.91548 -55.4411 57.9335
105 509.471 720.292 5 2.69258 -59.5779 137.173
