1 514.644 719.84 5 4.69593 -68.1501 -96.2766
2 514.371 720.259 5 4.95951 -64.6422 179.285
3 514.097 720.678 5 5.25755 -55.0166 -159.416
4 513.824 721.096 5 5.58452 -52.109 12.5712
5 513.551 721.515 5 5.93565 -60.4364 13.9727
6 513.278 721.934 5 6.3069 -82.3317 116.796
7 513.004 722.353 5 6.69493 -80.0618 68.1076
8 512.731 722.771 5 7.09698 -72.8224 174.419
9 512.458 723.19 5 7.5108 -85.7374 96.335
10 512.185 723.609 5 7.93456 -89.054 72.0399
11 515.063 720.113 5 5.13796 -67.6295 134.769
12 514.789 720.532 5 5.37993 -66.1512 -91.3145
13 514.516 720.951 5 5.65586 -67.1068 59.4023
14 514.243 721.37 5 5.96102 -54.1148 -9.32902
15 513.97 721.788 5 6.29117 -69.1002 33.2014
16 513.696 722.207 5 6.64258 -74.5451 -177.271
17 513.423 722.626 5 7.01206 -83.9752 -67.4281
18 513.15 723.045 5 7.39689 -74.0416 -130.154
19 512.877 723.463 5 7.79481 -84.696 -132.248
20 512.603 723.882 5 8.20391 -82.5377 -63.7238
21 515.481 720.387 5 5.58976 -59.0787 4.23944
22 515.208 720.805 5 5.81296 -58.2196 77.9484
23 514.935 721.224 5 6.06923 -68.1371 -173.032
24 514.662 721.643 5 6.35458 -62.233 -75.6573
25 514.388 722.062 5 6.66526 -54.704 140.772
26 514.115 722.48 5 6.99791 -72.7116 179.886
27 513.842 722.899 5 7.34955 -67.3866 89.5401
28 513.568 723.318 5 7.71757 -75.3108 146.846
29 513.295 723.737 5 8.09975 -91.4641 -124.051
30 513.022 724.155 5 8.49417 -80.9473 -117.658
31 515.9 720.66 5 6.04916 -55.2719 -134.001
32 515.627 721.079 5 6.25599 -62.903 -173.46
33 515.353 721.497 5 6.4948 -55.0965 -123.825
34 515.08 721.916 5 6.76221 -62.5529 77.1495
35 514.807 722.335 5 7.05497 -55.6982 112.877
36 514.534 722.754 5 7.37005 -54.7706 -58.3796
37 514.26 723.172 5 7.70472 -70.3093 -50.5023
38 513.987 723.591 5 8.05654 -78.7372 163.791
39 516.319 720.933 5 6.51454 -52.1792 27.8161
40 516.045 721.352 5 6.70703 -57.0538 24.3911
41 515.772 721.771 5 6.93032 -59.4655 -48.5011
42 515.499 722.189 5 7.18153 -57.2348 -50.8293
43 515.226 722.608 5 7.45785 -65.0362 -41.1174
44 514.952 723.027 5 7.75658 -54.8632 -107.351
45 514.679 723.446 5 8.07524 -56.3707 77.7297
46 514.406 723.864 5 8.41158 -107.278 5.01587
47 516.737 721.206 5 6.98471 -66.5397 25.8915
48 516.464 721.625 5 7.16458 -60.0742 -128.586
49 516.191 722.044 5 7.37402 -55.5819 176.286
50 515.918 722.463 5 7.6106 -62.8682 55.3902
51 515.644 722.881 5 7.87187 -61.9281 115.281
52 515.371 723.3 5 8.15545 -67.5481 126.103
53 515.098 723.719 5 8.45911 -54.6032 46.5948
54 514.825 724.138 5 8.78075 -135.411 34.7933
55 517.156 721.48 5 7.45875 -78.6785 -19.7643
56 516.883 721.898 5 7.62745 -53.2145 61.5935
57 516.61 722.317 5 7.82452 -63.7731 22.6275
58 516.336 722.736 5 8.04787 -58.4578 61.301
59 516.063 723.155 5 8.29537 -68.023 171.065
60 515.79 723.573 5 8.56494 -64.3675 -76.9747
61 515.517 723.992 5 8.85457 -60.9446 -62.3924
62 515.243 724.411 5 9.16234 -136.071 106.823
63 517.575 721.753 5 7.93599 -71.0903 44.8437
64 517.302 722.172 5 8.09475 -88.1746 -55.3118
65 517.028 722.59 5 8.2807 -53.9243 -102.909
66 516.755 723.009 5 8.49206 -57.3108 -112.745
67 516.482 723.428 5 8.72698 -60.987 -119.911
68 516.209 723.847 5 8.98361 -63.5607 -124.674
69 515.935 724.265 5 9.26014 -68.0193 20.9808
70 515.662 724.684 5 9.55486 -70.6117 60.0845
71 517.994 722.026 5 8.41586 -75.4805 121.25
72 517.72 722.445 5 8.56573 -72.2209 -70.8215
73 517.447 722.864 5 8.74167 -56.8409 95.8097
74 517.174 723.282 5 8.94214 -60.6658 110.972
75 516.901 723.701 5 9.16553 -59.0198 40.3977
76 516.627 724.12 5 9.41021 -64.0005 -9.22261
77 516.354 724.539 5 9.67456 -63.2166 15.1442
78 516.081 724.957 5 9.95702 -75.4451 14.3482
