1 505.473 717.831 5 9.52422 -87.2308 -127.264
2 505.747 717.412 5 9.23708 -86.4125 115.527
3 506.02 716.994 5 8.96864 -78.4739 -98.1432
4 506.294 716.575 5 8.72063 -89.0423 -33.615
5 506.567 716.157 5 8.49483 -82.3175 137.098
6 505.891 718.104 5 9.12601 -92.1657 -72.0391
7 506.165 717.686 5 8.82592 -83.4353 57.85
8 506.439 717.267 5 8.54457 -86.7907 115.327
9 506.712 716.849 5 8.28387 -85.4556 136.721
10 506.986 716.43 5 8.04583 -98.6886 -151.333
11 506.31 718.378 5 8.73826 -86.6713 155.816
12 506.584 717.96 5 8.42437 -92.4778 -137.996
13 506.857 717.541 5 8.12914 -88.9079 -101.9
14 507.131 717.123 5 7.85466 -94.0044 88.3811
15 507.404 716.704 5 7.6032 -94.6118 69.8713
16 506.728 718.652 5 8.36244 -90.4197 -9.4827
17 507.002 718.233 5 8.03388 -87.9325 45.4863
18 507.276 717.815 5 7.72373 -81.0575 -71.7343
19 507.549 717.396 5 7.43431 -81.5581 33.7459
20 507.823 716.978 5 7.16811 -80.4163 -68.9189
21 507.147 718.925 5 8.00022 -87.3718 -158.322
22 507.421 718.507 5 7.65614 -80.651 153.683
23 507.694 718.088 5 7.33003 -77.6063 -93.8596
24 507.968 717.67 5 7.0244 -79.6614 160.409
25 508.241 717.251 5 6.74203 -95.8269 -150.345
26 507.565 719.199 5 7.65355 -96.4968 41.2545
27 507.839 718.78 5 7.29312 -79.3509 98.6041
28 508.113 718.362 5 6.95 -80.3833 47.2606
29 508.386 717.943 5 6.62686 -93.195 168.358
30 508.66 717.525 5 6.32678 -89.764 -107.384
31 507.984 719.472 5 7.32461 -75.8449 -9.70871
32 508.258 719.054 5 6.94714 -83.4356 103.952
33 508.531 718.635 5 6.58602 -87.7994 -147.486
34 508.805 718.217 5 6.24408 -101.815 -119.48
35 509.078 717.798 5 5.92464 -96.5029 -40.537
36 508.402 719.746 5 7.01592 -74.0385 -92.1521
37 508.676 719.328 5 6.62088 -90.187 75.6047
38 508.95 718.909 5 6.2409 -250 0
39 509.223 718.491 5 5.87892 -250 0
40 509.497 718.072 5 5.53846 -250 0
