1 505.473 717.831 5 6.48968 -75.4422 -26.3003
2 505.747 717.412 5 6.26377 -69.1741 119.221
3 506.02 716.994 5 6.07072 -85.1914 -94.1088
4 506.294 716.575 5 5.91376 -73.587 15.7687
5 506.567 716.157 5 5.79581 -79.8377 -18.4614
6 505.891 718.104 5 6.05653 -73.8347 -19.3007
7 506.165 717.686 5 5.81381 -78.741 153.12
8 506.439 717.267 5 5.60529 -70.384 -127.568
9 506.712 716.849 5 5.43491 -73.9141 -132.523
10 506.986 716.43 5 5.30633 -75.5129 -98.0707
11 506.31 718.378 5 5.63446 -75.898 26.9507
12 506.584 717.96 5 5.37272 -70.1158 55.8792
13 506.857 717.541 5 5.14635 -76.4404 -107.997
14 507.131 717.123 5 4.96023 -66.576 125.812
15 507.404 716.704 5 4.819 -68.6941 -112.305
16 506.728 718.652 5 5.22617 -72.151 -138.036
17 507.002 718.233 5 4.94284 -85.0507 12.6735
18 507.276 717.815 5 4.69581 -67.6128 -94.8489
19 507.549 717.396 5 4.49104 -70.916 70.2107
20 507.823 716.978 5 4.33455 -61.059 -143.878
21 507.147 718.925 5 4.83513 -83.0576 -30.2958
22 507.421 718.507 5 4.5274 -66.2432 -51.8962
23 507.694 718.088 5 4.25632 -67.0386 -136.126
24 507.968 717.67 5 4.02928 -66.9634 3.45092
25 508.241 717.251 5 3.85409 -75.3568 140.188
26 507.565 719.199 5 4.46588 -85.2735 -120.604
27 507.839 718.78 5 4.13073 -68.0089 176.38
28 508.113 718.362 5 3.83169 -71.8497 -52.6089
29 508.386 717.943 5 3.57781 -67.7068 -110.063
30 508.66 717.525 5 3.37929 -68.9947 175.431
31 507.984 719.472 5 4.12428 -83.756 -44.4367
32 508.258 719.054 5 3.7588 -74.3845 176.652
33 508.531 718.635 5 3.42746 -99.8852 -23.8351
34 508.805 718.217 5 3.14108 -76.0216 35.4808
35 509.078 717.798 5 2.91295 -73.3085 -48.4225
36 508.402 719.746 5 3.81777 -66.1133 153.632
37 508.676 719.328 5 3.41968 -69.6877 -177.798
38 508.95 718.909 5 3.05174 -78.0411 -7.33812
39 509.223 718.491 5 2.72617 -70.6655 -58.4822
40 509.497 718.072 5 2.45985 -82.357 93.8106
