1 509.951 714.045 5 1.5 -35.9007 -40.7716
2 510.37 714.318 5 1 -38.3709 -33.8499
3 510.79 714.59 5 0.5 -31.8525 10.4664
4 511.209 714.862 5 0 -38.2629 23.5427
5 511.628 715.135 5 0.5 -32.3698 6.13129
6 512.048 715.407 5 1 -40.2248 -47.5992
7 512.467 715.679 5 1.5 -37.6508 -51.9257
8 512.886 715.952 5 2 -46.3209 -35.5972
9 513.306 716.224 5 2.5 -44.0473 -65.5345
10 513.725 716.496 5 3 -43.0813 -0.447017
11 514.144 716.769 5 3.5 -47.3481 14.0618
12 514.564 717.041 5 4 -63.9811 -153.305
13 514.983 717.313 5 4.5 -50.7757 68.6754
14 509.679 714.465 5 1.58114 -46.26 95.0733
15 510.098 714.737 5 1.11803 -42.1986 19.3197
16 510.517 715.009 5 0.707107 -35.3665 121.518
17 510.937 715.282 5 0.5 -32.4485 3.89471
18 511.356 715.554 5 0.707107 -34.7931 112.573
19 511.775 715.826 5 1.11803 -38.3689 3.75845
20 512.195 716.099 5 1.58114 -45.1389 78.6688
21 512.614 716.371 5 2.06155 -54.4174 165.625
22 513.033 716.643 5 2.54951 -48.2908 -93.7171
23 513.453 716.916 5 3.04138 -52.7174 -176.455
24 513.872 717.188 5 3.53553 -43.2041 -71.4325
25 514.291 717.46 5 4.03113 -54.1249 -48.134
26 514.711 717.733 5 4.52769 -52.6393 -100.267
27 509.406 714.884 5 1.80278 -43.6676 -152.524
28 509.826 715.156 5 1.41421 -47.165 -153.045
29 510.245 715.429 5 1.11803 -42.3477 18.7003
30 510.664 715.701 5 1 -38.0287 11.508
31 511.084 715.973 5 1.11803 -40.4822 29.8683
32 511.503 716.246 5 1.41421 -45.2503 -140.925
33 511.922 716.518 5 1.80278 -44.8329 -172.33
34 512.342 716.79 5 2.23607 -46.9268 72.7554
35 512.761 717.063 5 2.69258 -42.0106 153.443
36 513.18 717.335 5 3.16228 -44.5092 -148.155
37 513.6 717.607 5 3.64006 -44.395 -20.5957
38 514.019 717.88 5 4.12311 -52.5527 38.1972
39 514.438 718.152 5 4.60977 -46.3798 -2.13807
40 509.134 715.303 5 2.12132 -45.4108 -16.5218
41 509.553 715.576 5 1.80278 -39.9919 -165.684
42 509.973 715.848 5 1.58114 -47.2423 120.544
43 510.392 716.12 5 1.5 -40.2981 1.97982
44 510.811 716.393 5 1.58114 -45.9703 103.899
45 511.231 716.665 5 1.80278 -41.8257 -172.376
46 511.65 716.937 5 2.12132 -44.1154 -4.1936
47 512.069 717.21 5 2.5 -47.9689 -2.04794
48 512.489 717.482 5 2.91548 -50.0861 -117.882
49 512.908 717.754 5 3.3541 -47.1817 2.83258
50 513.327 718.027 5 3.80789 -50.7547 -136.596
51 513.747 718.299 5 4.272 -50.3248 -94.6035
52 514.166 718.571 5 4.74342 -41.5001 28.0526
53 508.862 715.723 5 2.5 -43.4476 29.0362
54 509.281 715.995 5 2.23607 -45.6788 27.769
55 509.7 716.267 5 2.06155 -47.4823 -171.48
56 510.12 716.54 5 2 -42.8496 23.4131
57 510.539 716.812 5 2.06155 -48.0506 -165.225
58 510.958 717.084 5 2.23607 -50.3301 4.5941
59 511.378 717.357 5 2.5 -47.3199 39.7917
60 511.797 717.629 5 2.82843 -44.38 149.773
61 512.216 717.901 5 3.20156 -51.2731 156.58
62 512.636 718.174 5 3.60555 -49.7549 27.9158
63 513.055 718.446 5 4.03113 -52.6641 -46.2688
64 513.474 718.718 5 4.47214 -48.2558 39.31
65 513.894 718.991 5 4.92443 -52.0244 -130.965
66 508.589 716.142 5 2.91548 -45.6637 -139.194
67 509.009 716.414 5 2.69258 -49.6766 124.26
68 509.428 716.687 5 2.54951 -48.4008 -100.684
69 509.847 716.959 5 2.5 -44.7917 9.17653
70 510.267 717.231 5 2.54951 -49.0854 -126.254
71 510.686 717.504 5 2.69258 -48.703 157.123
72 511.105 717.776 5 2.91548 -48.1555 -147.157
73 511.525 718.048 5 3.20156 -52.9442 113.191
74 511.944 718.321 5 3.53553 -58.1308 -73.2572
75 512.363 718.593 5 3.90512 -53.7059 -95.6749
76 512.783 718.865 5 4.30116 -50.9182 -157.098
77 513.202 719.138 5 4.71699 -50.9555 119.768
78 513.621 719.41 5 5.14782 -51.5393 -106.318
79 510.414 717.923 5 3.16228 -49.7584 -120.902
80 510.833 718.195 5 3.3541 -50.3145 36.4384
81 511.672 718.74 5 3.90512 -48.8359 -107.485
82 512.091 719.012 5 4.24264 -50.0164 18.5635
83 512.51 719.285 5 4.60977 -53.2414 64.6642
84 512.93 719.557 5 5 -59.713 -39.147
85 513.349 719.829 5 5.40833 -49.3836 -63.3731
86 510.141 718.342 5 3.64005 -57.9578 -47.4733
87 510.561 718.615 5 3.80789 -56.0941 -176.078
88 511.399 719.159 5 4.30116 -58.3455 39.8052
89 511.819 719.432 5 4.60977 -49.3076 41.5858
90 512.238 719.704 5 4.94975 -52.8469 92.2001
91 512.657 719.976 5 5.31507 -53.2938 -176.564
92 513.077 720.249 5 5.70088 -53.3586 70.5627
93 509.869 718.762 5 4.12311 -54.976 32.8511
94 510.288 719.034 5 4.272 -52.843 -135.414
95 511.127 719.579 5 4.71699 -76.6255 86.8547
96 511.546 719.851 5 5 -54.5821 169.807
97 511.966 720.123 5 5.31507 -51.3781 -148.623
98 512.385 720.396 5 5.65685 -55.7336 -130.177
99 512.804 720.668 5 6.0208 -58.8561 91.2398
100 509.597 719.181 5 4.60977 -60.9672 -16.6621
101 510.016 719.453 5 4.74342 -50.2293 3.25079
102 509.324 719.6 5 5.09902 -55.2051 -148.195
103 509.744 719.873 5 5.22015 -50.288 79.6186
104 509.052 720.02 5 5.59017 -55.6488 21.1214
105 509.471 720.292 5 5.70088 -60.9368 -118.775
