1 509.951 714.045 5 5.65964 -51.0128 -122.789
2 510.37 714.318 5 5.74242 -61.0586 5.33604
3 510.79 714.59 5 5.86679 -64.7351 40.7344
4 511.209 714.862 5 6.03017 -68.6137 149.357
5 511.628 715.135 5 6.22951 -68.8289 -100.392
6 512.048 715.407 5 6.46147 -59.6162 -41.8059
7 512.467 715.679 5 6.72268 -61.3004 -89.1672
8 512.886 715.952 5 7.00986 -64.8921 131.558
9 513.306 716.224 5 7.31997 -63.475 -11.0596
10 513.725 716.496 5 7.65021 -68.158 41.5871
11 514.144 716.769 5 7.9981 -72.1276 167.137
12 514.564 717.041 5 8.36142 -86.6248 69.1136
13 514.983 717.313 5 8.73826 -93.2099 80.5115
14 509.679 714.465 5 5.16378 -51.3395 -126.673
15 510.098 714.737 5 5.25437 -63.41 -28.6523
16 510.517 715.009 5 5.39001 -71.2655 -91.0277
17 510.937 715.282 5 5.56741 -62.5523 42.4335
18 511.356 715.554 5 5.78272 -62.0447 93.7204
19 511.775 715.826 5 6.03188 -58.3741 95.362
20 512.195 716.099 5 6.3109 -64.5713 8.68114
21 512.614 716.371 5 6.61598 -59.6218 -143.372
22 513.033 716.643 5 6.9437 -64.3439 -83.9381
23 513.453 716.916 5 7.29101 -69.0616 -66.7267
24 513.872 717.188 5 7.65523 -79.3471 -157.339
25 514.291 717.46 5 8.03408 -69.9259 13.4437
26 514.711 717.733 5 8.42557 -78.6437 -40.6882
27 509.406 714.884 5 4.6688 -50.8979 -127.707
28 509.826 715.156 5 4.7688 -63.1386 -147.477
29 510.245 715.429 5 4.91785 -61.7113 167.833
30 510.664 715.701 5 5.11166 -63.5019 -109.161
31 511.084 715.973 5 5.34536 -57.5541 -62.5458
32 511.503 716.246 5 5.61397 -56.0198 -118.063
33 511.922 716.518 5 5.91274 -63.3187 58.8093
34 512.342 716.79 5 6.23733 -64.9529 149.998
35 512.761 717.063 5 6.58392 -75.0111 -174.02
36 513.18 717.335 5 6.94923 -67.4581 89.7395
37 513.6 717.607 5 7.33046 -85.4129 -4.9773
38 514.019 717.88 5 7.72525 -74.9681 -42.8583
39 514.438 718.152 5 8.13162 -69.5086 107.57
40 509.134 715.303 5 4.17501 -53.1568 -152.6
41 509.553 715.576 5 4.28655 -57.4041 172.953
42 509.973 715.848 5 4.45178 -70.4554 -87.092
43 510.392 716.12 5 4.66499 -62.791 111.83
44 510.811 716.393 5 4.91995 -62.3819 70.1122
45 511.231 716.665 5 5.21054 -58.3364 -62.5587
46 511.65 716.937 5 5.53114 -61.3388 39.9455
47 512.069 717.21 5 5.87684 -73.0817 -135.646
48 512.489 717.482 5 6.24348 -64.1529 -57.8975
49 512.908 717.754 5 6.62759 -74.6489 -44.6389
50 513.327 718.027 5 7.02629 -75.119 -168.347
51 513.747 718.299 5 7.43724 -74.0219 161.459
52 514.166 718.571 5 7.85852 -72.3611 34.4507
53 508.862 715.723 5 3.6829 -54.7918 -175.187
54 509.281 715.995 5 3.80888 -54.2506 149.639
55 509.7 716.267 5 3.99391 -60.0023 -125.743
56 510.12 716.54 5 4.23027 -54.8487 -87.7546
57 510.539 716.812 5 4.50987 -57.5206 171.873
58 510.958 717.084 5 4.82522 -62.3658 -113.208
59 511.378 717.357 5 5.16977 -73.0338 -0.593427
60 511.797 717.629 5 5.53808 -73.851 3.78211
61 512.216 717.901 5 5.92572 -76.1502 43.0142
62 512.636 718.174 5 6.32913 -70.1752 122.982
63 513.055 718.446 5 6.7455 -73.6737 97.4236
64 513.474 718.718 5 7.17256 -83.5581 10.0621
65 513.894 718.991 5 7.6085 -75.8901 -75.328
66 508.589 716.142 5 3.19324 -60.4932 121.083
67 509.009 716.414 5 3.33775 -60.4588 120.614
68 509.428 716.687 5 3.54745 -55.7005 49.0778
69 509.847 716.959 5 3.81159 -53.0365 19.4391
70 510.267 717.231 5 4.11971 -63.4418 164.372
71 510.686 717.504 5 4.46271 -69.1348 -108.737
72 511.105 717.776 5 4.83318 -72.2652 16.1656
73 511.525 718.048 5 5.22526 -74.1933 77.4806
74 511.944 718.321 5 5.63446 -83.3987 -108.028
75 512.363 718.593 5 6.05731 -74.4764 -24.9776
76 512.783 718.865 5 6.49113 -77.8857 -118.753
77 513.202 719.138 5 6.93387 -73.4567 -138.283
78 513.621 719.41 5 7.38393 -67.37 87.2083
79 510.414 717.923 5 4.12902 -75.9174 70.3769
80 510.833 718.195 5 4.52688 -73.961 -133.743
81 511.672 718.74 5 5.37403 -70.6318 39.6007
82 512.091 719.012 5 5.81584 -74.7956 50.3104
83 512.51 719.285 5 6.2664 -77.5786 113.398
84 512.93 719.557 5 6.72396 -65.9704 104.967
85 513.349 719.829 5 7.18717 -78.5868 -32.0915
86 510.141 718.342 5 3.83169 -65.524 179.149
87 510.561 718.615 5 4.25743 -67.4322 7.49234
88 511.399 719.159 5 5.1491 -76.167 145.562
89 511.819 719.432 5 5.60866 -73.6783 -114.492
90 512.238 719.704 5 6.07461 -68.8947 -71.3451
91 512.657 719.976 5 6.54558 -79.2445 13.7357
92 513.077 720.249 5 7.02057 -77.5245 -44.5756
93 509.869 718.762 5 3.57979 -59.6868 65.1922
94 510.288 719.034 5 4.03221 -60.4394 39.21
95 511.127 719.579 5 4.96451 -65.7967 101.537
96 511.546 719.851 5 5.43968 -72.2498 -22.4222
97 511.966 720.123 5 5.91895 -75.1394 153.451
98 512.385 720.396 5 6.40138 -73.7528 168.027
99 512.804 720.668 5 6.88633 -78.0158 45.4497
100 509.597 719.181 5 3.38348 -62.0167 -8.36556
101 510.016 719.453 5 3.85898 -54.9433 -64.7632
102 509.324 719.6 5 3.25284 -46.9407 -159.932
103 509.744 719.873 5 3.74497 -51.0187 -167.39
104 509.052 720.02 5 3.19594 -52.2903 149.373
105 509.471 720.292 5 3.69565 -55.8142 127.217
