1 509.951 714.045 5 5.77271 -65.1774 -131.17
2 510.37 714.318 5 5.6805 -54.9339 -133.556
3 510.79 714.59 5 5.63133 -45.7246 -33.1526
4 511.209 714.862 5 5.62634 -51.5865 12.9619
5 511.628 715.135 5 5.66564 -63.4059 56.0101
6 512.048 715.407 5 5.74833 -74.4288 -56.9955
7 512.467 715.679 5 5.87257 -74.8184 -147.011
8 512.886 715.952 5 6.0358 -71.5771 -34.4359
9 513.306 716.224 5 6.23496 -69.5803 -63.0595
10 513.725 716.496 5 6.46672 -75.4698 -151.508
11 514.144 716.769 5 6.72773 -80.2174 100.577
12 514.564 717.041 5 7.01471 -75.346 -30.1076
13 514.983 717.313 5 7.32461 -78.6943 -30.6277
14 509.679 714.465 5 5.28689 -60.9397 -151.701
15 510.098 714.737 5 5.18604 -55.6378 179.693
16 510.517 715.009 5 5.13214 -48.7323 -30.424
17 510.937 715.282 5 5.12666 -48.1067 1.41601
18 511.356 715.554 5 5.16977 -61.3799 -99.666
19 511.775 715.826 5 5.26025 -63.4301 -94.4845
20 512.195 716.099 5 5.39575 -74.323 -136.173
21 512.614 716.371 5 5.57296 -89.9316 -90.2377
22 513.033 716.643 5 5.78807 -66.4123 155.898
23 513.453 716.916 5 6.03701 -72.2943 118.983
24 513.872 717.188 5 6.3158 -61.6801 8.44568
25 514.291 717.46 5 6.62066 -77.5178 12.1055
26 514.711 717.733 5 6.94816 -77.5008 -149.404
27 509.406 714.884 5 4.80398 -69.3381 154.922
28 509.826 715.156 5 4.69277 -58.6492 -128.344
29 510.245 715.429 5 4.63313 -46.7155 -39.4376
30 510.664 715.701 5 4.62706 -49.4079 -1.88953
31 511.084 715.973 5 4.67477 -61.3332 60.9037
32 511.503 716.246 5 4.77465 -81.8171 158.281
33 511.922 716.518 5 4.92352 -80.4109 -103.38
34 512.342 716.79 5 5.11712 -66.6401 -45.5125
35 512.761 717.063 5 5.35058 -66.1715 145.067
36 513.18 717.335 5 5.61894 -70.9116 -143.578
37 513.6 717.607 5 5.91746 -73.0971 -70.2509
38 514.019 717.88 5 6.24181 -69.7876 -86.5695
39 514.438 718.152 5 6.58817 -77.2791 136.433
40 509.134 715.303 5 4.32496 -55.5638 91.7373
41 509.553 715.576 5 4.20108 -53.7406 -163.669
42 509.973 715.848 5 4.13435 -48.7176 -48.7272
43 510.392 716.12 5 4.12755 -49.0667 7.01771
44 510.811 716.393 5 4.18097 -58.2699 -53.723
45 511.231 716.665 5 4.29235 -66.0238 -114.925
46 511.65 716.937 5 4.45736 -76.3332 -128.104
47 512.069 717.21 5 4.67032 -78.1492 -176.902
48 512.489 717.482 5 4.92501 -64.0319 141.933
49 512.908 717.754 5 5.21532 -88.3355 -172.975
50 513.327 718.027 5 5.53564 -72.1811 165.082
51 513.747 718.299 5 5.88108 -69.1762 26.9245
52 514.166 718.571 5 6.24748 -68.1131 105.247
53 508.862 715.723 5 3.85127 -60.7392 -57.5406
54 509.281 715.995 5 3.71161 -56.3715 -164.481
55 509.7 716.267 5 3.63591 -49.2167 -45.1445
56 510.12 716.54 5 3.62818 -49.3561 -8.11519
57 510.539 716.812 5 3.68883 -61.7051 -63.533
58 510.958 717.084 5 3.81462 -59.7097 113.774
59 511.378 717.357 5 3.99939 -69.5137 -157.412
60 511.797 717.629 5 4.23543 -60.4531 -17.0805
61 512.216 717.901 5 4.51472 -65.0842 141.746
62 512.636 718.174 5 4.82975 -73.637 158.235
63 513.055 718.446 5 5.17401 -73.5715 -159.569
64 513.474 718.718 5 5.54203 -66.8878 -29.1665
65 513.894 718.991 5 5.92941 -63.4417 50.6515
66 508.589 716.142 5 3.38515 -59.4585 105.352
67 509.009 716.414 5 3.22538 -60.9476 -69.8583
68 509.428 716.687 5 3.13797 -50.2763 -32.2063
69 509.847 716.959 5 3.12901 -47.2057 -5.36028
70 510.267 717.231 5 3.19914 -57.7014 0.322071
71 510.686 717.504 5 3.3434 -61.4785 -1.71005
72 511.105 717.776 5 3.55276 -62.2885 -94.8056
73 511.525 718.048 5 3.81653 -66.7559 -112.348
74 511.944 718.321 5 4.12428 -80.9028 56.0545
75 512.363 718.593 5 4.46694 -76.1178 -163.661
76 512.783 718.865 5 4.83708 -63.7963 -172.635
77 513.202 719.138 5 5.22888 -68.9887 -75.4475
78 513.621 719.41 5 5.63781 -64.7661 -2.09434
79 510.414 717.923 5 2.88189 -64.4622 -93.3995
80 510.833 718.195 5 3.12236 -57.1421 96.4613
81 511.672 718.74 5 3.75988 -71.0127 58.0211
82 512.091 719.012 5 4.13286 -66.9686 64.8596
83 512.51 719.285 5 4.53038 -59.2275 172.154
84 512.93 719.557 5 4.94653 -75.0095 -125.932
85 513.349 719.829 5 5.37698 -90.3008 -104.163
86 510.141 718.342 5 2.43563 -57.0266 -42.9112
87 510.561 718.615 5 2.7159 -77.5148 -26.4067
88 511.399 719.159 5 3.42983 -65.0353 -89.3826
89 511.819 719.432 5 3.83504 -58.4996 -1.39437
90 512.238 719.704 5 4.26044 -75.9126 -139.263
91 512.657 719.976 5 4.70055 -75.7495 -25.7181
92 513.077 720.249 5 5.1516 -81.6096 4.1579
93 509.869 718.762 5 2.01477 -63.0046 -55.8298
94 510.288 719.034 5 2.34587 -49.4576 151.963
95 511.127 719.579 5 3.14495 -55.8187 -66.9769
96 511.546 719.851 5 3.58253 -76.5522 43.8974
97 511.966 720.123 5 4.03464 -79.7271 -0.766761
98 512.385 720.396 5 4.4969 -75.7631 61.1371
99 512.804 720.668 5 4.96648 -109.477 136.788
100 509.597 719.181 5 1.63899 -69.8021 -138.71
101 510.016 719.453 5 2.03227 -41.1334 114.302
102 509.324 719.6 5 1.34659 -52.4303 -178.3
103 509.744 719.873 5 1.80475 -40.4886 123.573
104 509.052 720.02 5 1.20013 -35.9071 32.3666
105 509.471 720.292 5 1.69827 -40.6589 23.095
