1 514.644 719.84 5 7.10737 -108.428 68.3152
2 514.371 720.259 5 6.8872 -117.12 179.817
3 514.097 720.678 5 6.69718 -111.751 16.5512
4 513.824 721.096 5 6.53996 -107.481 146.763
5 513.551 721.515 5 6.41793 -124.152 117.802
6 513.278 721.934 5 6.33313 -110.677 32.5395
7 513.004 722.353 5 6.28708 -128.249 -68.906
8 512.731 722.771 5 6.28062 -115.786 46.6114
9 512.458 723.19 5 6.31387 -136.162 -66.4857
10 512.185 723.609 5 6.38621 -125.507 52.2858
11 515.063 720.113 5 7.55269 -114.673 158.606
12 514.789 720.532 5 7.34587 -120.957 -135.419
13 514.516 720.951 5 7.16803 -115.702 140.142
14 514.243 721.37 5 7.02135 -123.793 -100.551
15 513.97 721.788 5 6.90783 -111.109 -171.492
16 513.696 722.207 5 6.82912 -121.995 174.43
17 513.423 722.626 5 6.78644 -128.969 -163.899
18 513.15 723.045 5 6.78045 -124.21 137.607
19 512.877 723.463 5 6.81126 -120.456 -68.7621
20 512.603 723.882 5 6.87837 -136.41 -4.95519
21 515.481 720.387 5 8.00446 -92.4399 -52.0768
22 515.208 720.805 5 7.80962 -114.323 -61.6768
23 514.935 721.224 5 7.64258 -124.161 42.0164
24 514.662 721.643 5 7.50518 -122.564 150.465
25 514.388 722.062 5 7.39909 -118.79 -64.0304
26 514.115 722.48 5 7.32566 -125.283 99.132
27 513.842 722.899 5 7.28588 -128.541 161.154
28 513.568 723.318 5 7.2803 -122.771 40.3682
29 513.295 723.737 5 7.30901 -125.447 -72.9575
30 513.022 724.155 5 7.37159 -129.199 139.136
31 515.9 720.66 5 8.46167 -104.589 53.3926
32 515.627 721.079 5 8.27759 -111.272 57.5758
33 515.353 721.497 5 8.12018 -118.875 -178.193
34 515.08 721.916 5 7.991 -123.727 147.927
35 514.807 722.335 5 7.89144 -118.771 102.721
36 514.534 722.754 5 7.82264 -129.103 74.9433
37 514.26 723.172 5 7.7854 -124.74 147.924
38 513.987 723.591 5 7.78018 -130.685 145.364
39 516.319 720.933 5 8.92346 -100.386 76.633
40 516.045 721.352 5 8.74911 -107.241 -78.7036
41 515.772 721.771 5 8.60033 -104.66 -148.472
42 515.499 722.189 5 8.47847 -108.507 -177.083
43 515.226 722.608 5 8.3847 -112.866 -13.0447
44 514.952 723.027 5 8.31998 -121.553 85.7556
45 514.679 723.446 5 8.28497 -128.24 -9.85883
46 514.406 723.864 5 8.28007 -137.317 63.2223
47 516.737 721.206 5 9.38917 -119.458 4.70926
48 516.464 721.625 5 9.22362 -88.0168 -171.016
49 516.191 722.044 5 9.08262 -110.1 130.325
50 515.918 722.463 5 8.96732 -106.838 81.7338
51 515.644 722.881 5 8.87871 -112.338 65.7675
52 515.371 723.3 5 8.81762 -108.74 69.9537
53 515.098 723.719 5 8.7846 -113.874 -85.5794
54 514.825 724.138 5 8.77997 -190.706 -73.4887
55 517.156 721.48 5 9.85824 -114.476 14.5453
56 516.883 721.898 5 9.7007 -97.1122 -80.692
57 516.61 722.317 5 9.56673 -108.961 91.7055
58 516.336 722.736 5 9.45733 -102.194 -159.819
59 516.063 723.155 5 9.37336 -111.503 -150.496
60 515.79 723.573 5 9.31551 -110.032 -107.596
61 515.517 723.992 5 9.28426 -108.062 -140.872
62 515.243 724.411 5 9.27988 -250 0
63 517.575 721.753 5 10.3302 -106.658 -29.3227
64 517.302 722.172 5 10.18 -98.2271 -23.6196
65 517.028 722.59 5 10.0524 -105.914 -13.5053
66 516.755 723.009 5 9.94834 -107.433 130.674
67 516.482 723.428 5 9.86855 -103.479 43.392
68 516.209 723.847 5 9.81361 -106.145 42.9239
69 515.935 724.265 5 9.78396 -112.937 18.0595
70 515.662 724.684 5 9.7798 -111.841 20.0838
71 517.994 722.026 5 10.8047 -123.253 143.217
72 517.72 722.445 5 10.6612 -107.068 -157.899
73 517.447 722.864 5 10.5394 -89.1736 32.4766
74 517.174 723.282 5 10.4402 -104.024 134.319
75 516.901 723.701 5 10.3642 -106.262 124.001
76 516.627 724.12 5 10.3119 -101.14 -47.8293
77 516.354 724.539 5 10.2837 -108.399 -167.454
78 516.081 724.957 5 10.2797 -107.712 -145.997
