1 505.473 717.831 5 1.5 -36.2159 15.8843
2 505.747 717.412 5 1 -35.6257 20.6239
3 506.02 716.994 5 0.5 -30.8356 6.20399
4 506.294 716.575 5 0 -44.702 6.58824
5 506.567 716.157 5 0.5 -30.5877 11.2205
6 505.891 718.104 5 1.58114 -58.6682 -179.418
7 506.165 717.686 5 1.11803 -40.8307 -12.3785
8 506.439 717.267 5 0.707107 -40.2632 139.809
9 506.712 716.849 5 0.5 -32.786 -9.0309
10 506.986 716.43 5 0.707107 -37.6654 100.632
11 506.31 718.378 5 1.80278 -41.225 -153.333
12 506.584 717.96 5 1.41421 -39.2349 -123.781
13 506.857 717.541 5 1.11803 -43.6615 29.1624
14 507.131 717.123 5 1 -39.7498 -16.5257
15 507.404 716.704 5 1.11803 -41.6264 41.0525
16 506.728 718.652 5 2.12132 -47.7384 15.3032
17 507.002 718.233 5 1.80278 -46.4602 -150.152
18 507.276 717.815 5 1.58114 -45.214 133.286
19 507.549 717.396 5 1.5 -42.6507 -20.6346
20 507.823 716.978 5 1.58114 -38.3374 113.416
21 507.147 718.925 5 2.5 -49.6879 3.46433
22 507.421 718.507 5 2.23607 -41.9652 22.6212
23 507.694 718.088 5 2.06155 -42.1954 175.81
24 507.968 717.67 5 2 -44.7528 -50.8032
25 508.241 717.251 5 2.06155 -38.8007 153.837
26 507.565 719.199 5 2.91548 -54.474 -118.441
27 507.839 718.78 5 2.69258 -55.9072 90.2411
28 508.113 718.362 5 2.54951 -52.3247 -121.799
29 508.386 717.943 5 2.5 -40.2797 -45.5109
30 508.66 717.525 5 2.54951 -48.7798 -146.094
31 507.984 719.472 5 3.3541 -43.7757 78.6835
32 508.258 719.054 5 3.16228 -44.2115 153.04
33 508.531 718.635 5 3.04138 -50.4589 -158.12
34 508.805 718.217 5 3 -51.8172 -20.2676
35 509.078 717.798 5 3.04138 -47.4273 124.763
36 508.402 719.746 5 3.80789 -47.3126 -90.7308
37 508.676 719.328 5 3.64005 -53.1823 -74.1305
38 508.95 718.909 5 3.53553 -40.8344 107.571
39 509.223 718.491 5 3.5 -44.4142 173.272
40 509.497 718.072 5 3.53553 -51.4248 73.131
