1 505.473 717.831 5 1.58114 -49.4262 158.981
2 505.747 717.412 5 1.11803 -37.9402 -0.835184
3 506.02 716.994 5 0.707107 -39.5709 136.183
4 506.294 716.575 5 0.5 -32.4965 -8.8984
5 506.567 716.157 5 0.707107 -37.5945 107.106
6 505.891 718.104 5 1.5 -35.9406 15.1379
7 506.165 717.686 5 1 -36.0034 8.83736
8 506.439 717.267 5 0.5 -32.3851 8.99599
9 506.712 716.849 5 0 -42.9953 8.38971
10 506.986 716.43 5 0.5 -31.8626 -0.625355
11 506.31 718.378 5 1.58114 -58.8853 110.196
12 506.584 717.96 5 1.11803 -37.8971 -16.3306
13 506.857 717.541 5 0.707107 -39.8656 112.425
14 507.131 717.123 5 0.5 -32.7955 -10.2296
15 507.404 716.704 5 0.707107 -38.3836 113.527
16 506.728 718.652 5 1.80278 -40.4409 -170.482
17 507.002 718.233 5 1.41421 -39.4741 -115.662
18 507.276 717.815 5 1.11803 -45.1195 37.0448
19 507.549 717.396 5 1 -37.7622 -1.71799
20 507.823 716.978 5 1.11803 -42.9332 54.8359
21 507.147 718.925 5 2.12132 -46.2627 5.97845
22 507.421 718.507 5 1.80278 -47.3808 -114.047
23 507.694 718.088 5 1.58114 -41.0148 140.374
24 507.968 717.67 5 1.5 -40.4596 -10.6634
25 508.241 717.251 5 1.58114 -36.8926 114.815
26 507.565 719.199 5 2.5 -48.9458 -6.89614
27 507.839 718.78 5 2.23607 -45.8658 15.6917
28 508.113 718.362 5 2.06155 -42.9904 169.139
29 508.386 717.943 5 2 -42.2274 -66.5873
30 508.66 717.525 5 2.06155 -40.044 132.572
31 507.984 719.472 5 2.91548 -64.4319 126.98
32 508.258 719.054 5 2.69258 -56.3117 62.8987
33 508.531 718.635 5 2.54951 -49.7834 -170.973
34 508.805 718.217 5 2.5 -39.6039 -40.959
35 509.078 717.798 5 2.54951 -53.7435 -46.0497
36 508.402 719.746 5 3.3541 -44.1145 91.3339
37 508.676 719.328 5 3.16228 -48.4475 -92.2622
38 508.95 718.909 5 3.04138 -46.9693 85.9218
39 509.223 718.491 5 3 -43.7768 -109.395
40 509.497 718.072 5 3.04138 -60.8841 -68.2895
