1 509.951 714.045 5 5.74094 -63.7121 166.633
2 510.37 714.318 5 5.86534 -60.3819 -31.4802
3 510.79 714.59 5 6.02877 -60.5759 140.569
4 511.209 714.862 5 6.22815 -76.0772 -174.395
5 511.628 715.135 5 6.46016 -62.0138 -54.558
6 512.048 715.407 5 6.72141 -64.1261 -68.2141
7 512.467 715.679 5 7.00865 -63.1146 170.43
8 512.886 715.952 5 7.31881 -63.9379 -50.7317
9 513.306 716.224 5 7.6491 -65.0097 92.6204
10 513.725 716.496 5 7.99704 -62.091 164.974
11 514.144 716.769 5 8.36041 -68.5416 -92.3894
12 514.564 717.041 5 8.73729 -88.2647 62.4267
13 514.983 717.313 5 9.12601 -84.5907 -151.018
14 509.679 714.465 5 5.2529 -61.5838 160.53
15 510.098 714.737 5 5.38858 -65.721 -54.0972
16 510.517 715.009 5 5.56602 -61.505 47.5059
17 510.937 715.282 5 5.78138 -61.652 105.283
18 511.356 715.554 5 6.0306 -57.4108 120.797
19 511.775 715.826 5 6.30967 -60.6096 22.4925
20 512.195 716.099 5 6.61481 -60.1181 -155.825
21 512.614 716.371 5 6.94259 -64.2529 -52.9748
22 513.033 716.643 5 7.28995 -66.6263 30.7027
23 513.453 716.916 5 7.65422 -68.0175 65.6936
24 513.872 717.188 5 8.03312 -79.1497 -46.6485
25 514.291 717.46 5 8.42465 -68.3889 84.5797
26 514.711 717.733 5 8.82715 -84.8181 -129.403
27 509.406 714.884 5 4.76734 -72.1541 -78.3837
28 509.826 715.156 5 4.91643 -67.6677 142.571
29 510.245 715.429 5 5.11029 -63.7682 -79.2809
30 510.664 715.701 5 5.34405 -58.6999 -44.0672
31 511.084 715.973 5 5.61273 -57.2841 -92.1841
32 511.503 716.246 5 5.91156 -63.3763 24.6139
33 511.922 716.518 5 6.23621 -64.5817 175.891
34 512.342 716.79 5 6.58286 -65.1697 -59.4306
35 512.761 717.063 5 6.94823 -70.5085 -18.4057
36 513.18 717.335 5 7.32951 -66.8458 150.355
37 513.6 717.607 5 7.72434 -75.5127 -95.0815
38 514.019 717.88 5 8.13076 -72.6169 69.1943
39 514.438 718.152 5 8.54711 -72.5164 -137.066
40 509.134 715.303 5 4.2851 -56.5731 -163.604
41 509.553 715.576 5 4.45038 -63.8532 -10.2471
42 509.973 715.848 5 4.66365 -64.7458 83.0709
43 510.392 716.12 5 4.91868 -56.1783 70.2677
44 510.811 716.393 5 5.20934 -58.5132 -46.8816
45 511.231 716.665 5 5.53001 -58.846 74.889
46 511.65 716.937 5 5.87579 -62.7665 -167.659
47 512.069 717.21 5 6.24249 -67.2521 -145.339
48 512.489 717.482 5 6.62665 -69.5151 -15.0689
49 512.908 717.754 5 7.0254 -78.9119 29.3321
50 513.327 718.027 5 7.4364 -76.1592 166.943
51 513.747 718.299 5 7.85773 -73.6606 89.4938
52 514.166 718.571 5 8.2878 -71.3468 151.827
53 508.862 715.723 5 3.80744 -56.1493 157.812
54 509.281 715.995 5 3.99255 -63.851 -129.298
55 509.7 716.267 5 4.22897 -54.1712 -78.3805
56 510.12 716.54 5 4.50866 -63.1953 156.9
57 510.539 716.812 5 4.82409 -65.2426 -106.203
58 510.958 717.084 5 5.16871 -59.9784 20.7667
59 511.378 717.357 5 5.53709 -74.472 44.3939
60 511.797 717.629 5 5.9248 -68.4978 36.4946
61 512.216 717.901 5 6.32827 -77.345 61.0484
62 512.636 718.174 5 6.74469 -73.1889 89.7252
63 513.055 718.446 5 7.17179 -81.8669 72.5687
64 513.474 718.718 5 7.60779 -75.2587 26.3293
65 513.894 718.991 5 8.05122 -81.7156 -91.8526
66 508.589 716.142 5 3.33634 -63.9024 41.6077
67 509.009 716.414 5 3.54612 -57.3197 89.0462
68 509.428 716.687 5 3.81035 -54.2219 12.5629
69 509.847 716.959 5 4.11856 -67.249 169.755
70 510.267 717.231 5 4.46165 -62.1249 -117.672
71 510.686 717.504 5 4.8322 -66.9085 67.086
72 511.105 717.776 5 5.22436 -61.5687 176.261
73 511.525 718.048 5 5.63363 -74.7196 -96.3678
74 511.944 718.321 5 6.05653 -86.3778 37.0397
75 512.363 718.593 5 6.4904 -72.8589 -97.0733
76 512.783 718.865 5 6.93319 -71.8267 -102.74
77 513.202 719.138 5 7.38329 -70.901 -148.629
78 513.621 719.41 5 7.83944 -71.9391 138.927
79 510.414 717.923 5 4.526 -75.7643 132.313
80 510.833 718.195 5 4.94252 -70.7042 -54.2535
81 511.672 718.74 5 5.81516 -71.2953 71.058
82 512.091 719.012 5 6.26577 -68.6684 128.205
83 512.51 719.285 5 6.72337 -66.5702 109.019
84 512.93 719.557 5 7.18662 -77.5202 57.1737
85 513.349 719.829 5 7.6545 -80.0071 72.7037
86 510.141 718.342 5 4.25667 -74.4945 -147.473
87 510.561 718.615 5 4.69713 -67.4386 -136.907
88 511.399 719.159 5 5.60809 -74.0264 -60.7079
89 511.819 719.432 5 6.07408 -67.2155 5.53503
90 512.238 719.704 5 6.54509 -70.1421 -46.3488
91 512.657 719.976 5 7.02012 -75.3553 -117.188
92 513.077 720.249 5 7.49839 -78.2157 103.294
93 509.869 718.762 5 4.0316 -58.1851 178.738
94 510.288 719.034 5 4.49418 -61.936 162.253
95 511.127 719.579 5 5.43923 -78.6234 175.537
96 511.546 719.851 5 5.91853 -70.1315 -0.514865
97 511.966 720.123 5 6.401 -91.4767 -88.4065
98 512.385 720.396 5 6.88597 -74.6658 73.497
99 512.804 720.668 5 7.37295 -93.9804 -111.869
100 509.597 719.181 5 3.85854 -58.5839 30.3163
101 510.016 719.453 5 4.3396 -67.2105 -127.312
102 509.324 719.6 5 3.74472 -49.2178 -173.117
103 509.744 719.873 5 4.23872 -49.1961 -89.0372
104 509.052 720.02 5 3.6956 -81.5476 13.0387
105 509.471 720.292 5 4.19539 -48.6774 -3.93156
