1 514.644 719.84 5 8.11903 -98.7287 -170.411
2 514.371 720.259 5 7.98991 -99.436 -147.826
3 514.097 720.678 5 7.89042 -102.934 -84.9824
4 513.824 721.096 5 7.82168 -107.903 -26.4747
5 513.551 721.515 5 7.78452 -120.639 -121.125
6 513.278 721.934 5 7.77938 -113.144 -69.7647
7 513.004 722.353 5 7.80633 -107.971 -79.2114
8 512.731 722.771 5 7.86503 -132.641 -113.212
9 512.458 723.19 5 7.9548 -111.179 -135.878
10 512.185 723.609 5 8.07458 -117.634 9.51017
11 515.063 720.113 5 8.5992 -106.235 131.138
12 514.789 720.532 5 8.4774 -110.494 -62.073
13 514.516 720.951 5 8.38369 -115.793 10.1078
14 514.243 721.37 5 8.31903 -110.548 102.013
15 513.97 721.788 5 8.2841 -122.903 -23.8315
16 513.696 722.207 5 8.27927 -132.065 70.8125
17 513.423 722.626 5 8.30459 -119.657 53.1333
18 513.15 723.045 5 8.3598 -113.025 -151.191
19 512.877 723.463 5 8.44431 -116.027 54.2543
20 512.603 723.882 5 8.55724 -112.886 -142.92
21 515.481 720.387 5 9.08151 -105.45 -156.534
22 515.208 720.805 5 8.96626 -110.754 -93.864
23 514.935 721.224 5 8.87771 -113.942 -179.095
24 514.662 721.643 5 8.81668 -110.365 -66.4423
25 514.388 722.062 5 8.78372 -113.295 134.735
26 514.115 722.48 5 8.77917 -106.615 -3.1039
27 513.842 722.899 5 8.80306 -114.008 -168.759
28 513.568 723.318 5 8.85516 -112.987 54.4612
29 513.295 723.737 5 8.93498 -117.657 169.789
30 513.022 724.155 5 9.04178 -118.266 -15.7619
31 515.9 720.66 5 9.56563 -99.2595 20.0958
32 515.627 721.079 5 9.45628 -105.252 52.3076
33 515.353 721.497 5 9.37237 -106.852 -173.867
34 515.08 721.916 5 9.31457 -115.07 94.059
35 514.807 722.335 5 9.28339 -97.0824 -92.324
36 514.534 722.754 5 9.27908 -109.229 166.141
37 514.26 723.172 5 9.30168 -111.896 -15.349
38 513.987 723.591 5 9.35101 -111.475 -166.601
39 516.319 720.933 5 10.0513 -81.139 -144.705
40 516.045 721.352 5 9.9473 -99.9549 166.25
41 515.772 721.771 5 9.86756 -106.199 72.5947
42 515.499 722.189 5 9.81269 -119.82 -101.658
43 515.226 722.608 5 9.78309 -108.413 -8.02862
44 514.952 723.027 5 9.779 -127.136 36.0655
45 514.679 723.446 5 9.80045 -113.939 53.6038
46 514.406 723.864 5 9.84728 -141.577 -142.89
47 516.737 721.206 5 10.5383 -97.374 170.075
48 516.464 721.625 5 10.4392 -87.9093 173.369
49 516.191 722.044 5 10.3632 -107.884 33.8959
50 515.918 722.463 5 10.311 -114.904 -168.476
51 515.644 722.881 5 10.2828 -102.508 157.787
52 515.371 723.3 5 10.2789 -106.937 -151.998
53 515.098 723.719 5 10.2993 -117.866 42.0583
54 514.825 724.138 5 10.3439 -167.612 34.2581
55 517.156 721.48 5 11.0265 -124.373 92.2031
56 516.883 721.898 5 10.9318 -84.306 -41.8148
57 516.61 722.317 5 10.8593 -105.559 80.9812
58 516.336 722.736 5 10.8094 -106.193 5.96995
59 516.063 723.155 5 10.7826 -100.08 -171.51
60 515.79 723.573 5 10.7789 -107.324 -72.4178
61 515.517 723.992 5 10.7983 -136.584 78.9437
62 515.243 724.411 5 10.8408 -250 0
63 517.575 721.753 5 11.5157 -102.171 164.008
64 517.302 722.172 5 11.425 -94.193 93.8868
65 517.028 722.59 5 11.3557 -85.4324 85.9773
66 516.755 723.009 5 11.308 -96.5224 -93.5839
67 516.482 723.428 5 11.2823 -94.2212 -44.8126
68 516.209 723.847 5 11.2788 -99.0794 -32.2214
69 515.935 724.265 5 11.2974 -105.029 67.7757
70 515.662 724.684 5 11.3381 -114.966 -76.539
71 517.994 722.026 5 12.0058 -119.096 97.7821
72 517.72 722.445 5 11.9188 -109.98 62.1415
73 517.447 722.864 5 11.8524 -94.5725 -33.7944
74 517.174 723.282 5 11.8067 -102.509 -159.648
75 516.901 723.701 5 11.7821 -101.155 78.3921
76 516.627 724.12 5 11.7787 -102.88 106.31
77 516.354 724.539 5 11.7966 -95.2494 94.7577
78 516.081 724.957 5 11.8355 -108.751 -131.745
