1 514.644 719.84 5 7.34533 -105.363 108.723
2 514.371 720.259 5 7.1675 -108.752 -80.9964
3 514.097 720.678 5 7.02085 -103.873 42.6687
4 513.824 721.096 5 6.90735 -110.88 -102.08
5 513.551 721.515 5 6.82866 -117.03 -141.125
6 513.278 721.934 5 6.786 -123.939 -134.871
7 513.004 722.353 5 6.78005 -134.754 -156.559
8 512.731 722.771 5 6.81089 -127.549 -131.683
9 512.458 723.19 5 6.87804 -119.845 -29.419
10 512.185 723.609 5 6.98044 -128.493 55.2516
11 515.063 720.113 5 7.80909 -112.057 -121.4
12 514.789 720.532 5 7.64206 -115.094 101.418
13 514.516 720.951 5 7.50468 -118.911 159.843
14 514.243 721.37 5 7.39861 -114.27 -169.44
15 513.97 721.788 5 7.3252 -126.418 177.869
16 513.696 722.207 5 7.28545 -134.267 -96.0676
17 513.423 722.626 5 7.2799 -133.503 67.8737
18 513.15 723.045 5 7.30864 -132.887 141.531
19 512.877 723.463 5 7.37125 -146.185 151.97
20 512.603 723.882 5 7.46689 -113.999 141.44
21 515.481 720.387 5 8.27706 -104.7 -159.794
22 515.208 720.805 5 8.11967 -115.418 -152.143
23 514.935 721.224 5 7.9905 -126.266 -99.6841
24 514.662 721.643 5 7.89097 -112.773 135.39
25 514.388 722.062 5 7.82218 -114.066 -5.09897
26 514.115 722.48 5 7.78497 -124.418 -73.8379
27 513.842 722.899 5 7.77977 -125.729 -23.5535
28 513.568 723.318 5 7.80667 -125.595 -31.0595
29 513.295 723.737 5 7.86532 -134.013 -53.5246
30 513.022 724.155 5 7.95503 -109.841 11.8286
31 515.9 720.66 5 8.74858 -98.8771 -29.4509
32 515.627 721.079 5 8.59982 -124.938 -157.701
33 515.353 721.497 5 8.47798 -111.75 17.0402
34 515.08 721.916 5 8.38423 -121.248 -68.556
35 514.807 722.335 5 8.31952 -109.094 -80.8734
36 514.534 722.754 5 8.28454 -109.817 131.849
37 514.26 723.172 5 8.27966 -118.52 114.705
38 513.987 723.591 5 8.30494 -118.31 146.863
39 516.319 720.933 5 9.22311 -82.2944 178.745
40 516.045 721.352 5 9.08212 -114.583 85.0849
41 515.772 721.771 5 8.96683 -118.642 13.009
42 515.499 722.189 5 8.87824 -113.755 -138.157
43 515.226 722.608 5 8.81717 -115.063 -87.7374
44 514.952 723.027 5 8.78417 -116.497 100.4
45 514.679 723.446 5 8.77957 -120.687 163.991
46 514.406 723.864 5 8.80341 -167.932 -109.681
47 516.737 721.206 5 9.70019 -126.254 146.45
48 516.464 721.625 5 9.56623 -100.801 131.736
49 516.191 722.044 5 9.45685 -106.508 -158.139
50 515.918 722.463 5 9.37289 -105.231 -70.7275
51 515.644 722.881 5 9.31506 -114.292 -75.69
52 515.371 723.3 5 9.28383 -108.564 -89.8693
53 515.098 723.719 5 9.27948 -114.159 -147.919
54 514.825 724.138 5 9.30204 -161.523 -104.272
55 517.156 721.48 5 10.1795 -102 -66.5337
56 516.883 721.898 5 10.0519 -106.689 -111.514
57 516.61 722.317 5 9.94786 -105.984 -112.124
58 516.336 722.736 5 9.86808 -94.6895 24.651
59 516.063 723.155 5 9.81317 -105.968 40.0505
60 515.79 723.573 5 9.78353 -107.345 100.973
61 515.517 723.992 5 9.7794 -113.657 117.564
62 515.243 724.411 5 9.80081 -250 0
63 517.575 721.753 5 10.6607 -104.637 -27.0202
64 517.302 722.172 5 10.5389 -105.008 -152.572
65 517.028 722.59 5 10.4397 -111.549 33.5974
66 516.755 723.009 5 10.3637 -105.417 -76.8327
67 516.482 723.428 5 10.3115 -98.1552 -167.533
68 516.209 723.847 5 10.2833 -106.701 175.724
69 515.935 724.265 5 10.2793 -117.604 -74.8415
70 515.662 724.684 5 10.2997 -113.376 -82.7031
71 517.994 722.026 5 11.1435 -116.127 50.747
72 517.72 722.445 5 11.0271 -103.757 59.9523
73 517.447 722.864 5 10.9323 -104.214 -173.567
74 517.174 723.282 5 10.8598 -112.523 63.6451
75 516.901 723.701 5 10.8099 -105.883 33.7548
76 516.627 724.12 5 10.783 -97.7071 29.0488
77 516.354 724.539 5 10.7793 -105.611 -68.3128
78 516.081 724.957 5 10.7987 -128.124 38.867
