1 514.644 719.84 5 5.76981 -140.518 -58.2514
2 514.371 720.259 5 5.58647 -130.118 138.794
3 514.097 720.678 5 5.44303 -132.091 -67.1122
4 513.824 721.096 5 5.34271 -128.841 45.0185
5 513.551 721.515 5 5.28796 -250 0
6 513.278 721.934 5 5.28019 -250 0
7 513.004 722.353 5 5.31962 -250 0
8 512.731 722.771 5 5.40521 -250 0
9 512.458 723.19 5 5.53483 -250 0
10 512.185 723.609 5 5.70546 -250 0
11 515.063 720.113 5 6.23043 -250 0
12 514.789 720.532 5 6.06104 -137.682 149.418
13 514.516 720.951 5 5.92909 -129.463 14.3438
14 514.243 721.37 5 5.83713 -128.221 100.275
15 513.97 721.788 5 5.78706 -170.901 114.81
16 513.696 722.207 5 5.77996 -250 0
17 513.423 722.626 5 5.81601 -250 0
18 513.15 723.045 5 5.89439 -250 0
19 512.877 723.463 5 6.01347 -154.042 16.1948
20 512.603 723.882 5 6.17088 -153.786 38.2283
21 515.481 720.387 5 6.6967 -142.739 37.4727
22 515.208 720.805 5 6.5394 -133.298 -26.0253
23 514.935 721.224 5 6.41729 -126.993 -34.8174
24 514.662 721.643 5 6.33243 -127.222 -4.19019
25 514.388 722.062 5 6.2863 -177.071 163.923
26 514.115 722.48 5 6.27977 -250 0
27 513.842 722.899 5 6.31296 -250 0
28 513.568 723.318 5 6.38525 -250 0
29 513.295 723.737 5 6.49533 -250 0
30 513.022 724.155 5 6.64133 -250 0
31 515.9 720.66 5 7.16752 -250 0
32 515.627 721.079 5 7.02077 -143.812 -170.163
33 515.353 721.497 5 6.90718 -134.869 164.796
34 515.08 721.916 5 6.82841 -250 0
35 514.807 722.335 5 6.78565 -250 0
36 514.534 722.754 5 6.7796 -250 0
37 514.26 723.172 5 6.81036 -250 0
38 513.987 723.591 5 6.87742 -250 0
39 516.319 720.933 5 7.64204 -250 0
40 516.045 721.352 5 7.50458 -250 0
41 515.772 721.771 5 7.39843 -250 0
42 515.499 722.189 5 7.32493 -250 0
43 515.226 722.608 5 7.28509 -250 0
44 514.952 723.027 5 7.27946 -250 0
45 514.679 723.446 5 7.30811 -250 0
46 514.406 723.864 5 7.37065 -250 0
47 516.737 721.206 5 8.11963 -250 0
48 516.464 721.625 5 7.99039 -183.087 -135.385
49 516.191 722.044 5 7.89077 -250 0
50 515.918 722.463 5 7.8219 -250 0
51 515.644 722.881 5 7.78461 -250 0
52 515.371 723.3 5 7.77934 -250 0
53 515.098 723.719 5 7.80615 -250 0
54 514.825 724.138 5 7.86473 -250 0
55 517.156 721.48 5 8.59976 -250 0
56 516.883 721.898 5 8.47784 -250 0
57 516.61 722.317 5 8.38402 -250 0
58 516.336 722.736 5 8.31924 -250 0
59 516.063 723.155 5 8.28418 -250 0
60 515.79 723.573 5 8.27923 -250 0
61 515.517 723.992 5 8.30443 -250 0
62 515.243 724.411 5 8.35951 -250 0
63 517.575 721.753 5 9.08204 -250 0
64 517.302 722.172 5 8.96668 -250 0
65 517.028 722.59 5 8.87802 -181.599 112.93
66 516.755 723.009 5 8.81687 -250 0
67 516.482 723.428 5 8.7838 -250 0
68 516.209 723.847 5 8.77913 -250 0
69 515.935 724.265 5 8.8029 -250 0
70 515.662 724.684 5 8.85489 -161.149 173.754
71 517.994 722.026 5 9.56613 -250 0
72 517.72 722.445 5 9.45668 -250 0
73 517.447 722.864 5 9.37266 -250 0
74 517.174 723.282 5 9.31476 -250 0
75 516.901 723.701 5 9.28346 -250 0
76 516.627 724.12 5 9.27904 -125.311 -102.626
77 516.354 724.539 5 9.30154 -125.247 -47.3061
78 516.081 724.957 5 9.35075 -140.898 131.037
