1 514.644 719.84 5 8.4769 -109.36 -155.826
2 514.371 720.259 5 8.38322 -104.648 -126.886
3 514.097 720.678 5 8.31858 -110.03 25.0927
4 513.824 721.096 5 8.28367 -118.127 71.5109
5 513.551 721.515 5 8.27886 -121.665 -173.868
6 513.278 721.934 5 8.30422 -132.324 130.87
7 513.004 722.353 5 8.35945 -118.841 77.1848
8 512.731 722.771 5 8.44398 -119.943 -122.451
9 512.458 723.19 5 8.55694 -124.054 98.5911
10 512.185 723.609 5 8.69722 -120.903 30.5904
11 515.063 720.113 5 8.96577 -101.531 62.0478
12 514.789 720.532 5 8.87724 -107.094 138.634
13 514.516 720.951 5 8.81623 -122.462 28.3173
14 514.243 721.37 5 8.78329 -117.445 -168.661
15 513.97 721.788 5 8.77876 -118.048 -111.436
16 513.696 722.207 5 8.80268 -119.662 77.9535
17 513.423 722.626 5 8.8548 -112.797 89.4009
18 513.15 723.045 5 8.93465 -123.979 178.898
19 512.877 723.463 5 9.04148 -121.477 178.91
20 512.603 723.882 5 9.17436 -127.621 -171.24
21 515.481 720.387 5 9.4558 -104.114 94.0962
22 515.208 720.805 5 9.3719 -123.551 155.497
23 514.935 721.224 5 9.31413 -108.685 -126.039
24 514.662 721.643 5 9.28296 -116.52 161.53
25 514.388 722.062 5 9.27867 -117.612 -10.052
26 514.115 722.48 5 9.3013 -123.178 -14.1025
27 513.842 722.899 5 9.35065 -123.826 104.498
28 513.568 723.318 5 9.4263 -119.184 -154.344
29 513.295 723.737 5 9.52762 -120.021 -110.551
30 513.022 724.155 5 9.6538 -117.174 -47.4249
31 515.9 720.66 5 9.94682 -98.4184 94.4871
32 515.627 721.079 5 9.8671 -120.482 -42.3023
33 515.353 721.497 5 9.81224 -114.367 118.53
34 515.08 721.916 5 9.78266 -107.341 48.0347
35 514.807 722.335 5 9.77859 -117.719 16.5616
36 514.534 722.754 5 9.80007 -119.272 -142.567
37 514.26 723.172 5 9.84692 -117.027 143.562
38 513.987 723.591 5 9.91878 -116.952 98.0458
39 516.319 720.933 5 10.4387 -97.1284 81.0626
40 516.045 721.352 5 10.3628 -111.839 -65.3562
41 515.772 721.771 5 10.3105 -117.861 -116.883
42 515.499 722.189 5 10.2824 -133.019 -85.5037
43 515.226 722.608 5 10.2785 -112.448 -11.6172
44 514.952 723.027 5 10.299 -111.767 163.096
45 514.679 723.446 5 10.3435 -114.683 23.6125
46 514.406 723.864 5 10.412 -144.711 93.5684
47 516.737 721.206 5 10.9313 -101.147 98.539
48 516.464 721.625 5 10.8588 -94.7836 -90.7302
49 516.191 722.044 5 10.809 -115.509 -151.001
50 515.918 722.463 5 10.7821 -116.189 94.2708
51 515.644 722.881 5 10.7785 -115.995 25.6589
52 515.371 723.3 5 10.7979 -110.863 6.11912
53 515.098 723.719 5 10.8405 -133.573 63.9098
54 514.825 724.138 5 10.9058 -171.356 170.972
55 517.156 721.48 5 11.4246 -106.383 102.079
56 516.883 721.898 5 11.3552 -112.627 98.0887
57 516.61 722.317 5 11.3076 -91.9727 116.283
58 516.336 722.736 5 11.2819 -101.594 40.8404
59 516.063 723.155 5 11.2784 -108.141 -170.795
60 515.79 723.573 5 11.297 -112.22 -177.419
61 515.517 723.992 5 11.3377 -123.531 131.363
62 515.243 724.411 5 11.4002 -250 0
63 517.575 721.753 5 11.9184 -108.817 149.625
64 517.302 722.172 5 11.8519 -107.657 -68.2998
65 517.028 722.59 5 11.8063 -136.316 -134.747
66 516.755 723.009 5 11.7817 -94.6437 -19.9845
67 516.482 723.428 5 11.7783 -96.3112 -132.662
68 516.209 723.847 5 11.7962 -110.574 -81.6558
69 515.935 724.265 5 11.8351 -106.874 30.2349
70 515.662 724.684 5 11.895 -104.128 -105.149
71 517.994 722.026 5 12.4127 -108.289 111.868
72 517.72 722.445 5 12.3489 -110.822 -39.4983
73 517.447 722.864 5 12.3051 -114.418 160.748
74 517.174 723.282 5 12.2815 -91.0791 -49.7932
75 516.901 723.701 5 12.2783 -112.943 134.373
76 516.627 724.12 5 12.2954 -95.7125 37.8756
77 516.354 724.539 5 12.3328 -105.175 90.5287
78 516.081 724.957 5 12.3902 -129.539 -17.2914
