1 509.951 714.045 5 3.80556 -55.6152 131.731
2 510.37 714.318 5 3.99 -63.222 -98.5691
3 510.79 714.59 5 4.22585 -63.0662 -64.2745
4 511.209 714.862 5 4.50506 -81.0662 100.349
5 511.628 715.135 5 4.8201 -76.4996 -9.44302
6 512.048 715.407 5 5.16441 -75.5783 159.998
7 512.467 715.679 5 5.53253 -64.3206 -29.0552
8 512.886 715.952 5 5.92002 -77.2799 -64.7221
9 513.306 716.224 5 6.32332 -76.7459 -113.028
10 513.725 716.496 5 6.73959 -69.0941 -9.87039
11 514.144 716.769 5 7.16658 -66.8363 -173.312
12 514.564 717.041 5 7.60248 -80.5365 3.13596
13 514.983 717.313 5 8.04583 -100.448 132.349
14 509.679 714.465 5 3.33419 -62.6368 91.4452
15 510.098 714.737 5 3.54325 -67.5024 -78.2198
16 510.517 715.009 5 3.80688 -74.95 -37.2788
17 510.937 715.282 5 4.11462 -69.4568 93.7159
18 511.356 715.554 5 4.45734 -69.3476 -24.5639
19 511.775 715.826 5 4.82759 -76.3347 -47.4974
20 512.195 716.099 5 5.21952 -65.5858 108.096
21 512.614 716.371 5 5.6286 -69.7824 5.00749
22 513.033 716.643 5 6.05136 -64.6146 -160.416
23 513.453 716.916 5 6.48511 -65.6671 50.6594
24 513.872 717.188 5 6.9278 -69.1837 141.763
25 514.291 717.46 5 7.37782 -71.6119 -78.614
26 514.711 717.733 5 7.8339 -70.0888 -118.74
27 509.406 714.884 5 2.87252 -60.1446 95.269
28 509.826 715.156 5 3.11274 -62.0225 -152.159
29 510.245 715.429 5 3.40982 -62.3117 108.995
30 510.664 715.701 5 3.75029 -64.0862 141.375
31 511.084 715.973 5 4.1234 -64.5168 105.51
32 511.503 716.246 5 4.52108 -60.0677 -64.0348
33 511.922 716.518 5 4.9374 -64.4431 -178.274
34 512.342 716.79 5 5.36803 -67.5811 -6.1252
35 512.761 717.063 5 5.80977 -68.9221 119.721
36 513.18 717.335 5 6.26029 -69.6286 58.2829
37 513.6 717.607 5 6.71781 -70.768 -141.711
38 514.019 717.88 5 7.181 -88.2915 146.729
39 514.438 718.152 5 7.64882 -67.8876 115.657
40 509.134 715.303 5 2.42609 -61.4311 70.9384
41 509.553 715.576 5 2.70623 -64.0239 41.9571
42 509.973 715.848 5 3.04326 -57.9375 89.9624
43 510.392 716.12 5 3.42041 -64.6023 -140.395
44 510.811 716.393 5 3.82583 -60.8545 134.201
45 511.231 716.665 5 4.25144 -65.6021 -16.9569
46 511.65 716.937 5 4.69175 -65.1044 143.576
47 512.069 717.21 5 5.14298 -80.2141 -165.208
48 512.489 717.482 5 5.6025 -68.8341 -103.698
49 512.908 717.754 5 6.06842 -73.8382 -55.0047
50 513.327 718.027 5 6.53938 -79.0272 40.2771
51 513.747 718.299 5 7.01436 -70.4296 8.63041
52 514.166 718.571 5 7.4926 -68.1717 -73.1212
53 508.862 715.723 5 2.00511 -61.4157 37.7105
54 509.281 715.995 5 2.33629 -58.3561 43.8912
55 509.7 716.267 5 2.71956 -60.9103 107.1
56 510.12 716.54 5 3.13588 -59.3782 -68.1949
57 510.539 716.812 5 3.57372 -63.459 173.851
58 510.958 717.084 5 4.02607 -66.0885 121.069
59 511.378 717.357 5 4.48854 -78.2036 -156.985
60 511.797 717.629 5 4.9583 -79.0246 121.787
61 512.216 717.901 5 5.43347 -83.5064 109.842
62 512.636 718.174 5 5.91272 -80.409 86.0882
63 513.055 718.446 5 6.39516 -75.5698 4.26467
64 513.474 718.718 5 6.8801 -67.4704 74.9838
65 513.894 718.991 5 7.36706 -58.5284 165.69
66 508.589 716.142 5 1.62942 -53.7805 95.2002
67 509.009 716.414 5 2.02306 -55.1588 -29.4984
68 509.428 716.687 5 2.45571 -62.6058 101.925
69 509.847 716.959 5 2.91003 -83.5901 62.0647
70 510.267 717.231 5 3.37728 -60.7427 168.872
71 510.686 717.504 5 3.85277 -72.6919 -150.344
72 511.105 717.776 5 4.33377 -68.0656 -1.70402
73 511.525 718.048 5 4.81864 -75.2756 120.729
74 511.944 718.321 5 5.30633 -75.0827 -87.13
75 512.363 718.593 5 5.79611 -98.5872 175.381
76 512.783 718.865 5 6.2875 -65.3755 -49.2795
77 513.202 719.138 5 6.78014 -59.7485 24.7804
78 513.621 719.41 5 7.2738 -76.8485 -154.837
79 510.414 717.923 5 3.73876 -78.8596 162.727
80 510.833 718.195 5 4.23274 -87.0935 -142.321
81 511.672 718.74 5 5.22414 -81.2643 -134.396
82 512.091 719.012 5 5.72096 -73.1908 124.749
83 512.51 719.285 5 6.21829 -61.2265 -72.3582
84 512.93 719.557 5 6.71602 -73.9914 127.29
85 513.349 719.829 5 7.21406 -76.099 -54.5507
86 510.141 718.342 5 3.68957 -62.5306 36.1899
87 510.561 718.615 5 4.18935 -61.2734 -52.6431
88 511.399 719.159 5 5.18904 -76.7629 31.1716
89 511.819 719.432 5 5.68893 -59.441 147.334
90 512.238 719.704 5 6.18884 -85.0893 130.669
91 512.657 719.976 5 6.68876 -85.7674 -92.7105
92 513.077 720.249 5 7.18869 -79.4963 -13.6172
93 509.869 718.762 5 3.70775 -84.199 -82.9833
94 510.288 719.034 5 4.20538 -62.5176 -88.4569
95 511.127 719.579 5 5.20199 -59.2615 50.4661
96 511.546 719.851 5 5.70074 -79.1345 141.256
97 511.966 720.123 5 6.1997 -81.8022 7.44262
98 512.385 720.396 5 6.69881 -81.8803 114.156
99 512.804 720.668 5 7.19804 -84.2514 -19.4023
100 509.597 719.181 5 3.79236 -67.5528 33.2304
101 510.016 719.453 5 4.28016 -53.5165 5.13818
102 509.324 719.6 5 3.9391 -53.5044 -116.246
103 509.744 719.873 5 4.4107 -52.806 -84.5375
104 509.052 720.02 5 4.14138 -47.4199 -176.561
105 509.471 720.292 5 4.59226 -49.2212 36.2147
