1 509.951 714.045 5 4.62241 -46.9272 -35.4838
2 510.37 714.318 5 4.66985 -54.7065 -122.522
3 510.79 714.59 5 4.76951 -60.5754 -136.212
4 511.209 714.862 5 4.91824 -67.2613 130.456
5 511.628 715.135 5 5.11173 -59.9016 -132.85
6 512.048 715.407 5 5.34515 -56.6342 -59.4859
7 512.467 715.679 5 5.6135 -66.4547 -114.323
8 512.886 715.952 5 5.91204 -59.8498 40.6637
9 513.306 716.224 5 6.23642 -63.6002 -171.478
10 513.725 716.496 5 6.58284 -60.6067 -89.2269
11 514.144 716.769 5 6.94799 -67.8638 -13.0487
12 514.564 717.041 5 7.32907 -106.129 112.663
13 514.983 717.313 5 7.72373 -83.6661 -87.2142
14 509.679 714.465 5 4.12289 -50.1548 -16.279
15 510.098 714.737 5 4.176 -55.4233 -134.553
16 510.517 715.009 5 4.28716 -60.5417 176.85
17 510.937 715.282 5 4.45203 -59.4486 48.2877
18 511.356 715.554 5 4.66491 -59.7495 81.9293
19 511.775 715.826 5 4.91957 -60.4948 70.6335
20 512.195 716.099 5 5.20989 -59.3538 -106.723
21 512.614 716.371 5 5.53025 -60.0134 61.7125
22 513.033 716.643 5 5.87575 -61.6074 152.763
23 513.453 716.916 5 6.24222 -74.6773 147.801
24 513.872 717.188 5 6.62616 -69.503 156.186
25 514.291 717.46 5 7.02473 -75.5408 -85.8556
26 514.711 717.733 5 7.43556 -74.1151 -89.8273
27 509.406 714.884 5 3.6235 -49.587 -23.5405
28 509.826 715.156 5 3.68382 -62.9515 -142.919
29 510.245 715.429 5 3.80937 -57.4275 90.8747
30 510.664 715.701 5 3.99401 -74.5236 -22.0246
31 511.084 715.973 5 4.23 -55.3028 -71.902
32 511.503 716.246 5 4.50929 -58.0512 174.724
33 511.922 716.518 5 4.82436 -58.6711 -49.663
34 512.342 716.79 5 5.16868 -62.3347 23.4684
35 512.761 717.063 5 5.53679 -66.4933 6.03953
36 513.18 717.335 5 5.92425 -65.128 106.906
37 513.6 717.607 5 6.32752 -70.0103 -167.813
38 514.019 717.88 5 6.74376 -63.0217 159.611
39 514.438 718.152 5 7.17071 -65.5738 -44.1513
40 509.134 715.303 5 3.1243 -47.7568 -21.327
41 509.553 715.576 5 3.19407 -61.618 -127.863
42 509.973 715.848 5 3.33809 -64.2935 -27.464
43 510.392 716.12 5 3.54734 -56.9867 80.1982
44 510.811 716.393 5 3.81109 -56.801 22.1053
45 511.231 716.665 5 4.11888 -60.9069 157.352
46 511.65 716.937 5 4.46161 -63.5276 -127.357
47 512.069 717.21 5 4.83185 -63.419 -114.703
48 512.489 717.482 5 5.22375 -63.2062 -118.127
49 512.908 717.754 5 5.63279 -74.4486 75.8514
50 513.327 718.027 5 6.0555 -72.0166 -29.336
51 513.747 718.299 5 6.48921 -72.7303 128.157
52 514.166 718.571 5 6.93186 -63.635 -18.4646
53 508.862 715.723 5 2.62541 -46.6182 -22.2186
54 509.281 715.995 5 2.70806 -65.9169 -83.9256
55 509.7 716.267 5 2.87652 -60.4453 -139.823
56 510.12 716.54 5 3.11691 -54.7973 -153.894
57 510.539 716.812 5 3.41408 -55.8292 80.8899
58 510.958 717.084 5 3.75456 -54.8418 101.547
59 511.378 717.357 5 4.12765 -71.42 9.76855
60 511.797 717.629 5 4.52529 -63.273 42.3865
61 512.216 717.901 5 4.94156 -85.6241 39.3913
62 512.636 718.174 5 5.37214 -62.5059 90.3545
63 513.055 718.446 5 5.81383 -77.5582 56.9485
64 513.474 718.718 5 6.2643 -77.2931 -53.8854
65 513.894 718.991 5 6.72177 -59.5306 -77.8742
66 508.589 716.142 5 2.12705 -45.688 -24.3692
67 509.009 716.414 5 2.22825 -53.4177 -70.3829
68 509.428 716.687 5 2.4302 -58.3059 84.418
69 509.847 716.959 5 2.71047 -54.6413 -85.846
70 510.267 717.231 5 3.04753 -56.4695 -6.24841
71 510.686 717.504 5 3.42465 -60.2232 149.49
72 511.105 717.776 5 3.83002 -70.2926 28.0346
73 511.525 718.048 5 4.25556 -66.3278 135.512
74 511.944 718.321 5 4.69581 -66.6108 -109.557
75 512.363 718.593 5 5.14698 -73.4252 -91.2158
76 512.783 718.865 5 5.60644 -80.7638 -131.909
77 513.202 719.138 5 6.07231 -67.2255 -171.776
78 513.621 719.41 5 6.54322 -68.5246 -162.45
79 510.414 717.923 5 3.14003 -72.403 158.694
80 510.833 718.195 5 3.57779 -65.6154 74.8013
81 511.672 718.74 5 4.49245 -74.3847 40.6064
82 512.091 719.012 5 4.96215 -76.2129 -54.5182
83 512.51 719.285 5 5.43725 -57.1208 55.3026
84 512.93 719.557 5 5.91646 -72.3251 4.08698
85 513.349 719.829 5 6.39885 -72.9624 -178.348
86 510.141 718.342 5 2.91398 -62.1889 -150.896
87 510.561 718.615 5 3.38113 -63.2196 109.197
88 511.399 719.159 5 4.33747 -65.9727 -160.395
89 511.819 719.432 5 4.82228 -56.4158 -97.2494
90 512.238 719.704 5 5.30992 -73.2646 120.128
91 512.657 719.976 5 5.79965 -70.5409 -47.1052
92 513.077 720.249 5 6.29101 -101.375 -109.025
93 509.869 718.762 5 2.76095 -69.776 23.3123
94 510.288 719.034 5 3.25017 -59.0556 -11.8197
95 511.127 719.579 5 4.23617 -56.1739 115.708
96 511.546 719.851 5 4.73138 -72.9766 -10.5232
97 511.966 720.123 5 5.2275 -71.4891 124.49
98 512.385 720.396 5 5.72429 -72.6617 127.102
99 512.804 720.668 5 6.2216 -75.5665 11.2794
100 509.597 719.181 5 2.69339 -63.8123 145.273
101 510.016 719.453 5 3.19298 -55.368 24.9403
102 509.324 719.6 5 2.7177 -47.1657 -11.3431
103 509.744 719.873 5 3.21351 -47.6218 7.476
104 509.052 720.02 5 2.8315 -52.5839 -15.0212
105 509.471 720.292 5 3.31031 -45.9632 60.1039
