1 505.473 717.831 5 1.80278 -44.8183 -158.889
2 505.747 717.412 5 1.41421 -40.5665 -129.262
3 506.02 716.994 5 1.11803 -43.0528 19.5425
4 506.294 716.575 5 1 -39.7638 -17.6907
5 506.567 716.157 5 1.11803 -47.8692 33.6692
6 505.891 718.104 5 1.58114 -55.4612 -6.32479
7 506.165 717.686 5 1.11803 -38.8599 -10.8068
8 506.439 717.267 5 0.707107 -42.8969 113.98
9 506.712 716.849 5 0.5 -32.8514 -10.974
10 506.986 716.43 5 0.707107 -38.8395 115.49
11 506.31 718.378 5 1.5 -36.1486 20.3478
12 506.584 717.96 5 1 -34.4757 10.2173
13 506.857 717.541 5 0.5 -32.7131 -0.128247
14 507.131 717.123 5 0 -43.3713 17.6455
15 507.404 716.704 5 0.5 -32.026 8.05357
16 506.728 718.652 5 1.58114 -53.1867 157.523
17 507.002 718.233 5 1.11803 -37.7641 -15.5972
18 507.276 717.815 5 0.707107 -40.8506 126.492
19 507.549 717.396 5 0.5 -32.1039 -7.25183
20 507.823 716.978 5 0.707107 -35.2101 111.348
21 507.147 718.925 5 1.80278 -43.2058 -163.755
22 507.421 718.507 5 1.41421 -38.932 -116.663
23 507.694 718.088 5 1.11803 -44.3307 15.9813
24 507.968 717.67 5 1 -38.1828 -12.5169
25 508.241 717.251 5 1.11803 -37.3094 55.2144
26 507.565 719.199 5 2.12132 -43.6672 23.6941
27 507.839 718.78 5 1.80278 -46.8512 -156.407
28 508.113 718.362 5 1.58114 -40.4362 148.022
29 508.386 717.943 5 1.5 -40.8183 -8.09582
30 508.66 717.525 5 1.58114 -36.588 98.3685
31 507.984 719.472 5 2.5 -51.2276 -9.01148
32 508.258 719.054 5 2.23607 -44.5724 -6.26472
33 508.531 718.635 5 2.06155 -39.6055 176.537
34 508.805 718.217 5 2 -41.9191 -57.9835
35 509.078 717.798 5 2.06155 -39.517 136.813
36 508.402 719.746 5 2.91548 -49.9824 163.179
37 508.676 719.328 5 2.69258 -50.8753 -176.369
38 508.95 718.909 5 2.54951 -47.7928 81.851
39 509.223 718.491 5 2.5 -47.2564 -167.865
40 509.497 718.072 5 2.54951 -44.3262 86.7718
