1 505.473 717.831 5 0 -39.3484 30.9501
2 505.747 717.412 5 0.5 -30.0841 6.15519
3 506.02 716.994 5 1 -35.5418 9.35853
4 506.294 716.575 5 1.5 -36.0579 15.0627
5 506.567 716.157 5 2 -40.1373 14.3076
6 505.891 718.104 5 0.5 -33.764 11.9377
7 506.165 717.686 5 0.707107 -37.9373 112.798
8 506.439 717.267 5 1.11803 -44.1086 -11.5457
9 506.712 716.849 5 1.58114 -52.0173 171.497
10 506.986 716.43 5 2.06155 -44.398 -147.518
11 506.31 718.378 5 1 -37.5432 11.0085
12 506.584 717.96 5 1.11803 -38.733 8.67337
13 506.857 717.541 5 1.41421 -40.3171 -126.43
14 507.131 717.123 5 1.80278 -48.0094 -159.627
15 507.404 716.704 5 2.23607 -50.4565 0.556991
16 506.728 718.652 5 1.5 -37.2946 -17.7871
17 507.002 718.233 5 1.58114 -39.185 122.445
18 507.276 717.815 5 1.80278 -41.4693 -161.55
19 507.549 717.396 5 2.12132 -40.0976 23.1021
20 507.823 716.978 5 2.5 -45.9963 1.90609
21 507.147 718.925 5 2 -46.8065 -8.7424
22 507.421 718.507 5 2.06155 -44.3378 164.836
23 507.694 718.088 5 2.23607 -44.4603 -13.7033
24 507.968 717.67 5 2.5 -47.6727 -17.6589
25 508.241 717.251 5 2.82843 -50.541 99.0314
26 507.565 719.199 5 2.5 -52.8785 47.9946
27 507.839 718.78 5 2.54951 -42.6907 -62.9484
28 508.113 718.362 5 2.69258 -56.8703 -118.498
29 508.386 717.943 5 2.91548 -49.0261 -136.058
30 508.66 717.525 5 3.20156 -49.5361 -11.1413
31 507.984 719.472 5 3 -52.8453 -15.8342
32 508.258 719.054 5 3.04138 -49.0063 -179.357
33 508.531 718.635 5 3.16228 -40.9425 -111.099
34 508.805 718.217 5 3.3541 -43.3261 69.7983
35 509.078 717.798 5 3.60555 -41.8039 120.173
36 508.402 719.746 5 3.5 -43.5183 -32.5866
37 508.676 719.328 5 3.53553 -46.7172 -145.898
38 508.95 718.909 5 3.64005 -45.7169 157.023
39 509.223 718.491 5 3.80789 -47.573 48.8047
40 509.497 718.072 5 4.03113 -50.588 11.2648
