1 509.951 714.045 5 3.68178 -54.3348 -82.109
2 510.37 714.318 5 3.807 -54.6483 131.56
3 510.79 714.59 5 3.99136 -55.2036 -130.064
4 511.209 714.862 5 4.22714 -53.5765 -81.3361
5 511.628 715.135 5 4.50627 -60.4046 144.773
6 512.048 715.407 5 4.82123 -60.3828 -37.5648
7 512.467 715.679 5 5.16547 -59.1237 24.998
8 512.886 715.952 5 5.53352 -87.7912 -91.2078
9 513.306 716.224 5 5.92094 -62.4824 -103.35
10 513.725 716.496 5 6.32419 -73.0391 -170.124
11 514.144 716.769 5 6.74041 -68.4854 -51.9119
12 514.564 717.041 5 7.16735 -88.2829 137.666
13 514.983 717.313 5 7.6032 -93.8898 -174.437
14 509.679 714.465 5 3.19194 -54.943 -110.855
15 510.098 714.737 5 3.33561 -57.035 84.8144
16 510.517 715.009 5 3.54458 -62.5758 109.059
17 510.937 715.282 5 3.80812 -60.251 35.5792
18 511.356 715.554 5 4.11577 -57.0618 175.082
19 511.775 715.826 5 4.4584 -61.5257 -103.768
20 512.195 716.099 5 4.82857 -68.1011 -34.9739
21 512.614 716.371 5 5.22042 -64.4987 103.286
22 513.033 716.643 5 5.62944 -62.7202 -31.203
23 513.453 716.916 5 6.05214 -68.6712 88.2681
24 513.872 717.188 5 6.48584 -61.6907 35.7406
25 514.291 717.46 5 6.92848 -73.2704 140.733
26 514.711 717.733 5 7.37846 -77.6889 -96.0917
27 509.406 714.884 5 2.70583 -56.5012 -114.545
28 509.826 715.156 5 2.8739 -56.7104 -141.923
29 510.245 715.429 5 3.11401 -59.2111 -142.605
30 510.664 715.701 5 3.41098 -58.1397 95.1699
31 511.084 715.973 5 3.75134 -56.3425 116.101
32 511.503 716.246 5 4.12436 -64.7205 71.7739
33 511.922 716.518 5 4.52196 -60.8856 -40.2892
34 512.342 716.79 5 4.9382 -65.9953 172.756
35 512.761 717.063 5 5.36876 -66.1792 -31.8441
36 513.18 717.335 5 5.81045 -74.3667 83.3978
37 513.6 717.607 5 6.26092 -67.5078 160.54
38 514.019 717.88 5 6.7184 -67.8876 -130.781
39 514.438 718.152 5 7.18155 -70.0388 -105.663
40 509.134 715.303 5 2.22589 -53.7346 -47.2069
41 509.553 715.576 5 2.42741 -55.2726 74.7097
42 509.973 715.848 5 2.70741 -61.9909 21.4373
43 510.392 716.12 5 3.04431 -54.5953 9.43757
44 510.811 716.393 5 3.42135 -66.0903 114.634
45 511.231 716.665 5 3.82667 -58.7404 162.809
46 511.65 716.937 5 4.25219 -68.5548 -45.5615
47 512.069 717.21 5 4.69243 -65.1645 135.853
48 512.489 717.482 5 5.1436 -71.559 -120.092
49 512.908 717.754 5 5.60307 -76.9661 79.4429
50 513.327 718.027 5 6.06895 -70.9658 -130.814
51 513.747 718.299 5 6.53987 -66.5016 -82.284
52 514.166 718.571 5 7.01482 -69.1003 -73.8818
53 508.862 715.723 5 1.75716 -50.2795 -117.921
54 509.281 715.995 5 2.00633 -51.5201 165.298
55 509.7 716.267 5 2.33733 -64.096 -119.386
56 510.12 716.54 5 2.72046 -57.5097 24.896
57 510.539 716.812 5 3.13666 -57.5733 -96.9989
58 510.958 717.084 5 3.57441 -67.8465 142.981
59 511.378 717.357 5 4.02668 -67.3039 102.509
60 511.797 717.629 5 4.48909 -64.5714 118.762
61 512.216 717.901 5 4.9588 -67.8661 -107.702
62 512.636 718.174 5 5.43392 -72.5594 -22.1991
63 513.055 718.446 5 5.91314 -74.2741 19.9032
64 513.474 718.718 5 6.39554 -66.8454 93.9822
65 513.894 718.991 5 6.88046 -64.1528 118.326
66 508.589 716.142 5 1.31173 -52.9917 10.6809
67 509.009 716.414 5 1.63046 -53.629 103.588
68 509.428 716.687 5 2.0239 -55.8246 -32.7268
69 509.847 716.959 5 2.4564 -58.9415 111.865
70 510.267 717.231 5 2.91061 -62.6756 -136.921
71 510.686 717.504 5 3.37779 -58.6714 143.931
72 511.105 717.776 5 3.85321 -65.1191 -98.0022
73 511.525 718.048 5 4.33416 -73.5632 -98.6896
74 511.944 718.321 5 4.819 -72.2023 -88.574
75 512.363 718.593 5 5.30664 -63.5438 -56.9055
76 512.783 718.865 5 5.7964 -62.7662 -27.7465
77 513.202 719.138 5 6.28777 -64.5098 41.1431
78 513.621 719.41 5 6.7804 -73.7016 156.728
79 510.414 717.923 5 3.24692 -66.0355 73.9511
80 510.833 718.195 5 3.73901 -62.3041 -21.1605
81 511.672 718.74 5 4.72819 -68.1758 124.898
82 512.091 719.012 5 5.22432 -64.5099 -142.704
83 512.51 719.285 5 5.72113 -62.0804 -93.7531
84 512.93 719.557 5 6.21844 -69.147 -7.94564
85 513.349 719.829 5 6.71616 -74.6892 94.7551
86 510.141 718.342 5 3.18991 -59.848 10.1206
87 510.561 718.615 5 3.68962 -60.773 -44.5647
88 511.399 719.159 5 4.68922 -67.5052 73.8177
89 511.819 719.432 5 5.18908 -66.706 131.466
90 512.238 719.704 5 5.68896 -78.9034 -50.423
91 512.657 719.976 5 6.18887 -71.7582 61.7158
92 513.077 720.249 5 6.68878 -85.2205 130.673
93 509.869 718.762 5 3.21069 -76.8782 -53.4381
94 510.288 719.034 5 3.7076 -55.0473 -56.08
95 511.127 719.579 5 4.70338 -62.4318 -7.71801
96 511.546 719.851 5 5.20188 -71.0562 53.8727
97 511.966 720.123 5 5.70064 -80.6923 148.473
98 512.385 720.396 5 6.1996 -82.1957 -76.7815
99 512.804 720.668 5 6.69872 -73.9513 -129.987
100 509.597 719.181 5 3.3078 -76.5668 -96.3156
101 510.016 719.453 5 3.79201 -56.1635 -36.4894
102 509.324 719.6 5 3.47485 -53.7805 161.763
103 509.744 719.873 5 3.93857 -61.2078 -129.179
104 509.052 720.02 5 3.70238 -49.5878 91.6883
105 509.471 720.292 5 4.1407 -59.6692 65.7899
