1 509.951 714.045 5 4.17427 -54.6777 -94.6354
2 510.37 714.318 5 4.2853 -63.688 141.327
3 510.79 714.59 5 4.45006 -66.38 -9.30333
4 511.209 714.862 5 4.66286 -58.2077 122.039
5 511.628 715.135 5 4.91748 -61.9683 78.4083
6 512.048 715.407 5 5.20777 -56.6859 -83.8796
7 512.467 715.679 5 5.52812 -57.6751 66.807
8 512.886 715.952 5 5.87362 -60.9866 137.502
9 513.306 716.224 5 6.24009 -83.231 -139.432
10 513.725 716.496 5 6.62404 -62.6574 36.1897
11 514.144 716.769 5 7.02262 -73.5551 35.2601
12 514.564 717.041 5 7.43347 -101.352 -117.702
13 514.983 717.313 5 7.85466 -87.8992 -7.04603
14 509.679 714.465 5 3.68206 -54.6393 -139.183
15 510.098 714.737 5 3.80747 -58.4103 115.062
16 510.517 715.009 5 3.992 -64.3987 -94.9154
17 510.937 715.282 5 4.22792 -57.7247 -103.965
18 511.356 715.554 5 4.50717 -65.0293 137.706
19 511.775 715.826 5 4.82223 -60.2792 -70.2602
20 512.195 716.099 5 5.16654 -57.7839 20.7006
21 512.614 716.371 5 5.53466 -65.4276 -14.0387
22 513.033 716.643 5 5.92214 -65.167 -98.0687
23 513.453 716.916 5 6.32542 -65.6803 102.501
24 513.872 717.188 5 6.74168 -64.7513 47.0925
25 514.291 717.46 5 7.16865 -60.6091 -169.475
26 514.711 717.733 5 7.60452 -67.6261 56.7118
27 509.406 714.884 5 3.19227 -62.0333 -146.949
28 509.826 715.156 5 3.33614 -54.5989 79.2308
29 510.245 715.429 5 3.54529 -54.7066 82.3691
30 510.664 715.701 5 3.80899 -56.4743 21.904
31 511.084 715.973 5 4.11675 -58.947 -173.909
32 511.503 716.246 5 4.45948 -60.1055 -127.774
33 511.922 716.518 5 4.82972 -63.203 -115.867
34 512.342 716.79 5 5.22163 -63.0828 98.2459
35 512.761 717.063 5 5.6307 -69.0251 -46.3833
36 513.18 717.335 5 6.05343 -66.4868 168.42
37 513.6 717.607 5 6.48716 -69.0919 18.7921
38 514.019 717.88 5 6.92983 -64.7653 -105.234
39 514.438 718.152 5 7.37982 -64.7566 -44.7272
40 509.134 715.303 5 2.70622 -66.1083 -73.9926
41 509.553 715.576 5 2.87452 -74.4237 -122.718
42 509.973 715.848 5 3.11483 -67.912 -100.478
43 510.392 716.12 5 3.41195 -53.1973 53.431
44 510.811 716.393 5 3.75242 -56.342 116.73
45 511.231 716.665 5 4.12552 -63.6209 59.4748
46 511.65 716.937 5 4.52319 -61.7191 -50.9215
47 512.069 717.21 5 4.93948 -64.4943 127.505
48 512.489 717.482 5 5.37008 -66.5192 -1.61022
49 512.908 717.754 5 5.8118 -66.3754 143.611
50 513.327 718.027 5 6.26229 -66.1731 -152.215
51 513.747 718.299 5 6.71979 -67.1642 -26.4767
52 514.166 718.571 5 7.18296 -64.6131 104.44
53 508.862 715.723 5 2.22635 -54.9651 -57.3096
54 509.281 715.995 5 2.42815 -51.9687 79.4128
55 509.7 716.267 5 2.70835 -53.6287 -48.9631
56 510.12 716.54 5 3.0454 -68.7094 -15.5351
57 510.539 716.812 5 3.42253 -75.0281 -56.1305
58 510.958 717.084 5 3.82792 -61.7241 119.309
59 511.378 717.357 5 4.2535 -63.6887 -63.1676
60 511.797 717.629 5 4.69378 -67.9344 -166.702
61 512.216 717.901 5 5.14498 -72.8892 -112.252
62 512.636 718.174 5 5.60447 -79.7604 -84.0106
63 513.055 718.446 5 6.07037 -69.1237 -166.156
64 513.474 718.718 5 6.5413 -66.962 -42.2065
65 513.894 718.991 5 7.01626 -56.9737 56.7127
66 508.589 716.142 5 1.75775 -49.4756 -121.984
67 509.009 716.414 5 2.00722 -51.3952 164.725
68 509.428 716.687 5 2.33842 -54.6721 -117.56
69 509.847 716.959 5 2.72167 -57.4118 117.097
70 510.267 717.231 5 3.13795 -59.679 8.74774
71 510.686 717.504 5 3.57575 -65.0104 144.32
72 511.105 717.776 5 4.02806 -67.7509 -110.928
73 511.525 718.048 5 4.4905 -67.3369 -4.82292
74 511.944 718.321 5 4.96023 -66.0989 127.729
75 512.363 718.593 5 5.43536 -81.1296 -45.2993
76 512.783 718.865 5 5.91459 -68.2816 -138.102
77 513.202 719.138 5 6.397 -57.7152 -66.8278
78 513.621 719.41 5 6.88193 -76.4123 85.3569
79 510.414 717.923 5 3.37921 -64.3022 -39.2068
80 510.833 718.195 5 3.85465 -64.5899 144.171
81 511.672 718.74 5 4.82046 -67.1501 -77.0802
82 512.091 719.012 5 5.30812 -86.3433 161.79
83 512.51 719.285 5 5.79788 -61.6179 162.636
84 512.93 719.557 5 6.28925 -78.5922 -17.2383
85 513.349 719.829 5 6.78188 -71.0368 -26.3461
86 510.141 718.342 5 3.2484 -61.1529 -43.4782
87 510.561 718.615 5 3.7405 -57.0741 -166.867
88 511.399 719.159 5 4.72968 -71.4141 35.7527
89 511.819 719.432 5 5.22582 -61.1039 40.5406
90 512.238 719.704 5 5.72263 -71.474 140.083
91 512.657 719.976 5 6.21995 -67.8749 53.4728
92 513.077 720.249 5 6.71766 -74.2169 29.7726
93 509.869 718.762 5 3.19141 -76.3445 146.979
94 510.288 719.034 5 3.69112 -67.1036 119.77
95 511.127 719.579 5 4.69073 -58.9749 -91.4388
96 511.546 719.851 5 5.19059 -65.4243 -152.864
97 511.966 720.123 5 5.69047 -69.2516 -123.178
98 512.385 720.396 5 6.19038 -78.3494 -95.9373
99 512.804 720.668 5 6.69029 -78.8996 -123.314
100 509.597 719.181 5 3.21219 -64.8049 -125.924
101 510.016 719.453 5 3.7091 -52.6954 -138.05
102 509.324 719.6 5 3.30926 -51.9892 103.186
103 509.744 719.873 5 3.79348 -52.5554 160.303
104 509.052 720.02 5 3.47624 -47.9046 9.74465
105 509.471 720.292 5 3.93999 -55.1819 117.489
