1 509.951 714.045 5 3.98863 -69.3118 52.2774
2 510.37 714.318 5 4.22456 -67.6667 -68.226
3 510.79 714.59 5 4.50385 -70.3494 -29.0329
4 511.209 714.862 5 4.81896 -65.2281 18.0682
5 511.628 715.135 5 5.16335 -73.5371 133.534
6 512.048 715.407 5 5.53154 -66.4241 -100.39
7 512.467 715.679 5 5.91909 -69.5177 -58.3635
8 512.886 715.952 5 6.32245 -69.0339 -12.8525
9 513.306 716.224 5 6.73878 -74.6333 35.1391
10 513.725 716.496 5 7.16582 -79.8724 -6.32565
11 514.144 716.769 5 7.60176 -67.618 36.7577
12 514.564 717.041 5 8.04515 -98.1636 -54.6243
13 514.983 717.313 5 8.49483 -84.1876 87.8725
14 509.679 714.465 5 3.54192 -72.9784 -76.0633
15 510.098 714.737 5 3.80565 -67.1712 -127.249
16 510.517 715.009 5 4.11348 -72.98 129.497
17 510.937 715.282 5 4.45628 -68.3962 -58.4546
18 511.356 715.554 5 4.82662 -71.7467 -27.0341
19 511.775 715.826 5 5.21862 -68.2078 96.253
20 512.195 716.099 5 5.62776 -68.5724 146.784
21 512.614 716.371 5 6.05058 -74.7313 -137.84
22 513.033 716.643 5 6.48438 -66.0345 -0.298727
23 513.453 716.916 5 6.92712 -62.844 170.846
24 513.872 717.188 5 7.37718 -86.1363 146.712
25 514.291 717.46 5 7.8333 -81.611 93.196
26 514.711 717.733 5 8.29447 -78.0603 67.4738
27 509.406 714.884 5 3.11147 -64.4509 153.855
28 509.826 715.156 5 3.40867 -63.7245 -160.896
29 510.245 715.429 5 3.74923 -67.4937 121.462
30 510.664 715.701 5 4.12244 -67.5058 119.806
31 511.084 715.973 5 4.52021 -64.3273 -79.3922
32 511.503 716.246 5 4.9366 -70.5901 -163.119
33 511.922 716.518 5 5.36729 -72.7521 -61.054
34 512.342 716.79 5 5.80909 -71.833 142.832
35 512.761 717.063 5 6.25966 -83.1253 153.005
36 513.18 717.335 5 6.71722 -84.5641 -155.24
37 513.6 717.607 5 7.18045 -71.4937 4.98386
38 514.019 717.88 5 7.6483 -68.9601 51.1304
39 514.438 718.152 5 8.12 -74.7595 -54.8537
40 509.134 715.303 5 2.70505 -67.3035 124.446
41 509.553 715.576 5 3.04221 -66.7601 140.064
42 509.973 715.848 5 3.41947 -67.8023 179.992
43 510.392 716.12 5 3.82499 -67.7092 80.2091
44 510.811 716.393 5 4.25068 -70.9761 103.64
45 511.231 716.665 5 4.69106 -63.8561 142.961
46 511.65 716.937 5 5.14236 -80.727 0.00624809
47 512.069 717.21 5 5.60193 -70.6131 -139.549
48 512.489 717.482 5 6.06789 -69.5935 -96.3338
49 512.908 717.754 5 6.53889 -78.1092 -74.0694
50 513.327 718.027 5 7.0139 -78.0003 47.9686
51 513.747 718.299 5 7.49217 -69.622 126.807
52 514.166 718.571 5 7.9731 -68.4691 -128.815
53 508.862 715.723 5 2.33524 -67.364 72.1655
54 509.281 715.995 5 2.71866 -61.2192 8.8448
55 509.7 716.267 5 3.1351 -62.8228 175.32
56 510.12 716.54 5 3.57304 -66.6661 164.081
57 510.539 716.812 5 4.02547 -68.0014 -139.712
58 510.958 717.084 5 4.488 -72.4537 -39.5201
59 511.378 717.357 5 4.95781 -72.1916 -88.6813
60 511.797 717.629 5 5.43301 -75.0075 -142.213
61 512.216 717.901 5 5.91231 -72.5822 36.1774
62 512.636 718.174 5 6.39478 -73.6411 62.7131
63 513.055 718.446 5 6.87975 -75.4738 78.0237
64 513.474 718.718 5 7.36673 -65.2926 108.11
65 513.894 718.991 5 7.85534 -66.2057 -158.675
66 508.589 716.142 5 2.02223 -70.8205 -66.748
67 509.009 716.414 5 2.45503 -68.475 73.8473
68 509.428 716.687 5 2.90945 -71.4962 111.389
69 509.847 716.959 5 3.37678 -65.4033 148.678
70 510.267 717.231 5 3.85233 -64.982 -150.854
71 510.686 717.504 5 4.33338 -65.3851 164.45
72 511.105 717.776 5 4.81829 -63.5464 -27.6363
73 511.525 718.048 5 5.30601 -73.768 34.6276
74 511.944 718.321 5 5.79581 -72.7469 -38.7926
75 512.363 718.593 5 6.28723 -76.3355 -33.2601
76 512.783 718.865 5 6.77989 -65.8996 27.0044
77 513.202 719.138 5 7.27356 -56.6911 42.3861
78 513.621 719.41 5 7.76804 -73.7644 37.5633
79 510.414 717.923 5 4.23252 -65.9207 -176.337
80 510.833 718.195 5 4.72779 -71.9396 6.24921
81 511.672 718.74 5 5.7208 -70.0054 -65.1063
82 512.091 719.012 5 6.21814 -69.9844 -122.953
83 512.51 719.285 5 6.71588 -57.5542 -69.7402
84 512.93 719.557 5 7.21393 -79.2 -113.026
85 513.349 719.829 5 7.71223 -70.5405 65.5607
86 510.141 718.342 5 4.18931 -64.4038 52.4612
87 510.561 718.615 5 4.68914 -68.4991 -72.0685
88 511.399 719.159 5 5.6889 -67.2143 102.075
89 511.819 719.432 5 6.18881 -57.3983 152.163
90 512.238 719.704 5 6.68873 -76.09 -100.597
91 512.657 719.976 5 7.18866 -74.912 13.6878
92 513.077 720.249 5 7.6886 -73.0183 65.074
93 509.869 718.762 5 4.20551 -88.7662 -103.031
94 510.288 719.034 5 4.70363 -57.5636 -56.5122
95 511.127 719.579 5 5.70084 -56.0578 22.2562
96 511.546 719.851 5 6.19979 -74.4286 -119.113
97 511.966 720.123 5 6.69889 -78.021 60.9307
98 512.385 720.396 5 7.19812 -77.9357 161.288
99 512.804 720.668 5 7.69744 -82.7736 96.8166
100 509.597 719.181 5 4.28047 -69.9165 -41.3403
101 510.016 719.453 5 4.77076 -57.8255 -62.8767
102 509.324 719.6 5 4.41117 -53.8231 -90.887
103 509.744 719.873 5 4.88837 -52.8391 -87.8494
104 509.052 720.02 5 4.59287 -50.5601 72.5388
105 509.471 720.292 5 5.05294 -57.3669 -140.397
