1 505.473 717.831 5 2.5 -46.0009 -40.132
2 505.747 717.412 5 2.23607 -43.4227 14.4931
3 506.02 716.994 5 2.06155 -42.3254 170.187
4 506.294 716.575 5 2 -45.1881 -54.0413
5 506.567 716.157 5 2.06155 -40.2433 171.56
6 505.891 718.104 5 2.12132 -48.5251 0.27656
7 506.165 717.686 5 1.80278 -49.4892 -115.095
8 506.439 717.267 5 1.58114 -41.5104 131.212
9 506.712 716.849 5 1.5 -40.7305 -7.49897
10 506.986 716.43 5 1.58114 -36.5604 123.225
11 506.31 718.378 5 1.80278 -40.5354 -157.478
12 506.584 717.96 5 1.41421 -39.322 -113.656
13 506.857 717.541 5 1.11803 -46.0646 30.5579
14 507.131 717.123 5 1 -38.0407 -9.48312
15 507.404 716.704 5 1.11803 -40.3071 41.484
16 506.728 718.652 5 1.58114 -53.795 17.0197
17 507.002 718.233 5 1.11803 -40.5945 -12.5526
18 507.276 717.815 5 0.707107 -38.4814 126.187
19 507.549 717.396 5 0.5 -31.9924 -5.47878
20 507.823 716.978 5 0.707107 -36.9701 86.0789
21 507.147 718.925 5 1.5 -39.4703 31.0126
22 507.421 718.507 5 1 -35.2702 21.1465
23 507.694 718.088 5 0.5 -33.3723 11.2643
24 507.968 717.67 5 0 -41.7738 -15.7306
25 508.241 717.251 5 0.5 -31.1632 12.9484
26 507.565 719.199 5 1.58114 -57.7347 45.433
27 507.839 718.78 5 1.11803 -36.13 -4.99481
28 508.113 718.362 5 0.707107 -35.7185 120.431
29 508.386 717.943 5 0.5 -31.0736 -5.78921
30 508.66 717.525 5 0.707107 -36.3611 72.4954
31 507.984 719.472 5 1.80278 -40.079 -146.973
32 508.258 719.054 5 1.41421 -40.5321 -123.769
33 508.531 718.635 5 1.11803 -36.6995 40.0678
34 508.805 718.217 5 1 -36.4937 -22.9677
35 509.078 717.798 5 1.11803 -37.5219 13.4534
36 508.402 719.746 5 2.12132 -48.5161 30.5144
37 508.676 719.328 5 1.80278 -53.3337 -127.202
38 508.95 718.909 5 1.58114 -49.8839 -24.8589
39 509.223 718.491 5 1.5 -40.8623 -138.31
40 509.497 718.072 5 1.58114 -42.2189 -57.3304
