1 509.951 714.045 5 4.32633 -62.3288 77.3582
2 510.37 714.318 5 4.20196 -56.6642 -160.386
3 510.79 714.59 5 4.1347 -48.5716 -40.4047
4 511.209 714.862 5 4.12735 -47.1933 -12.9699
5 511.628 715.135 5 4.18022 -67.144 -149.501
6 512.048 715.407 5 4.2911 -69.2255 -88.832
7 512.467 715.679 5 4.45565 -68.2259 -83.1223
8 512.886 715.952 5 4.6682 -64.9217 -55.6246
9 513.306 716.224 5 4.92254 -76.2105 177.923
10 513.725 716.496 5 5.21255 -79.0992 -50.7699
11 514.144 716.769 5 5.53263 -73.9341 -11.26
12 514.564 717.041 5 5.87786 -95.8987 -111.571
13 514.983 717.313 5 6.24408 -100.889 -177.069
14 509.679 714.465 5 3.85281 -71.7139 -79.3354
15 510.098 714.737 5 3.7126 -74.9405 -171.063
16 510.517 715.009 5 3.6363 -48.2169 -40.6324
17 510.937 715.282 5 3.62795 -46.4455 -7.06869
18 511.356 715.554 5 3.68799 -66.7138 169.814
19 511.775 715.826 5 3.81321 -76.6794 17.4555
20 512.195 716.099 5 3.99748 -74.1918 89.7419
21 512.614 716.371 5 4.2331 -74.2786 -44.6978
22 513.033 716.643 5 4.51203 -74.4282 160.379
23 513.453 716.916 5 4.82677 -68.4691 135.234
24 513.872 717.188 5 5.17078 -75.5 -174.023
25 514.291 717.46 5 5.53861 -79.9778 -75.0137
26 514.711 717.733 5 5.92583 -81.5462 -111.43
27 509.406 714.884 5 3.38691 -58.639 -86.4597
28 509.826 715.156 5 3.22652 -59.3995 -80.1295
29 510.245 715.429 5 3.13842 -49.961 -40.1593
30 510.664 715.701 5 3.12873 -47.1286 -8.2367
31 511.084 715.973 5 3.19817 -65.3894 102.216
32 511.503 716.246 5 3.34179 -71.4352 -9.05783
33 511.922 716.518 5 3.55061 -65.2695 -64.0601
34 512.342 716.79 5 3.81394 -65.4029 -145.516
35 512.761 717.063 5 4.12133 -75.7908 -144.137
36 513.18 717.335 5 4.4637 -75.7711 42.5402
37 513.6 717.607 5 4.83363 -77.5214 -53.4894
38 514.019 717.88 5 5.22525 -72.5964 -14.7734
39 514.438 718.152 5 5.63405 -85.6083 34.4671
40 509.134 715.303 5 2.93226 -59.3166 67.4461
41 509.553 715.576 5 2.74544 -54.602 -112.63
42 509.973 715.848 5 2.64134 -48.7914 -36.4395
43 510.392 716.12 5 2.62982 -46.4069 -7.11197
44 510.811 716.393 5 2.71206 -63.9963 -12.8465
45 511.231 716.665 5 2.88002 -61.3501 57.2726
46 511.65 716.937 5 3.11991 -68.7675 133.458
47 512.069 717.21 5 3.41659 -70.3729 73.5931
48 512.489 717.482 5 3.75664 -66.5994 157.989
49 512.908 717.754 5 4.12937 -82.2177 63.6977
50 513.327 718.027 5 4.52669 -80.3925 73.6942
51 513.747 718.299 5 4.94269 -81.493 150.129
52 514.166 718.571 5 5.37303 -84.9262 -107.546
53 508.862 715.723 5 2.49502 -54.5401 -131.583
54 509.281 715.995 5 2.27253 -49.8416 -145.571
55 509.7 716.267 5 2.14562 -48.2611 -53.842
56 510.12 716.54 5 2.13143 -45.3036 -22.2107
57 510.539 716.812 5 2.2321 -66.7175 -83.5966
58 510.958 717.084 5 2.43342 -65.1813 72.9941
59 511.378 717.357 5 2.71308 -64.2246 158.847
60 511.797 717.629 5 3.04961 -67.6352 -21.6536
61 512.216 717.901 5 3.42628 -77.3665 -149.556
62 512.636 718.174 5 3.83127 -77.0421 -113.258
63 513.055 718.446 5 4.25652 -76.9594 -160.596
64 513.474 718.718 5 4.69651 -89.2303 155.592
65 513.894 718.991 5 5.14747 -97.497 -72.1132
66 508.589 716.142 5 2.08618 -51.0379 -84.3899
67 509.009 716.414 5 1.81422 -60.8965 34.916
68 509.428 716.687 5 1.65248 -49.9462 -52.3146
69 509.847 716.959 5 1.634 -45.0487 -18.4731
70 510.267 717.231 5 1.76331 -64.8874 12.1461
71 510.686 717.504 5 2.0121 -62.5774 73.7546
72 511.105 717.776 5 2.34261 -68.1096 78.2644
73 511.525 718.048 5 2.72527 -64.9616 105.557
74 511.944 718.321 5 3.14108 -73.3779 76.1391
75 512.363 718.593 5 3.5785 -79.3545 -98.8655
76 512.783 718.865 5 4.0305 -77.9849 -76.1207
77 513.202 719.138 5 4.49268 -80.3629 94.4642
78 513.621 719.41 5 4.96221 -82.3724 -156.025
79 510.414 717.923 5 1.6357 -72.0519 107.259
80 510.833 718.195 5 2.0285 -65.2734 -66.7946
81 511.672 718.74 5 2.91434 -81.0553 95.2632
82 512.091 719.012 5 3.38122 -82.0082 -62.3139
83 512.51 719.285 5 3.85641 -86.9987 -172.447
84 512.93 719.557 5 4.33719 -75.9717 -152.165
85 513.349 719.829 5 4.82188 -87.0664 -66.1268
86 510.141 718.342 5 1.34258 -65.1129 117.443
87 510.561 718.615 5 1.8005 -63.4475 -152.541
88 511.399 719.159 5 2.7605 -75.8126 125.347
89 511.819 719.432 5 3.24956 -78.7252 -8.42713
90 512.238 719.704 5 3.74151 -77.7997 -116.651
91 512.657 719.976 5 4.23535 -76.935 14.8194
92 513.077 720.249 5 4.73048 -79.4513 25.8779
93 509.869 718.762 5 1.19562 -65.7169 153.627
94 510.288 719.034 5 1.69375 -63.064 -99.0282
95 511.127 719.579 5 2.69209 -79.9983 58.8078
96 511.546 719.851 5 3.19165 -91.6156 -71.3475
97 511.966 720.123 5 3.69133 -73.2096 25.1004
98 512.385 720.396 5 4.19109 -74.3666 90.1903
99 512.804 720.668 5 4.69089 -93.2656 8.40525
100 509.597 719.181 5 1.2476 -64.9101 -102.511
101 510.016 719.453 5 1.73084 -61.1387 -99.9438
102 509.324 719.6 5 1.47767 -68.9192 -60.5877
103 509.744 719.873 5 1.90336 -69.9369 -164.306
104 509.052 720.02 5 1.81948 -61.3805 -34.0994
105 509.471 720.292 5 2.1794 -62.9062 -175.871
