1 505.473 717.831 5 2 -39.3733 24.0042
2 505.747 717.412 5 1.5 -36.285 13.5063
3 506.02 716.994 5 1 -35.0692 23.1591
4 506.294 716.575 5 0.5 -30.5054 13.4329
5 506.567 716.157 5 0 -39.4371 31.4009
6 505.891 718.104 5 2.06155 -42.4605 -151.508
7 506.165 717.686 5 1.58114 -53.5188 119.114
8 506.439 717.267 5 1.11803 -38.7473 -4.04603
9 506.712 716.849 5 0.707107 -38.1078 107.211
10 506.986 716.43 5 0.5 -33.483 -11.2597
11 506.31 718.378 5 2.23607 -48.236 -13.1666
12 506.584 717.96 5 1.80278 -49.67 156.425
13 506.857 717.541 5 1.41421 -41.6391 -93.5774
14 507.131 717.123 5 1.11803 -48.9864 37.3392
15 507.404 716.704 5 1 -38.1948 4.4559
16 506.728 718.652 5 2.5 -46.0453 0.145709
17 507.002 718.233 5 2.12132 -44.8989 26.5748
18 507.276 717.815 5 1.80278 -47.6488 -90.6934
19 507.549 717.396 5 1.58114 -39.7241 128.221
20 507.823 716.978 5 1.5 -43.3779 -33.9477
21 507.147 718.925 5 2.82843 -49.921 104.177
22 507.421 718.507 5 2.5 -50.7528 30.3863
23 507.694 718.088 5 2.23607 -51.91 -31.0922
24 507.968 717.67 5 2.06155 -40.2705 169.768
25 508.241 717.251 5 2 -50.5957 44.2462
26 507.565 719.199 5 3.20156 -55.3389 -83.5569
27 507.839 718.78 5 2.91548 -50.2347 -81.9391
28 508.113 718.362 5 2.69258 -46.5138 -118.259
29 508.386 717.943 5 2.54951 -47.1789 -142.854
30 508.66 717.525 5 2.5 -48.3632 173.92
31 507.984 719.472 5 3.60555 -44.6969 150.975
32 508.258 719.054 5 3.3541 -46.8391 58.8631
33 508.531 718.635 5 3.16228 -45.589 -113.261
34 508.805 718.217 5 3.04138 -48.4181 169.47
35 509.078 717.798 5 3 -46.6116 -126.842
36 508.402 719.746 5 4.03113 -44.0314 -137.641
37 508.676 719.328 5 3.80789 -53.1755 -74.2808
38 508.95 718.909 5 3.64005 -52.9551 142.022
39 509.223 718.491 5 3.53553 -48.622 81.6909
40 509.497 718.072 5 3.5 -47.8614 163.251
