1 514.644 719.84 5 6.24208 -103.462 -56.2119
2 514.371 720.259 5 5.99012 -93.2358 -169.43
3 514.097 720.678 5 5.77057 -100.64 -116.061
4 513.824 721.096 5 5.58725 -97.9863 -124.264
5 513.551 721.515 5 5.44383 -126.238 155.472
6 513.278 721.934 5 5.34353 -113.092 24.3401
7 513.004 722.353 5 5.28878 -99.6445 79.0647
8 512.731 722.771 5 5.28102 -105.463 -172.424
9 512.458 723.19 5 5.32044 -142.674 59.02
10 512.185 723.609 5 5.40602 -132.222 66.5548
11 515.063 720.113 5 6.67022 -93.0402 -46.1246
12 514.789 720.532 5 6.43505 -107.157 89.2188
13 514.516 720.951 5 6.23119 -105.672 -64.1176
14 514.243 721.37 5 6.06183 -102.943 -46.1241
15 513.97 721.788 5 5.9299 -113.964 -37.4245
16 513.696 722.207 5 5.83795 -121.203 152.243
17 513.423 722.626 5 5.78788 -105.49 153.109
18 513.15 723.045 5 5.78079 -106.941 -94.5109
19 512.877 723.463 5 5.81683 -99.6577 68.1374
20 512.603 723.882 5 5.8952 -137.642 -47.9284
21 515.481 720.387 5 7.10776 -104.012 -165.264
22 515.208 720.805 5 6.88754 -124.802 76.731
23 514.935 721.224 5 6.69747 -103.365 -40.1613
24 514.662 721.643 5 6.54019 -102.152 -65.197
25 514.388 722.062 5 6.4181 -104.612 -112.877
26 514.115 722.48 5 6.33324 -117.573 -65.1373
27 513.842 722.899 5 6.28712 -117.05 -109.544
28 513.568 723.318 5 6.28059 -122.047 -152.137
29 513.295 723.737 5 6.31378 -107.211 53.8787
30 513.022 724.155 5 6.38606 -107.562 -49.2874
31 515.9 720.66 5 7.55305 -95.4117 -168.108
32 515.627 721.079 5 7.34619 -104.737 -21.8977
33 515.353 721.497 5 7.1683 -103.168 -64.7613
34 515.08 721.916 5 7.02157 -99.4847 -15.2369
35 514.807 722.335 5 6.90799 -102.787 -48.6104
36 514.534 722.754 5 6.82923 -105.602 49.8279
37 514.26 723.172 5 6.78648 -112.5 112.255
38 513.987 723.591 5 6.78043 -120.378 123.675
39 516.319 720.933 5 8.00481 -97.1013 -149.518
40 516.045 721.352 5 7.80992 -101.921 -14.6319
41 515.772 721.771 5 7.64283 -110.406 -110.364
42 515.499 722.189 5 7.50538 -101.097 15.3617
43 515.226 722.608 5 7.39924 -107.185 88.837
44 514.952 723.027 5 7.32575 -115.238 28.8072
45 514.679 723.446 5 7.28592 -107.807 -129.359
46 514.406 723.864 5 7.28029 -250 0
47 516.737 721.206 5 8.46199 -103.289 -97.4727
48 516.464 721.625 5 8.27788 -92.1398 -8.39438
49 516.191 722.044 5 8.12042 -107.111 -26.2719
50 515.918 722.463 5 7.99119 -100.184 -33.4489
51 515.644 722.881 5 7.89158 -117.626 -169.837
52 515.371 723.3 5 7.82272 -106.93 -17.4169
53 515.098 723.719 5 7.78543 -114.425 -143.973
54 514.825 724.138 5 7.78016 -250 0
55 517.156 721.48 5 8.92377 -105.042 -16.1211
56 516.883 721.898 5 8.74938 -97.7279 140.391
57 516.61 722.317 5 8.60055 -100.565 -27.2361
58 516.336 722.736 5 8.47865 -95.5209 34.0902
59 516.063 723.155 5 8.38483 -98.6934 138.632
60 515.79 723.573 5 8.32006 -109.996 137.405
61 515.517 723.992 5 8.28501 -122.301 -2.07453
62 515.243 724.411 5 8.28005 -250 0
63 517.575 721.753 5 9.38946 -104.603 -145.724
64 517.302 722.172 5 9.22388 -95.1508 -141.629
65 517.028 722.59 5 9.08283 -98.8736 -96.6381
66 516.755 723.009 5 8.96749 -99.7926 -6.60617
67 516.482 723.428 5 8.87884 -96.1894 -172.39
68 516.209 723.847 5 8.81769 -101.902 -71.3741
69 515.935 724.265 5 8.78463 -108.884 -124.301
70 515.662 724.684 5 8.77995 -104.759 -162.486
71 517.994 722.026 5 9.85852 -104.777 63.3017
72 517.72 722.445 5 9.70094 -114.49 -136.149
73 517.447 722.864 5 9.56693 -91.6708 -149.845
74 517.174 723.282 5 9.45749 -102.601 -40.3164
75 516.901 723.701 5 9.37348 -98.9182 -172.435
76 516.627 724.12 5 9.31558 -111.897 -104.986
77 516.354 724.539 5 9.28429 -99.8762 158.964
78 516.081 724.957 5 9.27987 -110.113 -112.321
