1 505.473 717.831 5 3.60555 -42.452 128.135
2 505.747 717.412 5 3.3541 -46.6376 51.1049
3 506.02 716.994 5 3.16228 -44.1033 -162.729
4 506.294 716.575 5 3.04138 -46.9235 126.872
5 506.567 716.157 5 3 -47.4809 -121.463
6 505.891 718.104 5 3.20156 -56.5774 -57.1899
7 506.165 717.686 5 2.91548 -45.9251 -62.7008
8 506.439 717.267 5 2.69258 -50.084 170.787
9 506.712 716.849 5 2.54951 -53.94 -24.1167
10 506.986 716.43 5 2.5 -53.9986 117.337
11 506.31 718.378 5 2.82843 -56.8762 -171.77
12 506.584 717.96 5 2.5 -51.6427 74.6128
13 506.857 717.541 5 2.23607 -47.3337 48.8283
14 507.131 717.123 5 2.06155 -39.6064 140.99
15 507.404 716.704 5 2 -44.5253 2.4799
16 506.728 718.652 5 2.5 -44.4803 -17.7594
17 507.002 718.233 5 2.12132 -49.4851 10.034
18 507.276 717.815 5 1.80278 -47.6192 -112.334
19 507.549 717.396 5 1.58114 -36.2114 86.4911
20 507.823 716.978 5 1.5 -37.1 -56.8775
21 507.147 718.925 5 2.23607 -51.7759 -18.1617
22 507.421 718.507 5 1.80278 -46.7103 178.123
23 507.694 718.088 5 1.41421 -43.0843 -118.089
24 507.968 717.67 5 1.11803 -37.7791 14.0946
25 508.241 717.251 5 1 -38.8924 -38.5118
26 507.565 719.199 5 2.06155 -44.911 -96.2745
27 507.839 718.78 5 1.58114 -45.5338 52.5638
28 508.113 718.362 5 1.11803 -37.7117 17.0017
29 508.386 717.943 5 0.707107 -44.6956 96.9551
30 508.66 717.525 5 0.5 -32.4665 -28.1247
31 507.984 719.472 5 2 -37.2621 55.3125
32 508.258 719.054 5 1.5 -37.3771 18.0184
33 508.531 718.635 5 1 -38.7141 -18.3729
34 508.805 718.217 5 0.5 -31.6862 -8.07734
35 509.078 717.798 5 0 -42.952 -158.125
36 508.402 719.746 5 2.06155 -58.0536 124.05
37 508.676 719.328 5 1.58114 -51.0058 6.53274
38 508.95 718.909 5 1.11803 -44.2866 132.514
39 509.223 718.491 5 0.707107 -37.6069 -49.3343
40 509.497 718.072 5 0.5 -35.4657 -160.24
