1 509.951 714.045 5 5.62181 -50.8674 -23.2666
2 510.37 714.318 5 5.66114 -52.471 -117.228
3 510.79 714.59 5 5.7439 -62.2253 -1.33943
4 511.209 714.862 5 5.86823 -62.5696 11.6659
5 511.628 715.135 5 6.03158 -64.7046 149.978
6 512.048 715.407 5 6.23087 -64.5626 -71.7164
7 512.467 715.679 5 6.46278 -59.9003 -37.4857
8 512.886 715.952 5 6.72394 -63.9348 -60.7595
9 513.306 716.224 5 7.01107 -66.4918 74.7313
10 513.725 716.496 5 7.32113 -73.2617 143.084
11 514.144 716.769 5 7.65132 -67.9145 -67.6115
12 514.564 717.041 5 7.99916 -82.0358 -48.8851
13 514.983 717.313 5 8.36244 -84.0691 -44.7676
14 509.679 714.465 5 5.12214 -49.4073 -14.9016
15 510.098 714.737 5 5.16528 -52.9665 -119.364
16 510.517 715.009 5 5.25584 -65.7464 -22.5738
17 510.937 715.282 5 5.39145 -70.0765 -78.1818
18 511.356 715.554 5 5.5688 -71.698 -30.7056
19 511.775 715.826 5 5.78405 -60.6768 111.959
20 512.195 716.099 5 6.03317 -57.8234 130.459
21 512.614 716.371 5 6.31212 -68.9137 -24.6995
22 513.033 716.643 5 6.61715 -78.2012 148.551
23 513.453 716.916 5 6.94482 -67.8444 164.938
24 513.872 717.188 5 7.29207 -67.232 24.9139
25 514.291 717.46 5 7.65625 -73.8778 -77.4158
26 514.711 717.733 5 8.03504 -89.2903 -145.101
27 509.406 714.884 5 4.62253 -49.5346 -21.5661
28 509.826 715.156 5 4.67029 -53.4564 -132.734
29 510.245 715.429 5 4.77026 -65.545 -122.344
30 510.664 715.701 5 4.91927 -61.2332 155.133
31 511.084 715.973 5 5.11302 -59.3363 -130.802
32 511.503 716.246 5 5.34666 -61.2918 -58.6753
33 511.922 716.518 5 5.61521 -58.1143 -145.329
34 512.342 716.79 5 5.91392 -69.0668 29.5236
35 512.761 717.063 5 6.23845 -71.7345 76.5942
36 513.18 717.335 5 6.58498 -71.7466 -93.3843
37 513.6 717.607 5 6.95024 -75.4172 81.2542
38 514.019 717.88 5 7.33141 -77.0992 131.535
39 514.438 718.152 5 7.72615 -82.0086 145.17
40 509.134 715.303 5 4.12303 -49.8933 -29.542
41 509.553 715.576 5 4.1765 -55.785 -153.194
42 509.973 715.848 5 4.288 -59.8208 -159.659
43 510.392 716.12 5 4.45317 -69.7812 -52.1669
44 510.811 716.393 5 4.66632 -64.1156 128.844
45 511.231 716.665 5 4.92121 -61.7626 67.474
46 511.65 716.937 5 5.21173 -78.9795 -121.586
47 512.069 717.21 5 5.53226 -68.0975 -128.86
48 512.489 717.482 5 5.8779 -72.5548 151.248
49 512.908 717.754 5 6.24448 -80.6513 -117.547
50 513.327 718.027 5 6.62853 -77.843 -95.8423
51 513.747 718.299 5 7.02717 -71.0824 21.898
52 514.166 718.571 5 7.43808 -75.5209 -19.9479
53 508.862 715.723 5 3.62365 -49.3494 -25.803
54 509.281 715.995 5 3.68438 -58.0655 -160.429
55 509.7 716.267 5 3.81031 -55.055 157.818
56 510.12 716.54 5 3.99528 -58.2678 -114.936
57 510.539 716.812 5 4.23156 -54.4126 -90.0032
58 510.958 717.084 5 4.51108 -62.5805 155.483
59 511.378 717.357 5 4.82635 -64.826 97.9745
60 511.797 717.629 5 5.17083 -70.8077 -80.8966
61 512.216 717.901 5 5.53907 -69.6863 2.84588
62 512.636 718.174 5 5.92664 -68.7295 136.211
63 513.055 718.446 5 6.33 -72.7191 97.3664
64 513.474 718.718 5 6.74631 -78.2633 97.0214
65 513.894 718.991 5 7.17332 -75.0159 -63.8444
66 508.589 716.142 5 3.12448 -49.5701 -31.138
67 509.009 716.414 5 3.19472 -67.0528 135.264
68 509.428 716.687 5 3.33916 -65.3295 74.3435
69 509.847 716.959 5 3.54878 -58.4056 32.6055
70 510.267 717.231 5 3.81282 -55.8055 18.5305
71 510.686 717.504 5 4.12085 -69.2037 -20.1015
72 511.105 717.776 5 4.46377 -68.3977 -94.8911
73 511.525 718.048 5 4.83415 -65.5436 64.6259
74 511.944 718.321 5 5.22617 -74.868 177.37
75 512.363 718.593 5 5.6353 -84.335 -149.26
76 512.783 718.865 5 6.05809 -75.7936 -29.0932
77 513.202 719.138 5 6.49186 -73.0822 -123.167
78 513.621 719.41 5 6.93455 -76.4775 134.459
79 510.414 717.923 5 3.75672 -65.1541 25.544
80 510.833 718.195 5 4.12998 -66.5685 -171.031
81 511.672 718.74 5 4.94412 -74.4029 -47.1963
82 512.091 719.012 5 5.37477 -73.7726 85.2534
83 512.51 719.285 5 5.81652 -68.5367 108.407
84 512.93 719.557 5 6.26704 -65.6023 174.112
85 513.349 719.829 5 6.72455 -77.5398 138.05
86 510.141 718.342 5 3.42702 -67.8739 76.0779
87 510.561 718.615 5 3.83253 -69.1016 20.1689
88 511.399 719.159 5 4.6985 -71.9555 46.0177
89 511.819 719.432 5 5.14973 -64.5806 -144.839
90 512.238 719.704 5 5.60923 -72.1326 -67.3451
91 512.657 719.976 5 6.07514 -71.7276 -50.7964
92 513.077 720.249 5 6.54607 -73.158 -24.8991
93 509.869 718.762 5 3.14261 -81.2566 10.1613
94 510.288 719.034 5 3.58048 -61.4131 61.3468
95 511.127 719.579 5 4.49527 -65.6469 160.213
96 511.546 719.851 5 4.965 -70.722 158.213
97 511.966 720.123 5 5.44013 -71.9268 63.8004
98 512.385 720.396 5 5.91936 -69.4074 118.846
99 512.804 720.668 5 6.40177 -74.8324 20.4636
100 509.597 719.181 5 2.91677 -55.2692 -29.4938
101 510.016 719.453 5 3.38398 -54.8711 49.2417
102 509.324 719.6 5 2.76389 -46.2805 167.801
103 509.744 719.873 5 3.25313 -50.4829 66.6061
104 509.052 720.02 5 2.69641 -43.1681 100.376
105 509.471 720.292 5 3.196 -49.6128 -0.0421088
