1 505.473 717.831 5 1.41421 -41.039 -124.396
2 505.747 717.412 5 1.11803 -46.4459 -0.246567
3 506.02 716.994 5 1 -40.6502 -40.7602
4 506.294 716.575 5 1.11803 -43.2631 40.562
5 506.567 716.157 5 1.41421 -41.67 -94.2983
6 505.891 718.104 5 1.11803 -42.7372 -11.6418
7 506.165 717.686 5 0.707107 -39.3633 124.227
8 506.439 717.267 5 0.5 -32.635 -16.6674
9 506.712 716.849 5 0.707107 -40.6958 112.779
10 506.986 716.43 5 1.11803 -39.5253 4.07489
11 506.31 718.378 5 1 -35.2359 11.7713
12 506.584 717.96 5 0.5 -31.8862 2.88564
13 506.857 717.541 5 0 -45.886 24.1705
14 507.131 717.123 5 0.5 -32.6487 0.751406
15 507.404 716.704 5 1 -36.0281 12.229
16 506.728 718.652 5 1.11803 -42.5556 5.09561
17 507.002 718.233 5 0.707107 -40.0035 131.54
18 507.276 717.815 5 0.5 -31.9748 -21.1761
19 507.549 717.396 5 0.707107 -39.0855 120.665
20 507.823 716.978 5 1.11803 -39.1107 5.02234
21 507.147 718.925 5 1.41421 -42.2136 -126.124
22 507.421 718.507 5 1.11803 -47.2684 24.5397
23 507.694 718.088 5 1 -40.5982 -28.1383
24 507.968 717.67 5 1.11803 -44.9862 30.441
25 508.241 717.251 5 1.41421 -41.0347 -112.389
26 507.565 719.199 5 1.80278 -42.3097 -171.139
27 507.839 718.78 5 1.58114 -41.7748 116.984
28 508.113 718.362 5 1.5 -41.0756 -23.4084
29 508.386 717.943 5 1.58114 -40.0951 142.248
30 508.66 717.525 5 1.80278 -51.293 153.872
31 507.984 719.472 5 2.23607 -41.8196 8.93855
32 508.258 719.054 5 2.06155 -42.987 -170.621
33 508.531 718.635 5 2 -40.6164 -48.2166
34 508.805 718.217 5 2.06155 -39.1742 168.623
35 509.078 717.798 5 2.23607 -47.7176 44.1919
36 508.402 719.746 5 2.69258 -49.7923 -105.862
37 508.676 719.328 5 2.54951 -47.5626 -159.129
38 508.95 718.909 5 2.5 -44.0963 -172.696
39 509.223 718.491 5 2.54951 -46.8083 112.113
40 509.497 718.072 5 2.69258 -50.7687 -8.22295
