1 514.644 719.84 5 9.2226 -115.566 142.311
2 514.371 720.259 5 9.08169 -99.9518 75.727
3 514.097 720.678 5 8.96649 -103.933 -25.0132
4 513.824 721.096 5 8.878 -100.707 134.21
5 513.551 721.515 5 8.81701 -112.659 167.622
6 513.278 721.934 5 8.7841 -107.936 82.3263
7 513.004 722.353 5 8.7796 -107.565 -137.703
8 512.731 722.771 5 8.80353 -128.897 77.2289
9 512.458 723.19 5 8.85568 -143.813 80.8133
10 512.185 723.609 5 8.93554 -117.244 179.005
11 515.063 720.113 5 9.6997 -105.081 178.305
12 514.789 720.532 5 9.56583 -104.467 176.598
13 514.516 720.951 5 9.45653 -118.804 -102.382
14 514.243 721.37 5 9.37266 -105.252 -133.537
15 513.97 721.788 5 9.31491 -124.26 123.108
16 513.696 722.207 5 9.28377 -129.017 -33.3815
17 513.423 722.626 5 9.27951 -114.634 -175.596
18 513.15 723.045 5 9.30215 -119.328 -62.9963
19 512.877 723.463 5 9.35152 -127.522 -159.425
20 512.603 723.882 5 9.42718 -133.115 -4.84228
21 515.481 720.387 5 10.179 -112.692 -19.8807
22 515.208 720.805 5 10.0515 -109.314 -79.0109
23 514.935 721.224 5 9.94755 -118.828 106.585
24 514.662 721.643 5 9.86786 -111.998 -177.202
25 514.388 722.062 5 9.81303 -122.767 163.749
26 514.115 722.48 5 9.78347 -114.175 -137.634
27 513.842 722.899 5 9.77943 -114.818 -112.997
28 513.568 723.318 5 9.80092 -125.294 -22.4548
29 513.295 723.737 5 9.84778 -134.675 -173.751
30 513.022 724.155 5 9.91966 -107.613 -122.783
31 515.9 720.66 5 10.6602 -104.05 -92.8843
32 515.627 721.079 5 10.5385 -111.255 -76.7826
33 515.353 721.497 5 10.4394 -123.303 29.2926
34 515.08 721.916 5 10.3635 -111.73 -47.4033
35 514.807 722.335 5 10.3113 -112.954 50.6794
36 514.534 722.754 5 10.2832 -119.005 57.3957
37 514.26 723.172 5 10.2794 -116.295 -146.209
38 513.987 723.591 5 10.2998 -116.776 67.3379
39 516.319 720.933 5 11.1431 -97.4989 -151.797
40 516.045 721.352 5 11.0267 -96.5635 16.0075
41 515.772 721.771 5 10.932 -115.921 90.459
42 515.499 722.189 5 10.8596 -114.396 -112.495
43 515.226 722.608 5 10.8098 -113.18 179.255
44 514.952 723.027 5 10.783 -105.732 -126.641
45 514.679 723.446 5 10.7793 -119.966 91.0979
46 514.406 723.864 5 10.7988 -250 0
47 516.737 721.206 5 11.6274 -109.062 -51.0794
48 516.464 721.625 5 11.5159 -86.5044 175.875
49 516.191 722.044 5 11.4253 -111.514 37.9111
50 515.918 722.463 5 11.356 -116.504 172.11
51 515.644 722.881 5 11.3084 -104.424 -84.1056
52 515.371 723.3 5 11.2827 -115.885 -148.161
53 515.098 723.719 5 11.2792 -122.613 -98.5226
54 514.825 724.138 5 11.2979 -137.462 166.762
55 517.156 721.48 5 12.113 -103.157 28.941
56 516.883 721.898 5 12.006 -89.8751 -121.577
57 516.61 722.317 5 11.9191 -94.8703 -133.276
58 516.336 722.736 5 11.8527 -96.7273 -31.5977
59 516.063 723.155 5 11.8071 -103.903 -93.4474
60 515.79 723.573 5 11.7825 -102.607 49.5438
61 515.517 723.992 5 11.7792 -102.47 55.488
62 515.243 724.411 5 11.797 -250 0
63 517.575 721.753 5 12.5997 -110.407 78.8765
64 517.302 722.172 5 12.4969 -98.1275 52.7226
65 517.028 722.59 5 12.4134 -97.5014 92.6366
66 516.755 723.009 5 12.3497 -91.5935 54.2522
67 516.482 723.428 5 12.3059 -100.332 47.5763
68 516.209 723.847 5 12.2823 -101.015 128.524
69 515.935 724.265 5 12.2791 -103.496 -158.163
70 515.662 724.684 5 12.2962 -104.052 -114.993
71 517.994 722.026 5 13.0874 -126.13 40.6953
72 517.72 722.445 5 12.9885 -105.884 70.1389
73 517.447 722.864 5 12.9082 -100.219 -98.6507
74 517.174 723.282 5 12.8469 -110.348 -0.148624
75 516.901 723.701 5 12.8048 -93.481 -7.04557
76 516.627 724.12 5 12.7822 -109.014 5.98356
77 516.354 724.539 5 12.7791 -101.555 45.3113
78 516.081 724.957 5 12.7955 -100.798 107.523
