1 509.951 714.045 5 5.12208 -49.8073 -16.0629
2 510.37 714.318 5 5.16508 -53.213 -118.638
3 510.79 714.59 5 5.2555 -63.8132 -35.4892
4 511.209 714.862 5 5.39097 -69.5097 93.6893
5 511.628 715.135 5 5.5682 -62.9281 48.0425
6 512.048 715.407 5 5.78335 -62.3986 113.366
7 512.467 715.679 5 6.03237 -61.6514 102.905
8 512.886 715.952 5 6.31124 -64.3928 2.17969
9 513.306 716.224 5 6.6162 -65.301 -146.805
10 513.725 716.496 5 6.9438 -78.0284 -64.2998
11 514.144 716.769 5 7.291 -72.4004 -32.2348
12 514.564 717.041 5 7.65512 -85.5512 57.5625
13 514.983 717.313 5 8.03388 -90.8234 54.5816
14 509.679 714.465 5 4.62247 -50.4976 -13.9855
15 510.098 714.737 5 4.67007 -53.887 -117.627
16 510.517 715.009 5 4.76989 -73.0941 -153.816
17 510.937 715.282 5 4.91875 -56.5789 106.033
18 511.356 715.554 5 5.11238 -61.929 -66.817
19 511.775 715.826 5 5.34591 -58.4951 -102.365
20 512.195 716.099 5 5.61436 -58.6926 -144.4
21 512.614 716.371 5 5.91298 -60.3321 99.1188
22 513.033 716.643 5 6.23743 -67.9975 142.654
23 513.453 716.916 5 6.58391 -68.67 -131.816
24 513.872 717.188 5 6.94911 -83.8452 -6.31408
25 514.291 717.46 5 7.33024 -77.0228 -83.7653
26 514.711 717.733 5 7.72494 -80.9174 -105.054
27 509.406 714.884 5 4.12296 -49.7867 -22.0178
28 509.826 715.156 5 4.17625 -55.2436 -138.386
29 510.245 715.429 5 4.28758 -60.7716 139.51
30 510.664 715.701 5 4.4526 -58.425 42.3172
31 511.084 715.973 5 4.66561 -64.1869 84.3304
32 511.503 716.246 5 4.92039 -56.6087 56.9672
33 511.922 716.518 5 5.21081 -64.5231 -76.7616
34 512.342 716.79 5 5.53126 -68.1211 60.7814
35 512.761 717.063 5 5.87683 -80.6482 3.65403
36 513.18 717.335 5 6.24335 -73.616 -79.0189
37 513.6 717.607 5 6.62734 -69.251 -156.562
38 514.019 717.88 5 7.02595 -69.2341 177.552
39 514.438 718.152 5 7.43682 -81.0819 95.8776
40 509.134 715.303 5 3.62358 -49.2528 -19.1131
41 509.553 715.576 5 3.6841 -59.5016 -124.437
42 509.973 715.848 5 3.80984 -58.9258 98.1568
43 510.392 716.12 5 3.99464 -58.6248 -89.6258
44 510.811 716.393 5 4.23078 -54.6934 -129.72
45 511.231 716.665 5 4.51018 -58.9697 179.67
46 511.65 716.937 5 4.82536 -58.5604 -91.7264
47 512.069 717.21 5 5.16975 -71.3931 -104.734
48 512.489 717.482 5 5.53793 -73.9915 91.2203
49 512.908 717.754 5 5.92545 -70.0607 108.452
50 513.327 718.027 5 6.32876 -87.004 72.4849
51 513.747 718.299 5 6.74504 -74.825 88.1687
52 514.166 718.571 5 7.17202 -84.1001 -109.578
53 508.862 715.723 5 3.12439 -48.441 -18.9967
54 509.281 715.995 5 3.19439 -67.3095 -152.998
55 509.7 716.267 5 3.33863 -64.489 69.3344
56 510.12 716.54 5 3.54806 -63.0364 118.259
57 510.539 716.812 5 3.81196 -58.2897 17.8694
58 510.958 717.084 5 4.11987 -63.9948 147.58
59 511.378 717.357 5 4.46269 -67.776 8.81741
60 511.797 717.629 5 4.833 -76.3184 168.456
61 512.216 717.901 5 5.22496 -77.4951 -118.893
62 512.636 718.174 5 5.63405 -68.2373 -157.415
63 513.055 718.446 5 6.05679 -66.3786 -127.695
64 513.474 718.718 5 6.49054 -75.3563 -83.3383
65 513.894 718.991 5 6.93321 -76.3712 -84.7739
66 508.589 716.142 5 2.62552 -47.1803 -23.0289
67 509.009 716.414 5 2.70844 -85.8159 50.438
68 509.428 716.687 5 2.87714 -53.4523 -152.282
69 509.847 716.959 5 3.11773 -55.1113 -144.183
70 510.267 717.231 5 3.41505 -60.4258 56.4139
71 510.686 717.504 5 3.75564 -68.7539 -169.856
72 511.105 717.776 5 4.12882 -71.4117 -137.988
73 511.525 718.048 5 4.52652 -70.5667 -138.547
74 511.944 718.321 5 4.94284 -70.5708 69.4357
75 512.363 718.593 5 5.37345 -71.6658 18.1789
76 512.783 718.865 5 5.81518 -73.7416 53.4892
77 513.202 719.138 5 6.26567 -71.1447 99.0013
78 513.621 719.41 5 6.72316 -60.9706 -46.6183
79 510.414 717.923 5 3.42584 -69.9141 -22.1293
80 510.833 718.195 5 3.83127 -76.8263 -116.188
81 511.672 718.74 5 4.69715 -74.433 120.268
82 512.091 719.012 5 5.14835 -75.5644 155.608
83 512.51 719.285 5 5.60784 -85.9728 18.3026
84 512.93 719.557 5 6.07372 -65.6805 -58.6185
85 513.349 719.829 5 6.54465 -71.5741 170.249
86 510.141 718.342 5 3.14132 -73.3841 92.9904
87 510.561 718.615 5 3.57913 -68.9223 1.65177
88 511.399 719.159 5 4.49386 -76.0013 -20.0991
89 511.819 719.432 5 4.96357 -72.9314 -159.502
90 512.238 719.704 5 5.43869 -70.9799 113.309
91 512.657 719.976 5 5.91791 -87.2214 91.5202
92 513.077 720.249 5 6.40031 -75.0553 104.687
93 509.869 718.762 5 2.91538 -66.1461 -42.1268
94 510.288 719.034 5 3.38256 -62.8827 149.655
95 511.127 719.579 5 4.33893 -57.0714 -82.8538
96 511.546 719.851 5 4.82375 -74.1728 101.581
97 511.966 720.123 5 5.31139 -83.5725 -140.774
98 512.385 720.396 5 5.80114 -82.0003 -1.3043
99 512.804 720.668 5 6.29249 -80.1126 -167.642
100 509.597 719.181 5 2.76242 -65.9732 114.528
101 510.016 719.453 5 3.25165 -59.1738 163.992
102 509.324 719.6 5 2.6949 -46.5903 42.9556
103 509.744 719.873 5 3.19449 -50.4928 91.2837
104 509.052 720.02 5 2.71919 -43.2243 -65.19
105 509.471 720.292 5 3.21501 -52.2088 18.7235
