1 505.473 717.831 5 2.23607 -52.2371 6.44238
2 505.747 717.412 5 1.80278 -46.7372 -176.789
3 506.02 716.994 5 1.41421 -41.7894 -98.2609
4 506.294 716.575 5 1.11803 -41.9744 45.0692
5 506.567 716.157 5 1 -37.8608 -5.4382
6 505.891 718.104 5 2.06155 -44.9833 -137.008
7 506.165 717.686 5 1.58114 -53.6441 12.9256
8 506.439 717.267 5 1.11803 -41.2556 -8.37064
9 506.712 716.849 5 0.707107 -39.4231 103.206
10 506.986 716.43 5 0.5 -33.5411 -17.7537
11 506.31 718.378 5 2 -39.6422 24.5685
12 506.584 717.96 5 1.5 -37.0394 9.25671
13 506.857 717.541 5 1 -36.0468 11.0822
14 507.131 717.123 5 0.5 -31.8056 3.53168
15 507.404 716.704 5 0 -51.2557 -8.56421
16 506.728 718.652 5 2.06155 -55.8908 -125.665
17 507.002 718.233 5 1.58114 -50.2613 175.689
18 507.276 717.815 5 1.11803 -38.8603 -1.94375
19 507.549 717.396 5 0.707107 -36.8187 111.64
20 507.823 716.978 5 0.5 -32.8738 -23.5482
21 507.147 718.925 5 2.23607 -49.1306 44.3701
22 507.421 718.507 5 1.80278 -46.5484 -173.701
23 507.694 718.088 5 1.41421 -41.7608 -103.515
24 507.968 717.67 5 1.11803 -39.2529 46.851
25 508.241 717.251 5 1 -38.4105 -23.5717
26 507.565 719.199 5 2.5 -43.5024 9.85731
27 507.839 718.78 5 2.12132 -44.4099 18.4426
28 508.113 718.362 5 1.80278 -42.5052 -159.969
29 508.386 717.943 5 1.58114 -38.2797 91.6402
30 508.66 717.525 5 1.5 -41.345 -39.5457
31 507.984 719.472 5 2.82843 -62.4189 -164.116
32 508.258 719.054 5 2.5 -52.6106 45.5002
33 508.531 718.635 5 2.23607 -55.109 73.9084
34 508.805 718.217 5 2.06155 -37.435 147.93
35 509.078 717.798 5 2 -44.6942 9.45849
36 508.402 719.746 5 3.20156 -56.0932 131.399
37 508.676 719.328 5 2.91548 -51.9519 -120.393
38 508.95 718.909 5 2.69258 -51.2779 94.888
39 509.223 718.491 5 2.54951 -42.49 79.3126
40 509.497 718.072 5 2.5 -45.2628 -127.028
