1 514.644 719.84 5 6.67002 -103.144 -171.836
2 514.371 720.259 5 6.43487 -96.8928 -53.4989
3 514.097 720.678 5 6.23104 -106.836 -150.657
4 513.824 721.096 5 6.0617 -107.126 140.903
5 513.551 721.515 5 5.9298 -129.467 38.6932
6 513.278 721.934 5 5.83789 -108.949 165.392
7 513.004 722.353 5 5.78786 -115.188 114.708
8 512.731 722.771 5 5.7808 -116.998 76.974
9 512.458 723.19 5 5.81687 -133.424 84.6424
10 512.185 723.609 5 5.89528 -133.899 123.557
11 515.063 720.113 5 7.10757 -94.7509 82.3903
12 514.789 720.532 5 6.88737 -114.91 -130.241
13 514.516 720.951 5 6.69733 -114.87 -135.64
14 514.243 721.37 5 6.54007 -121.912 87.9615
15 513.97 721.788 5 6.41802 -118.625 -0.759241
16 513.696 722.207 5 6.33319 -121.812 86.1636
17 513.423 722.626 5 6.2871 -126.901 46.4267
18 513.15 723.045 5 6.28061 -115.733 161.29
19 512.877 723.463 5 6.31382 -121.759 88.1775
20 512.603 723.882 5 6.38613 -130.125 -32.5117
21 515.481 720.387 5 7.55287 -133.684 -10.3214
22 515.208 720.805 5 7.34603 -112.609 114.564
23 514.935 721.224 5 7.16816 -115.657 60.0524
24 514.662 721.643 5 7.02146 -112.207 55.2417
25 514.388 722.062 5 6.90791 -107.164 -19.9891
26 514.115 722.48 5 6.82918 -128.773 55.2705
27 513.842 722.899 5 6.78646 -125.071 61.0882
28 513.568 723.318 5 6.78044 -123.941 10.3522
29 513.295 723.737 5 6.81122 -124.953 -40.2887
30 513.022 724.155 5 6.8783 -122.299 -159.982
31 515.9 720.66 5 8.00464 -98.9432 138.056
32 515.627 721.079 5 7.80977 -111.595 120.199
33 515.353 721.497 5 7.6427 -110.115 172.684
34 515.08 721.916 5 7.50528 -124.331 -93.4563
35 514.807 722.335 5 7.39916 -110.227 -152.712
36 514.534 722.754 5 7.32571 -124.923 97.7541
37 514.26 723.172 5 7.2859 -112.758 140.703
38 513.987 723.591 5 7.2803 -135.683 -97.7301
39 516.319 720.933 5 8.46183 -89.199 -167.518
40 516.045 721.352 5 8.27774 -102.423 156.84
41 515.772 721.771 5 8.1203 -105.819 -134.378
42 515.499 722.189 5 7.9911 -109.12 -82.6043
43 515.226 722.608 5 7.89151 -108.696 -26.2405
44 514.952 723.027 5 7.82268 -110.395 81.8945
45 514.679 723.446 5 7.78542 -117.083 -80.8843
46 514.406 723.864 5 7.78017 -193.106 128.725
47 516.737 721.206 5 8.92361 -97.4605 -145.008
48 516.464 721.625 5 8.74924 -102.988 -121.191
49 516.191 722.044 5 8.60044 -96.2616 -8.24094
50 515.918 722.463 5 8.47856 -103.463 -147.563
51 515.644 722.881 5 8.38477 -101.976 77.0865
52 515.371 723.3 5 8.32002 -107.543 22.4905
53 515.098 723.719 5 8.28499 -107.865 11.1429
54 514.825 724.138 5 8.28006 -191.791 -148.878
55 517.156 721.48 5 9.38931 -109.212 90.9042
56 516.883 721.898 5 9.22375 -101.098 8.6858
57 516.61 722.317 5 9.08273 -95.7473 -132.599
58 516.336 722.736 5 8.9674 -94.9929 179.2
59 516.063 723.155 5 8.87878 -95.4259 -137.436
60 515.79 723.573 5 8.81765 -102.428 -126.862
61 515.517 723.992 5 8.78461 -101.176 -157.821
62 515.243 724.411 5 8.77996 -250 0
63 517.575 721.753 5 9.85838 -112.93 -5.4144
64 517.302 722.172 5 9.70082 -98.8462 46.2848
65 517.028 722.59 5 9.56683 -99.3403 91.1355
66 516.755 723.009 5 9.45741 -95.0369 61.887
67 516.482 723.428 5 9.37342 -90.8802 -21.7451
68 516.209 723.847 5 9.31554 -101.769 -43.8063
69 515.935 724.265 5 9.28427 -98.5546 36.6847
70 515.662 724.684 5 9.27988 -104.134 14.7769
71 517.994 722.026 5 10.3303 -114.615 -142.254
72 517.72 722.445 5 10.1801 -122.002 -10.0028
73 517.447 722.864 5 10.0525 -89.9358 112.337
74 517.174 723.282 5 9.94842 -97.6829 -53.6333
75 516.901 723.701 5 9.86861 -102.404 170.081
76 516.627 724.12 5 9.81365 -96.6812 93.2428
77 516.354 724.539 5 9.78397 -97.3371 -160.24
78 516.081 724.957 5 9.7798 -98.2636 -151.928
