1 509.951 714.045 5 4.28385 -59.6745 136.4
2 510.37 714.318 5 4.44866 -69.4006 -75.5398
3 510.79 714.59 5 4.66153 -70.1452 0.0884206
4 511.209 714.862 5 4.91621 -58.5879 61.3893
5 511.628 715.135 5 5.20657 -58.8427 -79.6734
6 512.048 715.407 5 5.527 -59.0571 69.7939
7 512.467 715.679 5 5.87256 -58.0578 143.592
8 512.886 715.952 5 6.23909 -74.5352 -136.181
9 513.306 716.224 5 6.6231 -61.1669 31.6709
10 513.725 716.496 5 7.02173 -69.0077 -1.24211
11 514.144 716.769 5 7.43263 -71.0608 93.0024
12 514.564 717.041 5 7.85387 -87.3089 48.8095
13 514.983 717.313 5 8.28387 -95.8954 -178.582
14 509.679 714.465 5 3.80603 -58.9222 121.634
15 510.098 714.737 5 3.99063 -67.3675 -83.0782
16 510.517 715.009 5 4.22663 -58.6837 -86.5944
17 510.937 715.282 5 4.50596 -61.4602 175.612
18 511.356 715.554 5 4.82109 -62.0188 -85.4331
19 511.775 715.826 5 5.16548 -59.7995 18.4017
20 512.195 716.099 5 5.53367 -65.5785 19.808
21 512.614 716.371 5 5.92121 -65.0939 -82.69
22 513.033 716.643 5 6.32456 -61.8505 118.175
23 513.453 716.916 5 6.74087 -72.2725 121.223
24 513.872 717.188 5 7.16788 -62.2485 -166.799
25 514.291 717.46 5 7.6038 -82.6929 -7.5193
26 514.711 717.733 5 8.04718 -74.8317 -161.378
27 509.406 714.884 5 3.33473 -64.4412 88.8478
28 509.826 715.156 5 3.54397 -70.3776 -8.31733
29 510.245 715.429 5 3.80775 -56.1612 16.0908
30 510.664 715.701 5 4.11561 -58.2766 -159.613
31 511.084 715.973 5 4.45842 -60.4204 -115.807
32 511.503 716.246 5 4.82874 -63.7433 -155.268
33 511.922 716.518 5 5.22073 -61.8164 96.8056
34 512.342 716.79 5 5.62986 -68.5981 -17.3146
35 512.761 717.063 5 6.05265 -72.8194 -138.052
36 513.18 717.335 5 6.48643 -72.0223 2.58438
37 513.6 717.607 5 6.92915 -70.0298 -99.9247
38 514.019 717.88 5 7.37919 -66.3849 -54.3029
39 514.438 718.152 5 7.83528 -69.4697 -1.89012
40 509.134 715.303 5 2.87315 -66.5519 96.0213
41 509.553 715.576 5 3.11356 -57.1856 -121.452
42 509.973 715.848 5 3.41079 -56.2762 61.1934
43 510.392 716.12 5 3.75137 -54.6212 132.996
44 510.811 716.393 5 4.12457 -72.2128 86.9251
45 511.231 716.665 5 4.52231 -59.3147 -58.4848
46 511.65 716.937 5 4.93868 -64.2027 135.124
47 512.069 717.21 5 5.36934 -64.5167 1.29498
48 512.489 717.482 5 5.81112 -66.1236 141.736
49 512.908 717.754 5 6.26166 -73.065 -147.463
50 513.327 718.027 5 6.7192 -72.2008 0.787002
51 513.747 718.299 5 7.1824 -70.7957 68.7348
52 514.166 718.571 5 7.65024 -70.2693 105.327
53 508.862 715.723 5 2.42683 -64.6133 36.5475
54 509.281 715.995 5 2.70717 -52.1366 -43.0978
55 509.7 716.267 5 3.04435 -60.7046 -14.2613
56 510.12 716.54 5 3.4216 -75.0499 -147.317
57 510.539 716.812 5 3.82709 -62.4213 112.029
58 510.958 717.084 5 4.25275 -62.3493 -19.7369
59 511.378 717.357 5 4.69309 -68.1895 175.165
60 511.797 717.629 5 5.14435 -74.4916 -114.746
61 512.216 717.901 5 5.6039 -69.248 109.036
62 512.636 718.174 5 6.06984 -90.1835 138.603
63 513.055 718.446 5 6.54081 -69.056 -17.3662
64 513.474 718.718 5 7.0158 -67.3856 39.5374
65 513.894 718.991 5 7.49405 -67.522 112.54
66 508.589 716.142 5 2.006 -52.5572 165.224
67 509.009 716.414 5 2.33738 -55.4605 -112.116
68 509.428 716.687 5 2.72077 -59.0129 121.211
69 509.847 716.959 5 3.13717 -60.1923 -60.4073
70 510.267 717.231 5 3.57507 -61.1302 146.894
71 510.686 717.504 5 4.02746 -76.9735 -115.743
72 511.105 717.776 5 4.48995 -65.1744 -4.00765
73 511.525 718.048 5 4.95973 -66.9385 135.786
74 511.944 718.321 5 5.43491 -72.2133 -113.568
75 512.363 718.593 5 5.91418 -86.3209 -57.996
76 512.783 718.865 5 6.39662 -76.8989 -16.7402
77 513.202 719.138 5 6.88157 -77.9562 90.336
78 513.621 719.41 5 7.36853 -55.8866 -118.585
79 510.414 717.923 5 3.85421 -61.3489 116.081
80 510.833 718.195 5 4.33523 -68.1025 56.41
81 511.672 718.74 5 5.3078 -78.662 -81.058
82 512.091 719.012 5 5.79759 -78.0898 -56.6484
83 512.51 719.285 5 6.28898 -56.5175 153.817
84 512.93 719.557 5 6.78163 -71.7787 72.9907
85 513.349 719.829 5 7.27529 -80.9361 92.0881
86 510.141 718.342 5 3.74025 -69.4661 9.75073
87 510.561 718.615 5 4.23424 -72.0881 -22.604
88 511.399 719.159 5 5.22564 -71.4601 -129.352
89 511.819 719.432 5 5.72246 -56.9443 -5.0188
90 512.238 719.704 5 6.21979 -86.2773 -154.886
91 512.657 719.976 5 6.71752 -71.7575 147.252
92 513.077 720.249 5 7.21556 -91.5474 -19.2755
93 509.869 718.762 5 3.69107 -78.8444 161.73
94 510.288 719.034 5 4.19086 -71.3004 149.819
95 511.127 719.579 5 5.19055 -56.1039 -140.295
96 511.546 719.851 5 5.69044 -69.1368 -173.385
97 511.966 720.123 5 6.19035 -71.6538 -102.678
98 512.385 720.396 5 6.69026 -91.7791 56.1086
99 512.804 720.668 5 7.1902 -75.858 -43.1705
100 509.597 719.181 5 3.70926 -73.2285 131.614
101 510.016 719.453 5 4.20688 -67.1397 155.11
102 509.324 719.6 5 3.79383 -52.64 122.614
103 509.744 719.873 5 4.28163 -53.7111 87.5664
104 509.052 720.02 5 3.94052 -49.8031 23.5324
105 509.471 720.292 5 4.41213 -47.5907 106.245
