1 505.473 717.831 5 2.54951 -42.9149 -60.6062
2 505.747 717.412 5 2.5 -39.8257 -10.0858
3 506.02 716.994 5 2.54951 -47.0339 150.423
4 506.294 716.575 5 2.69258 -61.4517 119.808
5 506.567 716.157 5 2.91548 -50.1386 -80.7903
6 505.891 718.104 5 2.06155 -43.8475 173.145
7 506.165 717.686 5 2 -40.3719 -22.9767
8 506.439 717.267 5 2.06155 -41.5725 163.935
9 506.712 716.849 5 2.23607 -47.2348 15.6627
10 506.986 716.43 5 2.5 -53.0364 10.9225
11 506.31 718.378 5 1.58114 -41.5315 150.537
12 506.584 717.96 5 1.5 -41.6974 5.50445
13 506.857 717.541 5 1.58114 -41.47 113.74
14 507.131 717.123 5 1.80278 -48.3297 -144.204
15 507.404 716.704 5 2.12132 -43.3689 13.1589
16 506.728 718.652 5 1.11803 -43.0197 13.2032
17 507.002 718.233 5 1 -39.3336 3.31659
18 507.276 717.815 5 1.11803 -50.2286 -10.9769
19 507.549 717.396 5 1.41421 -40.0363 -126.544
20 507.823 716.978 5 1.80278 -44.3114 -152.408
21 507.147 718.925 5 0.707107 -37.3881 132.936
22 507.421 718.507 5 0.5 -32.638 -8.35474
23 507.694 718.088 5 0.707107 -40.4521 109.362
24 507.968 717.67 5 1.11803 -36.8142 -5.55786
25 508.241 717.251 5 1.58114 -50.2195 85.7818
26 507.565 719.199 5 0.5 -31.4173 15.3306
27 507.839 718.78 5 0 -36.6779 32.5752
28 508.113 718.362 5 0.5 -31.5134 13.686
29 508.386 717.943 5 1 -37.4169 12.2309
30 508.66 717.525 5 1.5 -40.3791 -2.3345
31 507.984 719.472 5 0.707107 -37.4207 135.211
32 508.258 719.054 5 0.5 -31.2673 -6.9717
33 508.531 718.635 5 0.707107 -43.9864 96.1876
34 508.805 718.217 5 1.11803 -39.12 19.8417
35 509.078 717.798 5 1.58114 -47.6406 38.0437
36 508.402 719.746 5 1.11803 -41.189 25.9394
37 508.676 719.328 5 1 -35.5987 -6.57334
38 508.95 718.909 5 1.11803 -50.4414 -141.569
39 509.223 718.491 5 1.41421 -46.9218 72.9122
40 509.497 718.072 5 1.80278 -45.9343 -24.4253
