1 514.644 719.84 5 5.44223 -250 0
2 514.371 720.259 5 5.3419 -131.053 -178.24
3 514.097 720.678 5 5.28713 -130.095 -24.2533
4 513.824 721.096 5 5.27937 -125.125 100.592
5 513.551 721.515 5 5.3188 -250 0
6 513.278 721.934 5 5.40441 -250 0
7 513.004 722.353 5 5.53404 -250 0
8 512.731 722.771 5 5.70469 -250 0
9 512.458 723.19 5 5.91282 -250 0
10 512.185 723.609 5 6.15463 -250 0
11 515.063 720.113 5 5.92829 -162.396 -94.6139
12 514.789 720.532 5 5.83631 -169.121 -125.96
13 514.516 720.951 5 5.78623 -128.215 95.5842
14 514.243 721.37 5 5.77914 -128.085 160.926
15 513.97 721.788 5 5.81519 -128.182 -145.103
16 513.696 722.207 5 5.89358 -250 0
17 513.423 722.626 5 6.01268 -250 0
18 513.15 723.045 5 6.17011 -250 0
19 512.877 723.463 5 6.36303 -250 0
20 512.603 723.882 5 6.58833 -153.367 100.456
21 515.481 720.387 5 6.41649 -175.127 -62.9144
22 515.208 720.805 5 6.33161 -133.924 34.4955
23 514.935 721.224 5 6.28547 -126.755 26.8931
24 514.662 721.643 5 6.27894 -126.997 56.6384
25 514.388 722.062 5 6.31214 -250 0
26 514.115 722.48 5 6.38444 -250 0
27 513.842 722.899 5 6.49453 -250 0
28 513.568 723.318 5 6.64055 -250 0
29 513.295 723.737 5 6.82018 -250 0
30 513.022 724.155 5 7.03085 -250 0
31 515.9 720.66 5 6.90637 -148.195 146.499
32 515.627 721.079 5 6.82759 -250 0
33 515.353 721.497 5 6.78483 -135.835 -137.296
34 515.08 721.916 5 6.77878 -250 0
35 514.807 722.335 5 6.80954 -250 0
36 514.534 722.754 5 6.87661 -250 0
37 514.26 723.172 5 6.97894 -250 0
38 513.987 723.591 5 7.11503 -250 0
39 516.319 720.933 5 7.39761 -250 0
40 516.045 721.352 5 7.32411 -250 0
41 515.772 721.771 5 7.28427 -250 0
42 515.499 722.189 5 7.27864 -250 0
43 515.226 722.608 5 7.30729 -250 0
44 514.952 723.027 5 7.36983 -250 0
45 514.679 723.446 5 7.46541 -250 0
46 514.406 723.864 5 7.59278 -250 0
47 516.737 721.206 5 7.88996 -250 0
48 516.464 721.625 5 7.82108 -250 0
49 516.191 722.044 5 7.78378 -250 0
50 515.918 722.463 5 7.77851 -250 0
51 515.644 722.881 5 7.80533 -250 0
52 515.371 723.3 5 7.86391 -250 0
53 515.098 723.719 5 7.95356 -250 0
54 514.825 724.138 5 8.07323 -250 0
55 517.156 721.48 5 8.3832 -250 0
56 516.883 721.898 5 8.31842 -250 0
57 516.61 722.317 5 8.28336 -250 0
58 516.336 722.736 5 8.2784 -250 0
59 516.063 723.155 5 8.30361 -250 0
60 515.79 723.573 5 8.3587 -250 0
61 515.517 723.992 5 8.44309 -250 0
62 515.243 724.411 5 8.55592 -250 0
63 517.575 721.753 5 8.87721 -250 0
64 517.302 722.172 5 8.81605 -250 0
65 517.028 722.59 5 8.78298 -250 0
66 516.755 723.009 5 8.7783 -250 0
67 516.482 723.428 5 8.80208 -250 0
68 516.209 723.847 5 8.85407 -250 0
69 515.935 724.265 5 8.93378 -138.769 -63.0834
70 515.662 724.684 5 9.04049 -145.741 -9.0297
71 517.994 722.026 5 9.37185 -250 0
72 517.72 722.445 5 9.31394 -250 0
73 517.447 722.864 5 9.28264 -250 0
74 517.174 723.282 5 9.27822 -250 0
75 516.901 723.701 5 9.30071 -250 0
76 516.627 724.12 5 9.34993 -116.533 -100.328
77 516.354 724.539 5 9.42545 -119.779 -100.887
78 516.081 724.957 5 9.52665 -162.441 -97.1032
