1 505.473 717.831 5 1 -35.6151 13.6444
2 505.747 717.412 5 0.5 -30.9411 10.5408
3 506.02 716.994 5 0 -41.8715 -18.8759
4 506.294 716.575 5 0.5 -31.8926 7.43969
5 506.567 716.157 5 1 -36.6023 17.8109
6 505.891 718.104 5 1.11803 -43.6924 -24.5965
7 506.165 717.686 5 0.707107 -41.8303 129.998
8 506.439 717.267 5 0.5 -33.7381 -15.4804
9 506.712 716.849 5 0.707107 -40.2541 135.583
10 506.986 716.43 5 1.11803 -39.1934 -2.22785
11 506.31 718.378 5 1.41421 -40.0622 -144.801
12 506.584 717.96 5 1.11803 -44.1892 -1.93041
13 506.857 717.541 5 1 -41.3137 -52.5425
14 507.131 717.123 5 1.11803 -43.0558 17.2111
15 507.404 716.704 5 1.41421 -41.0214 -95.8982
16 506.728 718.652 5 1.80278 -42.0149 -149.91
17 507.002 718.233 5 1.58114 -40.0927 115.303
18 507.276 717.815 5 1.5 -40.7347 -17.9312
19 507.549 717.396 5 1.58114 -47.6725 116.361
20 507.823 716.978 5 1.80278 -41.9603 -137.141
21 507.147 718.925 5 2.23607 -47.1535 -4.49856
22 507.421 718.507 5 2.06155 -43.2733 161.041
23 507.694 718.088 5 2 -43.2702 -19.3293
24 507.968 717.67 5 2.06155 -42.9252 172.303
25 508.241 717.251 5 2.23607 -50.0131 -69.8499
26 507.565 719.199 5 2.69258 -61.6608 9.36202
27 507.839 718.78 5 2.54951 -48.0392 154.851
28 508.113 718.362 5 2.5 -44.7121 -36.9987
29 508.386 717.943 5 2.54951 -57.9172 -117.754
30 508.66 717.525 5 2.69258 -43.4312 -124.365
31 507.984 719.472 5 3.16228 -44.7224 -117.28
32 508.258 719.054 5 3.04138 -49.9566 159.552
33 508.531 718.635 5 3 -58.4126 159.975
34 508.805 718.217 5 3.04138 -49.2149 -161.195
35 509.078 717.798 5 3.16228 -42.8282 -173.304
36 508.402 719.746 5 3.64005 -42.5683 -33.3406
37 508.676 719.328 5 3.53553 -43.2646 -84.8981
38 508.95 718.909 5 3.5 -53.6771 -133.673
39 509.223 718.491 5 3.53553 -42.4373 102.888
40 509.497 718.072 5 3.64005 -47.4831 133.626
