1 514.644 719.84 5 8.00412 -106.711 -149.005
2 514.371 720.259 5 7.80932 -104.886 -109.395
3 514.097 720.678 5 7.64232 -107.174 70.155
4 513.824 721.096 5 7.50498 -115.797 -144.955
5 513.551 721.515 5 7.39894 -118.215 -125.151
6 513.278 721.934 5 7.32557 -105.205 -135.302
7 513.004 722.353 5 7.28584 -115.685 14.2543
8 512.731 722.771 5 7.28032 -115.754 -135.612
9 512.458 723.19 5 7.30908 -109.956 -158.238
10 512.185 723.609 5 7.37172 -112.696 -32.5194
11 515.063 720.113 5 8.46134 -109.377 -146.832
12 514.789 720.532 5 8.27731 -113.457 136.064
13 514.516 720.951 5 8.11994 -121.584 -142.253
14 514.243 721.37 5 7.99081 -109.775 -124.885
15 513.97 721.788 5 7.8913 -130.93 135.648
16 513.696 722.207 5 7.82255 -112.769 125.871
17 513.423 722.626 5 7.78536 -126.257 -87.0428
18 513.15 723.045 5 7.7802 -113.392 166.122
19 512.877 723.463 5 7.80712 -113.538 -6.32832
20 512.603 723.882 5 7.86579 -119.85 -177.77
21 515.481 720.387 5 8.92315 -99.9954 -8.60732
22 515.208 720.805 5 8.74884 -124.145 -124.336
23 514.935 721.224 5 8.60011 -123.225 60.5727
24 514.662 721.643 5 8.47829 -120.031 116.037
25 514.388 722.062 5 8.38457 -104.179 -81.5447
26 514.115 722.48 5 8.31989 -109.878 -56.4059
27 513.842 722.899 5 8.28494 -106.512 -179.137
28 513.568 723.318 5 8.28008 -117.099 38.5201
29 513.295 723.737 5 8.30538 -116.994 163.024
30 513.022 724.155 5 8.36056 -120.145 -68.3133
31 515.9 720.66 5 9.38887 -88.8705 101.494
32 515.627 721.079 5 9.22337 -113.56 -175.951
33 515.353 721.497 5 9.08241 -108.525 157.068
34 515.08 721.916 5 8.96715 -107.897 57.2781
35 514.807 722.335 5 8.87859 -104.224 -96.2552
36 514.534 722.754 5 8.81754 -108.903 112.757
37 514.26 723.172 5 8.78456 -118.791 38.7646
38 513.987 723.591 5 8.77999 -121.493 90.1124
39 516.319 720.933 5 9.85796 -82.2274 158.457
40 516.045 721.352 5 9.70046 -106.378 -54.155
41 515.772 721.771 5 9.56653 -107.925 19.5828
42 515.499 722.189 5 9.45717 -109.245 -114.284
43 515.226 722.608 5 9.37324 -125.565 -167.401
44 514.952 723.027 5 9.31543 -114.063 115.025
45 514.679 723.446 5 9.28423 -114.103 -58.2548
46 514.406 723.864 5 9.2799 -250 0
47 516.737 721.206 5 10.3299 -99.4477 29.121
48 516.464 721.625 5 10.1797 -104.937 135.07
49 516.191 722.044 5 10.0522 -114.202 -134.496
50 515.918 722.463 5 9.94819 -114.325 -122.032
51 515.644 722.881 5 9.86844 -103.248 -1.58378
52 515.371 723.3 5 9.81354 -106.65 79.4964
53 515.098 723.719 5 9.78393 -121.98 -69.4332
54 514.825 724.138 5 9.77982 -250 0
55 517.156 721.48 5 10.8044 -100.441 115.482
56 516.883 721.898 5 10.6609 -98.8716 -60.1346
57 516.61 722.317 5 10.5392 -105.397 84.2144
58 516.336 722.736 5 10.4401 -96.5034 50.8348
59 516.063 723.155 5 10.3641 -106.171 -102.056
60 515.79 723.573 5 10.3118 -109.373 -172.961
61 515.517 723.992 5 10.2837 -109.883 172.79
62 515.243 724.411 5 10.2797 -250 0
63 517.575 721.753 5 11.2812 -114.066 83.7779
64 517.302 722.172 5 11.1438 -111.249 23.0659
65 517.028 722.59 5 11.0274 -111.538 178.063
66 516.755 723.009 5 10.9327 -95.7888 -72.1358
67 516.482 723.428 5 10.8601 -95.0386 96.3318
68 516.209 723.847 5 10.8103 -101.666 39.6151
69 515.935 724.265 5 10.7834 -111.293 24.9192
70 515.662 724.684 5 10.7797 -117.654 49.7869
71 517.994 722.026 5 11.7598 -121.251 -127.385
72 517.72 722.445 5 11.6281 -104.921 -142.792
73 517.447 722.864 5 11.5166 -109.934 108.192
74 517.174 723.282 5 11.4259 -89.2668 -107.811
75 516.901 723.701 5 11.3565 -96.0011 77.3129
76 516.627 724.12 5 11.3089 -95.4468 -120.756
77 516.354 724.539 5 11.2832 -95.081 -169.231
78 516.081 724.957 5 11.2796 -103.567 -127.35
