1 514.644 719.84 5 7.98951 -105.802 -84.488
2 514.371 720.259 5 7.89001 -112.318 131.289
3 514.097 720.678 5 7.82127 -136.85 26.8919
4 513.824 721.096 5 7.78411 -111.295 83.1937
5 513.551 721.515 5 7.77897 -120.762 99.4238
6 513.278 721.934 5 7.80592 -113.434 -140.011
7 513.004 722.353 5 7.86463 -112.488 -129.058
8 512.731 722.771 5 7.95439 -117.357 155.614
9 512.458 723.19 5 8.07418 -112.777 14.8158
10 512.185 723.609 5 8.22267 -117.031 134.055
11 515.063 720.113 5 8.47699 -106.898 -81.102
12 514.789 720.532 5 8.38328 -114.407 69.6054
13 514.516 720.951 5 8.31862 -116.939 -150.706
14 514.243 721.37 5 8.28368 -123.38 -144.478
15 513.97 721.788 5 8.27885 -114.569 177.187
16 513.696 722.207 5 8.30418 -114.298 -99.0287
17 513.423 722.626 5 8.35939 -130.148 -148.761
18 513.15 723.045 5 8.4439 -110.367 -28.729
19 512.877 723.463 5 8.55684 -126.753 122.229
20 512.603 723.882 5 8.6971 -115.041 -37.3718
21 515.481 720.387 5 8.96585 -112.758 -55.7386
22 515.208 720.805 5 8.8773 -111.489 92.7068
23 514.935 721.224 5 8.81626 -120.561 -151.567
24 514.662 721.643 5 8.78331 -116.212 -109.457
25 514.388 722.062 5 8.77876 -110.772 -123.458
26 514.115 722.48 5 8.80264 -113.904 58.1913
27 513.842 722.899 5 8.85475 -106.251 -33.3343
28 513.568 723.318 5 8.93457 -110.855 152.939
29 513.295 723.737 5 9.04138 -112.149 -62.8196
30 513.022 724.155 5 9.17424 -124.955 -67.1773
31 515.9 720.66 5 9.45588 -99.1158 93.6987
32 515.627 721.079 5 9.37196 -112.335 -89.6671
33 515.353 721.497 5 9.31416 -104.079 -60.3382
34 515.08 721.916 5 9.28298 -108.69 -156.643
35 514.807 722.335 5 9.27867 -121.575 86.7856
36 514.534 722.754 5 9.30127 -104.097 -29.3933
37 514.26 723.172 5 9.3506 -111.054 16.8747
38 513.987 723.591 5 9.42622 -116.113 57.4448
39 516.319 720.933 5 9.9469 -105.567 142.36
40 516.045 721.352 5 9.86715 -96.3746 -7.42848
41 515.772 721.771 5 9.81228 -109.205 157.171
42 515.499 722.189 5 9.78268 -106.48 79.0649
43 515.226 722.608 5 9.77859 -130.688 -56.3404
44 514.952 723.027 5 9.80004 -111.47 -20.6323
45 514.679 723.446 5 9.84687 -110.923 175.429
46 514.406 723.864 5 9.91871 -173.32 -0.762755
47 516.737 721.206 5 10.4388 -110.164 173.866
48 516.464 721.625 5 10.3628 -95.5122 -73.4546
49 516.191 722.044 5 10.3106 -100.969 106.364
50 515.918 722.463 5 10.2824 -117.195 -36.1878
51 515.644 722.881 5 10.2785 -108.182 64.8044
52 515.371 723.3 5 10.2989 -102.486 -174.381
53 515.098 723.719 5 10.3435 -113.075 -104.261
54 514.825 724.138 5 10.4119 -250 0
55 517.156 721.48 5 10.9314 -119.292 -127.869
56 516.883 721.898 5 10.8589 -102.274 -113.492
57 516.61 722.317 5 10.809 -96.1531 -104.627
58 516.336 722.736 5 10.7822 -100.935 -40.1639
59 516.063 723.155 5 10.7785 -107.61 -19.505
60 515.79 723.573 5 10.7979 -109.574 -139.41
61 515.517 723.992 5 10.8404 -105.776 -37.7264
62 515.243 724.411 5 10.9057 -173.3 -118.78
63 517.575 721.753 5 11.4246 -108.478 161.331
64 517.302 722.172 5 11.3553 -103.862 -80.8789
65 517.028 722.59 5 11.3076 -110.567 10.1121
66 516.755 723.009 5 11.2819 -93.8302 56.0278
67 516.482 723.428 5 11.2784 -113.298 170.974
68 516.209 723.847 5 11.297 -103.25 -47.7459
69 515.935 724.265 5 11.3376 -112.809 -30.5015
70 515.662 724.684 5 11.4001 -103.531 147.746
71 517.994 722.026 5 11.9184 -108.672 -27.2071
72 517.72 722.445 5 11.852 -102.153 28.0226
73 517.447 722.864 5 11.8063 -103.298 -71.2585
74 517.174 723.282 5 11.7817 -101.682 115.269
75 516.901 723.701 5 11.7783 -103.288 -70.5156
76 516.627 724.12 5 11.7962 -98.527 -18.6097
77 516.354 724.539 5 11.8351 -98.8417 60.4833
78 516.081 724.957 5 11.8949 -113.288 147.701
