1 509.951 714.045 5 4.13169 -50.1217 -42.7834
2 510.37 714.318 5 4.12433 -48.5016 -31.6432
3 510.79 714.59 5 4.17724 -51.715 -160.045
4 511.209 714.862 5 4.2882 -60.2288 155.003
5 511.628 715.135 5 4.45286 -62.794 -65.5998
6 512.048 715.407 5 4.66553 -58.8617 94.544
7 512.467 715.679 5 4.92001 -61.504 78.3493
8 512.886 715.952 5 5.21016 -59.4545 -99.5502
9 513.306 716.224 5 5.53037 -59.5132 65.6474
10 513.725 716.496 5 5.87574 -60.3121 135.711
11 514.144 716.769 5 6.24208 -66.067 -133.678
12 514.564 717.041 5 6.62592 -85.5341 134.724
13 514.983 717.313 5 7.0244 -79.6818 -172.353
14 509.679 714.465 5 3.6333 -49.71 -46.2763
15 510.098 714.737 5 3.62493 -48.6315 -34.8361
16 510.517 715.009 5 3.68502 -52.3822 -118.769
17 510.937 715.282 5 3.81034 -57.5847 115.527
18 511.356 715.554 5 3.99474 -60.7278 -132.282
19 511.775 715.826 5 4.23051 -59.3702 -105.877
20 512.195 716.099 5 4.5096 -62.125 134.614
21 512.614 716.371 5 4.8245 -58.9554 -42.4355
22 513.033 716.643 5 5.16866 -58.7277 17.9605
23 513.453 716.916 5 5.53663 -69.3326 0.941636
24 513.872 717.188 5 5.92398 -64.5181 -68.509
25 514.291 717.46 5 6.32715 -78.6873 107.714
26 514.711 717.733 5 6.7433 -81.4013 117.302
27 509.406 714.884 5 3.13542 -49.151 -47.4725
28 509.826 715.156 5 3.12572 -52.1655 -18.8928
29 510.245 715.429 5 3.19522 -58.3685 -145.873
30 510.664 715.701 5 3.33896 -56.4564 53.6988
31 511.084 715.973 5 3.54795 -56.2859 66.8771
32 511.503 716.246 5 3.81146 -58.7287 0.597988
33 511.922 716.518 5 4.11904 -56.3642 154.359
34 512.342 716.79 5 4.46159 -59.4787 -114.444
35 512.761 717.063 5 4.83167 -77.9153 -154.69
36 513.18 717.335 5 5.22344 -69.9249 -172.771
37 513.6 717.607 5 5.63237 -73.3552 155.853
38 514.019 717.88 5 6.05499 -67.1241 30.1423
39 514.438 718.152 5 6.48862 -69.8519 -170.922
40 509.134 715.303 5 2.63835 -48.301 -59.1382
41 509.553 715.576 5 2.62681 -47.8169 -27.3025
42 509.973 715.848 5 2.70914 -64.1536 -38.1505
43 510.392 716.12 5 2.87727 -73.4829 -167.283
44 510.811 716.393 5 3.11737 -57.4463 -167.752
45 511.231 716.665 5 3.41427 -52.7656 46.4878
46 511.65 716.937 5 3.75453 -58.0363 129.38
47 512.069 717.21 5 4.12744 -67.7469 107.481
48 512.489 717.482 5 4.52494 -72.0493 -43.8653
49 512.908 717.754 5 4.94109 -70.0396 35.8112
50 513.327 718.027 5 5.37156 -72.2472 173.1
51 513.747 718.299 5 5.81317 -70.4623 -37.5181
52 514.166 718.571 5 6.26356 -81.007 -146.856
53 508.862 715.723 5 2.14264 -53.2369 -69.725
54 509.281 715.995 5 2.12842 -47.5497 -38.6788
55 509.7 716.267 5 2.22922 -52.1323 -64.3907
56 510.12 716.54 5 2.43078 -51.3434 63.107
57 510.539 716.812 5 2.71072 -55.5339 -54.9038
58 510.958 717.084 5 3.0475 -52.985 26.5539
59 511.378 717.357 5 3.4244 -62.2412 -84.7169
60 511.797 717.629 5 3.8296 -65.2469 -89.2913
61 512.216 717.901 5 4.25501 -68.107 -174.922
62 512.636 718.174 5 4.69514 -67.2663 -81.3729
63 513.055 718.446 5 5.14623 -72.6181 160.557
64 513.474 718.718 5 5.60561 -68.9068 167.837
65 513.894 718.991 5 6.07142 -83.9807 -22.8689
66 508.589 716.142 5 1.64952 -48.223 -81.9399
67 509.009 716.414 5 1.631 -46.4854 -41.9886
68 509.428 716.687 5 1.76053 -49.3782 -110.623
69 509.847 716.959 5 2.00966 -51.0871 145.081
70 510.267 717.231 5 2.34051 -55.5263 -120.109
71 510.686 717.504 5 2.72347 -69.3639 100.708
72 511.105 717.776 5 3.13951 -53.4864 127.038
73 511.525 718.048 5 3.57713 -62.5832 -103.914
74 511.944 718.321 5 4.02928 -65.684 34.0942
75 512.363 718.593 5 4.49159 -65.8079 67.1906
76 512.783 718.865 5 4.96121 -65.8405 84.7283
77 513.202 719.138 5 5.43626 -79.697 -79.0174
78 513.621 719.41 5 5.91542 -75.0131 2.26421
79 510.414 717.923 5 2.45912 -78.9164 -163.41
80 510.833 718.195 5 2.91317 -69.2513 68.0652
81 511.672 718.74 5 3.85553 -67.823 -99.6945
82 512.091 719.012 5 4.3364 -64.5674 -93.8958
83 512.51 719.285 5 4.82117 -84.4195 -78.3495
84 512.93 719.557 5 5.30876 -70.1696 -115.365
85 513.349 719.829 5 5.79847 -72.6751 78.7506
86 510.141 718.342 5 2.27537 -63.2142 -118.027
87 510.561 718.615 5 2.75982 -58.9154 -110.149
88 511.399 719.159 5 3.74101 -66.8062 178.915
89 511.819 719.432 5 4.2349 -68.665 94.5641
90 512.238 719.704 5 4.73008 -79.4856 63.7889
91 512.657 719.976 5 5.22618 -71.0738 144.23
92 513.077 720.249 5 5.72296 -75.0335 101.958
93 509.869 718.762 5 2.19256 -68.8772 156.617
94 510.288 719.034 5 2.69195 -67.4317 51.3403
95 511.127 719.579 5 3.69123 -66.4252 -31.3074
96 511.546 719.851 5 4.19099 -71.9418 31.3359
97 511.966 720.123 5 4.69081 -72.2869 -76.6598
98 512.385 720.396 5 5.19066 -75.6104 -41.417
99 512.804 720.668 5 5.69054 -76.0036 -140.706
100 509.597 719.181 5 2.22201 -68.4213 -149.159
101 510.016 719.453 5 2.71599 -59.98 -18.5962
102 509.324 719.6 5 2.35952 -61.6589 78.5564
103 509.744 719.873 5 2.8296 -55.5922 48.3724
104 509.052 720.02 5 2.58793 -50.5516 -66.8655
105 509.471 720.292 5 3.02269 -63.0475 99.05
