1 505.473 717.831 5 1.58114 -39.9601 122.533
2 505.747 717.412 5 1.5 -43.0549 -10.9108
3 506.02 716.994 5 1.58114 -39.7202 116.744
4 506.294 716.575 5 1.80278 -47.6326 -149.192
5 506.567 716.157 5 2.12132 -44.0813 24.2529
6 505.891 718.104 5 1.11803 -39.8363 10.6487
7 506.165 717.686 5 1 -41.5319 -26.1236
8 506.439 717.267 5 1.11803 -44.4287 15.2338
9 506.712 716.849 5 1.41421 -39.846 -109.943
10 506.986 716.43 5 1.80278 -50.9008 -167.57
11 506.31 718.378 5 0.707107 -36.7299 120.385
12 506.584 717.96 5 0.5 -33.4362 -11.0543
13 506.857 717.541 5 0.707107 -40.2376 126.59
14 507.131 717.123 5 1.11803 -37.743 -16.2985
15 507.404 716.704 5 1.58114 -51.5216 174.615
16 506.728 718.652 5 0.5 -30.7936 12.628
17 507.002 718.233 5 0 -37.1818 42.3867
18 507.276 717.815 5 0.5 -31.2527 10.1207
19 507.549 717.396 5 1 -35.7312 2.42863
20 507.823 716.978 5 1.5 -39.2639 17.9668
21 507.147 718.925 5 0.707107 -37.154 120.179
22 507.421 718.507 5 0.5 -33.3541 -5.5768
23 507.694 718.088 5 0.707107 -38.8819 134.977
24 507.968 717.67 5 1.11803 -40.3137 -17.7202
25 508.241 717.251 5 1.58114 -49.5867 98.5704
26 507.565 719.199 5 1.11803 -43.3288 3.9035
27 507.839 718.78 5 1 -40.1342 6.20995
28 508.113 718.362 5 1.11803 -58.7707 105.948
29 508.386 717.943 5 1.41421 -39.3799 -129.001
30 508.66 717.525 5 1.80278 -42.6254 -158.083
31 507.984 719.472 5 1.58114 -39.7277 154.491
32 508.258 719.054 5 1.5 -40.1814 -11.0061
33 508.531 718.635 5 1.58114 -37.105 116.555
34 508.805 718.217 5 1.80278 -64.3214 -25.5296
35 509.078 717.798 5 2.12132 -48.8601 -4.24498
36 508.402 719.746 5 2.06155 -40.8836 149.422
37 508.676 719.328 5 2 -39.6965 -24.1187
38 508.95 718.909 5 2.06155 -44.2018 14.476
39 509.223 718.491 5 2.23607 -46.6906 -172.428
40 509.497 718.072 5 2.5 -47.4229 149.059
