1 514.644 719.84 5 8.59909 -100.707 50.5189
2 514.371 720.259 5 8.47731 -102.24 67.1097
3 514.097 720.678 5 8.38362 -105.754 -73.846
4 513.824 721.096 5 8.31899 -114.115 0.28455
5 513.551 721.515 5 8.28408 -122.747 -66.5179
6 513.278 721.934 5 8.27928 -104.581 -120.532
7 513.004 722.353 5 8.30463 -111.23 -49.7483
8 512.731 722.771 5 8.35986 -117.282 71.8908
9 512.458 723.19 5 8.44439 -118.649 -84.4208
10 512.185 723.609 5 8.55734 -118.292 77.4149
11 515.063 720.113 5 9.0814 -105.211 -73.7536
12 514.789 720.532 5 8.96617 -118.188 -62.863
13 514.516 720.951 5 8.87765 -121.137 73.5952
14 514.243 721.37 5 8.81664 -105.935 55.7005
15 513.97 721.788 5 8.78371 -131.564 118.667
16 513.696 722.207 5 8.77918 -102.024 139.041
17 513.423 722.626 5 8.80309 -112.559 -172.797
18 513.15 723.045 5 8.85521 -119.151 155.198
19 512.877 723.463 5 8.93505 -117.819 -179.402
20 512.603 723.882 5 9.04188 -112.374 -73.7382
21 515.481 720.387 5 9.56553 -98.9088 124.199
22 515.208 720.805 5 9.4562 -109.902 159.892
23 514.935 721.224 5 9.37231 -115.362 -91.3352
24 514.662 721.643 5 9.31454 -110.826 76.2835
25 514.388 722.062 5 9.28337 -105.879 -141.055
26 514.115 722.48 5 9.27909 -100.762 51.3205
27 513.842 722.899 5 9.30171 -108.637 -48.2438
28 513.568 723.318 5 9.35106 -114.032 156.354
29 513.295 723.737 5 9.4267 -120.732 -29.5851
30 513.022 724.155 5 9.52802 -131.845 150.003
31 515.9 720.66 5 10.0512 -107.799 -135.279
32 515.627 721.079 5 9.94722 -128.891 113.485
33 515.353 721.497 5 9.86751 -118.199 78.3583
34 515.08 721.916 5 9.81265 -118.551 173.617
35 514.807 722.335 5 9.78307 -118.367 -138.027
36 514.534 722.754 5 9.77901 -132.772 18.4931
37 514.26 723.172 5 9.80048 -109.333 159.839
38 513.987 723.591 5 9.84733 -117.43 -112.298
39 516.319 720.933 5 10.5382 -81.1659 78.0876
40 516.045 721.352 5 10.4391 -99.7532 -162.671
41 515.772 721.771 5 10.3632 -123.499 36.7328
42 515.499 722.189 5 10.3109 -112.374 89.2525
43 515.226 722.608 5 10.2828 -110.657 -147.086
44 514.952 723.027 5 10.2789 -116.348 48.6818
45 514.679 723.446 5 10.2994 -117.504 146.711
46 514.406 723.864 5 10.344 -141.17 -50.4197
47 516.737 721.206 5 11.0264 -104.117 90.2227
48 516.464 721.625 5 10.9317 -98.0493 -175.295
49 516.191 722.044 5 10.8592 -99.2931 -65.6646
50 515.918 722.463 5 10.8094 -91.7102 61.8968
51 515.644 722.881 5 10.7826 -107.544 130.119
52 515.371 723.3 5 10.7789 -110.892 14.1663
53 515.098 723.719 5 10.7984 -114.188 171.498
54 514.825 724.138 5 10.8409 -140.693 31.0449
55 517.156 721.48 5 11.5156 -109.079 -43.2536
56 516.883 721.898 5 11.425 -97.2161 45.8456
57 516.61 722.317 5 11.3556 -96.197 16.9687
58 516.336 722.736 5 11.308 -102.225 105.914
59 516.063 723.155 5 11.2823 -107.279 -59.1935
60 515.79 723.573 5 11.2788 -105.289 -92.3507
61 515.517 723.992 5 11.2974 -110.679 170.447
62 515.243 724.411 5 11.3381 -250 0
63 517.575 721.753 5 12.0057 -120.632 -173.482
64 517.302 722.172 5 11.9188 -79.669 -74.3239
65 517.028 722.59 5 11.8523 -112.61 105.833
66 516.755 723.009 5 11.8067 -96.3235 -119.814
67 516.482 723.428 5 11.7821 -106.392 96.0747
68 516.209 723.847 5 11.7788 -98.442 131.279
69 515.935 724.265 5 11.7966 -111.308 114.186
70 515.662 724.684 5 11.8355 -108.316 -40.2822
71 517.994 722.026 5 12.4966 -112.664 -50.0284
72 517.72 722.445 5 12.4131 -123.175 -77.8059
73 517.447 722.864 5 12.3493 -86.3164 -50.879
74 517.174 723.282 5 12.3055 -104.676 -136.556
75 516.901 723.701 5 12.2819 -105.965 105.447
76 516.627 724.12 5 12.2787 -94.5379 -80.6083
77 516.354 724.539 5 12.2958 -92.7813 -68.1751
78 516.081 724.957 5 12.3332 -100.731 -14.4204
