1 514.644 719.84 5 8.74818 -95.2371 70.2417
2 514.371 720.259 5 8.59948 -100.787 149.491
3 514.097 720.678 5 8.47771 -98.8004 120.989
4 513.824 721.096 5 8.38403 -113.771 -57.3224
5 513.551 721.515 5 8.3194 -109.441 55.4793
6 513.278 721.934 5 8.28449 -106.861 -120.68
7 513.004 722.353 5 8.27969 -108.236 -19.0671
8 512.731 722.771 5 8.30504 -121.748 -97.8811
9 512.458 723.19 5 8.36027 -117.751 110.538
10 512.185 723.609 5 8.44479 -117.091 92.2086
11 515.063 720.113 5 9.22272 -107.64 53.6125
12 514.789 720.532 5 9.0818 -117.547 144.89
13 514.516 720.951 5 8.96658 -113.848 -140.607
14 514.243 721.37 5 8.87806 -108.333 -36.7809
15 513.97 721.788 5 8.81705 -118.706 -53.7598
16 513.696 722.207 5 8.78412 -126.532 69.4586
17 513.423 722.626 5 8.77959 -116.595 82.9546
18 513.15 723.045 5 8.8035 -124.273 -95.0438
19 512.877 723.463 5 8.85562 -135.678 56.2178
20 512.603 723.882 5 8.93546 -126.385 -9.60974
21 515.481 720.387 5 9.69982 -94.0192 -99.701
22 515.208 720.805 5 9.56593 -111.652 158.391
23 514.935 721.224 5 9.45661 -122.676 91.1332
24 514.662 721.643 5 9.37272 -111.392 81.9109
25 514.388 722.062 5 9.31495 -113.406 77.7762
26 514.115 722.48 5 9.28379 -113.368 -150.97
27 513.842 722.899 5 9.2795 -111.736 169.09
28 513.568 723.318 5 9.30213 -133.202 -13.5666
29 513.295 723.737 5 9.35147 -116.629 162.977
30 513.022 724.155 5 9.42711 -109.079 -123.773
31 515.9 720.66 5 10.1791 -103.767 24.2533
32 515.627 721.079 5 10.0516 -119.765 149.457
33 515.353 721.497 5 9.94763 -118.397 -105.384
34 515.08 721.916 5 9.86792 -122.193 89.4003
35 514.807 722.335 5 9.81306 -124.777 74.0154
36 514.534 722.754 5 9.78349 -123.869 -81.644
37 514.26 723.172 5 9.77942 -109.251 41.3516
38 513.987 723.591 5 9.80089 -128.391 -60.4199
39 516.319 720.933 5 10.6603 -96.5621 -20.1891
40 516.045 721.352 5 10.5386 -106.628 -77.0338
41 515.772 721.771 5 10.4395 -111.767 -87.9212
42 515.499 722.189 5 10.3636 -114.179 -175.721
43 515.226 722.608 5 10.3114 -106.022 -67.0277
44 514.952 723.027 5 10.2832 -112.699 168.114
45 514.679 723.446 5 10.2793 -120.129 -6.5005
46 514.406 723.864 5 10.2998 -250 0
47 516.737 721.206 5 11.1432 -115.902 157.867
48 516.464 721.625 5 11.0268 -89.623 44.4457
49 516.191 722.044 5 10.9321 -92.6478 -139.436
50 515.918 722.463 5 10.8596 -104.524 150.758
51 515.644 722.881 5 10.8098 -103.219 -169.61
52 515.371 723.3 5 10.783 -104.748 -52.039
53 515.098 723.719 5 10.7793 -112.045 -30.7096
54 514.825 724.138 5 10.7988 -250 0
55 517.156 721.48 5 11.6275 -112.955 -49.4405
56 516.883 721.898 5 11.516 -103.4 178.675
57 516.61 722.317 5 11.4254 -91.7733 -132.135
58 516.336 722.736 5 11.356 -103.156 -24.8147
59 516.063 723.155 5 11.3084 -103.439 -86.7494
60 515.79 723.573 5 11.2827 -100.352 -26.12
61 515.517 723.992 5 11.2792 -106.838 77.6788
62 515.243 724.411 5 11.2978 -250 0
63 517.575 721.753 5 12.1131 -108.113 -0.825453
64 517.302 722.172 5 12.0061 -100.913 -162.312
65 517.028 722.59 5 11.9192 -103.649 -118.675
66 516.755 723.009 5 11.8527 -91.7245 53.3586
67 516.482 723.428 5 11.8071 -92.5791 -28.1214
68 516.209 723.847 5 11.7825 -100.723 63.7977
69 515.935 724.265 5 11.7792 -97.2384 111.486
70 515.662 724.684 5 11.797 -110.399 -9.64152
71 517.994 722.026 5 12.5998 -124.294 -11.0518
72 517.72 722.445 5 12.497 -116.548 74.5042
73 517.447 722.864 5 12.4135 -108.506 -22.4547
74 517.174 723.282 5 12.3497 -108.645 117.486
75 516.901 723.701 5 12.3059 -89.6521 33.8886
76 516.627 724.12 5 12.2824 -105.34 -33.454
77 516.354 724.539 5 12.2791 -96.0746 -123.151
78 516.081 724.957 5 12.2962 -99.897 -85.1786
