1 505.473 717.831 5 1.11803 -39.3546 9.14484
2 505.747 717.412 5 1 -41.2389 -7.48976
3 506.02 716.994 5 1.11803 -45.0139 13.4064
4 506.294 716.575 5 1.41421 -38.9814 -122.175
5 506.567 716.157 5 1.80278 -50.0537 164.543
6 505.891 718.104 5 0.707107 -37.0146 121.773
7 506.165 717.686 5 0.5 -34.1856 -13.3623
8 506.439 717.267 5 0.707107 -39.217 124.076
9 506.712 716.849 5 1.11803 -37.8436 -20.0033
10 506.986 716.43 5 1.58114 -49.562 58.4481
11 506.31 718.378 5 0.5 -30.9245 8.04081
12 506.584 717.96 5 0 -38.0836 31.4008
13 506.857 717.541 5 0.5 -31.9185 6.01247
14 507.131 717.123 5 1 -34.3958 9.5818
15 507.404 716.704 5 1.5 -37.481 8.79098
16 506.728 718.652 5 0.707107 -37.5548 124.59
17 507.002 718.233 5 0.5 -33.3887 -11.9757
18 507.276 717.815 5 0.707107 -38.6904 142.727
19 507.549 717.396 5 1.11803 -38.5852 -18.4647
20 507.823 716.978 5 1.58114 -60.4859 76.5086
21 507.147 718.925 5 1.11803 -39.391 16.5235
22 507.421 718.507 5 1 -39.0319 -9.23484
23 507.694 718.088 5 1.11803 -49.9709 11.4649
24 507.968 717.67 5 1.41421 -39.3585 -112.607
25 508.241 717.251 5 1.80278 -44.7793 -171.984
26 507.565 719.199 5 1.58114 -40.6219 127.201
27 507.839 718.78 5 1.5 -41.5867 1.45813
28 508.113 718.362 5 1.58114 -41.1266 132.555
29 508.386 717.943 5 1.80278 -44.7729 -141.501
30 508.66 717.525 5 2.12132 -46.5394 20.4137
31 507.984 719.472 5 2.06155 -41.423 161.732
32 508.258 719.054 5 2 -37.7312 -19.8317
33 508.531 718.635 5 2.06155 -41.9122 174.263
34 508.805 718.217 5 2.23607 -47.3468 45.8997
35 509.078 717.798 5 2.5 -52.0151 79.938
36 508.402 719.746 5 2.54951 -47.0228 -119.411
37 508.676 719.328 5 2.5 -40.3403 -2.93369
38 508.95 718.909 5 2.54951 -54.136 116.985
39 509.223 718.491 5 2.69258 -53.9821 -41.7079
40 509.497 718.072 5 2.91548 -52.5892 101.871
