1 505.473 717.831 5 3.5 -44.6082 -31.3992
2 505.747 717.412 5 3.53553 -45.2666 -138.886
3 506.02 716.994 5 3.64005 -41.522 -38.8455
4 506.294 716.575 5 3.80789 -46.1752 -95.0288
5 506.567 716.157 5 4.03113 -43.4545 -129.797
6 505.891 718.104 5 3 -51.4801 -58.8909
7 506.165 717.686 5 3.04138 -45.3369 -167.479
8 506.439 717.267 5 3.16228 -47.2442 -120.01
9 506.712 716.849 5 3.3541 -41.9026 91.8034
10 506.986 716.43 5 3.60555 -46.9674 117.236
11 506.31 718.378 5 2.5 -47.8133 28.031
12 506.584 717.96 5 2.54951 -46.7079 -124.68
13 506.857 717.541 5 2.69258 -49.0722 -115.496
14 507.131 717.123 5 2.91548 -50.3642 155.306
15 507.404 716.704 5 3.20156 -57.4095 121.255
16 506.728 718.652 5 2 -44.5153 32.7765
17 507.002 718.233 5 2.06155 -40.0544 155.733
18 507.276 717.815 5 2.23607 -45.7621 -0.288556
19 507.549 717.396 5 2.5 -49.3957 -2.77797
20 507.823 716.978 5 2.82843 -57.45 -171.855
21 507.147 718.925 5 1.5 -38.4255 -5.73447
22 507.421 718.507 5 1.58114 -40.2523 140.176
23 507.694 718.088 5 1.80278 -45.7603 179.899
24 507.968 717.67 5 2.12132 -48.0022 41.8079
25 508.241 717.251 5 2.5 -45.9685 7.31485
26 507.565 719.199 5 1 -34.5886 25.8763
27 507.839 718.78 5 1.11803 -39.745 30.4511
28 508.113 718.362 5 1.41421 -39.8386 -113.948
29 508.386 717.943 5 1.80278 -42.8946 -155.216
30 508.66 717.525 5 2.23607 -53.6087 37.4202
31 507.984 719.472 5 0.5 -32.9877 3.41132
32 508.258 719.054 5 0.707107 -34.9183 122.634
33 508.531 718.635 5 1.11803 -43.6368 25.6795
34 508.805 718.217 5 1.58114 -47.5515 67.9185
35 509.078 717.798 5 2.06155 -54.1358 94.4795
36 508.402 719.746 5 0 -35.2976 118.588
37 508.676 719.328 5 0.5 -34.6648 46.1776
38 508.95 718.909 5 1 -42.7143 172.026
39 509.223 718.491 5 1.5 -39.991 -145.75
40 509.497 718.072 5 2 -50.68 -173.886
