1 505.473 717.831 5 2.06155 -43.8093 160.39
2 505.747 717.412 5 2 -41.0491 -27.7109
3 506.02 716.994 5 2.06155 -43.1108 160.964
4 506.294 716.575 5 2.23607 -41.6054 22.5222
5 506.567 716.157 5 2.5 -47.5992 32.3938
6 505.891 718.104 5 1.58114 -41.6675 165.891
7 506.165 717.686 5 1.5 -44.3913 0.432991
8 506.439 717.267 5 1.58114 -41.0559 125.017
9 506.712 716.849 5 1.80278 -46.4069 -115.013
10 506.986 716.43 5 2.12132 -54.3686 -91.0217
11 506.31 718.378 5 1.11803 -39.6688 13.967
12 506.584 717.96 5 1 -39.2403 -2.8092
13 506.857 717.541 5 1.11803 -47.5763 20.002
14 507.131 717.123 5 1.41421 -39.4382 -116.094
15 507.404 716.704 5 1.80278 -45.1064 177.183
16 506.728 718.652 5 0.707107 -37.1405 128.308
17 507.002 718.233 5 0.5 -33.6513 -10.1656
18 507.276 717.815 5 0.707107 -39.8911 119.871
19 507.549 717.396 5 1.11803 -39.9269 -26.0502
20 507.823 716.978 5 1.58114 -48.1507 64.6833
21 507.147 718.925 5 0.5 -31.0846 10.7636
22 507.421 718.507 5 0 -37.9382 41.0493
23 507.694 718.088 5 0.5 -32.3026 10.6333
24 507.968 717.67 5 1 -35.3512 22.1399
25 508.241 717.251 5 1.5 -39.96 13.6612
26 507.565 719.199 5 0.707107 -38.1181 124.724
27 507.839 718.78 5 0.5 -32.9707 -8.4309
28 508.113 718.362 5 0.707107 -38.0419 129.138
29 508.386 717.943 5 1.11803 -35.9532 -0.556049
30 508.66 717.525 5 1.58114 -45.7953 92.4897
31 507.984 719.472 5 1.11803 -40.1383 24.8051
32 508.258 719.054 5 1 -37.4974 -0.137745
33 508.531 718.635 5 1.11803 -39.8785 27.4644
34 508.805 718.217 5 1.41421 -38.146 -125.055
35 509.078 717.798 5 1.80278 -44.6323 -177.351
36 508.402 719.746 5 1.58114 -40.7859 141.708
37 508.676 719.328 5 1.5 -39.663 6.30405
38 508.95 718.909 5 1.58114 -44.0805 -55.1119
39 509.223 718.491 5 1.80278 -41.6201 -7.7215
40 509.497 718.072 5 2.12132 -49.9709 -151.536
