1 505.473 717.831 5 0.5 -30.4156 10.8363
2 505.747 717.412 5 0 -36.7621 37.7262
3 506.02 716.994 5 0.5 -31.1626 13.0149
4 506.294 716.575 5 1 -36.4923 21.2155
5 506.567 716.157 5 1.5 -36.267 14.2602
6 505.891 718.104 5 0.707107 -37.4086 114.725
7 506.165 717.686 5 0.5 -33.9016 -9.68577
8 506.439 717.267 5 0.707107 -38.2625 146.317
9 506.712 716.849 5 1.11803 -38.0966 -6.30772
10 506.986 716.43 5 1.58114 -57.9948 -100.224
11 506.31 718.378 5 1.11803 -42.5366 14.8928
12 506.584 717.96 5 1 -40.6981 -2.78477
13 506.857 717.541 5 1.11803 -47.7987 -23.3903
14 507.131 717.123 5 1.41421 -40.9211 -127.536
15 507.404 716.704 5 1.80278 -46.5924 -174.817
16 506.728 718.652 5 1.58114 -39.1308 121.633
17 507.002 718.233 5 1.5 -42.3392 -4.72163
18 507.276 717.815 5 1.58114 -40.6732 119.051
19 507.549 717.396 5 1.80278 -49.8555 -159.493
20 507.823 716.978 5 2.12132 -42.0374 -9.15554
21 507.147 718.925 5 2.06155 -39.9565 136.76
22 507.421 718.507 5 2 -40.8391 -32.6038
23 507.694 718.088 5 2.06155 -42.8525 -178.004
24 507.968 717.67 5 2.23607 -44.5756 10.1684
25 508.241 717.251 5 2.5 -56.8412 -21.8757
26 507.565 719.199 5 2.54951 -56.6698 -38.062
27 507.839 718.78 5 2.5 -40.9299 -17.7929
28 508.113 718.362 5 2.54951 -49.8735 151.862
29 508.386 717.943 5 2.69258 -73.4457 -49.3183
30 508.66 717.525 5 2.91548 -54.2823 -110.827
31 507.984 719.472 5 3.04138 -51.7049 -177.721
32 508.258 719.054 5 3 -46.8609 -14.824
33 508.531 718.635 5 3.04138 -45.583 173.632
34 508.805 718.217 5 3.16228 -45.9875 -154.312
35 509.078 717.798 5 3.3541 -46.9686 39.764
36 508.402 719.746 5 3.53553 -47.4192 -122.737
37 508.676 719.328 5 3.5 -41.4445 -13.4347
38 508.95 718.909 5 3.53553 -41.7833 104.73
39 509.223 718.491 5 3.64005 -47.548 -109.808
40 509.497 718.072 5 3.80789 -72.261 38.3619
