1 505.473 717.831 5 1 -37.4073 14.7678
2 505.747 717.412 5 1.11803 -40.7209 8.62304
3 506.02 716.994 5 1.41421 -41.355 -143.017
4 506.294 716.575 5 1.80278 -41.1477 -154.132
5 506.567 716.157 5 2.23607 -47.6581 -22.9734
6 505.891 718.104 5 0.5 -33.0971 8.88459
7 506.165 717.686 5 0.707107 -37.9644 103.123
8 506.439 717.267 5 1.11803 -42.7297 -10.8664
9 506.712 716.849 5 1.58114 -60.8153 63.3172
10 506.986 716.43 5 2.06155 -44.06 -137.575
11 506.31 718.378 5 0 -38.0644 18.5846
12 506.584 717.96 5 0.5 -30.721 6.84844
13 506.857 717.541 5 1 -35.537 10.9891
14 507.131 717.123 5 1.5 -36.0156 20.3488
15 507.404 716.704 5 2 -39.7438 25.4186
16 506.728 718.652 5 0.5 -31.268 6.11697
17 507.002 718.233 5 0.707107 -36.5263 126.525
18 507.276 717.815 5 1.11803 -42.979 23.179
19 507.549 717.396 5 1.58114 -55.3584 -164.626
20 507.823 716.978 5 2.06155 -56.0516 -100.631
21 507.147 718.925 5 1 -35.8709 15.3123
22 507.421 718.507 5 1.11803 -40.6933 2.63247
23 507.694 718.088 5 1.41421 -41.9911 -118.287
24 507.968 717.67 5 1.80278 -40.6575 -159.88
25 508.241 717.251 5 2.23607 -51.1029 -15.465
26 507.565 719.199 5 1.5 -37.7666 -12.2939
27 507.839 718.78 5 1.58114 -43.5345 144.928
28 508.113 718.362 5 1.80278 -41.4046 -170.161
29 508.386 717.943 5 2.12132 -41.5789 10.6501
30 508.66 717.525 5 2.5 -41.1616 -0.727293
31 507.984 719.472 5 2 -46.3276 23.1898
32 508.258 719.054 5 2.06155 -40.2262 155.344
33 508.531 718.635 5 2.23607 -44.1096 3.49387
34 508.805 718.217 5 2.5 -54.1065 -26.4758
35 509.078 717.798 5 2.82843 -63.2253 -106.772
36 508.402 719.746 5 2.5 -49.7771 45.2963
37 508.676 719.328 5 2.54951 -43.1749 -115.259
38 508.95 718.909 5 2.69258 -50.2476 32.1592
39 509.223 718.491 5 2.91548 -49.114 5.49646
40 509.497 718.072 5 3.20156 -50.3359 -60.1115
