1 509.951 714.045 5 5.86389 -63.607 -2.93413
2 510.37 714.318 5 6.02736 -64.094 147.211
3 510.79 714.59 5 6.22678 -71.0784 -153.776
4 511.209 714.862 5 6.45884 -63.3298 -62.6427
5 511.628 715.135 5 6.72015 -63.0438 -79.2718
6 512.048 715.407 5 7.00744 -64.1187 154.298
7 512.467 715.679 5 7.31765 -66.795 -63.8099
8 512.886 715.952 5 7.64799 -67.7485 72.2517
9 513.306 716.224 5 7.99597 -62.334 115.609
10 513.725 716.496 5 8.35939 -68.3396 147.6
11 514.144 716.769 5 8.73632 -68.1149 62.5561
12 514.564 717.041 5 9.12508 -93.3752 17.3213
13 514.983 717.313 5 9.52422 -83.5959 -133.446
14 509.679 714.465 5 5.38714 -65.9901 -7.85332
15 510.098 714.737 5 5.56463 -75.0465 -150.062
16 510.517 715.009 5 5.78004 -60.3852 118.325
17 510.937 715.282 5 6.02932 -58.6039 108.092
18 511.356 715.554 5 6.30845 -62.0794 14.9147
19 511.775 715.826 5 6.61364 -62.5944 -139.821
20 512.195 716.099 5 6.94148 -65.8697 -60.9862
21 512.614 716.371 5 7.28889 -63.4509 -10.1997
22 513.033 716.643 5 7.65321 -68.1606 16.8913
23 513.453 716.916 5 8.03215 -70.9619 -51.5513
24 513.872 717.188 5 8.42373 -71.5685 77.1748
25 514.291 717.46 5 8.82627 -66.8139 172.436
26 514.711 717.733 5 9.23834 -75.2094 -176.242
27 509.406 714.884 5 4.91502 -64.9147 -13.9664
28 509.826 715.156 5 5.10893 -66.4489 -104.174
29 510.245 715.429 5 5.34275 -60.7725 -39.9424
30 510.664 715.701 5 5.61148 -62.2502 -89.9046
31 511.084 715.973 5 5.91038 -61.9777 58.1924
32 511.503 716.246 5 6.23509 -71.1084 173.86
33 511.922 716.518 5 6.5818 -64.0732 -136.635
34 512.342 716.79 5 6.94723 -67.1 -99.1121
35 512.761 717.063 5 7.32856 -71.5767 -122.991
36 513.18 717.335 5 7.72344 -69.0303 -68.2883
37 513.6 717.607 5 8.1299 -75.1265 118.567
38 514.019 717.88 5 8.54629 -71.0705 -104.576
39 514.438 718.152 5 8.97123 -68.9272 -57.3002
40 509.134 715.303 5 4.44898 -62.9496 -27.4668
41 509.553 715.576 5 4.66232 -60.9211 72.7857
42 509.973 715.848 5 4.91742 -53.5444 61.6599
43 510.392 716.12 5 5.20815 -57.9266 -29.6093
44 510.811 716.393 5 5.52889 -60.2578 51.5565
45 511.231 716.665 5 5.87473 -63.754 104.109
46 511.65 716.937 5 6.24149 -67.7559 148.644
47 512.069 717.21 5 6.62571 -76.032 -148.756
48 512.489 717.482 5 7.02451 -63.123 -173.693
49 512.908 717.754 5 7.43556 -79.0529 14.1622
50 513.327 718.027 5 7.85693 -76.0896 120.249
51 513.747 718.299 5 8.28705 -77.3364 173.631
52 514.166 718.571 5 8.72462 -77.6112 26.8433
53 508.862 715.723 5 3.99118 -58.2752 -113.086
54 509.281 715.995 5 4.22768 -53.4324 -92.6791
55 509.7 716.267 5 4.50745 -61.6804 158.344
56 510.12 716.54 5 4.82295 -61.1652 -32.8585
57 510.539 716.812 5 5.16766 -64.2867 -0.0396034
58 510.958 717.084 5 5.53611 -60.7733 -4.33562
59 511.378 717.357 5 5.92387 -76.5842 -5.69774
60 511.797 717.629 5 6.32741 -64.1286 71.8717
61 512.216 717.901 5 6.74388 -74.8225 60.5328
62 512.636 718.174 5 7.17103 -91.224 109.756
63 513.055 718.446 5 7.60707 -84.9497 4.41327
64 513.474 718.718 5 8.05054 -93.0423 -124.255
65 513.894 718.991 5 8.5003 -72.522 25.5736
66 508.589 716.142 5 3.54479 -59.6044 69.415
67 509.009 716.414 5 3.80911 -56.0144 9.12861
68 509.428 716.687 5 4.11742 -63.9491 -173.583
69 509.847 716.959 5 4.4606 -63.4446 -159.737
70 510.267 717.231 5 4.83123 -62.438 -135.909
71 510.686 717.504 5 5.22346 -69.3435 87.9535
72 511.105 717.776 5 5.63279 -64.8636 178.637
73 511.525 718.048 5 6.05575 -72.8837 -51.8228
74 511.944 718.321 5 6.48968 -74.526 -39.1762
75 512.363 718.593 5 6.93251 -73.7937 -178.072
76 512.783 718.865 5 7.38265 -85.2857 155.847
77 513.202 719.138 5 7.83883 -78.8058 -84.7877
78 513.621 719.41 5 8.30007 -70.4857 -102.523
79 510.414 717.923 5 4.94172 -69.1363 -167.748
80 510.833 718.195 5 5.37256 -70.1491 -63.0668
81 511.672 718.74 5 6.26514 -79.3454 53.7893
82 512.091 719.012 5 6.72278 -72.0569 109.345
83 512.51 719.285 5 7.18607 -86.1305 -68.2829
84 512.93 719.557 5 7.65398 -76.3706 -28.4528
85 513.349 719.829 5 8.12571 -91.4964 -16.4146
86 510.141 718.342 5 4.69645 -76.1054 156.772
87 510.561 718.615 5 5.14786 -66.528 57.9732
88 511.399 719.159 5 6.07355 -79.1733 -17.133
89 511.819 719.432 5 6.5446 -70.0959 -29.7735
90 512.238 719.704 5 7.01966 -84.6987 4.46212
91 512.657 719.976 5 7.49796 -84.9742 -45.0857
92 513.077 720.249 5 7.97892 -77.4935 -155.301
93 509.869 718.762 5 4.49363 -62.9778 -90.7542
94 510.288 719.034 5 4.96352 -64.4767 -159.36
95 511.127 719.579 5 5.91812 -74.5023 -98.7323
96 511.546 719.851 5 6.40062 -74.5479 33.1274
97 511.966 720.123 5 6.88562 -76.6363 138.287
98 512.385 720.396 5 7.37262 -76.9339 24.1071
99 512.804 720.668 5 7.86125 -80.7011 77.4609
100 509.597 719.181 5 4.33921 -62.0502 11.0859
101 510.016 719.453 5 4.82417 -55.8083 -23.3853
102 509.324 719.6 5 4.23849 -47.8086 -138.159
103 509.744 719.873 5 4.73378 -54.5209 -48.2089
104 509.052 720.02 5 4.19534 -48.8093 18.3031
105 509.471 720.292 5 4.69518 -45.8538 13.8485
