1 514.644 719.84 5 7.64154 -106.036 -93.0666
2 514.371 720.259 5 7.50418 -101.614 -97.4227
3 514.097 720.678 5 7.39813 -98.2202 19.0401
4 513.824 721.096 5 7.32475 -111.423 -99.022
5 513.551 721.515 5 7.28502 -121.537 27.7517
6 513.278 721.934 5 7.2795 -113.613 -163.665
7 513.004 722.353 5 7.30826 -113.782 125.77
8 512.731 722.771 5 7.37091 -122.046 -4.11938
9 512.458 723.19 5 7.46658 -120.428 -40.9088
10 512.185 723.609 5 7.59404 -120.562 -22.2553
11 515.063 720.113 5 8.11915 -109.526 123.234
12 514.789 720.532 5 7.99001 -112.845 142.246
13 514.516 720.951 5 7.89049 -125.785 -110.667
14 514.243 721.37 5 7.82173 -106.374 -163.964
15 513.97 721.788 5 7.78454 -126.575 134.011
16 513.696 722.207 5 7.77937 -124.43 53.0698
17 513.423 722.626 5 7.80629 -110.415 27.9433
18 513.15 723.045 5 7.86497 -108.715 8.23553
19 512.877 723.463 5 7.95471 -113.785 -140.194
20 512.603 723.882 5 8.07447 -112.879 56.1231
21 515.481 720.387 5 8.59931 -103.154 -87.824
22 515.208 720.805 5 8.47748 -106.924 -141.191
23 514.935 721.224 5 8.38375 -112.637 -146.382
24 514.662 721.643 5 8.31907 -114.733 -60.5128
25 514.388 722.062 5 8.28411 -104.75 -65.1287
26 514.115 722.48 5 8.27926 -111.735 158.188
27 513.842 722.899 5 8.30456 -111.599 7.2618
28 513.568 723.318 5 8.35974 -110.803 -124.543
29 513.295 723.737 5 8.44422 -117.02 43.729
30 513.022 724.155 5 8.55713 -108.114 -15.5126
31 515.9 720.66 5 9.08161 -105.87 27.1313
32 515.627 721.079 5 8.96634 -111.711 67.4983
33 515.353 721.497 5 8.87777 -103.894 26.3515
34 515.08 721.916 5 8.81671 -106.941 -37.7812
35 514.807 722.335 5 8.78374 -120.647 39.3677
36 514.534 722.754 5 8.77916 -110.742 -4.49605
37 514.26 723.172 5 8.80303 -125.672 3.78657
38 513.987 723.591 5 8.8551 -117.476 62.603
39 516.319 720.933 5 9.56573 -100.578 8.16402
40 516.045 721.352 5 9.45636 -95.8425 -166.331
41 515.772 721.771 5 9.37243 -105.005 -108.996
42 515.499 722.189 5 9.31461 -107.836 102.001
43 515.226 722.608 5 9.2834 -112.521 29.089
44 514.952 723.027 5 9.27907 -114.455 70.9913
45 514.679 723.446 5 9.30165 -108.269 -79.2802
46 514.406 723.864 5 9.35096 -170.45 167.392
47 516.737 721.206 5 10.0514 -103.437 -112.5
48 516.464 721.625 5 9.94738 -102.946 -137.926
49 516.191 722.044 5 9.86762 -93.4067 26.66
50 515.918 722.463 5 9.81272 -112.971 42.9076
51 515.644 722.881 5 9.7831 -108.245 27.4043
52 515.371 723.3 5 9.77899 -103.318 137.726
53 515.098 723.719 5 9.80042 -126.77 45.4921
54 514.825 724.138 5 9.84723 -250 0
55 517.156 721.48 5 10.5384 -111.571 -136.917
56 516.883 721.898 5 10.4392 -100.322 56.2566
57 516.61 722.317 5 10.3633 -92.7459 85.2577
58 516.336 722.736 5 10.311 -88.1029 -157.269
59 516.063 723.155 5 10.2828 -104.812 -87.2223
60 515.79 723.573 5 10.2789 -106.223 -162.713
61 515.517 723.992 5 10.2993 -118.915 -103.454
62 515.243 724.411 5 10.3439 -250 0
63 517.575 721.753 5 11.0266 -120.567 155.584
64 517.302 722.172 5 10.9319 -100.717 -104.31
65 517.028 722.59 5 10.8593 -94.8187 -68.6383
66 516.755 723.009 5 10.8095 -94.0949 -140.047
67 516.482 723.428 5 10.7826 -96.6314 -5.95641
68 516.209 723.847 5 10.7789 -107.776 33.5721
69 515.935 724.265 5 10.7983 -103.167 -10.0372
70 515.662 724.684 5 10.8408 -107.026 -5.90181
71 517.994 722.026 5 11.5158 -125.427 109.358
72 517.72 722.445 5 11.4251 -101.514 -144.924
73 517.447 722.864 5 11.3557 -102.648 89.3284
74 517.174 723.282 5 11.3081 -113.456 77.2976
75 516.901 723.701 5 11.2824 -107.835 175.874
76 516.627 724.12 5 11.2788 -94.705 124.995
77 516.354 724.539 5 11.2974 -109.558 98.1859
78 516.081 724.957 5 11.338 -104.743 140.016
