1 509.951 714.045 5 5.38667 -66.3267 1.21503
2 510.37 714.318 5 5.56404 -64.2787 110.353
3 510.79 714.59 5 5.77934 -73.0959 156.729
4 511.209 714.862 5 6.02852 -61.0706 104.303
5 511.628 715.135 5 6.30756 -65.2957 32.0668
6 512.048 715.407 5 6.61269 -61.8633 -175.497
7 512.467 715.679 5 6.94046 -67.0264 -27.6441
8 512.886 715.952 5 7.28781 -67.5517 17.5653
9 513.306 716.224 5 7.65209 -75.8093 28.0972
10 513.725 716.496 5 8.03099 -64.8112 -45.0109
11 514.144 716.769 5 8.42253 -70.3018 -85.0483
12 514.564 717.041 5 8.82504 -85.0248 8.82624
13 514.983 717.313 5 9.23708 -86.595 74.6715
14 509.679 714.465 5 4.9145 -64.2742 -41.5058
15 510.098 714.737 5 5.10828 -64.2961 62.4283
16 510.517 715.009 5 5.34199 -63.973 -67.0482
17 510.937 715.282 5 5.61063 -59.4369 -109.125
18 511.356 715.554 5 5.90944 -80.444 114.749
19 511.775 715.826 5 6.23408 -67.2262 -178.953
20 512.195 716.099 5 6.58073 -64.8433 -77.8353
21 512.614 716.371 5 6.9461 -70.6166 -99.3211
22 513.033 716.643 5 7.32738 -67.3039 -179.157
23 513.453 716.916 5 7.72223 -77.0129 -16.8905
24 513.872 717.188 5 8.12866 -64.8686 28.6894
25 514.291 717.46 5 8.54502 -74.4945 126.008
26 514.711 717.733 5 8.96993 -68.1122 76.9072
27 509.406 714.884 5 4.44841 -66.6828 -40.7008
28 509.826 715.156 5 4.66161 -64.6299 -18.3696
29 510.245 715.429 5 4.9166 -55.8669 61.9417
30 510.664 715.701 5 5.20723 -67.6925 -51.762
31 511.084 715.973 5 5.52788 -58.8619 90.3067
32 511.503 716.246 5 5.87365 -62.045 143.314
33 511.922 716.518 5 6.24036 -65.3218 161.404
34 512.342 716.79 5 6.62453 -70.7645 6.41609
35 512.761 717.063 5 7.02329 -70.6641 -90.804
36 513.18 717.335 5 7.43431 -74.7256 -168.93
37 513.6 717.607 5 7.85565 -65.5998 80.4079
38 514.019 717.88 5 8.28574 -67.7101 157.413
39 514.438 718.152 5 8.72329 -67.9744 -151.792
40 509.134 715.303 5 3.99054 -59.2127 -56.0429
41 509.553 715.576 5 4.2269 -56.916 -113.86
42 509.973 715.848 5 4.50655 -63.9265 -178.703
43 510.392 716.12 5 4.82196 -56.8604 -59.956
44 510.811 716.393 5 5.16658 -59.706 22.4682
45 511.231 716.665 5 5.53496 -62.0123 -25.1749
46 511.65 716.937 5 5.92268 -75.148 -154.645
47 512.069 717.21 5 6.32617 -66.3611 111.663
48 512.489 717.482 5 6.7426 -86.3903 -69.1294
49 512.908 717.754 5 7.16973 -74.4174 -91.7928
50 513.327 718.027 5 7.60574 -72.429 -94.7112
51 513.747 718.299 5 8.0492 -76.5287 174.291
52 514.166 718.571 5 8.49893 -73.6906 -66.5933
53 508.862 715.723 5 3.54407 -62.1967 -84.9159
54 509.281 715.995 5 3.80825 -57.9664 0.121782
55 509.7 716.267 5 4.11643 -63.3636 159.239
56 510.12 716.54 5 4.45952 -64.7147 -134.98
57 510.539 716.812 5 4.83007 -67.9965 -135.649
58 510.958 717.084 5 5.22225 -64.7572 86.2425
59 511.378 717.357 5 5.63153 -65.5967 -29.1387
60 511.797 717.629 5 6.05446 -69.5983 179.261
61 512.216 717.901 5 6.48835 -66.1723 -105.685
62 512.636 718.174 5 6.93116 -87.4999 79.7461
63 513.055 718.446 5 7.38128 -76.4975 -97.3511
64 513.474 718.718 5 7.83745 -70.6807 -133.791
65 513.894 718.991 5 8.29867 -68.0881 -19.3513
66 508.589 716.142 5 3.11392 -54.9922 -162.705
67 509.009 716.414 5 3.41157 -61.6627 87.6497
68 509.428 716.687 5 3.75248 -57.4123 136.403
69 509.847 716.959 5 4.12594 -63.4032 67.4559
70 510.267 717.231 5 4.5239 -63.9713 -55.2492
71 510.686 717.504 5 4.94044 -63.9128 166.38
72 511.105 717.776 5 5.37124 -69.0394 -89.0038
73 511.525 718.048 5 5.81313 -69.5545 85.9346
74 511.944 718.321 5 6.26377 -69.9223 131.643
75 512.363 718.593 5 6.72139 -85.5659 137.917
76 512.783 718.865 5 7.18466 -115.674 110.788
77 513.202 719.138 5 7.65256 -73.7905 -142.181
78 513.621 719.41 5 8.12428 -75.1255 60.1579
79 510.414 717.923 5 4.6951 -66.7603 -1.12828
80 510.833 718.195 5 5.14648 -77.0578 -146.261
81 511.672 718.74 5 6.07214 -74.9546 -97.5168
82 512.091 719.012 5 6.54318 -76.8841 39.6124
83 512.51 719.285 5 7.01822 -72.6806 77.8133
84 512.93 719.557 5 7.49651 -72.1409 -74.414
85 513.349 719.829 5 7.97747 -78.0183 -104.96
86 510.141 718.342 5 4.49222 -69.8288 178.508
87 510.561 718.615 5 4.96209 -70.5905 -140.125
88 511.399 719.159 5 5.91666 -80.6443 -109.719
89 511.819 719.432 5 6.39916 -79.7827 -178.051
90 512.238 719.704 5 6.88415 -72.3098 49.2511
91 512.657 719.976 5 7.37114 -80.5016 -2.731
92 513.077 720.249 5 7.85978 -81.944 -96.9559
93 509.869 718.762 5 4.33776 -76.0088 -56.3313
94 510.288 719.034 5 4.8227 -64.5372 -36.5484
95 511.127 719.579 5 5.80026 -70.67 91.792
96 511.546 719.851 5 6.29168 -72.78 119.943
97 511.966 720.123 5 6.78436 -77.7277 86.9041
98 512.385 720.396 5 7.27804 -94.1083 -37.4461
99 512.804 720.668 5 7.77252 -85.8429 53.348
100 509.597 719.181 5 4.237 -67.1174 -163.242
101 510.016 719.453 5 4.73228 -58.5779 -103.693
102 509.324 719.6 5 4.19383 -56.3747 36.8274
103 509.744 719.873 5 4.69367 -60.5857 163.737
104 509.052 720.02 5 4.21002 -52.3762 -55.6
105 509.471 720.292 5 4.70814 -52.5857 45.1908
