1 509.951 714.045 5 5.9074 -58.5375 -145.518
2 510.37 714.318 5 5.77418 -79.4986 16.5222
3 510.79 714.59 5 5.68199 -71.6563 39.5975
4 511.209 714.862 5 5.63284 -61.3733 34.6023
5 511.628 715.135 5 5.62785 -57.8617 -41.9929
6 512.048 715.407 5 5.66714 -65.7822 -150.545
7 512.467 715.679 5 5.74981 -60.5223 109.298
8 512.886 715.952 5 5.87402 -73.2919 -18.7126
9 513.306 716.224 5 6.03721 -59.0132 93.3342
10 513.725 716.496 5 6.23632 -62.662 -157.815
11 514.144 716.769 5 6.46804 -63.8182 -127.155
12 514.564 717.041 5 6.72899 -81.3349 -66.172
13 514.983 717.313 5 7.01592 -77.8903 -59.3651
14 509.679 714.465 5 5.4335 -70.2407 154.198
15 510.098 714.737 5 5.28836 -58.993 76.4767
16 510.517 715.009 5 5.18753 -63.8732 -82.3481
17 510.937 715.282 5 5.13365 -57.2962 -169.163
18 511.356 715.554 5 5.12817 -72.3579 -176.808
19 511.775 715.826 5 5.17126 -70.2748 -179.575
20 512.195 716.099 5 5.26173 -63.182 126.777
21 512.614 716.371 5 5.39718 -63.4263 -10.0063
22 513.033 716.643 5 5.57435 -64.2519 90.3324
23 513.453 716.916 5 5.7894 -60.5659 -19.4292
24 513.872 717.188 5 6.03829 -64.7428 31.374
25 514.291 717.46 5 6.31703 -64.0992 100.035
26 514.711 717.733 5 6.62183 -73.4486 76.8488
27 509.406 714.884 5 4.96471 -64.6304 -57.3545
28 509.826 715.156 5 4.80543 -68.0278 41.6251
29 510.245 715.429 5 4.69425 -57.678 20.3841
30 510.664 715.701 5 4.63463 -68.7577 45.3434
31 511.084 715.973 5 4.62857 -63.5513 -36.5018
32 511.503 716.246 5 4.67626 -59.3302 -52.1556
33 511.922 716.518 5 4.77611 -63.4924 91.9529
34 512.342 716.79 5 4.92494 -65.6361 -22.989
35 512.761 717.063 5 5.11848 -64.3302 93.8311
36 513.18 717.335 5 5.35189 -59.7372 -137.699
37 513.6 717.607 5 5.62019 -66.8167 -122.61
38 514.019 717.88 5 5.91864 -62.7838 -130.114
39 514.438 718.152 5 6.24293 -75.7339 107.659
40 509.134 715.303 5 4.50265 -74.7695 102.053
41 509.553 715.576 5 4.32639 -58.1254 -58.7827
42 509.973 715.848 5 4.20256 -62.1776 -69.9679
43 510.392 716.12 5 4.13586 -57.6463 -164.571
44 510.811 716.393 5 4.12906 -61.4983 -115.243
45 511.231 716.665 5 4.18246 -58.8572 -170.353
46 511.65 716.937 5 4.2938 -59.6884 28.902
47 512.069 717.21 5 4.45876 -55.3575 -39.133
48 512.489 717.482 5 4.67166 -56.1685 24.4649
49 512.908 717.754 5 4.92627 -64.3368 42.056
50 513.327 718.027 5 5.21651 -70.6599 5.344
51 513.747 718.299 5 5.53677 -69.58 6.57429
52 514.166 718.571 5 5.88214 -61.5835 90.9427
53 508.862 715.723 5 4.04961 -55.5968 118.628
54 509.281 715.995 5 3.85268 -67.3103 142.669
55 509.7 716.267 5 3.71308 -61.3654 26.4314
56 510.12 716.54 5 3.63742 -62.4254 142.596
57 510.539 716.812 5 3.62969 -55.5058 48.0695
58 510.958 717.084 5 3.69032 -59.2089 2.65872
59 511.378 717.357 5 3.81605 -62.9323 -161.483
60 511.797 717.629 5 4.00076 -61.0949 32.8379
61 512.216 717.901 5 4.23673 -66.9202 -140.067
62 512.636 718.174 5 4.51594 -77.4407 164.856
63 513.055 718.446 5 4.83089 -77.279 -89.3298
64 513.474 718.718 5 5.17506 -63.476 -16.8687
65 513.894 718.991 5 5.54302 -55.8898 1.53523
66 508.589 716.142 5 3.609 -52.8637 -78.1139
67 509.009 716.414 5 3.38654 -74.4342 139.935
68 509.428 716.687 5 3.22684 -69.0675 18.8426
69 509.847 716.959 5 3.13947 -78.4976 157.217
70 510.267 717.231 5 3.13051 -57.932 36.4889
71 510.686 717.504 5 3.20061 -58.3481 -97.5214
72 511.105 717.776 5 3.34481 -52.692 177.242
73 511.525 718.048 5 3.55409 -65.396 0.602127
74 511.944 718.321 5 3.81777 -69.3907 128.375
75 512.363 718.593 5 4.12543 -73.7833 142.665
76 512.783 718.865 5 4.46799 -63.4471 -157.951
77 513.202 719.138 5 4.83806 -57.6019 -123.543
78 513.621 719.41 5 5.22978 -52.8008 -154.309
79 510.414 717.923 5 2.71467 -56.7219 -95.0411
80 510.833 718.195 5 2.88327 -49.9928 162.245
81 511.672 718.74 5 3.42065 -72.4952 19.5493
82 512.091 719.012 5 3.76094 -59.8089 76.4619
83 512.51 719.285 5 4.13382 -50.6563 115.289
84 512.93 719.557 5 4.53126 -63.9714 118.87
85 513.349 719.829 5 4.94733 -75.0312 28.248
86 510.141 718.342 5 2.23493 -57.8224 -70.5051
87 510.561 718.615 5 2.43695 -49.7143 89.0986
88 511.399 719.159 5 3.05391 -63.5896 -68.3956
89 511.819 719.432 5 3.43077 -54.9884 -66.8986
90 512.238 719.704 5 3.83588 -70.7658 -158.827
91 512.657 719.976 5 4.26119 -70.4117 125.263
92 513.077 720.249 5 4.70123 -71.0578 141.189
93 509.869 718.762 5 1.76646 -50.0728 -149.995
94 510.288 719.034 5 2.01599 -51.7137 95.9389
95 511.127 719.579 5 2.7298 -50.1907 -176.446
96 511.546 719.851 5 3.14573 -81.0022 -68.7225
97 511.966 720.123 5 3.58322 -71.0796 -116.954
98 512.385 720.396 5 4.03525 -81.4799 -57.6085
99 512.804 720.668 5 4.49745 -69.6029 158.04
100 509.597 719.181 5 1.32132 -50.2246 50.7133
101 510.016 719.453 5 1.64003 -55.0927 173.065
102 509.324 719.6 5 0.933479 -52.3887 30.1379
103 509.744 719.873 5 1.34729 -39.5451 -39.683
104 509.052 720.02 5 0.704894 -35.4453 32.7617
105 509.471 720.292 5 1.20029 -38.7426 10.4585
