1 514.644 719.84 5 7.02005 -103.805 108.87
2 514.371 720.259 5 6.90654 -99.2325 25.5771
3 514.097 720.678 5 6.82785 -101.811 -153.099
4 513.824 721.096 5 6.78518 -103.872 -122.32
5 513.551 721.515 5 6.77922 -130.234 105.719
6 513.278 721.934 5 6.81007 -101.305 -44.837
7 513.004 722.353 5 6.87722 -106.447 132.564
8 512.731 722.771 5 6.97964 -110.329 -118.538
9 512.458 723.19 5 7.1158 -116.069 110.42
10 512.185 723.609 5 7.2838 -125.851 -161.515
11 515.063 720.113 5 7.50388 -101.042 -174.216
12 514.789 720.532 5 7.3978 -106.24 5.62202
13 514.516 720.951 5 7.32438 -105.048 -54.4445
14 514.243 721.37 5 7.28463 -103.18 63.153
15 513.97 721.788 5 7.27908 -125.137 172.01
16 513.696 722.207 5 7.30781 -125.707 69.6958
17 513.423 722.626 5 7.37044 -112.123 -113.565
18 513.15 723.045 5 7.46609 -118.185 -9.97119
19 512.877 723.463 5 7.59353 -127.915 35.8959
20 512.603 723.882 5 7.75118 -125.484 32.0216
21 515.481 720.387 5 7.9897 -85.9461 14.4828
22 515.208 720.805 5 7.89015 -110.963 60.998
23 514.935 721.224 5 7.82136 -108.747 -80.8351
24 514.662 721.643 5 7.78414 -105.159 -131.408
25 514.388 722.062 5 7.77895 -94.6352 -63.8767
26 514.115 722.48 5 7.80585 -115.726 -124.166
27 513.842 722.899 5 7.8645 -116.959 -9.14564
28 513.568 723.318 5 7.95422 -116.21 52.115
29 513.295 723.737 5 8.07396 -123.68 18.3232
30 513.022 724.155 5 8.22241 -130.302 102.43
31 515.9 720.66 5 8.47717 -85.958 146.106
32 515.627 721.079 5 8.38341 -106.858 96.9336
33 515.353 721.497 5 8.3187 -114.055 174.317
34 515.08 721.916 5 8.28372 -105.703 98.8307
35 514.807 722.335 5 8.27884 -101.711 128.135
36 514.534 722.754 5 8.30412 -116.311 -51.7135
37 514.26 723.172 5 8.35928 -119.921 -6.86756
38 513.987 723.591 5 8.44374 -114.11 -1.57971
39 516.319 720.933 5 8.96602 -87.5128 136.481
40 516.045 721.352 5 8.87743 -96.5401 6.41227
41 515.772 721.771 5 8.81634 -114.17 -12.557
42 515.499 722.189 5 8.78334 -118.704 -40.7418
43 515.226 722.608 5 8.77874 -116.144 -105.666
44 514.952 723.027 5 8.80258 -118.586 -105.625
45 514.679 723.446 5 8.85464 -143.473 -115.547
46 514.406 723.864 5 8.93442 -250 0
47 516.737 721.206 5 9.45604 -118.189 -32.0943
48 516.464 721.625 5 9.37208 -105.592 -123.407
49 516.191 722.044 5 9.31424 -91.2053 -177.815
50 515.918 722.463 5 9.28301 -102.915 85.3465
51 515.644 722.881 5 9.27865 -107.07 153.076
52 515.371 723.3 5 9.30121 -122.527 -141.981
53 515.098 723.719 5 9.35049 -104.083 11.1181
54 514.825 724.138 5 9.42608 -239.038 -60.8796
55 517.156 721.48 5 9.94705 -107.709 -111.977
56 516.883 721.898 5 9.86727 -85.5491 -7.83183
57 516.61 722.317 5 9.81235 -89.8618 -163.256
58 516.336 722.736 5 9.7827 -90.9662 -21.6746
59 516.063 723.155 5 9.77857 -99.0014 -151.767
60 515.79 723.573 5 9.79998 -101.103 -89.9905
61 515.517 723.992 5 9.84677 -119.135 -39.9714
62 515.243 724.411 5 9.91857 -250 0
63 517.575 721.753 5 10.4389 -106.032 -116.778
64 517.302 722.172 5 10.3629 -86.0772 -18.5947
65 517.028 722.59 5 10.3106 -112.469 -174.393
66 516.755 723.009 5 10.2824 -89.3293 47.1456
67 516.482 723.428 5 10.2785 -93.8622 49.2538
68 516.209 723.847 5 10.2989 -99.5843 2.42891
69 515.935 724.265 5 10.3434 -111.107 82.9066
70 515.662 724.684 5 10.4118 -107.128 108.706
71 517.994 722.026 5 10.9315 -114.16 -4.85679
72 517.72 722.445 5 10.859 -105.564 -157.472
73 517.447 722.864 5 10.8091 -90.7635 -39.2854
74 517.174 723.282 5 10.7822 -116.717 128.916
75 516.901 723.701 5 10.7784 -110.916 -42.3416
76 516.627 724.12 5 10.7979 -92.1929 -107.275
77 516.354 724.539 5 10.8403 -94.7217 28.3363
78 516.081 724.957 5 10.9056 -106.227 92.2923
