1 509.951 714.045 5 5.28727 -74.6665 101.053
2 510.37 714.318 5 5.18628 -58.8068 -148.14
3 510.79 714.59 5 5.13223 -47.8456 -32.2749
4 511.209 714.862 5 5.12661 -49.5647 17.1219
5 511.628 715.135 5 5.16957 -62.7586 67.4264
6 512.048 715.407 5 5.25991 -68.109 -108.255
7 512.467 715.679 5 5.39528 -73.1331 -74.1443
8 512.886 715.952 5 5.57237 -71.6437 -173.206
9 513.306 716.224 5 5.78737 -67.745 -141.218
10 513.725 716.496 5 6.03622 -69.0282 -106.957
11 514.144 716.769 5 6.31492 -68.9788 17.443
12 514.564 717.041 5 6.61971 -85.1635 -118.81
13 514.983 717.313 5 6.94714 -88.6515 104.554
14 509.679 714.465 5 4.80439 -60.7226 111.724
15 510.098 714.737 5 4.69303 -56.0235 -145.161
16 510.517 715.009 5 4.63323 -47.595 -26.8737
17 510.937 715.282 5 4.627 -46.9556 22.3078
18 511.356 715.554 5 4.67455 -60.1496 -11.5513
19 511.775 715.826 5 4.77428 -72.9008 28.8414
20 512.195 716.099 5 4.92301 -71.9438 -36.9262
21 512.614 716.371 5 5.11647 -86.5954 -86.0544
22 513.033 716.643 5 5.34982 -73.5231 145.479
23 513.453 716.916 5 5.61809 -69.5909 -106.856
24 513.872 717.188 5 5.91652 -71.3094 80.1285
25 514.291 717.46 5 6.24079 -85.1039 137.105
26 514.711 717.733 5 6.58709 -86.4106 157.592
27 509.406 714.884 5 4.32541 -63.6597 59.4743
28 509.826 715.156 5 4.20137 -62.9873 -135.114
29 510.245 715.429 5 4.13447 -48.0637 -37.3171
30 510.664 715.701 5 4.12748 -48.1249 13.2262
31 511.084 715.973 5 4.18072 -62.2983 105.542
32 511.503 716.246 5 4.29193 -60.6646 29.7656
33 511.922 716.518 5 4.45679 -75.1657 -74.3456
34 512.342 716.79 5 4.66961 -70.527 134.052
35 512.761 717.063 5 4.92419 -70.8144 -95.8432
36 513.18 717.335 5 5.21439 -70.9159 -8.6235
37 513.6 717.607 5 5.53464 -77.6911 -6.90646
38 514.019 717.88 5 5.88001 -70.4334 43.0664
39 514.438 718.152 5 6.24634 -89.3967 61.5444
40 509.134 715.303 5 3.85178 -57.4349 -80.5943
41 509.553 715.576 5 3.71194 -57.5974 -179.668
42 509.973 715.848 5 3.63604 -51.3585 -27.673
43 510.392 716.12 5 3.6281 -48.5756 21.1691
44 510.811 716.393 5 3.68855 -62.6976 35.9409
45 511.231 716.665 5 3.81415 -60.8564 -41.6739
46 511.65 716.937 5 3.99875 -79.1591 -126.604
47 512.069 717.21 5 4.23465 -66.9058 69.7988
48 512.489 717.482 5 4.51382 -66.5504 173.826
49 512.908 717.754 5 4.82876 -71.7825 167.6
50 513.327 718.027 5 5.17293 -81.8396 -178.238
51 513.747 718.299 5 5.54089 -75.5561 131.056
52 514.166 718.571 5 5.92822 -92.611 47.0424
53 508.862 715.723 5 3.38574 -62.9227 -73.3871
54 509.281 715.995 5 3.22576 -57.1625 -104.951
55 509.7 716.267 5 3.13812 -48.5674 -25.7561
56 510.12 716.54 5 3.12891 -46.8167 13.9088
57 510.539 716.812 5 3.19881 -69.7186 -27.3683
58 510.958 717.084 5 3.34286 -66.2296 97.4084
59 511.378 717.357 5 3.55204 -76.6602 -70.0898
60 511.797 717.629 5 3.81567 -65.542 64.9227
61 512.216 717.901 5 4.1233 -75.394 61.5192
62 512.636 718.174 5 4.46586 -76.1715 14.5573
63 513.055 718.446 5 4.83593 -82.8047 -139.844
64 513.474 718.718 5 5.22767 -75.5674 -13.8589
65 513.894 718.991 5 5.63656 -68.8143 78.3208
66 508.589 716.142 5 2.93091 -52.6022 83.7976
67 509.009 716.414 5 2.74454 -55.3806 -112.779
68 509.428 716.687 5 2.64099 -48.4781 -34.6372
69 509.847 716.959 5 2.63004 -47.2122 12.3242
70 510.267 717.231 5 2.71282 -63.8288 22.4147
71 510.686 717.504 5 2.88127 -65.3022 74.2534
72 511.105 717.776 5 3.12154 -55.4645 -104.434
73 511.525 718.048 5 3.41852 -73.6369 151.912
74 511.944 718.321 5 3.7588 -76.2173 128.446
75 512.363 718.593 5 4.13169 -73.7033 128.293
76 512.783 718.865 5 4.52915 -69.0349 -175.847
77 513.202 719.138 5 4.94525 -71.8511 -40.2177
78 513.621 719.41 5 5.37567 -74.1006 -149.966
79 510.414 717.923 5 2.43489 -75.0379 -16.3938
80 510.833 718.195 5 2.71496 -59.9636 -146.164
81 511.672 718.74 5 3.42864 -75.8699 34.6371
82 512.091 719.012 5 3.83378 -75.1821 121.256
83 512.51 719.285 5 4.25913 -72.3645 -149.177
84 512.93 719.557 5 4.6992 -78.4046 -157.511
85 513.349 719.829 5 5.15022 -83.6703 65.0925
86 510.141 718.342 5 2.01388 -61.5315 -28.243
87 510.561 718.615 5 2.34478 -66.666 -149.139
88 511.399 719.159 5 3.14366 -86.5909 -31.8333
89 511.819 719.432 5 3.58119 -73.5984 89.7163
90 512.238 719.704 5 4.03326 -84.4694 -48.1691
91 512.657 719.976 5 4.4955 -72.654 -97.4958
92 513.077 720.249 5 4.96506 -76.5537 -8.39327
93 509.869 718.762 5 1.6379 -61.2617 -56.9522
94 510.288 719.034 5 2.03101 -55.4336 -129.372
95 511.127 719.579 5 2.91712 -73.1575 -48.1935
96 511.546 719.851 5 3.38407 -85.7845 51.8723
97 511.966 720.123 5 3.8593 -88.9714 179.621
98 512.385 720.396 5 4.3401 -82.1257 -39.6304
99 512.804 720.668 5 4.82481 -80.8939 -13.7658
100 509.597 719.181 5 1.34525 -60.0751 177.938
101 510.016 719.453 5 1.80333 -54.9073 152.497
102 509.324 719.6 5 1.19863 -41.4521 4.13015
103 509.744 719.873 5 1.69676 -46.3444 17.0648
104 509.052 720.02 5 1.25048 -39.3989 -94.415
105 509.471 720.292 5 1.73378 -42.5193 -50.609
