1 509.951 714.045 5 4.91398 -68.4567 -10.344
2 510.37 714.318 5 5.10764 -67.0144 113.982
3 510.79 714.59 5 5.34123 -71.6124 120.185
4 511.209 714.862 5 5.60977 -65.5141 175.376
5 511.628 715.135 5 5.90849 -66.7512 29.7016
6 512.048 715.407 5 6.23306 -65.0186 -159.702
7 512.467 715.679 5 6.57965 -59.7553 -91.8376
8 512.886 715.952 5 6.94497 -72.219 -75.0859
9 513.306 716.224 5 7.32621 -66.9577 171.445
10 513.725 716.496 5 7.72102 -66.7188 166.273
11 514.144 716.769 5 8.12742 -72.1527 173.754
12 514.564 717.041 5 8.54375 -77.4935 168.057
13 514.983 717.313 5 8.96864 -91.5517 -103.946
14 509.679 714.465 5 4.44784 -72.9744 -41.8737
15 510.098 714.737 5 4.6609 -64.6308 78.5002
16 510.517 715.009 5 4.91577 -64.0095 -27.8264
17 510.937 715.282 5 5.2063 -60.5885 -63.3931
18 511.356 715.554 5 5.52688 -59.0399 91.6814
19 511.775 715.826 5 5.87257 -59.4699 127.424
20 512.195 716.099 5 6.23922 -72.4292 96.983
21 512.614 716.371 5 6.62334 -76.05 7.8429
22 513.033 716.643 5 7.02207 -69.6572 -66.6724
23 513.453 716.916 5 7.43305 -68.8448 -92.7588
24 513.872 717.188 5 7.85436 -66.6916 -9.30091
25 514.291 717.46 5 8.28443 -67.262 -97.9029
26 514.711 717.733 5 8.72196 -69.6155 48.5322
27 509.406 714.884 5 3.9899 -71.1178 -121.002
28 509.826 715.156 5 4.22612 -64.3604 13.2372
29 510.245 715.429 5 4.50565 -59.7928 178.251
30 510.664 715.701 5 4.82096 -57.5759 -66.6514
31 511.084 715.973 5 5.1655 -61.3469 38.943
32 511.503 716.246 5 5.53382 -67.9962 -39.2006
33 511.922 716.518 5 5.92148 -74.24 -32.9862
34 512.342 716.79 5 6.32493 -68.2215 150.39
35 512.761 717.063 5 6.74133 -75.9354 6.56166
36 513.18 717.335 5 7.16842 -67.7169 -144.575
37 513.6 717.607 5 7.60441 -66.416 42.3211
38 514.019 717.88 5 8.04785 -66.5985 112.814
39 514.438 718.152 5 8.49757 -78.2992 24.1249
40 509.134 715.303 5 3.54336 -64.4361 -40.6274
41 509.553 715.576 5 3.80738 -62.7611 -75.5505
42 509.973 715.848 5 4.11545 -62.2014 -166.165
43 510.392 716.12 5 4.45844 -61.847 -139.448
44 510.811 716.393 5 4.82892 -67.2783 -52.5887
45 511.231 716.665 5 5.22104 -65.6041 65.4144
46 511.65 716.937 5 5.63028 -70.6511 -6.50892
47 512.069 717.21 5 6.05316 -68.4326 -154.991
48 512.489 717.482 5 6.48703 -72.9133 -5.60068
49 512.908 717.754 5 6.92982 -74.9459 147.219
50 513.327 718.027 5 7.37991 -76.5802 15.7738
51 513.747 718.299 5 7.83606 -66.8656 -154.951
52 514.166 718.571 5 8.29727 -67.3139 -149.131
53 508.862 715.723 5 3.11311 -65.3911 -63.9532
54 509.281 715.995 5 3.4106 -58.391 90.466
55 509.7 716.267 5 3.7514 -56.9259 136.266
56 510.12 716.54 5 4.12477 -63.9765 59.9956
57 510.539 716.812 5 4.52267 -59.4989 -66.1654
58 510.958 717.084 5 4.93916 -61.3029 -175.332
59 511.378 717.357 5 5.36992 -64.716 -5.9809
60 511.797 717.629 5 5.81179 -67.6946 119.538
61 512.216 717.901 5 6.2624 -73.6971 -26.823
62 512.636 718.174 5 6.72 -72.3911 -26.2471
63 513.055 718.446 5 7.18326 -73.388 114.516
64 513.474 718.718 5 7.65114 -72.0932 -112.687
65 513.894 718.991 5 8.12285 -69.2252 -45.846
66 508.589 716.142 5 2.70693 -54.4161 -68.0712
67 509.009 716.414 5 3.04438 -56.5451 9.69122
68 509.428 716.687 5 3.42185 -68.5083 30.9423
69 509.847 716.959 5 3.82751 -66.0773 107.634
70 510.267 717.231 5 4.2533 -63.9747 -4.76254
71 510.686 717.504 5 4.69376 -74.665 -146.352
72 511.105 717.776 5 5.14511 -71.7424 21.4974
73 511.525 718.048 5 5.60472 -90.8653 61.098
74 511.944 718.321 5 6.07072 -86.9894 -109.394
75 512.363 718.593 5 6.54175 -72.0083 -103.801
76 512.783 718.865 5 7.01678 -76.9492 -67.4657
77 513.202 719.138 5 7.49507 -70.2089 -107.856
78 513.621 719.41 5 7.97601 -72.6678 16.8633
79 510.414 717.923 5 4.49081 -63.9833 -4.32334
80 510.833 718.195 5 4.96066 -77.1298 -38.8165
81 511.672 718.74 5 5.91521 -81.357 142.33
82 512.091 719.012 5 6.3977 -77.7237 125.443
83 512.51 719.285 5 6.88268 -74.2234 71.0397
84 512.93 719.557 5 7.36967 -70.6383 -178.017
85 513.349 719.829 5 7.8583 -80.8251 -48.3974
86 510.141 718.342 5 4.3363 -72.1903 -159.42
87 510.561 718.615 5 4.82123 -71.5289 155.557
88 511.399 719.159 5 5.79878 -73.2842 -163.392
89 511.819 719.432 5 6.2902 -68.933 78.1726
90 512.238 719.704 5 6.78287 -71.8628 -56.0419
91 512.657 719.976 5 7.27655 -79.9576 -105.564
92 513.077 720.249 5 7.77103 -81.6402 -155.854
93 509.869 718.762 5 4.23551 -62.4735 172.259
94 510.288 719.034 5 4.73078 -62.1719 0.133705
95 511.127 719.579 5 5.7238 -65.4723 -118.801
96 511.546 719.851 5 6.22114 -70.2353 6.54014
97 511.966 720.123 5 6.71888 -76.9023 74.6464
98 512.385 720.396 5 7.21694 -92.5403 10.4029
99 512.804 720.668 5 7.71524 -78.5777 118.703
100 509.597 719.181 5 4.19232 -68.0491 -113.263
101 510.016 719.453 5 4.69216 -56.1246 -71.8774
102 509.324 719.6 5 4.20852 -55.0096 27.5863
103 509.744 719.873 5 4.70664 -50.1027 -13.9494
104 509.052 720.02 5 4.28342 -48.6617 63.0384
105 509.471 720.292 5 4.77373 -54.2623 -168.827
