1 505.473 717.831 5 2 -44.1908 -16.2845
2 505.747 717.412 5 2.06155 -40.9742 140.536
3 506.02 716.994 5 2.23607 -46.372 -11.2515
4 506.294 716.575 5 2.5 -50.4307 -0.190171
5 506.567 716.157 5 2.82843 -49.2484 115.839
6 505.891 718.104 5 1.5 -39.4183 -21.4439
7 506.165 717.686 5 1.58114 -41.6792 124.2
8 506.439 717.267 5 1.80278 -43.8186 -167.221
9 506.712 716.849 5 2.12132 -45.8357 14.7574
10 506.986 716.43 5 2.5 -43.3665 -7.79995
11 506.31 718.378 5 1 -35.3893 5.16035
12 506.584 717.96 5 1.11803 -37.8322 12.9979
13 506.857 717.541 5 1.41421 -42.1335 -127.207
14 507.131 717.123 5 1.80278 -42.5908 -157.349
15 507.404 716.704 5 2.23607 -48.283 46.4531
16 506.728 718.652 5 0.5 -32.5037 -6.46623
17 507.002 718.233 5 0.707107 -37.7498 129.246
18 507.276 717.815 5 1.11803 -42.327 2.8192
19 507.549 717.396 5 1.58114 -53.8619 -24.7112
20 507.823 716.978 5 2.06155 -51.677 -83.0639
21 507.147 718.925 5 0 -36.4853 47.41
22 507.421 718.507 5 0.5 -30.885 10.3326
23 507.694 718.088 5 1 -33.7002 9.4381
24 507.968 717.67 5 1.5 -39.347 33.2375
25 508.241 717.251 5 2 -40.0164 4.10089
26 507.565 719.199 5 0.5 -32.8758 5.43551
27 507.839 718.78 5 0.707107 -36.2512 124.162
28 508.113 718.362 5 1.11803 -42.5719 -25.3234
29 508.386 717.943 5 1.58114 -54.9006 -131.638
30 508.66 717.525 5 2.06155 -51.5659 -50.579
31 507.984 719.472 5 1 -36.336 24.8728
32 508.258 719.054 5 1.11803 -40.2787 32.4148
33 508.531 718.635 5 1.41421 -41.6596 -135.24
34 508.805 718.217 5 1.80278 -39.0431 -136.812
35 509.078 717.798 5 2.23607 -58.5294 11.0031
36 508.402 719.746 5 1.5 -39.8234 -2.98369
37 508.676 719.328 5 1.58114 -38.2822 141.057
38 508.95 718.909 5 1.80278 -44.2513 5.46897
39 509.223 718.491 5 2.12132 -52.5506 -145.46
40 509.497 718.072 5 2.5 -56.1901 154.115
