1 505.473 717.831 5 3.04138 -50.2594 -178.361
2 505.747 717.412 5 3 -44.8957 -16.3086
3 506.02 716.994 5 3.04138 -48.6144 158.301
4 506.294 716.575 5 3.16228 -45.2538 162.026
5 506.567 716.157 5 3.3541 -46.8118 67.4343
6 505.891 718.104 5 2.54951 -48.0269 -101.268
7 506.165 717.686 5 2.5 -38.3603 -17.3448
8 506.439 717.267 5 2.54951 -53.0675 134.22
9 506.712 716.849 5 2.69258 -51.0143 102.662
10 506.986 716.43 5 2.91548 -50.8949 -76.92
11 506.31 718.378 5 2.06155 -39.8895 152.578
12 506.584 717.96 5 2 -37.9672 -16.8538
13 506.857 717.541 5 2.06155 -41.9139 -170.979
14 507.131 717.123 5 2.23607 -44.3971 -6.32684
15 507.404 716.704 5 2.5 -52.9699 48.4038
16 506.728 718.652 5 1.58114 -39.1804 162.074
17 507.002 718.233 5 1.5 -39.352 -4.60891
18 507.276 717.815 5 1.58114 -40.5244 125.081
19 507.549 717.396 5 1.80278 -46.7698 -127.123
20 507.823 716.978 5 2.12132 -49.3137 31.5908
21 507.147 718.925 5 1.11803 -40.5272 20.1125
22 507.421 718.507 5 1 -37.6209 -0.166355
23 507.694 718.088 5 1.11803 -47.399 -31.3443
24 507.968 717.67 5 1.41421 -40.0131 -123.403
25 508.241 717.251 5 1.80278 -43.1523 -173.419
26 507.565 719.199 5 0.707107 -36.9616 122.377
27 507.839 718.78 5 0.5 -31.9048 -6.11848
28 508.113 718.362 5 0.707107 -38.4674 119.109
29 508.386 717.943 5 1.11803 -37.8086 17.1935
30 508.66 717.525 5 1.58114 -39.8424 72.2204
31 507.984 719.472 5 0.5 -32.0644 19.9539
32 508.258 719.054 5 0 -37.9893 20.244
33 508.531 718.635 5 0.5 -31.1876 9.40055
34 508.805 718.217 5 1 -36.1961 -1.7169
35 509.078 717.798 5 1.5 -37.5267 23.0904
36 508.402 719.746 5 0.707107 -35.6381 123.452
37 508.676 719.328 5 0.5 -32.7383 -12.3702
38 508.95 718.909 5 0.707107 -40.1084 -40.8175
39 509.223 718.491 5 1.11803 -42.9508 103.661
40 509.497 718.072 5 1.58114 -47.5281 -129.847
