1 509.951 714.045 5 3.85333 -70.3301 178.592
2 510.37 714.318 5 3.71294 -72.5188 48.5241
3 510.79 714.59 5 3.63644 -50.6893 -32.3212
4 511.209 714.862 5 3.62787 -48.2265 -30.3307
5 511.628 715.135 5 3.68771 -53.342 154.691
6 512.048 715.407 5 3.81274 -61.3343 -136.974
7 512.467 715.679 5 3.99684 -60.87 -107.347
8 512.886 715.952 5 4.23232 -65.1568 -73.1383
9 513.306 716.224 5 4.51113 -69.3993 42.3665
10 513.725 716.496 5 4.82577 -74.568 -100.099
11 514.144 716.769 5 5.1697 -73.0171 -111.532
12 514.564 717.041 5 5.53747 -112.631 -42.3559
13 514.983 717.313 5 5.92464 -104.028 44.3679
14 509.679 714.465 5 3.38749 -56.4314 -149.478
15 510.098 714.737 5 3.2269 -58.4152 -60.8242
16 510.517 715.009 5 3.13858 -50.7938 -24.0611
17 510.937 715.282 5 3.12865 -47.8564 -24.0244
18 511.356 715.554 5 3.19784 -56.288 128.465
19 511.775 715.826 5 3.34125 -65.0916 -29.7225
20 512.195 716.099 5 3.54989 -70.3568 41.7626
21 512.614 716.371 5 3.81307 -68.783 -24.3473
22 513.033 716.643 5 4.12035 -78.0521 117.679
23 513.453 716.916 5 4.46263 -66.2316 147.38
24 513.872 717.188 5 4.83248 -68.1641 -13.6363
25 514.291 717.46 5 5.22404 -75.2515 -22.1929
26 514.711 717.733 5 5.63279 -80.1609 119.678
27 509.406 714.884 5 2.93294 -57.0754 61.8109
28 509.826 715.156 5 2.74588 -53.8331 -96.4611
29 510.245 715.429 5 2.64152 -48.5402 -43.767
30 510.664 715.701 5 2.62972 -45.698 -30.8911
31 511.084 715.973 5 2.71168 -58.1921 100.696
32 511.503 716.246 5 2.8794 -61.7416 -96.8191
33 511.922 716.518 5 3.11909 -79.3493 131.395
34 512.342 716.79 5 3.41563 -69.1219 -105.393
35 512.761 717.063 5 3.75557 -66.4473 -12.3561
36 513.18 717.335 5 4.1282 -71.9013 -73.3003
37 513.6 717.607 5 4.52546 -74.5103 44.3683
38 514.019 717.88 5 4.94141 -76.3799 103.292
39 514.438 718.152 5 5.37172 -82.2358 141.737
40 509.134 715.303 5 2.49582 -53.9671 -157.011
41 509.553 715.576 5 2.27308 -53.2553 -133.106
42 509.973 715.848 5 2.14584 -47.7185 -57.0207
43 510.392 716.12 5 2.13129 -45.4691 -38.5364
44 510.811 716.393 5 2.23163 -58.7522 13.7134
45 511.231 716.665 5 2.43268 -58.3979 42.0248
46 511.65 716.937 5 2.71214 -66.9338 -173.496
47 512.069 717.21 5 3.04852 -94.0359 60.6451
48 512.489 717.482 5 3.42509 -63.1073 111.738
49 512.908 717.754 5 3.83002 -69.8276 -148.849
50 513.327 718.027 5 4.25521 -74.3043 18.5511
51 513.747 718.299 5 4.69517 -74.6857 101.223
52 514.166 718.571 5 5.1461 -85.9732 9.45494
53 508.862 715.723 5 2.08713 -51.0549 -70.6951
54 509.281 715.995 5 1.8149 -55.164 37.3622
55 509.7 716.267 5 1.65277 -49.4335 -76.2239
56 510.12 716.54 5 1.63383 -44.6794 -41.7753
57 510.539 716.812 5 1.76272 -58.4304 -120.109
58 510.958 717.084 5 2.01121 -58.1941 74.1538
59 511.378 717.357 5 2.34152 -61.9229 119.211
60 511.797 717.629 5 2.72406 -74.5198 19.4
61 512.216 717.901 5 3.13979 -72.8133 -86.0896
62 512.636 718.174 5 3.57715 -74.7388 25.6765
63 513.055 718.446 5 4.02912 -83.9226 92.7509
64 513.474 718.718 5 4.49128 -81.4404 91.2197
65 513.894 718.991 5 4.96078 -78.3497 -37.2403
66 508.589 716.142 5 1.72716 -56.596 -169.324
67 509.009 716.414 5 1.38595 -48.4365 167.617
68 509.428 716.687 5 1.1656 -53.2482 -107.383
69 509.847 716.959 5 1.1386 -43.1658 -57.9628
70 510.267 717.231 5 1.31688 -56.1024 -11.4627
71 510.686 717.504 5 1.63461 -64.9711 28.4436
72 511.105 717.776 5 2.02724 -68.5646 167.073
73 511.525 718.048 5 2.45916 -65.8809 134.055
74 511.944 718.321 5 2.91295 -74.5399 -27.4777
75 512.363 718.593 5 3.3798 -77.6483 -112.395
76 512.783 718.865 5 3.85497 -70.7271 -118.41
77 513.202 719.138 5 4.33573 -86.6511 -100.736
78 513.621 719.41 5 4.82041 -74.0469 -170.694
79 510.414 717.923 5 1.34124 -62.2747 78.9721
80 510.833 718.195 5 1.79908 -65.097 168.724
81 511.672 718.74 5 2.75903 -77.289 112.448
82 512.091 719.012 5 3.24808 -70.3228 -80.3775
83 512.51 719.285 5 3.74002 -73.6647 84.8418
84 512.93 719.557 5 4.23386 -80.0971 142.828
85 513.349 719.829 5 4.72899 -82.6745 -146.932
86 510.141 718.342 5 1.19412 -63.622 117.715
87 510.561 718.615 5 1.69225 -62.9588 -145.784
88 511.399 719.159 5 2.69058 -69.7244 -169.764
89 511.819 719.432 5 3.19014 -75.664 4.58866
90 512.238 719.704 5 3.68982 -75.6127 -178.736
91 512.657 719.976 5 4.18958 -68.1409 -109.778
92 513.077 720.249 5 4.68938 -73.1293 -92.6868
93 509.869 718.762 5 1.24616 -63.2863 146.149
94 510.288 719.034 5 1.72936 -61.6008 -97.5193
95 511.127 719.579 5 2.71408 -73.1921 -164.117
96 511.546 719.851 5 3.20998 -74.0539 21.9332
97 511.966 720.123 5 3.70699 -74.0737 -16.9475
98 512.385 720.396 5 4.2047 -72.4574 81.92
99 512.804 720.668 5 4.7029 -83.1865 -59.6586
100 509.597 719.181 5 1.47645 -72.9993 -113.473
101 510.016 719.453 5 1.90202 -57.6091 -120.634
102 509.324 719.6 5 1.81849 -70.291 113.498
103 509.744 719.873 5 2.17823 -55.0125 -84.458
104 509.052 720.02 5 2.22124 -65.7169 -79.7766
105 509.471 720.292 5 2.52422 -73.6899 -6.7282
