1 514.644 719.84 5 8.96568 -108.641 -141.952
2 514.371 720.259 5 8.87718 -108.096 -82.2551
3 514.097 720.678 5 8.81619 -103.56 142.856
4 513.824 721.096 5 8.78328 -100.035 -95.9702
5 513.551 721.515 5 8.77877 -122.5 160.814
6 513.278 721.934 5 8.80271 -133.021 151.96
7 513.004 722.353 5 8.85486 -110.939 159.806
8 512.731 722.771 5 8.93473 -143.793 53.5896
9 512.458 723.19 5 9.04158 -130.523 -154.215
10 512.185 723.609 5 9.17448 -127.889 -117.903
11 515.063 720.113 5 9.45572 -108.098 -119.652
12 514.789 720.532 5 9.37184 -109.333 -61.5617
13 514.516 720.951 5 9.31409 -124.229 -116.52
14 514.243 721.37 5 9.28295 -105.07 -52.7432
15 513.97 721.788 5 9.27868 -117.621 -50.6915
16 513.696 722.207 5 9.30133 -120.54 179.184
17 513.423 722.626 5 9.3507 -117.792 139.958
18 513.15 723.045 5 9.42637 -126.065 -1.89347
19 512.877 723.463 5 9.52771 -118.602 -50.8696
20 512.603 723.882 5 9.65392 -133.248 -21.5304
21 515.481 720.387 5 9.94674 -95.5624 127.151
22 515.208 720.805 5 9.86704 -114.592 94.8748
23 514.935 721.224 5 9.81221 -116.58 -145.722
24 514.662 721.643 5 9.78265 -125.451 -28.5666
25 514.388 722.062 5 9.7786 -109.395 89.5716
26 514.115 722.48 5 9.8001 -120.548 -80.2668
27 513.842 722.899 5 9.84696 -120.3 -44.0066
28 513.568 723.318 5 9.91885 -113.274 8.96742
29 513.295 723.737 5 10.0152 -116.089 -3.25952
30 513.022 724.155 5 10.1353 -109.629 97.5653
31 515.9 720.66 5 10.4386 -104.601 20.9245
32 515.627 721.079 5 10.3627 -111.508 -55.6694
33 515.353 721.497 5 10.3105 -113.941 -41.2839
34 515.08 721.916 5 10.2824 -125.607 42.8792
35 514.807 722.335 5 10.2785 -111.151 102.383
36 514.534 722.754 5 10.299 -110.4 -129.998
37 514.26 723.172 5 10.3436 -116.257 97.081
38 513.987 723.591 5 10.412 -119.369 47.9662
39 516.319 720.933 5 10.9312 -100.391 -27.0153
40 516.045 721.352 5 10.8588 -117.811 -103.472
41 515.772 721.771 5 10.809 -107.701 -139.698
42 515.499 722.189 5 10.7821 -118.866 2.46334
43 515.226 722.608 5 10.7785 -121.401 -58.6276
44 514.952 723.027 5 10.798 -122.904 -72.3872
45 514.679 723.446 5 10.8405 -116.654 23.3406
46 514.406 723.864 5 10.9059 -144.765 -173.926
47 516.737 721.206 5 11.4245 -103.378 -175.853
48 516.464 721.625 5 11.3552 -97.9881 -116.655
49 516.191 722.044 5 11.3076 -100.84 162.795
50 515.918 722.463 5 11.2819 -114.161 -124.733
51 515.644 722.881 5 11.2784 -102.241 -41.3297
52 515.371 723.3 5 11.297 -120.772 -109.049
53 515.098 723.719 5 11.3377 -110.614 83.5707
54 514.825 724.138 5 11.4002 -124.231 -16.6235
55 517.156 721.48 5 11.9183 -108.47 -167.359
56 516.883 721.898 5 11.8519 -109.969 136.268
57 516.61 722.317 5 11.8063 -95.1344 76.2049
58 516.336 722.736 5 11.7817 -96.5099 -80.7934
59 516.063 723.155 5 11.7783 -102.373 161.357
60 515.79 723.573 5 11.7962 -100.519 100.187
61 515.517 723.992 5 11.8352 -111.596 88.979
62 515.243 724.411 5 11.895 -250 0
63 517.575 721.753 5 12.4126 -113.766 -179.287
64 517.302 722.172 5 12.3488 -117.604 -107.84
65 517.028 722.59 5 12.3051 -93.8722 35.3439
66 516.755 723.009 5 12.2815 -98.3608 -160.018
67 516.482 723.428 5 12.2783 -108.95 62.2589
68 516.209 723.847 5 12.2954 -109.82 -73.6788
69 515.935 724.265 5 12.3328 -106.415 -126.001
70 515.662 724.684 5 12.3903 -108.527 -135.841
71 517.994 722.026 5 12.9074 -102.086 -93.1206
72 517.72 722.445 5 12.8461 -115.693 129.333
73 517.447 722.864 5 12.804 -136.76 -73.7143
74 517.174 723.282 5 12.7813 -89.7389 -149.716
75 516.901 723.701 5 12.7783 -101.326 148.629
76 516.627 724.12 5 12.7947 -104.781 148.968
77 516.354 724.539 5 12.8306 -97.5382 135.782
78 516.081 724.957 5 12.8859 -107.32 153.523
