1 514.644 719.84 5 7.50378 -107.712 -113.673
2 514.371 720.259 5 7.39772 -93.3807 1.98558
3 514.097 720.678 5 7.32434 -98.8123 -89.1182
4 513.824 721.096 5 7.28461 -100.078 -35.851
5 513.551 721.515 5 7.27909 -118.746 84.1474
6 513.278 721.934 5 7.30785 -100.515 42.6298
7 513.004 722.353 5 7.3705 -112.965 43.4619
8 512.731 722.771 5 7.46618 -112.64 -81.6538
9 512.458 723.19 5 7.59365 -119.483 128.714
10 512.185 723.609 5 7.75133 -125.945 -29.9249
11 515.063 720.113 5 7.98961 -110.308 -109.476
12 514.789 720.532 5 7.89008 -107 19.3217
13 514.516 720.951 5 7.82132 -99.8522 66.5714
14 514.243 721.37 5 7.78412 -97.9431 130.357
15 513.97 721.788 5 7.77896 -120.811 124.145
16 513.696 722.207 5 7.80588 -115.392 -5.28583
17 513.423 722.626 5 7.86457 -113.328 27.8769
18 513.15 723.045 5 7.95431 -127.047 55.4594
19 512.877 723.463 5 8.07407 -117.138 110.92
20 512.603 723.882 5 8.22254 -119.679 116.276
21 515.481 720.387 5 8.47708 -95.7367 -116.535
22 515.208 720.805 5 8.38335 -104.594 87.4663
23 514.935 721.224 5 8.31866 -110.465 -156.599
24 514.662 721.643 5 8.2837 -99.6132 -63.4871
25 514.388 722.062 5 8.27885 -98.4173 -37.6493
26 514.115 722.48 5 8.30415 -108.486 -170.84
27 513.842 722.899 5 8.35934 -110.749 173.306
28 513.568 723.318 5 8.44382 -119.78 -45.2144
29 513.295 723.737 5 8.55673 -115.169 138.723
30 513.022 724.155 5 8.69697 -112.221 -134.989
31 515.9 720.66 5 8.96594 -83.4176 89.0515
32 515.627 721.079 5 8.87737 -119.6 2.97771
33 515.353 721.497 5 8.8163 -112.987 78.6185
34 515.08 721.916 5 8.78333 -99.5712 71.6475
35 514.807 722.335 5 8.77875 -100.692 147.983
36 514.534 722.754 5 8.80261 -108.797 36.1627
37 514.26 723.172 5 8.85469 -109.193 -139.194
38 513.987 723.591 5 8.93449 -111.9 110.758
39 516.319 720.933 5 9.45596 -110.741 83.8057
40 516.045 721.352 5 9.37202 -97.3498 -6.75889
41 515.772 721.771 5 9.3142 -124.309 -54.3606
42 515.499 722.189 5 9.28299 -107.276 -139.435
43 515.226 722.608 5 9.27866 -99.2294 -68.3954
44 514.952 723.027 5 9.30124 -100.285 -25.5257
45 514.679 723.446 5 9.35055 -123.824 -64.898
46 514.406 723.864 5 9.42615 -250 0
47 516.737 721.206 5 9.94697 -102.932 -37.7725
48 516.464 721.625 5 9.86721 -100.197 50.9387
49 516.191 722.044 5 9.81231 -98.2311 -159.142
50 515.918 722.463 5 9.78269 -88.708 -161.519
51 515.644 722.881 5 9.77858 -101.078 60.5958
52 515.371 723.3 5 9.80001 -98.9671 154.212
53 515.098 723.719 5 9.84682 -107.483 -133.746
54 514.825 724.138 5 9.91864 -250 0
55 517.156 721.48 5 10.4388 -100.781 -19.7434
56 516.883 721.898 5 10.3629 -87.2053 -41.0203
57 516.61 722.317 5 10.3106 -93.3277 -129.576
58 516.336 722.736 5 10.2824 -95.7649 -49.295
59 516.063 723.155 5 10.2785 -118.156 15.2597
60 515.79 723.573 5 10.2989 -109.404 -31.5658
61 515.517 723.992 5 10.3434 -100.735 14.335
62 515.243 724.411 5 10.4118 -250 0
63 517.575 721.753 5 10.9314 -112.898 -12.7738
64 517.302 722.172 5 10.8589 -104.711 -11.7043
65 517.028 722.59 5 10.8091 -110.449 -53.3133
66 516.755 723.009 5 10.7822 -90.5576 73.7379
67 516.482 723.428 5 10.7784 -91.1125 74.1371
68 516.209 723.847 5 10.7979 -98.1111 151.033
69 515.935 724.265 5 10.8404 -99.8003 -149.376
70 515.662 724.684 5 10.9057 -111.165 149.998
71 517.994 722.026 5 11.4247 -112.215 99.5269
72 517.72 722.445 5 11.3553 -102.481 124.937
73 517.447 722.864 5 11.3076 -87.7554 24.8166
74 517.174 723.282 5 11.2819 -115.65 -13.306
75 516.901 723.701 5 11.2784 -96.4814 -88.9594
76 516.627 724.12 5 11.297 -90.3285 -139.017
77 516.354 724.539 5 11.3376 -95.5709 -31.955
78 516.081 724.957 5 11.4 -97.6936 14.1167
