1 509.951 714.045 5 5.18479 -57.8327 -144.53
2 510.37 714.318 5 5.13073 -51.773 -44.0891
3 510.79 714.59 5 5.1251 -51.8241 -37.2958
4 511.209 714.862 5 5.16807 -55.8124 -128.013
5 511.628 715.135 5 5.25844 -58.7368 -24.946
6 512.048 715.407 5 5.39384 -68.2807 127.042
7 512.467 715.679 5 5.57098 -69.3509 1.72223
8 512.886 715.952 5 5.78603 -74.1153 17.5311
9 513.306 716.224 5 6.03493 -90.5149 -111.715
10 513.725 716.496 5 6.31369 -71.9545 -75.5436
11 514.144 716.769 5 6.61854 -78.6578 82.0676
12 514.564 717.041 5 6.94603 -78.2034 94.2921
13 514.983 717.313 5 7.29312 -80.1526 88.4741
14 509.679 714.465 5 4.69154 -52.9711 -156.028
15 510.098 714.737 5 4.63172 -51.1161 -43.1933
16 510.517 715.009 5 4.62549 -50.951 -20.8973
17 510.937 715.282 5 4.67306 -55.2693 -135.115
18 511.356 715.554 5 4.77281 -62.9827 10.4392
19 511.775 715.826 5 4.92159 -57.4226 123.427
20 512.195 716.099 5 5.11511 -72.5415 75.0778
21 512.614 716.371 5 5.34852 -73.2882 126.49
22 513.033 716.643 5 5.61684 -73.2577 -111.623
23 513.453 716.916 5 5.91534 -82.1803 -35.0918
24 513.872 717.188 5 6.23967 -62.8725 143.482
25 514.291 717.46 5 6.58603 -69.4688 170.911
26 514.711 717.733 5 6.95112 -83.1706 -141.978
27 509.406 714.884 5 4.19989 -59.2999 -176.956
28 509.826 715.156 5 4.13296 -52.3601 -43.0025
29 510.245 715.429 5 4.12597 -49.0434 -11.3405
30 510.664 715.701 5 4.17923 -55.8069 -142.587
31 511.084 715.973 5 4.29048 -65.3687 -115.561
32 511.503 716.246 5 4.4554 -69.9413 135.682
33 511.922 716.518 5 4.66828 -78.9725 49.7612
34 512.342 716.79 5 4.92292 -72.6731 128.796
35 512.761 717.063 5 5.2132 -71.4501 105.758
36 513.18 717.335 5 5.53351 -68.0334 -23.1654
37 513.6 717.607 5 5.87895 -70.9448 36.5939
38 514.019 717.88 5 6.24534 -83.1174 -46.0359
39 514.438 718.152 5 6.62923 -73.1603 -121.261
40 509.134 715.303 5 3.71047 -58.8627 -118.567
41 509.553 715.576 5 3.63454 -50.5187 -35.9308
42 509.973 715.848 5 3.62659 -49.5615 -3.12659
43 510.392 716.12 5 3.68707 -65.0105 -121.599
44 510.811 716.393 5 3.81271 -59.7762 110.807
45 511.231 716.665 5 3.99738 -66.2779 123.592
46 511.65 716.937 5 4.23336 -70.697 -169.612
47 512.069 717.21 5 4.51261 -68.4999 106.543
48 512.489 717.482 5 4.82762 -64.7953 -134.881
49 512.908 717.754 5 5.17187 -69.7492 -122.96
50 513.327 718.027 5 5.5399 -89.2999 -71.4767
51 513.747 718.299 5 5.9273 -73.9029 131.472
52 514.166 718.571 5 6.33049 -65.1906 -140.954
53 508.862 715.723 5 3.2243 -75.9749 176.397
54 509.281 715.995 5 3.13662 -48.4616 -48.166
55 509.7 716.267 5 3.12741 -46.8528 -23.5287
56 510.12 716.54 5 3.19734 -76.6241 -77.1111
57 510.539 716.812 5 3.34145 -62.8189 108.679
58 510.958 717.084 5 3.55071 -60.2552 -105.65
59 511.378 717.357 5 3.81443 -66.9999 -54.4582
60 511.797 717.629 5 4.12216 -64.2889 104.348
61 512.216 717.901 5 4.4648 -66.4334 43.8733
62 512.636 718.174 5 4.83495 -77.4632 130.249
63 513.055 718.446 5 5.22676 -74.458 18.1759
64 513.474 718.718 5 5.63572 -64.1457 102.668
65 513.894 718.991 5 6.05835 -62.8828 174.136
66 508.589 716.142 5 2.7431 -57.5723 -109.591
67 509.009 716.414 5 2.63949 -48.1504 -55.0209
68 509.428 716.687 5 2.62853 -47.3357 -16.5253
69 509.847 716.959 5 2.71136 -66.818 94.6834
70 510.267 717.231 5 2.87989 -53.6402 158.292
71 510.686 717.504 5 3.12027 -71.6239 -122.679
72 511.105 717.776 5 3.41736 -59.8142 19.0731
73 511.525 718.048 5 3.75775 -67.4778 45.8869
74 511.944 718.321 5 4.13073 -68.5881 -175.895
75 512.363 718.593 5 4.52827 -70.0558 -85.6067
76 512.783 718.865 5 4.94445 -62.7564 -32.4552
77 513.202 719.138 5 5.37493 -63.5913 53.6563
78 513.621 719.41 5 5.81654 -77.1311 15.6974
79 510.414 717.923 5 2.71378 -72.6914 112.856
80 510.833 718.195 5 3.05072 -57.8108 -18.4145
81 511.672 718.74 5 3.83295 -69.37 -162.883
82 512.091 719.012 5 4.25838 -62.8016 -145.997
83 512.51 719.285 5 4.69852 -56.8027 -79.3362
84 512.93 719.557 5 5.1496 -85.338 -100.901
85 513.349 719.829 5 5.60898 -79.1459 -157.134
86 510.141 718.342 5 2.34374 -57.3189 11.6393
87 510.561 718.615 5 2.72679 -57.2737 -42
88 511.399 719.159 5 3.5805 -64.8356 61.12
89 511.819 719.432 5 4.03265 -55.3459 126.019
90 512.238 719.704 5 4.49495 -78.7117 -43.195
91 512.657 719.976 5 4.96456 -84.4746 79.3013
92 513.077 720.249 5 5.43959 -79.9761 -8.05757
93 509.869 718.762 5 2.03017 -60.481 -65.1685
94 510.288 719.034 5 2.4625 -56.5903 -42.0113
95 511.127 719.579 5 3.38356 -55.1644 2.66433
96 511.546 719.851 5 3.85886 -76.3792 140.82
97 511.966 720.123 5 4.33971 -77.281 51.6046
98 512.385 720.396 5 4.82446 -84.4321 120.26
99 512.804 720.668 5 5.31203 -83.0829 -4.46727
100 509.597 719.181 5 1.80281 -67.8019 66.2313
101 510.016 719.453 5 2.27869 -60.0736 -79.7169
102 509.324 719.6 5 1.69665 -45.596 41.2722
103 509.744 719.873 5 2.19566 -53.0222 -37.6311
104 509.052 720.02 5 1.73411 -60.0178 -67.6478
105 509.471 720.292 5 2.22473 -41.3216 7.82187
