1 514.644 719.84 5 7.80894 -104.611 142.303
2 514.371 720.259 5 7.64193 -107.127 -35.012
3 514.097 720.678 5 7.50458 -107.944 -28.4866
4 513.824 721.096 5 7.39853 -114.681 -26.5371
5 513.551 721.515 5 7.32516 -124.992 80.4825
6 513.278 721.934 5 7.28543 -113.646 41.9045
7 513.004 722.353 5 7.27991 -108.217 130.178
8 512.731 722.771 5 7.30867 -117.465 -131.047
9 512.458 723.19 5 7.37132 -117.655 -15.2532
10 512.185 723.609 5 7.46699 -114.853 98.6656
11 515.063 720.113 5 8.27692 -109.429 20.5344
12 514.789 720.532 5 8.11955 -113.8 -52.3602
13 514.516 720.951 5 7.99041 -115.252 -58.3633
14 514.243 721.37 5 7.8909 -119.16 119.075
15 513.97 721.788 5 7.82214 -104.474 -102.368
16 513.696 722.207 5 7.78495 -126.173 -137.554
17 513.423 722.626 5 7.77978 -114.061 -73.9399
18 513.15 723.045 5 7.8067 -112.001 -71.8588
19 512.877 723.463 5 7.86538 -107.705 154.48
20 512.603 723.882 5 7.95511 -114.904 -99.6314
21 515.481 720.387 5 8.74845 -111.861 -42.3057
22 515.208 720.805 5 8.59971 -105.825 92.7327
23 514.935 721.224 5 8.47789 -124.771 61.1198
24 514.662 721.643 5 8.38416 -142.906 37.4026
25 514.388 722.062 5 8.31948 -121.817 171.037
26 514.115 722.48 5 8.28453 -116.297 52.431
27 513.842 722.899 5 8.27967 -108.076 -75.6735
28 513.568 723.318 5 8.30497 -111.603 77.861
29 513.295 723.737 5 8.36015 -112.514 -77.5927
30 513.022 724.155 5 8.44463 -115.323 -36.558
31 515.9 720.66 5 9.22298 -102.699 -91.9586
32 515.627 721.079 5 9.08201 -114.864 -134.863
33 515.353 721.497 5 8.96674 -107.536 -75.82
34 515.08 721.916 5 8.87818 -103.469 150.166
35 514.807 722.335 5 8.81713 -105.206 8.61695
36 514.534 722.754 5 8.78415 -113.803 -120.613
37 514.26 723.172 5 8.77957 -117.362 47.9751
38 513.987 723.591 5 8.80344 -118.89 118.291
39 516.319 720.933 5 9.70006 -96.2377 -96.1021
40 516.045 721.352 5 9.56613 -101.406 94.6961
41 515.772 721.771 5 9.45677 -108.36 124.992
42 515.499 722.189 5 9.37284 -103.643 17.777
43 515.226 722.608 5 9.31502 -115.642 175.725
44 514.952 723.027 5 9.28382 -132.441 -38.1767
45 514.679 723.446 5 9.27948 -112.556 -92.1967
46 514.406 723.864 5 9.30207 -139.121 -134.038
47 516.737 721.206 5 10.1794 -106.126 -40.1966
48 516.464 721.625 5 10.0518 -116.17 109.168
49 516.191 722.044 5 9.94778 -105.619 -139.393
50 515.918 722.463 5 9.86803 -104.924 125.652
51 515.644 722.881 5 9.81313 -104.249 -50.7738
52 515.371 723.3 5 9.78352 -104.308 -28.0567
53 515.098 723.719 5 9.77941 -113.452 167.508
54 514.825 724.138 5 9.80084 -167.502 50.284
55 517.156 721.48 5 10.6605 -116.488 -177.922
56 516.883 721.898 5 10.5388 -98.5789 83.8901
57 516.61 722.317 5 10.4397 -104.3 135.526
58 516.336 722.736 5 10.3637 -105.992 -101.336
59 516.063 723.155 5 10.3114 -105.993 -1.18803
60 515.79 723.573 5 10.2832 -103.276 101.548
61 515.517 723.992 5 10.2793 -103.287 108.684
62 515.243 724.411 5 10.2997 -250 0
63 517.575 721.753 5 11.1434 -99.7387 -120.762
64 517.302 722.172 5 11.027 -98.6654 65.4661
65 517.028 722.59 5 10.9323 -100.004 -64.1063
66 516.755 723.009 5 10.8597 -104.757 -166.37
67 516.482 723.428 5 10.8099 -120.806 5.68997
68 516.209 723.847 5 10.783 -98.6645 157.269
69 515.935 724.265 5 10.7793 -105.244 -127.917
70 515.662 724.684 5 10.7987 -105.782 -141.862
71 517.994 722.026 5 11.6277 -116.25 73.0777
72 517.72 722.445 5 11.5162 -115.154 100.647
73 517.447 722.864 5 11.4255 -98.9896 -12.4788
74 517.174 723.282 5 11.3561 -106.373 2.0524
75 516.901 723.701 5 11.3085 -99.0819 -20.1157
76 516.627 724.12 5 11.2828 -107.621 -137.349
77 516.354 724.539 5 11.2792 -113.352 -34.6371
78 516.081 724.957 5 11.2978 -98.6934 136.09
