1 509.951 714.045 5 4.20047 -70.3734 134.663
2 510.37 714.318 5 4.13319 -49.4765 -35.4712
3 510.79 714.59 5 4.12584 -48.2913 -31.3172
4 511.209 714.862 5 4.17873 -57.0645 -149.092
5 511.628 715.135 5 4.28965 -68.4251 161.282
6 512.048 715.407 5 4.45425 -59.2128 42.4792
7 512.467 715.679 5 4.66687 -56.731 120.313
8 512.886 715.952 5 4.92127 -65.5741 116.415
9 513.306 716.224 5 5.21135 -64.5366 -102.738
10 513.725 716.496 5 5.5315 -70.3224 66.3468
11 514.144 716.769 5 5.8768 -67.3854 103.765
12 514.564 717.041 5 6.24308 -96.4066 148.694
13 514.983 717.313 5 6.62686 -94.664 167.567
14 509.679 714.465 5 3.71113 -65.4237 -155.272
15 510.098 714.737 5 3.6348 -49.6956 -59.0269
16 510.517 715.009 5 3.62644 -49.9438 -23.1212
17 510.937 715.282 5 3.68651 -57.6264 -179.993
18 511.356 715.554 5 3.81177 -75.9756 96.1181
19 511.775 715.826 5 3.99611 -66.4768 -105.899
20 512.195 716.099 5 4.2318 -58.1788 -104.651
21 512.614 716.371 5 4.51081 -68.1795 121.336
22 513.033 716.643 5 4.82563 -72.9565 -117.307
23 513.453 716.916 5 5.16972 -75.3407 -52.4262
24 513.872 717.188 5 5.53762 -67.6141 -119.981
25 514.291 717.46 5 5.92491 -72.7294 -48.9295
26 514.711 717.733 5 6.32802 -77.4963 45.0726
27 509.406 714.884 5 3.22506 -60.3295 -80.2628
28 509.826 715.156 5 3.13692 -49.0464 -47.8714
29 510.245 715.429 5 3.12723 -54.231 -20.9529
30 510.664 715.701 5 3.19669 -60.0419 164.767
31 511.084 715.973 5 3.34038 -58.7245 -16.1663
32 511.503 716.246 5 3.54928 -55.4496 90.4287
33 511.922 716.518 5 3.8127 -58.8701 0.512884
34 512.342 716.79 5 4.12019 -64.2434 123.005
35 512.761 717.063 5 4.46265 -67.5156 179.651
36 513.18 717.335 5 4.83265 -82.9922 66.1125
37 513.6 717.607 5 5.22434 -76.024 82.9224
38 514.019 717.88 5 5.63321 -70.8719 82.8838
39 514.438 718.152 5 6.05577 -75.0572 56.067
40 509.134 715.303 5 2.74399 -51.7439 -94.0002
41 509.553 715.576 5 2.63984 -48.0675 -33.9773
42 509.973 715.848 5 2.62832 -48.2698 -14.7781
43 510.392 716.12 5 2.7106 -63.7173 -9.94213
44 510.811 716.393 5 2.87865 -60.513 -117.803
45 511.231 716.665 5 3.11864 -60.3386 -138.35
46 511.65 716.937 5 3.41543 -59.9562 19.6676
47 512.069 717.21 5 3.75559 -78.8412 17.7448
48 512.489 717.482 5 4.1284 -71.8058 -90.2909
49 512.908 717.754 5 4.52582 -78.7653 -32.6157
50 513.327 718.027 5 4.94189 -74.3652 10.5532
51 513.747 718.299 5 5.3723 -72.5236 -29.9077
52 514.166 718.571 5 5.81385 -77.3709 138.118
53 508.862 715.723 5 2.27113 -51.0214 -138.22
54 509.281 715.995 5 2.14413 -46.6485 -75.7496
55 509.7 716.267 5 2.12992 -46.3695 -39.2284
56 510.12 716.54 5 2.23066 -52.9673 -32.3441
57 510.539 716.812 5 2.4321 -54.1585 74.2658
58 510.958 717.084 5 2.7119 -60.5143 -67.5499
59 511.378 717.357 5 3.04855 -71.9135 -170.269
60 511.797 717.629 5 3.42534 -61.7503 105.869
61 512.216 717.901 5 3.83043 -78.5338 -112.835
62 512.636 718.174 5 4.25576 -72.2297 -50.0434
63 513.055 718.446 5 4.69583 -68.0678 25.1457
64 513.474 718.718 5 5.14685 -69.165 110.671
65 513.894 718.991 5 5.60619 -67.4806 114.246
66 508.589 716.142 5 1.81287 -57.8211 118.995
67 509.009 716.414 5 1.651 -47.8212 -94.3528
68 509.428 716.687 5 1.6325 -45.2242 -32.6798
69 509.847 716.959 5 1.76192 -53.5073 -107.539
70 510.267 717.231 5 2.01088 -52.8752 157.526
71 510.686 717.504 5 2.34156 -61.4622 106.056
72 511.105 717.776 5 2.72437 -74.1519 -119.9
73 511.525 718.048 5 3.1403 -69.6127 -38.5969
74 511.944 718.321 5 3.57781 -66.5106 -104.216
75 512.363 718.593 5 4.02989 -75.9325 14.2094
76 512.783 718.865 5 4.49214 -71.8489 62.8602
77 513.202 719.138 5 4.96171 -69.606 145.285
78 513.621 719.41 5 5.43671 -72.324 -96.3508
79 510.414 717.923 5 2.02766 -64.6936 -88.266
80 510.833 718.195 5 2.45981 -63.9356 -89.7786
81 511.672 718.74 5 3.38072 -72.801 32.2342
82 512.091 719.012 5 3.85597 -68.8245 -147.674
83 512.51 719.285 5 4.3368 -69.4573 -105.466
84 512.93 719.557 5 4.82152 -70.3869 -98.029
85 513.349 719.829 5 5.30908 -72.2241 -84.4504
86 510.141 718.342 5 1.79998 -67.2273 -144.887
87 510.561 718.615 5 2.27578 -54.9729 -49.1977
88 511.399 719.159 5 3.24927 -66.9715 79.4646
89 511.819 719.432 5 3.74126 -70.6681 -39.3626
90 512.238 719.704 5 4.23513 -70.4599 57.8179
91 512.657 719.976 5 4.73028 -73.0711 115.127
92 513.077 720.249 5 5.22636 -86.0434 -97.3015
93 509.869 718.762 5 1.69364 -73.2026 -117.459
94 510.288 719.034 5 2.19265 -63.8353 -32.8161
95 511.127 719.579 5 3.19159 -70.559 144.297
96 511.546 719.851 5 3.69128 -76.9175 -65.7941
97 511.966 720.123 5 4.19104 -67.4279 -141.425
98 512.385 720.396 5 4.69085 -69.5529 -89.2389
99 512.804 720.668 5 5.1907 -73.6174 116.122
100 509.597 719.181 5 1.73116 -85.5664 -65.814
101 510.016 719.453 5 2.22176 -59.0795 1.481
102 509.324 719.6 5 1.90406 -63.926 162.526
103 509.744 719.873 5 2.35896 -62.339 -52.7287
104 509.052 720.02 5 2.18035 -68.3677 165.923
105 509.471 720.292 5 2.58712 -61.276 90.5437
