1 514.644 719.84 5 7.16711 -101.913 83.6656
2 514.371 720.259 5 7.02045 -97.9962 -114.853
3 514.097 720.678 5 6.90694 -102.417 174.902
4 513.824 721.096 5 6.82825 -101.881 -142.748
5 513.551 721.515 5 6.78559 -118.486 -62.9958
6 513.278 721.934 5 6.77963 -115.475 -93.0937
7 513.004 722.353 5 6.81048 -118.257 -69.0259
8 512.731 722.771 5 6.87763 -119.561 39.5633
9 512.458 723.19 5 6.98004 -122.019 -103.939
10 512.185 723.609 5 7.11619 -130.28 -144.677
11 515.063 720.113 5 7.64166 -114.333 -33.1713
12 514.789 720.532 5 7.50428 -110.685 16.3872
13 514.516 720.951 5 7.3982 -103.359 -17.8108
14 514.243 721.37 5 7.32479 -99.0598 40.66
15 513.97 721.788 5 7.28504 -116.778 -149.219
16 513.696 722.207 5 7.27949 -116.917 -116.291
17 513.423 722.626 5 7.30822 -120.594 135.08
18 513.15 723.045 5 7.37084 -116.071 -179.007
19 512.877 723.463 5 7.46649 -128.11 15.2108
20 512.603 723.882 5 7.59392 -128.694 33.0513
21 515.481 720.387 5 8.11927 -98.8338 20.5031
22 515.208 720.805 5 7.9901 -106.779 -11.458
23 514.935 721.224 5 7.89056 -109.317 85.1435
24 514.662 721.643 5 7.82177 -101.679 -143.051
25 514.388 722.062 5 7.78455 -99.5845 -105.269
26 514.115 722.48 5 7.77936 -138.835 86.7636
27 513.842 722.899 5 7.80626 -134.431 -146.286
28 513.568 723.318 5 7.86491 -115.518 139.973
29 513.295 723.737 5 7.95462 -131.352 -164.578
30 513.022 724.155 5 8.07436 -132.934 120.908
31 515.9 720.66 5 8.59942 -95.4549 -7.94021
32 515.627 721.079 5 8.47757 -116.332 -100.042
33 515.353 721.497 5 8.38382 -114.755 -92.1682
34 515.08 721.916 5 8.31911 -108.126 -18.1622
35 514.807 722.335 5 8.28413 -104.005 82.653
36 514.534 722.754 5 8.27925 -110.498 14.4409
37 514.26 723.172 5 8.30453 -122.355 -25.6204
38 513.987 723.591 5 8.35969 -116.167 -14.0409
39 516.319 720.933 5 9.08172 -103.633 92.4653
40 516.045 721.352 5 8.96643 -102.556 61.6631
41 515.772 721.771 5 8.87784 -131.399 100.738
42 515.499 722.189 5 8.81675 -116.821 163.877
43 515.226 722.608 5 8.78375 -114.753 120.286
44 514.952 723.027 5 8.77915 -107.073 -56.1196
45 514.679 723.446 5 8.80299 -113.705 -151.779
46 514.406 723.864 5 8.85505 -250 0
47 516.737 721.206 5 9.56583 -101.074 97.4976
48 516.464 721.625 5 9.45644 -88.1456 -162.267
49 516.191 722.044 5 9.37249 -100.505 -76.8212
50 515.918 722.463 5 9.31465 -114.359 100.627
51 515.644 722.881 5 9.28342 -109.459 59.212
52 515.371 723.3 5 9.27906 -109.529 -163.031
53 515.098 723.719 5 9.30163 -112.091 -63.3721
54 514.825 724.138 5 9.3509 -227.421 177.621
55 517.156 721.48 5 10.0515 -104.083 167.532
56 516.883 721.898 5 9.94745 -115.941 157.38
57 516.61 722.317 5 9.86768 -99.3911 -96.3257
58 516.336 722.736 5 9.81276 -102.801 140.804
59 516.063 723.155 5 9.78312 -96.0819 -175.163
60 515.79 723.573 5 9.77899 -101.375 -137.885
61 515.517 723.992 5 9.8004 -120.175 128.149
62 515.243 724.411 5 9.84718 -158.152 155.019
63 517.575 721.753 5 10.5385 -94.2172 167.971
64 517.302 722.172 5 10.4393 -110.779 -103.241
65 517.028 722.59 5 10.3633 -103.663 -10.9228
66 516.755 723.009 5 10.311 -96.4835 -33.5611
67 516.482 723.428 5 10.2828 -91.4432 -60.6558
68 516.209 723.847 5 10.2789 -99.68 -2.34871
69 515.935 724.265 5 10.2993 -105.113 38.6501
70 515.662 724.684 5 10.3438 -107.794 -25.9739
71 517.994 722.026 5 11.0267 -113.124 -81.6353
72 517.72 722.445 5 10.9319 -110.287 -59.9843
73 517.447 722.864 5 10.8594 -116.894 -111.519
74 517.174 723.282 5 10.8095 -104.048 123.305
75 516.901 723.701 5 10.7826 -92.2599 140.961
76 516.627 724.12 5 10.7789 -91.5495 97.4491
77 516.354 724.539 5 10.7983 -97.0696 74.9828
78 516.081 724.957 5 10.8408 -106.145 136.682
