1 505.473 717.831 5 1.11803 -43.1716 -12.9259
2 505.747 717.412 5 0.707107 -39.1314 148.021
3 506.02 716.994 5 0.5 -33.4632 -16.5832
4 506.294 716.575 5 0.707107 -39.1987 127.945
5 506.567 716.157 5 1.11803 -38.75 -4.77707
6 505.891 718.104 5 1 -37.0184 9.82811
7 506.165 717.686 5 0.5 -30.9266 4.46437
8 506.439 717.267 5 0 -45.4382 -1.94343
9 506.712 716.849 5 0.5 -32.1534 12.4372
10 506.986 716.43 5 1 -36.1629 2.75734
11 506.31 718.378 5 1.11803 -42.255 -10.8442
12 506.584 717.96 5 0.707107 -39.5976 124.196
13 506.857 717.541 5 0.5 -32.5549 -15.7437
14 507.131 717.123 5 0.707107 -44.756 111.073
15 507.404 716.704 5 1.11803 -40.3815 -5.79998
16 506.728 718.652 5 1.41421 -41.34 -117.781
17 507.002 718.233 5 1.11803 -44.6776 -2.99929
18 507.276 717.815 5 1 -43.6337 -30.9658
19 507.549 717.396 5 1.11803 -41.2533 18.7439
20 507.823 716.978 5 1.41421 -42.2043 -107.572
21 507.147 718.925 5 1.80278 -43.4865 -162.008
22 507.421 718.507 5 1.58114 -40.7719 127.532
23 507.694 718.088 5 1.5 -42.1365 -13.3651
24 507.968 717.67 5 1.58114 -41.1297 132.22
25 508.241 717.251 5 1.80278 -45.3386 -99.6482
26 507.565 719.199 5 2.23607 -44.1321 -13.3948
27 507.839 718.78 5 2.06155 -41.5794 166.365
28 508.113 718.362 5 2 -43.443 -28.2683
29 508.386 717.943 5 2.06155 -40.3147 175.104
30 508.66 717.525 5 2.23607 -49.0088 -151.635
31 507.984 719.472 5 2.69258 -56.4234 -72.456
32 508.258 719.054 5 2.54951 -52.9355 125.603
33 508.531 718.635 5 2.5 -42.5684 -26.1544
34 508.805 718.217 5 2.54951 -50.0749 -175.735
35 509.078 717.798 5 2.69258 -49.1229 165.529
36 508.402 719.746 5 3.16228 -49.2986 -130.537
37 508.676 719.328 5 3.04138 -46.0418 -153.714
38 508.95 718.909 5 3 -55.5187 -155.129
39 509.223 718.491 5 3.04138 -47.7905 106.697
40 509.497 718.072 5 3.16228 -50.7855 -31.2343
