1 505.473 717.831 5 3.20156 -51.9497 3.15321
2 505.747 717.412 5 2.91548 -52.4237 -116.915
3 506.02 716.994 5 2.69258 -45.103 -109.267
4 506.294 716.575 5 2.54951 -50.2435 -170.775
5 506.567 716.157 5 2.5 -51.4169 166.889
6 505.891 718.104 5 2.82843 -50.9035 135.364
7 506.165 717.686 5 2.5 -51.5408 43.4963
8 506.439 717.267 5 2.23607 -49.3852 -155.769
9 506.712 716.849 5 2.06155 -40.4289 128.118
10 506.986 716.43 5 2 -48.3417 34.1914
11 506.31 718.378 5 2.5 -41.4685 -0.0794613
12 506.584 717.96 5 2.12132 -46.2725 14.4752
13 506.857 717.541 5 1.80278 -51.8386 165.576
14 507.131 717.123 5 1.58114 -37.0146 96.9561
15 507.404 716.704 5 1.5 -39.8999 -38.8908
16 506.728 718.652 5 2.23607 -47.8703 -17.7733
17 507.002 718.233 5 1.80278 -42.8206 -153.963
18 507.276 717.815 5 1.41421 -42.8517 -87.0491
19 507.549 717.396 5 1.11803 -37.9617 51.3441
20 507.823 716.978 5 1 -35.4624 -17.4534
21 507.147 718.925 5 2.06155 -50.4668 -45.5097
22 507.421 718.507 5 1.58114 -48.5267 94.391
23 507.694 718.088 5 1.11803 -38.5294 4.65991
24 507.968 717.67 5 0.707107 -35.3542 77.4658
25 508.241 717.251 5 0.5 -31.362 -27.9018
26 507.565 719.199 5 2 -42.0761 -8.85735
27 507.839 718.78 5 1.5 -39.7602 -2.15045
28 508.113 718.362 5 1 -36.806 4.78292
29 508.386 717.943 5 0.5 -29.9248 1.80008
30 508.66 717.525 5 0 -49.9844 -60.5656
31 507.984 719.472 5 2.06155 -47.4037 -103.403
32 508.258 719.054 5 1.58114 -41.4924 72.6792
33 508.531 718.635 5 1.11803 -38.269 30.7625
34 508.805 718.217 5 0.707107 -39.1571 105.964
35 509.078 717.798 5 0.5 -32.5559 -31.2526
36 508.402 719.746 5 2.23607 -54.9392 24.848
37 508.676 719.328 5 1.80278 -54.5153 69.1939
38 508.95 718.909 5 1.41421 -45.0976 98.4961
39 509.223 718.491 5 1.11803 -43.6188 178.495
40 509.497 718.072 5 1 -37.5012 -154.485
