1 509.951 714.045 5 5.16358 -50.97 -125.288
2 510.37 714.318 5 5.25403 -62.0683 -22.9822
3 510.79 714.59 5 5.38954 -77.8666 -159.836
4 511.209 714.862 5 5.56681 -60.7364 45.92
5 511.628 715.135 5 5.78202 -58.4185 133.023
6 512.048 715.407 5 6.03109 -59.8775 105.295
7 512.467 715.679 5 6.31002 -69.8087 32.5307
8 512.886 715.952 5 6.61503 -60.0006 174.082
9 513.306 716.224 5 6.94268 -62.1492 -38.8117
10 513.725 716.496 5 7.28994 -59.6493 29.2374
11 514.144 716.769 5 7.65411 -67.0378 115.559
12 514.564 717.041 5 8.03292 -95.5638 83.7629
13 514.983 717.313 5 8.42437 -90.5335 168.16
14 509.679 714.465 5 4.66857 -51.9925 -119.038
15 510.098 714.737 5 4.76843 -76.5439 -107.92
16 510.517 715.009 5 4.91733 -56.6316 119.775
17 510.937 715.282 5 5.11101 -60.5416 -45.2382
18 511.356 715.554 5 5.3446 -61.5269 -84.7801
19 511.775 715.826 5 5.61311 -60.139 -117.37
20 512.195 716.099 5 5.9118 -63.7018 62.7057
21 512.614 716.371 5 6.23631 -61.7668 170.873
22 513.033 716.643 5 6.58285 -63.8879 -98.8324
23 513.453 716.916 5 6.94811 -66.9804 -47.1451
24 513.872 717.188 5 7.32929 -69.3489 -150.906
25 514.291 717.46 5 7.72404 -67.2473 -53.1446
26 514.711 717.733 5 8.13038 -86.9249 -31.9101
27 509.406 714.884 5 4.17476 -52.6932 -135.17
28 509.826 715.156 5 4.28613 -59.6339 163.421
29 510.245 715.429 5 4.4512 -61.3491 49.2606
30 510.664 715.701 5 4.66428 -67.2925 87.8331
31 511.084 715.973 5 4.91912 -56.8779 50.8856
32 511.503 716.246 5 5.20961 -69.6846 -83.6362
33 511.922 716.518 5 5.53013 -60.4859 63.8143
34 512.342 716.79 5 5.87577 -64.2806 155.943
35 512.761 717.063 5 6.24235 -65.5492 -172.68
36 513.18 717.335 5 6.6264 -79.6321 -176.067
37 513.6 717.607 5 7.02506 -71.583 154.819
38 514.019 717.88 5 7.43598 -69.6199 -37.1123
39 514.438 718.152 5 7.85723 -65.0039 101.186
40 509.134 715.303 5 3.68262 -56.7192 -146.408
41 509.553 715.576 5 3.80841 -57.7629 113.197
42 509.973 715.848 5 3.99328 -57.1044 -103.029
43 510.392 716.12 5 4.22948 -55.1223 -121.083
44 510.811 716.393 5 4.50897 -60.6061 -163.295
45 511.231 716.665 5 4.82422 -55.4327 -69.7742
46 511.65 716.937 5 5.1687 -61.2012 24.2079
47 512.069 717.21 5 5.53694 -74.3051 44.4947
48 512.489 717.482 5 5.92452 -71.3853 -106.981
49 512.908 717.754 5 6.3279 -82.6343 37.1124
50 513.327 718.027 5 6.74423 -76.6438 168.054
51 513.747 718.299 5 7.17125 -75.5441 -120.642
52 514.166 718.571 5 7.60718 -70.4025 91.4545
53 508.862 715.723 5 3.19292 -59.7823 -177.711
54 509.281 715.995 5 3.33721 -62.9919 68.5465
55 509.7 716.267 5 3.54673 -65.003 118.798
56 510.12 716.54 5 3.81072 -56.0206 -2.80747
57 510.539 716.812 5 4.11872 -57.7438 164.567
58 510.958 717.084 5 4.46163 -61.8258 -68.9618
59 511.378 717.357 5 4.83202 -71.5288 -163.685
60 511.797 717.629 5 5.22405 -60.7827 153.157
61 512.216 717.901 5 5.63321 -82.9546 54.682
62 512.636 718.174 5 6.05602 -74.8151 -102.883
63 513.055 718.446 5 6.48981 -73.6523 147.133
64 513.474 718.718 5 6.93252 -79.3772 -99.9651
65 513.894 718.991 5 7.38256 -75.6249 110.709
66 508.589 716.142 5 2.70698 -61.4523 157.026
67 509.009 716.414 5 2.87577 -53.4165 -149.642
68 509.428 716.687 5 3.11646 -54.2267 -145.799
69 509.847 716.959 5 3.41389 -66.1525 55.7058
70 510.267 717.231 5 3.75459 -58.3956 137.911
71 510.686 717.504 5 4.12786 -78.5001 -107.532
72 511.105 717.776 5 4.52565 -67.179 -22.5023
73 511.525 718.048 5 4.94204 -69.6811 67.4143
74 511.944 718.321 5 5.37272 -71.5003 45.9822
75 512.363 718.593 5 5.8145 -72.1379 85.7472
76 512.783 718.865 5 6.26503 -77.2405 -134.906
77 513.202 719.138 5 6.72257 -69.0975 121.731
78 513.621 719.41 5 7.18577 -66.7263 9.65029
79 510.414 717.923 5 3.83044 -82.6294 -177.028
80 510.833 718.195 5 4.25612 -67.7034 -3.99422
81 511.672 718.74 5 5.14773 -71.6193 -50.665
82 512.091 719.012 5 5.60726 -78.1186 -58.8527
83 512.51 719.285 5 6.07319 -70.4363 -35.415
84 512.93 719.557 5 6.54416 -73.345 118.791
85 513.349 719.829 5 7.01914 -77.9099 -41.1487
86 510.141 718.342 5 3.57845 -72.6003 -29.3407
87 510.561 718.615 5 4.03083 -65.0094 121.924
88 511.399 719.159 5 4.96308 -71.0131 77.0098
89 511.819 719.432 5 5.43824 -67.7746 111.394
90 512.238 719.704 5 5.91749 -71.2307 164.144
91 512.657 719.976 5 6.39992 -76.5359 118.942
92 513.077 720.249 5 6.88486 -88.9927 -68.5028
93 509.869 718.762 5 3.38206 -60.8269 164.137
94 510.288 719.034 5 3.85754 -60.9131 -45.9805
95 511.127 719.579 5 4.8234 -76.8919 134.181
96 511.546 719.851 5 5.31107 -75.8953 -141.554
97 511.966 720.123 5 5.80084 -71.9445 -99.0736
98 512.385 720.396 5 6.29222 -72.4177 -27.9592
99 512.804 720.668 5 6.78486 -83.0943 -170.47
100 509.597 719.181 5 3.25136 -66.6416 -130.621
101 510.016 719.453 5 3.74348 -50.7099 -74.7606
102 509.324 719.6 5 3.19443 -55.4557 36.7191
103 509.744 719.873 5 3.69414 -52.2309 -25.3792
104 509.052 720.02 5 3.21519 -46.979 42.9982
105 509.471 720.292 5 3.71211 -70.3281 -122.878
