1 514.644 719.84 5 6.69641 -108.342 -58.7082
2 514.371 720.259 5 6.53917 -106.412 171.822
3 514.097 720.678 5 6.41712 -115.3 112.973
4 513.824 721.096 5 6.33232 -116.243 57.678
5 513.551 721.515 5 6.28625 -111.278 -11.6612
6 513.278 721.934 5 6.27979 -124.495 129.254
7 513.004 722.353 5 6.31305 -122.425 39.7872
8 512.731 722.771 5 6.3854 -128.699 172.605
9 512.458 723.19 5 6.49554 -142.085 -75.7566
10 512.185 723.609 5 6.6416 -128.67 -175.506
11 515.063 720.113 5 7.16725 -118.106 -72.6433
12 514.789 720.532 5 7.02056 -111.423 -146.284
13 514.516 720.951 5 6.90702 -119.106 -140.218
14 514.243 721.37 5 6.82831 -114.525 -91.4253
15 513.97 721.788 5 6.78561 -114.539 37.5999
16 513.696 722.207 5 6.77962 -129.659 -102.077
17 513.423 722.626 5 6.81044 -130.449 -107.067
18 513.15 723.045 5 6.87756 -116.9 57.9836
19 512.877 723.463 5 6.97994 -124.166 77.1757
20 512.603 723.882 5 7.11606 -126.04 139.929
21 515.481 720.387 5 7.64179 -132.579 61.8633
22 515.208 720.805 5 7.50438 -112.864 -65.0545
23 514.935 721.224 5 7.39828 -117.039 -42.2354
24 514.662 721.643 5 7.32484 -118.648 -122.366
25 514.388 722.062 5 7.28506 -120.855 109.769
26 514.115 722.48 5 7.27948 -134.535 -9.36742
27 513.842 722.899 5 7.30819 -123.592 108.2
28 513.568 723.318 5 7.37078 -116.083 -75.0975
29 513.295 723.737 5 7.4664 -128.576 110.118
30 513.022 724.155 5 7.59381 -117.384 -31.2511
31 515.9 720.66 5 8.11939 -104.081 76.6234
32 515.627 721.079 5 7.9902 -128.527 148.993
33 515.353 721.497 5 7.89063 -126.27 17.9731
34 515.08 721.916 5 7.82182 -112.512 -70.59
35 514.807 722.335 5 7.78457 -125.197 -38.9808
36 514.534 722.754 5 7.77935 -119.446 -143.607
37 514.26 723.172 5 7.80622 -132.001 -176.463
38 513.987 723.591 5 7.86485 -133.386 15.8044
39 516.319 720.933 5 8.59954 -97.1651 134.229
40 516.045 721.352 5 8.47766 -106.889 99.3476
41 515.772 721.771 5 8.38389 -123.552 46.2464
42 515.499 722.189 5 8.31915 -121.295 -167.902
43 515.226 722.608 5 8.28415 -118.584 -114.172
44 514.952 723.027 5 8.27924 -120.323 -84.6419
45 514.679 723.446 5 8.30449 -125.039 -87.7623
46 514.406 723.864 5 8.35963 -195.219 46.2683
47 516.737 721.206 5 9.08182 -112.124 -101.027
48 516.464 721.625 5 8.96651 -104.763 -128.254
49 516.191 722.044 5 8.8779 -103.793 17.8402
50 515.918 722.463 5 8.81679 -93.3435 93.8364
51 515.644 722.881 5 8.78377 -104.138 91.7912
52 515.371 723.3 5 8.77914 -112.861 75.5204
53 515.098 723.719 5 8.80296 -111.29 -84.5129
54 514.825 724.138 5 8.85499 -131.223 15.9479
55 517.156 721.48 5 9.56593 -108.939 -71.7629
56 516.883 721.898 5 9.45652 -101.407 -3.9783
57 516.61 722.317 5 9.37254 -93.1473 41.5177
58 516.336 722.736 5 9.31469 -99.7836 101.812
59 516.063 723.155 5 9.28343 -104.689 43.101
60 515.79 723.573 5 9.27906 -113.529 -68.9492
61 515.517 723.992 5 9.3016 -115.576 55.8082
62 515.243 724.411 5 9.35085 -250 0
63 517.575 721.753 5 10.0516 -112.962 -149.729
64 517.302 722.172 5 9.94753 -100.621 -32.1827
65 517.028 722.59 5 9.86773 -105.142 24.8932
66 516.755 723.009 5 9.81279 -104.315 -128.259
67 516.482 723.428 5 9.78313 -93.5055 -93.3943
68 516.209 723.847 5 9.77898 -107.106 -48.7607
69 515.935 724.265 5 9.80037 -104.329 -150.424
70 515.662 724.684 5 9.84713 -110.43 -127.397
71 517.994 722.026 5 10.5386 -117.131 -49.9687
72 517.72 722.445 5 10.4394 -101.5 19.7771
73 517.447 722.864 5 10.3634 -107.374 -52.5699
74 517.174 723.282 5 10.3111 -103.087 -131.952
75 516.901 723.701 5 10.2829 -108.988 130.95
76 516.627 724.12 5 10.2789 -96.8397 55.5085
77 516.354 724.539 5 10.2993 -104.229 137.323
78 516.081 724.957 5 10.3438 -103.774 35.2098
