1 514.644 719.84 5 5.98975 -105.888 -68.9224
2 514.371 720.259 5 5.77019 -98.7607 178.707
3 514.097 720.678 5 5.58686 -98.5945 -14.9905
4 513.824 721.096 5 5.44343 -109.096 -14.0743
5 513.551 721.515 5 5.34312 -118.794 21.8256
6 513.278 721.934 5 5.28837 -121.861 -99.751
7 513.004 722.353 5 5.28061 -120.416 -12.5889
8 512.731 722.771 5 5.32003 -124.43 -168.558
9 512.458 723.19 5 5.40562 -133.008 -148.763
10 512.185 723.609 5 5.53522 -119.485 -29.1322
11 515.063 720.113 5 6.43468 -103.61 -45.4881
12 514.789 720.532 5 6.23081 -110.978 149.745
13 514.516 720.951 5 6.06143 -124.4 -164.886
14 514.243 721.37 5 5.92949 -115.001 -37.9278
15 513.97 721.788 5 5.83754 -122.599 -73.9676
16 513.696 722.207 5 5.78747 -102.652 175.586
17 513.423 722.626 5 5.78038 -119.603 -129.253
18 513.15 723.045 5 5.81642 -120.204 153.928
19 512.877 723.463 5 5.8948 -129.317 147.78
20 512.603 723.882 5 6.01387 -109.449 -92.4019
21 515.481 720.387 5 6.88716 -103.824 -96.8744
22 515.208 720.805 5 6.69709 -107.816 71.4255
23 514.935 721.224 5 6.53979 -106.581 76.4496
24 514.662 721.643 5 6.4177 -111.588 25.225
25 514.388 722.062 5 6.33283 -110.155 154.525
26 514.115 722.48 5 6.28671 -111.029 161.429
27 513.842 722.899 5 6.28018 -98.4851 52.1679
28 513.568 723.318 5 6.31337 -110.386 39.3763
29 513.295 723.737 5 6.38565 -117.273 82.4565
30 513.022 724.155 5 6.49573 -111.995 84.2498
31 515.9 720.66 5 7.34581 -114.353 -16.7607
32 515.627 721.079 5 7.16791 -106.845 166.042
33 515.353 721.497 5 7.02117 -102.433 -153.592
34 515.08 721.916 5 6.90759 -112.956 -34.1839
35 514.807 722.335 5 6.82882 -105.985 -58.8463
36 514.534 722.754 5 6.78606 -109.045 -57.6441
37 514.26 723.172 5 6.78002 -105.445 -115.627
38 513.987 723.591 5 6.81077 -114.194 -60.4876
39 516.319 720.933 5 7.80954 -97.4355 74.2953
40 516.045 721.352 5 7.64244 -103.169 158.711
41 515.772 721.771 5 7.50498 -109.176 54.6554
42 515.499 722.189 5 7.39883 -111.154 16.4222
43 515.226 722.608 5 7.32534 -109.315 164.06
44 514.952 723.027 5 7.28551 -117.087 144.92
45 514.679 723.446 5 7.27987 -112.633 116.226
46 514.406 723.864 5 7.30852 -250 0
47 516.737 721.206 5 8.27749 -99.0203 127.322
48 516.464 721.625 5 8.12002 -103.31 121.447
49 516.191 722.044 5 7.99079 -106.552 -62.2402
50 515.918 722.463 5 7.89118 -109.775 -45.7258
51 515.644 722.881 5 7.82231 -106.183 125.248
52 515.371 723.3 5 7.78502 -110.146 -168.197
53 515.098 723.719 5 7.77975 -103.856 9.84303
54 514.825 724.138 5 7.80656 -155.355 170.51
55 517.156 721.48 5 8.74899 -104.915 79.881
56 516.883 721.898 5 8.60016 -107.323 80.06
57 516.61 722.317 5 8.47825 -97.933 100.751
58 516.336 722.736 5 8.38443 -105.939 169.946
59 516.063 723.155 5 8.31965 -115.965 -165.651
60 515.79 723.573 5 8.28459 -106.37 54.418
61 515.517 723.992 5 8.27964 -103.632 -54.9058
62 515.243 724.411 5 8.30484 -250 0
63 517.575 721.753 5 9.22349 -105.549 3.18636
64 517.302 722.172 5 9.08244 -103.34 -71.9603
65 517.028 722.59 5 8.96708 -110.156 42.402
66 516.755 723.009 5 8.87843 -102.974 146.78
67 516.482 723.428 5 8.81728 -106.058 -61.3394
68 516.209 723.847 5 8.78421 -107.778 45.4014
69 515.935 724.265 5 8.77954 -99.1133 168.246
70 515.662 724.684 5 8.80331 -117.231 -51.329
71 517.994 722.026 5 9.70055 -99.492 -67.3944
72 517.72 722.445 5 9.56653 -97.935 -93.3224
73 517.447 722.864 5 9.45709 -96.0939 63.287
74 517.174 723.282 5 9.37307 -110.835 -73.1479
75 516.901 723.701 5 9.31517 -97.0383 -69.4791
76 516.627 724.12 5 9.28388 -107.547 55.2164
77 516.354 724.539 5 9.27946 -113.428 71.1933
78 516.081 724.957 5 9.30195 -123.58 166.439
