1 509.951 714.045 5 3.71146 -66.9335 173.11
2 510.37 714.318 5 3.63493 -50.3133 -48.7574
3 510.79 714.59 5 3.62636 -48.7987 -33.0685
4 511.209 714.862 5 3.68623 -64.3885 -170.217
5 511.628 715.135 5 3.8113 -56.5126 171.603
6 512.048 715.407 5 3.99547 -63.7212 -129.587
7 512.467 715.679 5 4.23102 -57.7959 -96.3545
8 512.886 715.952 5 4.50991 -60.8171 129.606
9 513.306 716.224 5 4.82463 -55.7493 -39.5945
10 513.725 716.496 5 5.16864 -55.3771 10.2838
11 514.144 716.769 5 5.53648 -65.5935 72.6145
12 514.564 717.041 5 5.92372 -107.755 29.8268
13 514.983 717.313 5 6.32678 -101.984 -55.6541
14 509.679 714.465 5 3.22544 -55.9809 -41.2075
15 510.098 714.737 5 3.13707 -50.5189 -39.0409
16 510.517 715.009 5 3.12714 -49.8536 -23.5569
17 510.937 715.282 5 3.19637 -70.4074 163.181
18 511.356 715.554 5 3.33984 -60.4234 -53.8428
19 511.775 715.826 5 3.54856 -58.7972 58.8388
20 512.195 716.099 5 3.81183 -57.8853 35.3342
21 512.614 716.371 5 4.1192 -54.025 179.467
22 513.033 716.643 5 4.46157 -55.6027 -131.38
23 513.453 716.916 5 4.8315 -63.8509 -170.824
24 513.872 717.188 5 5.22314 -66.4377 174.592
25 514.291 717.46 5 5.63195 -69.1124 -12.8331
26 514.711 717.733 5 6.05448 -80.156 -159.719
27 509.406 714.884 5 2.74444 -58.6143 -111.787
28 509.826 715.156 5 2.64003 -48.4656 -61.1541
29 510.245 715.429 5 2.62821 -48.1517 -31.234
30 510.664 715.701 5 2.71022 -72.9712 -82.6988
31 511.084 715.973 5 2.87803 -54.0333 -104.141
32 511.503 716.246 5 3.11782 -58.776 -142.856
33 511.922 716.518 5 3.41447 -58.5404 39.1917
34 512.342 716.79 5 3.75451 -60.5625 107.298
35 512.761 717.063 5 4.12724 -60.7547 59.1122
36 513.18 717.335 5 4.52459 -70.3014 -70.526
37 513.6 717.607 5 4.94061 -70.0615 -49.0847
38 514.019 717.88 5 5.37098 -69.7237 -105.547
39 514.438 718.152 5 5.8125 -65.6763 51.1721
40 509.134 715.303 5 2.27167 -49.7535 -148.636
41 509.553 715.576 5 2.14435 -48.0082 -59.4948
42 509.973 715.848 5 2.12979 -46.9172 -36.0805
43 510.392 716.12 5 2.2302 -52.3355 -50.369
44 510.811 716.393 5 2.43137 -58.269 37.9796
45 511.231 716.665 5 2.71096 -58.2137 -67.5728
46 511.65 716.937 5 3.04747 -56.6463 -3.52926
47 512.069 717.21 5 3.42416 -63.3751 -152.686
48 512.489 717.482 5 3.82918 -62.7223 161.09
49 512.908 717.754 5 4.25445 -66.0115 -137.979
50 513.327 718.027 5 4.69448 -70.5115 64.0249
51 513.747 718.299 5 5.14548 -73.6787 -93.5175
52 514.166 718.571 5 5.60479 -72.4571 82.3408
53 508.862 715.723 5 1.81355 -63.4725 96.2359
54 509.281 715.995 5 1.65128 -47.833 -77.6004
55 509.7 716.267 5 1.63233 -46.2161 -43.5705
56 510.12 716.54 5 1.76133 -50.4983 -111.804
57 510.539 716.812 5 2.00999 -52.912 147.075
58 510.958 717.084 5 2.34047 -55.8965 -111.326
59 511.378 717.357 5 2.72316 -85.9415 -55.7231
60 511.797 717.629 5 3.139 -68.3194 -113.172
61 512.216 717.901 5 3.57647 -59.4532 12.757
62 512.636 718.174 5 4.02851 -80.4863 50.1847
63 513.055 718.446 5 4.49073 -68.2292 -35.0641
64 513.474 718.718 5 4.96028 -76.2017 24.1814
65 513.894 718.991 5 5.43527 -65.1834 109.633
66 508.589 716.142 5 1.38473 -45.9489 -178.075
67 509.009 716.414 5 1.16415 -54.7124 -94.3553
68 509.428 716.687 5 1.13711 -43.8401 -55.6769
69 509.847 716.959 5 1.31559 -50.2008 -10.8954
70 510.267 717.231 5 1.63357 -51.7479 117.242
71 510.686 717.504 5 2.0264 -63.0733 -131.569
72 511.105 717.776 5 2.45847 -58.8872 54.9187
73 511.525 718.048 5 2.91236 -60.1821 -164.142
74 511.944 718.321 5 3.37929 -81.2319 -167.906
75 512.363 718.593 5 3.85453 -69.0946 -73.794
76 512.783 718.865 5 4.33534 -68.2317 -50.4688
77 513.202 719.138 5 4.82005 -72.8249 174.372
78 513.621 719.41 5 5.30761 -69.796 -102.997
79 510.414 717.923 5 1.79856 -59.4797 159.388
80 510.833 718.195 5 2.27433 -62.8114 -6.98436
81 511.672 718.74 5 3.24779 -74.0601 -49.6552
82 512.091 719.012 5 3.73977 -68.0976 20.6163
83 512.51 719.285 5 4.23363 -69.3115 85.2458
84 512.93 719.557 5 4.72879 -73.9145 61.1542
85 513.349 719.829 5 5.22486 -76.2384 -19.6912
86 510.141 718.342 5 1.69214 -60.8302 -102.892
87 510.561 718.615 5 2.19114 -57.3179 129.196
88 511.399 719.159 5 3.19008 -72.9314 97.0203
89 511.819 719.432 5 3.68977 -73.2769 130.561
90 512.238 719.704 5 4.18953 -71.1067 -137.35
91 512.657 719.976 5 4.68934 -70.9443 -1.67119
92 513.077 720.249 5 5.18919 -65.9983 -119.944
93 509.869 718.762 5 1.72969 -64.4259 31.2443
94 510.288 719.034 5 2.22027 -59.2191 12.9281
95 511.127 719.579 5 3.21016 -69.7474 147.704
96 511.546 719.851 5 3.70714 -72.3406 -159.082
97 511.966 720.123 5 4.20484 -76.3824 112.907
98 512.385 720.396 5 4.70302 -68.2657 94.4002
99 512.804 720.668 5 5.20156 -73.8547 2.51611
100 509.597 719.181 5 1.90272 -60.5054 172.819
101 510.016 719.453 5 2.35756 -55.165 -31.8055
102 509.324 719.6 5 2.17918 -65.1575 -56.9703
103 509.744 719.873 5 2.58585 -60.0744 -151.239
104 509.052 720.02 5 2.52534 -63.0854 -130.814
105 509.471 720.292 5 2.88359 -58.7704 53.2713
