1 509.951 714.045 5 4.63032 -51.655 -33.0707
2 510.37 714.318 5 4.62392 -48.9269 -25.6684
3 510.79 714.59 5 4.67134 -54.1341 -120.835
4 511.209 714.862 5 4.77098 -61.1283 -130.264
5 511.628 715.135 5 4.91965 -63.6489 171.86
6 512.048 715.407 5 5.1131 -58.7378 -121.192
7 512.467 715.679 5 5.34645 -57.2218 -56.6134
8 512.886 715.952 5 5.61474 -63.7425 -113.761
9 513.306 716.224 5 5.91322 -63.389 68.6015
10 513.725 716.496 5 6.23754 -66.4511 131.817
11 514.144 716.769 5 6.5839 -66.5901 -109.5
12 514.564 717.041 5 6.94899 -79.0435 -148.48
13 514.983 717.313 5 7.33003 -79.3592 -101.778
14 509.679 714.465 5 4.13157 -48.5006 -41.2795
15 510.098 714.737 5 4.1244 -48.3356 -16.178
16 510.517 715.009 5 4.17749 -53.4196 -126.939
17 510.937 715.282 5 4.28862 -58.9116 -177.951
18 511.356 715.554 5 4.45343 -62.0758 41.004
19 511.775 715.826 5 4.66624 -63.9503 102.433
20 512.195 716.099 5 4.92083 -57.0225 78.0925
21 512.614 716.371 5 5.21108 -61.6275 -89.4749
22 513.033 716.643 5 5.53138 -66.5427 10.9522
23 513.453 716.916 5 5.87681 -78.4132 164.039
24 513.872 717.188 5 6.24321 -64.7878 -65.1943
25 514.291 717.46 5 6.6271 -80.248 -64.6773
26 514.711 717.733 5 7.02562 -74.6122 81.1029
27 509.406 714.884 5 3.63316 -50.2266 -44.6776
28 509.826 715.156 5 3.62501 -48.9657 -32.6586
29 510.245 715.429 5 3.6853 -57.1885 -150.403
30 510.664 715.701 5 3.81081 -56.5576 109.294
31 511.084 715.973 5 3.99538 -73.0095 88.9598
32 511.503 716.246 5 4.23129 -57.845 -93.777
33 511.922 716.518 5 4.5105 -61.7188 170.869
34 512.342 716.79 5 4.82549 -63.6017 -58.2734
35 512.761 717.063 5 5.16974 -67.0722 114.464
36 513.18 717.335 5 5.53778 -66.5749 110.512
37 513.6 717.607 5 5.92518 -66.5218 123.753
38 514.019 717.88 5 6.32839 -70.0885 70.2582
39 514.438 718.152 5 6.74458 -72.0703 1.95966
40 509.134 715.303 5 3.13527 -49.7969 -42.6714
41 509.553 715.576 5 3.12581 -47.4785 -34.738
42 509.973 715.848 5 3.19554 -54.7844 -149.013
43 510.392 716.12 5 3.3395 -58.4697 45.5045
44 510.811 716.393 5 3.54867 -53.9834 73.0814
45 511.231 716.665 5 3.81233 -54.1681 46.7113
46 511.65 716.937 5 4.12003 -72.8143 151.674
47 512.069 717.21 5 4.46267 -75.1107 169.157
48 512.489 717.482 5 4.83282 -69.8004 -22.4221
49 512.908 717.754 5 5.22465 -79.4982 -77.8199
50 513.327 718.027 5 5.63363 -68.8048 -75.5317
51 513.747 718.299 5 6.05628 -77.1069 -70.4791
52 514.166 718.571 5 6.48994 -65.3197 -18.9233
53 508.862 715.723 5 2.63817 -47.5784 -56.0573
54 509.281 715.995 5 2.62692 -46.7986 -28.7636
55 509.7 716.267 5 2.70952 -85.231 -73.1941
56 510.12 716.54 5 2.87789 -63.5473 169.567
57 510.539 716.812 5 3.11818 -56.099 -124.636
58 510.958 717.084 5 3.41524 -57.4366 73.892
59 511.378 717.357 5 3.75561 -65.8069 88.0479
60 511.797 717.629 5 4.12861 -64.8955 -162.373
61 512.216 717.901 5 4.52617 -68.6029 -42.7782
62 512.636 718.174 5 4.94237 -64.546 77.004
63 513.055 718.446 5 5.37287 -66.0439 108.964
64 513.474 718.718 5 5.81451 -62.4672 -170.17
65 513.894 718.991 5 6.26493 -65.4232 -84.9397
66 508.589 716.142 5 2.14241 -46.7074 -53.8722
67 509.009 716.414 5 2.12855 -45.7629 -30.2998
68 509.428 716.687 5 2.22969 -53.9062 -65.4377
69 509.847 716.959 5 2.43152 -58.1411 80.2131
70 510.267 717.231 5 2.71166 -54.4475 -66.8343
71 510.686 717.504 5 3.04858 -65.4603 -129.791
72 511.105 717.776 5 3.42559 -58.2266 -170.079
73 511.525 718.048 5 3.83085 -67.9767 -22.282
74 511.944 718.321 5 4.25632 -70.8636 -151.774
75 512.363 718.593 5 4.69649 -72.8121 75.5308
76 512.783 718.865 5 5.1476 -63.155 77.0347
77 513.202 719.138 5 5.60701 -66.1836 -160.729
78 513.621 719.41 5 6.07284 -73.7706 -153.112
79 510.414 717.923 5 2.72468 -64.0829 -172.834
80 510.833 718.195 5 3.14081 -63.2764 150.315
81 511.672 718.74 5 4.03066 -63.0258 -79.8035
82 512.091 719.012 5 4.493 -63.7538 -28.8405
83 512.51 719.285 5 4.96264 -60.328 63.3288
84 512.93 719.557 5 5.4377 -73.8347 111.925
85 513.349 719.829 5 5.91687 -76.2456 109.996
86 510.141 718.342 5 2.46047 -72.4269 167.554
87 510.561 718.615 5 2.91456 -64.9435 -6.58917
88 511.399 719.159 5 3.85697 -65.7943 -163.666
89 511.819 719.432 5 4.33786 -56.4999 -113.715
90 512.238 719.704 5 4.82264 -71.0393 -86.2015
91 512.657 719.976 5 5.31024 -82.2369 -66.9686
92 513.077 720.249 5 5.79995 -70.1995 -65.801
93 509.869 718.762 5 2.27682 -67.9032 69.0431
94 510.288 719.034 5 2.76129 -56.7644 26.5575
95 511.127 719.579 5 3.7425 -59.6561 137.222
96 511.546 719.851 5 4.2364 -78.4568 -127.7
97 511.966 720.123 5 4.73158 -76.3411 38.8286
98 512.385 720.396 5 5.22768 -77.5159 124.247
99 512.804 720.668 5 5.72446 -77.6627 -53.4301
100 509.597 719.181 5 2.19407 -60.6264 -45.748
101 510.016 719.453 5 2.69346 -53.1002 12.3473
102 509.324 719.6 5 2.2235 -56.2712 -60.8315
103 509.744 719.873 5 2.71749 -48.9319 -15.6
104 509.052 720.02 5 2.36093 -42.0068 -91.8296
105 509.471 720.292 5 2.83103 -58.0782 -33.1123
