1 505.473 717.831 5 2.69258 -59.2495 -98.0842
2 505.747 717.412 5 2.54951 -46.5498 160.914
3 506.02 716.994 5 2.5 -44.4074 -36.0132
4 506.294 716.575 5 2.54951 -51.9568 -127.892
5 506.567 716.157 5 2.69258 -47.9855 -116.909
6 505.891 718.104 5 2.23607 -43.013 -35.1883
7 506.165 717.686 5 2.06155 -40.5758 178.516
8 506.439 717.267 5 2 -43.1488 -25.04
9 506.712 716.849 5 2.06155 -41.9259 171.759
10 506.986 716.43 5 2.23607 -49.7866 -60.8221
11 506.31 718.378 5 1.80278 -42.2256 -161.791
12 506.584 717.96 5 1.58114 -40.9829 126.508
13 506.857 717.541 5 1.5 -40.3045 -23.9172
14 507.131 717.123 5 1.58114 -40.5494 145.055
15 507.404 716.704 5 1.80278 -42.6643 -156.414
16 506.728 718.652 5 1.41421 -41.8392 -117.793
17 507.002 718.233 5 1.11803 -53.9348 47.6392
18 507.276 717.815 5 1 -39.6187 -36.0056
19 507.549 717.396 5 1.11803 -41.7521 49.8078
20 507.823 716.978 5 1.41421 -45.0625 -142.468
21 507.147 718.925 5 1.11803 -41.7192 -27.2161
22 507.421 718.507 5 0.707107 -37.638 125.951
23 507.694 718.088 5 0.5 -31.3344 -19.7417
24 507.968 717.67 5 0.707107 -36.3234 116.625
25 508.241 717.251 5 1.11803 -37.6214 12.1645
26 507.565 719.199 5 1 -36.6148 20.5129
27 507.839 718.78 5 0.5 -31.6003 15.2167
28 508.113 718.362 5 0 -44.164 5.94305
29 508.386 717.943 5 0.5 -31.303 15.4668
30 508.66 717.525 5 1 -36.9226 14.1354
31 507.984 719.472 5 1.11803 -40.3807 -11.6627
32 508.258 719.054 5 0.707107 -38.5619 126.09
33 508.531 718.635 5 0.5 -30.6743 -21.3161
34 508.805 718.217 5 0.707107 -41.292 73.0637
35 509.078 717.798 5 1.11803 -37.6461 16.9512
36 508.402 719.746 5 1.41421 -39.9254 -112.402
37 508.676 719.328 5 1.11803 -45.8394 36.6694
38 508.95 718.909 5 1 -34.9029 -170.235
39 509.223 718.491 5 1.11803 -43.6052 157.764
40 509.497 718.072 5 1.41421 -42.9934 74.4387
