1 505.473 717.831 5 3.64005 -47.1406 151.245
2 505.747 717.412 5 3.53553 -44.115 114.033
3 506.02 716.994 5 3.5 -49.0116 -119.336
4 506.294 716.575 5 3.53553 -40.6723 107.808
5 506.567 716.157 5 3.64005 -57.6775 161.592
6 505.891 718.104 5 3.16228 -53.7548 -0.465114
7 506.165 717.686 5 3.04138 -58.1589 75.5816
8 506.439 717.267 5 3 -48.1573 -138.026
9 506.712 716.849 5 3.04138 -45.6013 87.3005
10 506.986 716.43 5 3.16228 -46.8971 -39.5898
11 506.31 718.378 5 2.69258 -49.0497 31.8237
12 506.584 717.96 5 2.54951 -60.4954 176.992
13 506.857 717.541 5 2.5 -41.8255 -163.045
14 507.131 717.123 5 2.54951 -48.05 77.1789
15 507.404 716.704 5 2.69258 -54.5274 92.2824
16 506.728 718.652 5 2.23607 -48.2794 153.916
17 507.002 718.233 5 2.06155 -46.8711 5.04762
18 507.276 717.815 5 2 -41.6868 -155.297
19 507.549 717.396 5 2.06155 -45.7424 29.8285
20 507.823 716.978 5 2.23607 -50.1946 107.346
21 507.147 718.925 5 1.80278 -45.6409 23.1752
22 507.421 718.507 5 1.58114 -42.9417 -63.2956
23 507.694 718.088 5 1.5 -37.5954 -148.68
24 507.968 717.67 5 1.58114 -48.1848 -38.4045
25 508.241 717.251 5 1.80278 -44.2424 4.0425
26 507.565 719.199 5 1.41421 -46.0216 86.892
27 507.839 718.78 5 1.11803 -46.8229 -142.985
28 508.113 718.362 5 1 -34.988 -171.174
29 508.386 717.943 5 1.11803 -42.2433 -176.583
30 508.66 717.525 5 1.41421 -44.4042 102.202
31 507.984 719.472 5 1.11803 -44.7176 149.721
32 508.258 719.054 5 0.707107 -40.444 -42.8069
33 508.531 718.635 5 0.5 -31.8663 -178.71
34 508.805 718.217 5 0.707107 -35.2128 -57.2749
35 509.078 717.798 5 1.11803 -42.6085 131.918
36 508.402 719.746 5 1 -43.1739 161.99
37 508.676 719.328 5 0.5 -33.1531 -176.841
38 508.95 718.909 5 0 -35.9859 -23.0289
39 509.223 718.491 5 0.5 -32.6222 19.9796
40 509.497 718.072 5 1 -35.593 -59.6271
