1 514.644 719.84 5 6.06052 -116.538 70.3038
2 514.371 720.259 5 5.9286 -108.874 -163.413
3 514.097 720.678 5 5.83666 -122.251 -155.644
4 513.824 721.096 5 5.78662 -113.494 31.3925
5 513.551 721.515 5 5.77956 -133.575 -107.267
6 513.278 721.934 5 5.81564 -126.745 160.707
7 513.004 722.353 5 5.89407 -121.932 -129.655
8 512.731 722.771 5 6.01319 -130.159 -24.9208
9 512.458 723.19 5 6.17064 -141.543 -92.5327
10 512.185 723.609 5 6.36358 -139.083 90.2686
11 515.063 720.113 5 6.53889 -105.538 27.0742
12 514.789 720.532 5 6.4168 -110.964 -165.625
13 514.516 720.951 5 6.33196 -119.991 -53.3297
14 514.243 721.37 5 6.28586 -114.993 10.4953
15 513.97 721.788 5 6.27937 -149.563 121.243
16 513.696 722.207 5 6.31259 -130.198 152.778
17 513.423 722.626 5 6.38492 -129.09 -122.981
18 513.15 723.045 5 6.49504 -143.111 -57.0629
19 512.877 723.463 5 6.64108 -141.782 36.0422
20 512.603 723.882 5 6.82072 -136.101 -132.795
21 515.481 720.387 5 7.02027 -120.992 78.0907
22 515.208 720.805 5 6.9067 -120.149 167.309
23 514.935 721.224 5 6.82795 -118.922 -99.5545
24 514.662 721.643 5 6.78522 -123.479 73.6909
25 514.388 722.062 5 6.7792 -119.735 -144.446
26 514.115 722.48 5 6.80999 -130.131 96.9696
27 513.842 722.899 5 6.87708 -134.096 139.811
28 513.568 723.318 5 6.97944 -146.505 88.8016
29 513.295 723.737 5 7.11555 -134.521 -173.138
30 513.022 724.155 5 7.2835 -135.061 -151.929
31 515.9 720.66 5 7.50408 -104.247 33.431
32 515.627 721.079 5 7.39795 -103.66 -21.7788
33 515.353 721.497 5 7.32448 -113.2 136.701
34 515.08 721.916 5 7.28466 -136.528 101.021
35 514.807 722.335 5 7.27906 -132.236 151.286
36 514.534 722.754 5 7.30774 -118.96 -17.9054
37 514.26 723.172 5 7.3703 -125.879 -130.703
38 513.987 723.591 5 7.46591 -124.624 -39.5722
39 516.319 720.933 5 7.98989 -99.1978 44.9354
40 516.045 721.352 5 7.89029 -114.944 160.204
41 515.772 721.771 5 7.82145 -107.047 119.798
42 515.499 722.189 5 7.78418 -129.909 -92.6549
43 515.226 722.608 5 7.77893 -136.505 -152.439
44 514.952 723.027 5 7.80578 -137.123 -80.8577
45 514.679 723.446 5 7.86438 -125.069 49.6823
46 514.406 723.864 5 7.95405 -250 0
47 516.737 721.206 5 8.47735 -104.781 134.359
48 516.464 721.625 5 8.38354 -100.423 15.1634
49 516.191 722.044 5 8.31878 -109.953 110.919
50 515.918 722.463 5 8.28375 -114.109 -84.492
51 515.644 722.881 5 8.27882 -120.898 101.785
52 515.371 723.3 5 8.30405 -151.273 -121.017
53 515.098 723.719 5 8.35916 -136.042 124.796
54 514.825 724.138 5 8.44358 -130.045 -165.507
55 517.156 721.48 5 8.96619 -119.299 -145.553
56 516.883 721.898 5 8.87755 -104.41 -116.512
57 516.61 722.317 5 8.81642 -101.476 -71.447
58 516.336 722.736 5 8.78337 -98.6073 80.8504
59 516.063 723.155 5 8.77872 -122.609 48.2297
60 515.79 723.573 5 8.80252 -114.728 -128.566
61 515.517 723.992 5 8.85453 -129.427 117.507
62 515.243 724.411 5 8.93426 -250 0
63 517.575 721.753 5 9.4562 -108.104 -117.317
64 517.302 722.172 5 9.3722 -113.842 114.106
65 517.028 722.59 5 9.31431 -112.542 -107.064
66 516.755 723.009 5 9.28304 -97.2964 98.7335
67 516.482 723.428 5 9.27864 -103.463 -154.302
68 516.209 723.847 5 9.30115 -116.973 -138.255
69 515.935 724.265 5 9.35039 -122.591 -20.4902
70 515.662 724.684 5 9.42593 -118.618 109.602
71 517.994 722.026 5 9.9472 -111.977 -13.6693
72 517.72 722.445 5 9.86738 -110.032 -93.5531
73 517.447 722.864 5 9.81242 -100.793 -5.77207
74 517.174 723.282 5 9.78273 -110.322 101.082
75 516.901 723.701 5 9.77856 -94.8823 -75.3124
76 516.627 724.12 5 9.79993 -107.163 -149.673
77 516.354 724.539 5 9.84667 -111.241 -33.5574
78 516.081 724.957 5 9.91843 -123.97 -26.396
