1 514.644 719.84 5 6.4345 -115.896 -41.5558
2 514.371 720.259 5 6.23066 -105.52 110.678
3 514.097 720.678 5 6.06131 -112.512 -118.209
4 513.824 721.096 5 5.9294 -117.277 145.938
5 513.551 721.515 5 5.83748 -124.671 -106.965
6 513.278 721.934 5 5.78745 -135.333 -84.2987
7 513.004 722.353 5 5.78039 -110.082 -141.794
8 512.731 722.771 5 5.81646 -113.498 -14.713
9 512.458 723.19 5 5.89488 -140.055 26.6009
10 512.185 723.609 5 6.01398 -126.638 128.928
11 515.063 720.113 5 6.88699 -107.108 18.4194
12 514.789 720.532 5 6.69694 -130.527 95.4949
13 514.516 720.951 5 6.53968 -119.331 153.748
14 514.243 721.37 5 6.41761 -118.734 106.376
15 513.97 721.788 5 6.33278 -111.699 160.384
16 513.696 722.207 5 6.28669 -123.71 -127.676
17 513.423 722.626 5 6.28019 -120.718 -153.936
18 513.15 723.045 5 6.31341 -135.848 -151.645
19 512.877 723.463 5 6.38573 -115.081 -116.277
20 512.603 723.882 5 6.49584 -119.691 17.4133
21 515.481 720.387 5 7.34565 -106.499 -48.1863
22 515.208 720.805 5 7.16777 -115.999 71.0189
23 514.935 721.224 5 7.02106 -120.356 138.99
24 514.662 721.643 5 6.90751 -120.518 112.687
25 514.388 722.062 5 6.82877 -128.068 -92.9473
26 514.115 722.48 5 6.78604 -128.738 -67.5129
27 513.842 722.899 5 6.78003 -123.683 -25.8439
28 513.568 723.318 5 6.81081 -137.89 -172.021
29 513.295 723.737 5 6.8779 -127.11 -32.056
30 513.022 724.155 5 6.98025 -117.289 114.504
31 515.9 720.66 5 7.80939 -105.175 134.818
32 515.627 721.079 5 7.64231 -114.393 78.8634
33 515.353 721.497 5 7.50488 -113.664 81.1081
34 515.08 721.916 5 7.39876 -114.08 140.926
35 514.807 722.335 5 7.3253 -120.917 -135.005
36 514.534 722.754 5 7.28549 -124.435 -125.904
37 514.26 723.172 5 7.27988 -121.2 136.178
38 513.987 723.591 5 7.30856 -141.987 -3.38666
39 516.319 720.933 5 8.27735 -102.374 177.935
40 516.045 721.352 5 8.1199 -115.11 95.6926
41 515.772 721.771 5 7.99069 -121.409 92.3674
42 515.499 722.189 5 7.89111 -107.952 -19.4044
43 515.226 722.608 5 7.82227 -135.751 -75.6791
44 514.952 723.027 5 7.785 -125.008 38.8016
45 514.679 723.446 5 7.77976 -137.19 -140.184
46 514.406 723.864 5 7.8066 -192.744 -96.9857
47 516.737 721.206 5 8.74885 -100.019 -93.6203
48 516.464 721.625 5 8.60004 -97.2408 177.957
49 516.191 722.044 5 8.47816 -95.5744 62.0692
50 515.918 722.463 5 8.38436 -97.1788 92.3647
51 515.644 722.881 5 8.31961 -113.271 -128.482
52 515.371 723.3 5 8.28458 -105.704 54.6433
53 515.098 723.719 5 8.27965 -112.782 39.3238
54 514.825 724.138 5 8.30487 -218.294 125.529
55 517.156 721.48 5 9.22336 -103.914 -24.947
56 516.883 721.898 5 9.08233 -99.3856 26.5116
57 516.61 722.317 5 8.967 -101.939 156.942
58 516.336 722.736 5 8.87837 -96.22 -127.451
59 516.063 723.155 5 8.81724 -96.8404 -87.9648
60 515.79 723.573 5 8.7842 -102.041 60.108
61 515.517 723.992 5 8.77955 -104.835 -129.925
62 515.243 724.411 5 8.80334 -250 0
63 517.575 721.753 5 9.70043 -108.412 -143.549
64 517.302 722.172 5 9.56643 -98.3207 60.4795
65 517.028 722.59 5 9.45701 -108.416 121.131
66 516.755 723.009 5 9.37301 -104.885 72.2979
67 516.482 723.428 5 9.31513 -92.3298 28.2174
68 516.209 723.847 5 9.28386 -94.7536 105.984
69 515.935 724.265 5 9.27946 -102.59 -142.752
70 515.662 724.684 5 9.30198 -103.283 47.7482
71 517.994 722.026 5 10.1797 -116.6 158.788
72 517.72 722.445 5 10.0521 -103.701 100.284
73 517.447 722.864 5 9.94801 -91.4657 53.0733
74 517.174 723.282 5 9.8682 -109.479 -19.8981
75 516.901 723.701 5 9.81324 -102.795 -153.853
76 516.627 724.12 5 9.78356 -89.5173 147.955
77 516.354 724.539 5 9.77938 -99.0139 -30.1126
78 516.081 724.957 5 9.80075 -116.947 2.21997
