1 514.644 719.84 5 9.08129 -98.2394 59.3629
2 514.371 720.259 5 8.96609 -96.0708 166.641
3 514.097 720.678 5 8.87759 -118.76 159.236
4 513.824 721.096 5 8.8166 -94.3545 -130.279
5 513.551 721.515 5 8.78369 -114.777 102.866
6 513.278 721.934 5 8.77918 -111.757 102.658
7 513.004 722.353 5 8.80312 -105.192 -94.6584
8 512.731 722.771 5 8.85527 -120.152 109.804
9 512.458 723.19 5 8.93513 -129.449 45.3688
10 512.185 723.609 5 9.04198 -127.197 -5.0637
11 515.063 720.113 5 9.56543 -109.232 2.87056
12 514.789 720.532 5 9.45612 -121.956 -44.7015
13 514.516 720.951 5 9.37225 -116.135 85.5
14 514.243 721.37 5 9.3145 -116.733 176.839
15 513.97 721.788 5 9.28336 -110.934 131.368
16 513.696 722.207 5 9.27909 -115.285 8.25406
17 513.423 722.626 5 9.30174 -125.016 -146.858
18 513.15 723.045 5 9.35111 -120.436 105.788
19 512.877 723.463 5 9.42678 -117.892 52.1533
20 512.603 723.882 5 9.52811 -118.283 101.952
21 515.481 720.387 5 10.0511 -93.1587 111.621
22 515.208 720.805 5 9.94715 -111.445 -64.3953
23 514.935 721.224 5 9.86745 -110.959 174.707
24 514.662 721.643 5 9.81262 -111.488 -51.2745
25 514.388 722.062 5 9.78306 -113.706 -17.4107
26 514.115 722.48 5 9.77901 -119.465 155.432
27 513.842 722.899 5 9.80051 -110.264 102.143
28 513.568 723.318 5 9.84737 -118.265 110.668
29 513.295 723.737 5 9.91925 -116.14 114.079
30 513.022 724.155 5 10.0156 -109.076 14.8255
31 515.9 720.66 5 10.5381 -84.0539 -115.112
32 515.627 721.079 5 10.439 -118.743 -135.686
33 515.353 721.497 5 10.3631 -113.94 167.774
34 515.08 721.916 5 10.3109 -118.9 150.784
35 514.807 722.335 5 10.2828 -100.503 -114.832
36 514.534 722.754 5 10.2789 -116.337 100.477
37 514.26 723.172 5 10.2994 -100.309 -16.9457
38 513.987 723.591 5 10.344 -118.745 -156.656
39 516.319 720.933 5 11.0263 -100.645 -80.0636
40 516.045 721.352 5 10.9316 -100.027 169.613
41 515.772 721.771 5 10.8592 -121.702 65.3587
42 515.499 722.189 5 10.8094 -112.256 -35.9246
43 515.226 722.608 5 10.7825 -103.492 151.336
44 514.952 723.027 5 10.7789 -115.636 84.5567
45 514.679 723.446 5 10.7984 -120.688 -97.5219
46 514.406 723.864 5 10.8409 -250 0
47 516.737 721.206 5 11.5155 -115.971 95.3272
48 516.464 721.625 5 11.4249 -88.9283 -20.312
49 516.191 722.044 5 11.3556 -112.245 129.027
50 515.918 722.463 5 11.308 -93.1063 -6.81182
51 515.644 722.881 5 11.2823 -113.796 -167.203
52 515.371 723.3 5 11.2788 -102.764 -67.9907
53 515.098 723.719 5 11.2975 -120.487 -124.074
54 514.825 724.138 5 11.3381 -140.243 101.135
55 517.156 721.48 5 12.0056 -105.507 83.5887
56 516.883 721.898 5 11.9187 -80.5057 109.559
57 516.61 722.317 5 11.8523 -98.3251 -43.1296
58 516.336 722.736 5 11.8067 -95.2752 151.665
59 516.063 723.155 5 11.7821 -109.639 -11.4484
60 515.79 723.573 5 11.7788 -120.406 35.1819
61 515.517 723.992 5 11.7966 -102.399 97.1863
62 515.243 724.411 5 11.8356 -158.223 -108.815
63 517.575 721.753 5 12.4965 -125.321 -41.4781
64 517.302 722.172 5 12.413 -116.619 142.984
65 517.028 722.59 5 12.3493 -95.9424 -110.495
66 516.755 723.009 5 12.3055 -96.0731 -170.589
67 516.482 723.428 5 12.2819 -87.6752 -47.0864
68 516.209 723.847 5 12.2787 -99.5927 104.267
69 515.935 724.265 5 12.2958 -110.752 -126.393
70 515.662 724.684 5 12.3332 -115.916 110.912
71 517.994 722.026 5 12.9881 -116.436 -154.113
72 517.72 722.445 5 12.9078 -103.181 112.932
73 517.447 722.864 5 12.8465 -93.6033 -126.764
74 517.174 723.282 5 12.8044 -93.7841 146.232
75 516.901 723.701 5 12.7818 -95.8516 -44.0626
76 516.627 724.12 5 12.7787 -88.4135 118.353
77 516.354 724.539 5 12.7951 -102.744 109.789
78 516.081 724.957 5 12.8311 -105.583 -172.946
