1 505.473 717.831 5 1.5 -37.2399 -23.8532
2 505.747 717.412 5 1.58114 -40.0717 113.58
3 506.02 716.994 5 1.80278 -41.8959 -145.392
4 506.294 716.575 5 2.12132 -47.7866 1.80235
5 506.567 716.157 5 2.5 -46.436 1.2371
6 505.891 718.104 5 1 -35.7737 12.6514
7 506.165 717.686 5 1.11803 -40.1865 15.7703
8 506.439 717.267 5 1.41421 -40.5665 -112.435
9 506.712 716.849 5 1.80278 -41.0333 -166.084
10 506.986 716.43 5 2.23607 -53.5531 25.1387
11 506.31 718.378 5 0.5 -31.2656 -2.16948
12 506.584 717.96 5 0.707107 -37.2246 121.31
13 506.857 717.541 5 1.11803 -42.7778 4.08928
14 507.131 717.123 5 1.58114 -51.2199 153.387
15 507.404 716.704 5 2.06155 -52.0619 -143.834
16 506.728 718.652 5 0 -37.0761 37.0774
17 507.002 718.233 5 0.5 -30.9152 11.9364
18 507.276 717.815 5 1 -34.2023 13.7571
19 507.549 717.396 5 1.5 -38.1474 25.4273
20 507.823 716.978 5 2 -39.4518 12.3916
21 507.147 718.925 5 0.5 -33.1627 -1.703
22 507.421 718.507 5 0.707107 -37.3675 127.217
23 507.694 718.088 5 1.11803 -40.3976 9.49964
24 507.968 717.67 5 1.58114 -53.311 21.9413
25 508.241 717.251 5 2.06155 -53.1314 -109.294
26 507.565 719.199 5 1 -37.9785 20.8727
27 507.839 718.78 5 1.11803 -42.2649 17.4045
28 508.113 718.362 5 1.41421 -42.0237 -122.912
29 508.386 717.943 5 1.80278 -39.1926 -152.74
30 508.66 717.525 5 2.23607 -47.8558 -13.9256
31 507.984 719.472 5 1.5 -38.3516 -15.9223
32 508.258 719.054 5 1.58114 -39.2329 149.134
33 508.531 718.635 5 1.80278 -44.4483 -126.687
34 508.805 718.217 5 2.12132 -44.4285 22.6361
35 509.078 717.798 5 2.5 -44.3032 -14.7285
36 508.402 719.746 5 2 -46.9191 56.4711
37 508.676 719.328 5 2.06155 -39.1336 159.806
38 508.95 718.909 5 2.23607 -49.5128 163.552
39 509.223 718.491 5 2.5 -46.5331 148.396
40 509.497 718.072 5 2.82843 -55.8414 7.32014
