1 509.951 714.045 5 3.63343 -48.4935 -43.2229
2 510.37 714.318 5 3.62485 -48.0717 -36.8389
3 510.79 714.59 5 3.68474 -53.954 -141.324
4 511.209 714.862 5 3.80987 -62.3956 169.417
5 511.628 715.135 5 3.9941 -53.9349 -117.237
6 512.048 715.407 5 4.22973 -56.5673 -75.118
7 512.467 715.679 5 4.5087 -58.7573 152.624
8 512.886 715.952 5 4.8235 -61.8131 -75.4766
9 513.306 716.224 5 5.16758 -60.816 4.55774
10 513.725 716.496 5 5.53549 -70.119 -137.976
11 514.144 716.769 5 5.92279 -62.0265 -106.759
12 514.564 717.041 5 6.32592 -97.3255 -71.5293
13 514.983 717.313 5 6.74203 -95.1809 -125.702
14 509.679 714.465 5 3.13557 -48.572 -34.7149
15 510.098 714.737 5 3.12563 -46.9474 -23.4019
16 510.517 715.009 5 3.19489 -59.8316 -130.256
17 510.937 715.282 5 3.33843 -56.8286 108.009
18 511.356 715.554 5 3.54723 -57.1612 109.752
19 511.775 715.826 5 3.8106 -54.927 45.5345
20 512.195 716.099 5 4.11806 -57.6226 176.292
21 512.614 716.371 5 4.46051 -57.3733 -119.13
22 513.033 716.643 5 4.83052 -69.6911 -120.922
23 513.453 716.916 5 5.22223 -69.3783 109.488
24 513.872 717.188 5 5.63112 -63.2359 -19.0213
25 514.291 717.46 5 6.0537 -75.2141 -53.3164
26 514.711 717.733 5 6.48729 -67.1255 1.529
27 509.406 714.884 5 2.63853 -47.339 -53.2882
28 509.826 715.156 5 2.62671 -47.3815 -31.3398
29 510.245 715.429 5 2.70875 -62.7874 -12.9984
30 510.664 715.701 5 2.87665 -60.1076 -150.187
31 511.084 715.973 5 3.11655 -57.1363 -104.66
32 511.503 716.246 5 3.4133 -56.7653 58.4373
33 511.922 716.518 5 3.75345 -59.4274 107.827
34 512.342 716.79 5 4.12628 -66.1406 30.0505
35 512.761 717.063 5 4.52371 -61.435 -30.3925
36 513.18 717.335 5 4.93981 -61.6983 166.853
37 513.6 717.607 5 5.37024 -71.7315 -28.1199
38 514.019 717.88 5 5.81182 -64.1606 92.692
39 514.438 718.152 5 6.26219 -64.0395 -177.105
40 509.134 715.303 5 2.14286 -46.5862 -61.8473
41 509.553 715.576 5 2.12829 -45.2512 -53.6062
42 509.973 715.848 5 2.22876 -51.9155 -62.4032
43 510.392 716.12 5 2.43005 -53.2121 66.8763
44 510.811 716.393 5 2.70978 -57.5125 -48.7802
45 511.231 716.665 5 3.04642 -54.3645 15.1842
46 511.65 716.937 5 3.42322 -72.3448 -114.249
47 512.069 717.21 5 3.82834 -61.1044 150.809
48 512.489 717.482 5 4.2537 -60.7498 -47.9218
49 512.908 717.754 5 4.6938 -68.9599 124.331
50 513.327 718.027 5 5.14485 -65.4398 -130.967
51 513.747 718.299 5 5.60422 -68.2747 17.7025
52 514.166 718.571 5 6.07001 -65.2044 167.107
53 508.862 715.723 5 1.6498 -49.5254 -106.002
54 509.281 715.995 5 1.63083 -46.2853 -41.0189
55 509.7 716.267 5 1.75994 -50.2063 -121.109
56 510.12 716.54 5 2.00877 -52.2234 138.565
57 510.539 716.812 5 2.33943 -56.8859 -130.808
58 510.958 717.084 5 2.72226 -60.0956 41.8257
59 511.378 717.357 5 3.13822 -57.9532 -77.4362
60 511.797 717.629 5 3.57578 -71.843 -1.86539
61 512.216 717.901 5 4.0279 -64.0502 176.458
62 512.636 718.174 5 4.49018 -75.2461 -78.5374
63 513.055 718.446 5 4.95979 -70.7464 -95.0239
64 513.474 718.718 5 5.43482 -66.9187 -87.7937
65 513.894 718.991 5 5.91397 -67.0754 -122.994
66 508.589 716.142 5 1.1627 -50.8096 -102.719
67 509.009 716.414 5 1.13562 -43.8049 -53.5075
68 509.428 716.687 5 1.3143 -51.0065 -5.52709
69 509.847 716.959 5 1.63253 -52.0529 94.3237
70 510.267 717.231 5 2.02557 -58.0316 -80.9655
71 510.686 717.504 5 2.45778 -55.9919 120.904
72 511.105 717.776 5 2.91178 -64.506 116.005
73 511.525 718.048 5 3.37879 -66.4557 133.461
74 511.944 718.321 5 3.85409 -75.4639 130.857
75 512.363 718.593 5 4.33495 -70.598 -147.225
76 512.783 718.865 5 4.8197 -68.2174 -142.575
77 513.202 719.138 5 5.30729 -89.1983 -27.1645
78 513.621 719.41 5 5.79699 -64.6296 101.513
79 510.414 717.923 5 2.27392 -69.0418 79.2545
80 510.833 718.195 5 2.75834 -65.246 -46.9074
81 511.672 718.74 5 3.73952 -70.6444 138.652
82 512.091 719.012 5 4.23341 -68.9413 150.286
83 512.51 719.285 5 4.72859 -71.7281 60.0605
84 512.93 719.557 5 5.22468 -75.5375 160.764
85 513.349 719.829 5 5.72146 -72.2747 142.196
86 510.141 718.342 5 2.19105 -63.4987 -106.532
87 510.561 718.615 5 2.69044 -69.2091 168.41
88 511.399 719.159 5 3.68972 -66.3536 -149.943
89 511.819 719.432 5 4.18948 -64.4255 -105.335
90 512.238 719.704 5 4.6893 -70.9446 -72.239
91 512.657 719.976 5 5.18915 -69.2746 -122.096
92 513.077 720.249 5 5.68903 -79.3901 -73.6829
93 509.869 718.762 5 2.22052 -66.9356 -115.696
94 510.288 719.034 5 2.7145 -62.1261 167.394
95 511.127 719.579 5 3.70729 -71.3269 -98.6082
96 511.546 719.851 5 4.20497 -67.6055 -67.9072
97 511.966 720.123 5 4.70314 -74.7811 59.9756
98 512.385 720.396 5 5.20167 -74.9012 85.0371
99 512.804 720.668 5 5.70045 -78.0523 -66.6244
100 509.597 719.181 5 2.35812 -68.0657 62.2691
101 510.016 719.453 5 2.82816 -60.5776 29.6001
102 509.324 719.6 5 2.58665 -70.4264 132.831
103 509.744 719.873 5 3.02134 -60.2629 73.938
104 509.052 720.02 5 2.88457 -55.94 129.308
105 509.471 720.292 5 3.28002 -62.3411 35.0546
