1 514.644 719.84 5 7.55251 -111.728 -73.1982
2 514.371 720.259 5 7.34571 -101.306 31.0426
3 514.097 720.678 5 7.16789 -109.614 -165.803
4 513.824 721.096 5 7.02125 -113.764 -139.082
5 513.551 721.515 5 6.90775 -133.523 -20.6303
6 513.278 721.934 5 6.82907 -114.808 -129.064
7 513.004 722.353 5 6.78642 -107.599 -69.2572
8 512.731 722.771 5 6.78046 -115.23 82.4768
9 512.458 723.19 5 6.8113 -133.276 61.2781
10 512.185 723.609 5 6.87844 -129.458 -127.659
11 515.063 720.113 5 8.00429 -101.934 46.8138
12 514.789 720.532 5 7.80947 -115.952 -49.4627
13 514.516 720.951 5 7.64245 -114.37 155.019
14 514.243 721.37 5 7.50508 -121.837 -90.6456
15 513.97 721.788 5 7.39901 -97.8069 -70.8823
16 513.696 722.207 5 7.32561 -121.408 175.088
17 513.423 722.626 5 7.28586 -119.646 27.0034
18 513.15 723.045 5 7.28031 -133.867 -64.34
19 512.877 723.463 5 7.30905 -125.033 136.135
20 512.603 723.882 5 7.37166 -118.189 -108.159
21 515.481 720.387 5 8.4615 -104.957 168.107
22 515.208 720.805 5 8.27745 -114.234 -102.754
23 514.935 721.224 5 8.12006 -112.69 140.119
24 514.662 721.643 5 7.99091 -124.695 24.6613
25 514.388 722.062 5 7.89137 -138.471 21.1739
26 514.115 722.48 5 7.82259 -117.826 101.657
27 513.842 722.899 5 7.78538 -112.428 137.98
28 513.568 723.318 5 7.78019 -128.277 -66.6127
29 513.295 723.737 5 7.80708 -124.269 85.1676
30 513.022 724.155 5 7.86573 -123.456 -96.4226
31 515.9 720.66 5 8.92331 -102.034 -11.7239
32 515.627 721.079 5 8.74897 -118.308 -4.55928
33 515.353 721.497 5 8.60022 -115.334 77.8867
34 515.08 721.916 5 8.47838 -122.449 -63.9993
35 514.807 722.335 5 8.38464 -118.781 136.752
36 514.534 722.754 5 8.31993 -132.121 117.78
37 514.26 723.172 5 8.28496 -126.497 -147.932
38 513.987 723.591 5 8.28008 -124.232 166.705
39 516.319 720.933 5 9.38902 -90.8362 -35.7734
40 516.045 721.352 5 9.2235 -109.255 -81.9419
41 515.772 721.771 5 9.08252 -114.35 155.172
42 515.499 722.189 5 8.96723 -113.666 -144.962
43 515.226 722.608 5 8.87865 -113.27 108.591
44 514.952 723.027 5 8.81758 -119.168 -33.6001
45 514.679 723.446 5 8.78458 -115.846 144.775
46 514.406 723.864 5 8.77998 -250 0
47 516.737 721.206 5 9.8581 -98.7803 -69.9709
48 516.464 721.625 5 9.70058 -84.538 -150.637
49 516.191 722.044 5 9.56663 -109.765 146.892
50 515.918 722.463 5 9.45725 -106.496 -91.1023
51 515.644 722.881 5 9.3733 -115.141 -83.7905
52 515.371 723.3 5 9.31547 -113.397 -10.6949
53 515.098 723.719 5 9.28424 -118.184 -165.708
54 514.825 724.138 5 9.27989 -250 0
55 517.156 721.48 5 10.3301 -104.231 9.36742
56 516.883 721.898 5 10.1799 -111.424 -45.4779
57 516.61 722.317 5 10.0523 -114.269 -68.9222
58 516.336 722.736 5 9.94827 -102.194 165.584
59 516.063 723.155 5 9.86849 -103.423 118.33
60 515.79 723.573 5 9.81358 -113.382 155.557
61 515.517 723.992 5 9.78394 -107.525 106.037
62 515.243 724.411 5 9.77981 -135.95 -175.541
63 517.575 721.753 5 10.8046 -111.862 152.498
64 517.302 722.172 5 10.661 -97.5965 131.069
65 517.028 722.59 5 10.5393 -108.659 9.06021
66 516.755 723.009 5 10.4401 -97.8968 -56.7836
67 516.482 723.428 5 10.3641 -109.264 -132.152
68 516.209 723.847 5 10.3119 -107.263 -93.7173
69 515.935 724.265 5 10.2837 -130.128 -135.88
70 515.662 724.684 5 10.2797 -107.675 -110.678
71 517.994 722.026 5 11.2813 -120.501 118.478
72 517.72 722.445 5 11.1439 -111.954 89.031
73 517.447 722.864 5 11.0275 -109.513 38.8505
74 517.174 723.282 5 10.9327 -97.1342 168.425
75 516.901 723.701 5 10.8602 -100.056 -177.382
76 516.627 724.12 5 10.8103 -98.0041 34.2511
77 516.354 724.539 5 10.7834 -115.797 -124.293
78 516.081 724.957 5 10.7797 -112.065 144.953
