1 509.951 714.045 5 4.66835 -52.5902 -128.092
2 510.37 714.318 5 4.76805 -64.8804 -94.0355
3 510.79 714.59 5 4.91682 -62.9509 137.566
4 511.209 714.862 5 5.11037 -61.1619 -95.8608
5 511.628 715.135 5 5.34384 -57.2683 -53.5273
6 512.048 715.407 5 5.61226 -59.5738 -136.144
7 512.467 715.679 5 5.91085 -62.3093 25.545
8 512.886 715.952 5 6.2353 -65.4508 -173.925
9 513.306 716.224 5 6.58178 -60.8307 -118.039
10 513.725 716.496 5 6.94698 -74.0219 -31.654
11 514.144 716.769 5 7.32812 -64.452 157.381
12 514.564 717.041 5 7.72283 -89.7237 77.1858
13 514.983 717.313 5 8.12914 -97.0843 -154.687
14 509.679 714.465 5 4.17451 -53.3328 -133.36
15 510.098 714.737 5 4.28571 -62.0518 143.838
16 510.517 715.009 5 4.45063 -59.1604 49.9597
17 510.937 715.282 5 4.66357 -63.1984 85.2107
18 511.356 715.554 5 4.9183 -60.823 82.0065
19 511.775 715.826 5 5.20869 -61.5304 -102.753
20 512.195 716.099 5 5.52913 -63.1299 64.6745
21 512.614 716.371 5 5.87469 -61.9931 138.158
22 513.033 716.643 5 6.24122 -69.5233 142.393
23 513.453 716.916 5 6.62522 -65.9424 36.8331
24 513.872 717.188 5 7.02384 -71.8327 -83.0532
25 514.291 717.46 5 7.43473 -62.4829 -150.118
26 514.711 717.733 5 7.85595 -75.7222 -114.892
27 509.406 714.884 5 3.68234 -56.9966 -146.52
28 509.826 715.156 5 3.80794 -55.0335 96.7042
29 510.245 715.429 5 3.99264 -75.6449 -173.64
30 510.664 715.701 5 4.2287 -57.6226 -57.8391
31 511.084 715.973 5 4.50807 -60.3409 174.359
32 511.503 716.246 5 4.82322 -59.944 -69.2124
33 511.922 716.518 5 5.16762 -61.2036 16.6709
34 512.342 716.79 5 5.5358 -64.7816 42.135
35 512.761 717.063 5 5.92333 -69.7899 -114.955
36 513.18 717.335 5 6.32666 -66.9508 151.143
37 513.6 717.607 5 6.74295 -68.401 -7.52458
38 514.019 717.88 5 7.16995 -66.8117 -5.03877
39 514.438 718.152 5 7.60585 -68.5601 31.8177
40 509.134 715.303 5 3.19259 -58.4686 -151.478
41 509.553 715.576 5 3.33668 -56.7982 49.9611
42 509.973 715.848 5 3.54601 -58.3577 82.9026
43 510.392 716.12 5 3.80985 -56.8617 23.2086
44 510.811 716.393 5 4.11774 -61.1702 150.945
45 511.231 716.665 5 4.46055 -62.0962 168.464
46 511.65 716.937 5 4.83087 -60.4988 -101.044
47 512.069 717.21 5 5.22284 -66.2038 95.695
48 512.489 717.482 5 5.63195 -61.6727 -63.1826
49 512.908 717.754 5 6.05472 -76.7543 -35.3566
50 513.327 718.027 5 6.48849 -76.3276 171.17
51 513.747 718.299 5 6.93118 -70.3877 -44.7312
52 514.166 718.571 5 7.38119 -80.2815 64.4963
53 508.862 715.723 5 2.7066 -67.5197 128.127
54 509.281 715.995 5 2.87514 -62.8277 -163.253
55 509.7 716.267 5 3.11564 -55.9434 -126.946
56 510.12 716.54 5 3.41292 -56.7402 83.2434
57 510.539 716.812 5 3.7535 -56.5349 114.433
58 510.958 717.084 5 4.12669 -65.4672 18.0535
59 511.378 717.357 5 4.52442 -62.1735 -19.1807
60 511.797 717.629 5 4.94076 -60.4971 142.459
61 512.216 717.901 5 5.3714 -66.5914 178.288
62 512.636 718.174 5 5.81315 -74.1779 -18.8059
63 513.055 718.446 5 6.26366 -76.2622 61.8981
64 513.474 718.718 5 6.72118 -69.8939 -63.9824
65 513.894 718.991 5 7.18436 -71.9219 115.182
66 508.589 716.142 5 2.22682 -57.7326 -67.1837
67 509.009 716.414 5 2.42889 -58.7374 77.9483
68 509.428 716.687 5 2.70929 -53.9732 -69.4401
69 509.847 716.959 5 3.04648 -56.9687 16.9495
70 510.267 717.231 5 3.42372 -69.5434 -121.117
71 510.686 717.504 5 3.82918 -62.0183 120.546
72 511.105 717.776 5 4.25481 -65.4631 91.7665
73 511.525 718.048 5 4.69512 -67.2369 -112.138
74 511.944 718.321 5 5.14635 -79.7297 -135.304
75 512.363 718.593 5 5.60587 -74.7454 -155.018
76 512.783 718.865 5 6.07178 -75.1476 -51.181
77 513.202 719.138 5 6.54273 -80.881 -45.1611
78 513.621 719.41 5 7.0177 -57.1813 58.7613
79 510.414 717.923 5 3.5771 -66.8147 -26.0993
80 510.833 718.195 5 4.02945 -62.099 -28.901
81 511.672 718.74 5 4.96165 -72.2666 -176.377
82 512.091 719.012 5 5.4368 -93.1279 156.382
83 512.51 719.285 5 5.91604 -74.864 58.8879
84 512.93 719.557 5 6.39846 -78.3775 79.6822
85 513.349 719.829 5 6.88339 -69.2665 -4.24132
86 510.141 718.342 5 3.38063 -73.3484 -87.5506
87 510.561 718.615 5 3.85609 -61.0433 160.788
88 511.399 719.159 5 4.82193 -67.3105 -48.3786
89 511.819 719.432 5 5.3096 -58.9564 -129.345
90 512.238 719.704 5 5.79936 -76.578 -150.507
91 512.657 719.976 5 6.29074 -78.565 165.889
92 513.077 720.249 5 6.78337 -76.1608 -75.1818
93 509.869 718.762 5 3.24988 -68.8869 95.646
94 510.288 719.034 5 3.74199 -67.9978 -127.639
95 511.127 719.579 5 4.73118 -55.5154 71.0313
96 511.546 719.851 5 5.22732 -79.0458 -163.562
97 511.966 720.123 5 5.72413 -72.3606 -170.897
98 512.385 720.396 5 6.22145 -73.4127 108.027
99 512.804 720.668 5 6.71917 -86.6955 100.093
100 509.597 719.181 5 3.19292 -70.3843 -45.2313
101 510.016 719.453 5 3.69263 -61.4135 -9.39077
102 509.324 719.6 5 3.21369 -49.9362 -0.663275
103 509.744 719.873 5 3.7106 -50.4838 -19.9884
104 509.052 720.02 5 3.31071 -48.3622 70.5117
105 509.471 720.292 5 3.79495 -51.7921 86.8409
