1 514.644 719.84 5 6.88682 -107.331 -14.2359
2 514.371 720.259 5 6.6968 -93.4025 111.498
3 514.097 720.678 5 6.53956 -106.735 47.1702
4 513.824 721.096 5 6.41753 -103.709 90.7975
5 513.551 721.515 5 6.33273 -112.632 128.362
6 513.278 721.934 5 6.28667 -117.155 -105.754
7 513.004 722.353 5 6.2802 -121.52 -153.954
8 512.731 722.771 5 6.31346 -129.956 50.1055
9 512.458 723.19 5 6.3858 -144.653 -0.706754
10 512.185 723.609 5 6.49594 -120.771 68.7507
11 515.063 720.113 5 7.34549 -114.353 -145.937
12 514.789 720.532 5 7.16764 -118.475 129.033
13 514.516 720.951 5 7.02095 -106.144 -152.085
14 514.243 721.37 5 6.90743 -105.286 -60.5254
15 513.97 721.788 5 6.82871 -119.747 152.796
16 513.696 722.207 5 6.78602 -131.571 157.713
17 513.423 722.626 5 6.78004 -125.43 -30.7608
18 513.15 723.045 5 6.81085 -117.336 -137.291
19 512.877 723.463 5 6.87797 -122.01 -39.1405
20 512.603 723.882 5 6.98034 -131.48 -51.4602
21 515.481 720.387 5 7.80924 -103.073 -45.0031
22 515.208 720.805 5 7.64218 -111.569 -48.8485
23 514.935 721.224 5 7.50478 -109.014 175.624
24 514.662 721.643 5 7.39868 -108.054 168.696
25 514.388 722.062 5 7.32525 -104.057 162.221
26 514.115 722.48 5 7.28547 -123.636 -160.998
27 513.842 722.899 5 7.27989 -118.861 -143.719
28 513.568 723.318 5 7.3086 -109.26 7.84541
29 513.295 723.737 5 7.37118 -123.478 -87.2264
30 513.022 724.155 5 7.4668 -135.595 140.525
31 515.9 720.66 5 8.27721 -115.858 -92.4008
32 515.627 721.079 5 8.11978 -114.342 -145.817
33 515.353 721.497 5 7.9906 -114.716 -72.1023
34 515.08 721.916 5 7.89104 -105.651 -48.6575
35 514.807 722.335 5 7.82223 -106.885 -1.71093
36 514.534 722.754 5 7.78498 -112.934 -45.3744
37 514.26 723.172 5 7.77977 -120.047 173.46
38 513.987 723.591 5 7.80663 -124.5 176.508
39 516.319 720.933 5 8.74872 -97.4234 -0.681213
40 516.045 721.352 5 8.59993 -110.37 -167.803
41 515.772 721.771 5 8.47807 -137.046 92.7687
42 515.499 722.189 5 8.38429 -103.805 91.9904
43 515.226 722.608 5 8.31956 -105.44 143.663
44 514.952 723.027 5 8.28456 -104.939 -153.345
45 514.679 723.446 5 8.27966 -112.998 119.442
46 514.406 723.864 5 8.30491 -192.267 -2.11756
47 516.737 721.206 5 9.22323 -103.823 -179.85
48 516.464 721.625 5 9.08222 -103.199 151.861
49 516.191 722.044 5 8.96691 -104.253 62.0793
50 515.918 722.463 5 8.87831 -103.282 -56.0876
51 515.644 722.881 5 8.8172 -100.638 -114.825
52 515.371 723.3 5 8.78418 -113.089 -99.1574
53 515.098 723.719 5 8.77956 -108.928 -149.281
54 514.825 724.138 5 8.80337 -191.942 78.3227
55 517.156 721.48 5 9.70031 -111.389 -120.201
56 516.883 721.898 5 9.56633 -97.332 -80.451
57 516.61 722.317 5 9.45693 -107.341 -60.3825
58 516.336 722.736 5 9.37295 -96.6915 -36.7455
59 516.063 723.155 5 9.3151 -97.4274 38.3149
60 515.79 723.573 5 9.28385 -109.22 76.1419
61 515.517 723.992 5 9.27947 -106.261 -6.78081
62 515.243 724.411 5 9.30201 -250 0
63 517.575 721.753 5 10.1796 -110.129 -21.559
64 517.302 722.172 5 10.052 -103.448 -171.312
65 517.028 722.59 5 9.94794 -106.009 -151.913
66 516.755 723.009 5 9.86814 -96.9248 -164.456
67 516.482 723.428 5 9.8132 -90.6603 132.806
68 516.209 723.847 5 9.78354 -100.95 -176.244
69 515.935 724.265 5 9.77939 -104.572 163.036
70 515.662 724.684 5 9.80078 -104.245 -175.064
71 517.994 722.026 5 10.6608 -117.419 58.3932
72 517.72 722.445 5 10.539 -101.511 6.34533
73 517.447 722.864 5 10.4398 -98.3238 -65.953
74 517.174 723.282 5 10.3638 -97.89 28.013
75 516.901 723.701 5 10.3115 -109.118 167.658
76 516.627 724.12 5 10.2833 -96.9463 -38.1765
77 516.354 724.539 5 10.2793 -98.7753 -38.9435
78 516.081 724.957 5 10.2997 -98.9408 -6.81704
