1 514.644 719.84 5 5.9282 -105.296 122.935
2 514.371 720.259 5 5.83625 -114.126 111.857
3 514.097 720.678 5 5.78621 -116.75 26.5718
4 513.824 721.096 5 5.77915 -118.588 -15.6695
5 513.551 721.515 5 5.81523 -136.711 86.4263
6 513.278 721.934 5 5.89367 -134.104 -8.66037
7 513.004 722.353 5 6.01279 -130.043 -156.965
8 512.731 722.771 5 6.17025 -127.325 -13.9851
9 512.458 723.19 5 6.3632 -131.549 1.6456
10 512.185 723.609 5 6.58853 -127.611 -64.043
11 515.063 720.113 5 6.4164 -93.2646 -27.6176
12 514.789 720.532 5 6.33155 -109.671 -133.046
13 514.516 720.951 5 6.28545 -125.179 176.253
14 514.243 721.37 5 6.27895 -121.334 -154.094
15 513.97 721.788 5 6.31218 -141.32 111.361
16 513.696 722.207 5 6.38451 -128.936 136.506
17 513.423 722.626 5 6.49464 -112.331 -71.1524
18 513.15 723.045 5 6.64069 -117.219 -2.36982
19 512.877 723.463 5 6.82034 -128.672 163.244
20 512.603 723.882 5 7.03103 -126.785 130.689
21 515.481 720.387 5 6.90629 -116.277 106.863
22 515.208 720.805 5 6.82754 -96.3968 124.466
23 514.935 721.224 5 6.78481 -126.337 54.2529
24 514.662 721.643 5 6.77879 -125.453 89.5118
25 514.388 722.062 5 6.80958 -110.092 48.58
26 514.115 722.48 5 6.87668 -114.858 -135.81
27 513.842 722.899 5 6.97904 -122.883 134.198
28 513.568 723.318 5 7.11515 -128.01 -178.291
29 513.295 723.737 5 7.28311 -117.879 -98.7316
30 513.022 724.155 5 7.48078 -118.546 -92.7595
31 515.9 720.66 5 7.39754 -104.375 49.6847
32 515.627 721.079 5 7.32407 -123.639 -38.5019
33 515.353 721.497 5 7.28425 -122.149 13.0325
34 515.08 721.916 5 7.27864 -129.169 -7.47706
35 514.807 722.335 5 7.30733 -127.121 -95.6653
36 514.534 722.754 5 7.3699 -122.787 -12.5785
37 514.26 723.172 5 7.4655 -118.576 52.6508
38 513.987 723.591 5 7.5929 -114.963 71.8992
39 516.319 720.933 5 7.88989 -100.013 -19.7621
40 516.045 721.352 5 7.82104 -105.831 -34.4274
41 515.772 721.771 5 7.78377 -123.905 -87.5105
42 515.499 722.189 5 7.77852 -113.991 -160.358
43 515.226 722.608 5 7.80536 -124.909 -126.193
44 514.952 723.027 5 7.86397 -121.752 -89.474
45 514.679 723.446 5 7.95364 -132.447 -108.114
46 514.406 723.864 5 8.07334 -250 0
47 516.737 721.206 5 8.38314 -123.172 -51.2757
48 516.464 721.625 5 8.31837 -99.2157 151.07
49 516.191 722.044 5 8.28334 -123.724 47.551
50 515.918 722.463 5 8.27841 -133.229 93.2404
51 515.644 722.881 5 8.30364 -109.946 105.962
52 515.371 723.3 5 8.35875 -119.615 57.6032
53 515.098 723.719 5 8.44317 -128.2 -132.853
54 514.825 724.138 5 8.55602 -250 0
55 517.156 721.48 5 8.87714 -119.57 -11.5022
56 516.883 721.898 5 8.81601 -103.01 -107.364
57 516.61 722.317 5 8.78296 -98.7103 -103.023
58 516.336 722.736 5 8.77831 -107.902 77.7301
59 516.063 723.155 5 8.80211 -111.66 -138.13
60 515.79 723.573 5 8.85412 -113.244 -93.3452
61 515.517 723.992 5 8.93386 -117.762 -159.011
62 515.243 724.411 5 9.04059 -250 0
63 517.575 721.753 5 9.37179 -116.704 31.4847
64 517.302 722.172 5 9.3139 -104.377 -131.036
65 517.028 722.59 5 9.28262 -117.302 137.413
66 516.755 723.009 5 9.27822 -100.98 -22.0306
67 516.482 723.428 5 9.30074 -101.935 141.789
68 516.209 723.847 5 9.34998 -118.439 81.0395
69 515.935 724.265 5 9.42553 -125.856 -166.925
70 515.662 724.684 5 9.52675 -117.665 -128.016
71 517.994 722.026 5 9.86697 -125.618 80.2066
72 517.72 722.445 5 9.812 -132.631 6.04301
73 517.447 722.864 5 9.78232 -102.183 10.334
74 517.174 723.282 5 9.77815 -110.256 -43.3217
75 516.901 723.701 5 9.79952 -105.629 164.592
76 516.627 724.12 5 9.84626 -96.2406 -71.3309
77 516.354 724.539 5 9.91803 -125.711 -77.8272
78 516.081 724.957 5 10.0143 -160.879 60.6425
