1 505.473 717.831 5 2.91548 -48.6041 -136.638
2 505.747 717.412 5 2.69258 -63.2052 -54.0225
3 506.02 716.994 5 2.54951 -59.3038 -91.437
4 506.294 716.575 5 2.5 -40.3589 -42.499
5 506.567 716.157 5 2.54951 -47.1096 -148.076
6 505.891 718.104 5 2.5 -52.5952 -33.4099
7 506.165 717.686 5 2.23607 -47.6002 4.03488
8 506.439 717.267 5 2.06155 -41.0042 178.136
9 506.712 716.849 5 2 -43.3058 -63.3557
10 506.986 716.43 5 2.06155 -42.7166 144.662
11 506.31 718.378 5 2.12132 -41.6036 11.8561
12 506.584 717.96 5 1.80278 -43.7631 -133.983
13 506.857 717.541 5 1.58114 -40.5971 138.356
14 507.131 717.123 5 1.5 -40.9796 -3.27901
15 507.404 716.704 5 1.58114 -39.1702 89.0403
16 506.728 718.652 5 1.80278 -39.4112 -151.017
17 507.002 718.233 5 1.41421 -39.2749 -131.336
18 507.276 717.815 5 1.11803 -42.7872 46.1901
19 507.549 717.396 5 1 -37.4958 -11.1306
20 507.823 716.978 5 1.11803 -37.8965 48.1737
21 507.147 718.925 5 1.58114 -59.1444 -104.742
22 507.421 718.507 5 1.11803 -36.8518 -1.71486
23 507.694 718.088 5 0.707107 -37.0442 118.243
24 507.968 717.67 5 0.5 -30.884 -7.07611
25 508.241 717.251 5 0.707107 -35.2488 76.1116
26 507.565 719.199 5 1.5 -40.5284 4.69982
27 507.839 718.78 5 1 -37.3652 13.0698
28 508.113 718.362 5 0.5 -31.2477 15.7037
29 508.386 717.943 5 0 -40.7146 2.64858
30 508.66 717.525 5 0.5 -30.0136 -0.776776
31 507.984 719.472 5 1.58114 -51.8684 87.7466
32 508.258 719.054 5 1.11803 -38.9314 18.6555
33 508.531 718.635 5 0.707107 -37.8248 79.9537
34 508.805 718.217 5 0.5 -31.1322 -13.4094
35 509.078 717.798 5 0.707107 -47.2153 80.3963
36 508.402 719.746 5 1.80278 -41.674 -150.126
37 508.676 719.328 5 1.41421 -61.5315 -92.0129
38 508.95 718.909 5 1.11803 -43.1968 -169.717
39 509.223 718.491 5 1 -39.5224 -167.865
40 509.497 718.072 5 1.11803 -40.6609 178.469
