1 505.473 717.831 5 2.5 -53.1691 38.5021
2 505.747 717.412 5 2.54951 -51.964 -40.9918
3 506.02 716.994 5 2.69258 -51.6688 29.6103
4 506.294 716.575 5 2.91548 -52.0962 -105.405
5 506.567 716.157 5 3.20156 -56.8149 -76.57
6 505.891 718.104 5 2 -48.5935 -0.562019
7 506.165 717.686 5 2.06155 -41.2268 135.934
8 506.439 717.267 5 2.23607 -44.7906 -18.6104
9 506.712 716.849 5 2.5 -47.4519 -12.0965
10 506.986 716.43 5 2.82843 -54.3111 135.546
11 506.31 718.378 5 1.5 -36.3686 -20.0239
12 506.584 717.96 5 1.58114 -41.2322 123.209
13 506.857 717.541 5 1.80278 -42.9212 -168.135
14 507.131 717.123 5 2.12132 -43.4821 31.2782
15 507.404 716.704 5 2.5 -43.9724 13.085
16 506.728 718.652 5 1 -36.5957 14.0009
17 507.002 718.233 5 1.11803 -44.4822 3.76687
18 507.276 717.815 5 1.41421 -41.6756 -126.87
19 507.549 717.396 5 1.80278 -40.3438 -154.188
20 507.823 716.978 5 2.23607 -49.3643 -2.10248
21 507.147 718.925 5 0.5 -31.8617 0.229413
22 507.421 718.507 5 0.707107 -37.9672 123.858
23 507.694 718.088 5 1.11803 -41.3091 -12.6789
24 507.968 717.67 5 1.58114 -54.5076 14.0152
25 508.241 717.251 5 2.06155 -49.1621 -98.8086
26 507.565 719.199 5 0 -35.7951 53.4287
27 507.839 718.78 5 0.5 -31.0966 17.0168
28 508.113 718.362 5 1 -36.9755 19.652
29 508.386 717.943 5 1.5 -40.1341 11.5867
30 508.66 717.525 5 2 -42.8624 -1.07315
31 507.984 719.472 5 0.5 -33.8271 11.4735
32 508.258 719.054 5 0.707107 -36.3981 126.3
33 508.531 718.635 5 1.11803 -42.2184 7.58881
34 508.805 718.217 5 1.58114 -40.7149 94.0123
35 509.078 717.798 5 2.06155 -42.1963 -92.1734
36 508.402 719.746 5 1 -35.2684 31.5813
37 508.676 719.328 5 1.11803 -37.7824 -2.68551
38 508.95 718.909 5 1.41421 -45.1639 80.8007
39 509.223 718.491 5 1.80278 -48.6484 -8.74373
40 509.497 718.072 5 2.23607 -75.2784 -1.60729
