1 514.644 719.84 5 6.53877 -117.257 47.0424
2 514.371 720.259 5 6.41672 -105.956 175.507
3 514.097 720.678 5 6.33191 -111.216 -110.91
4 513.824 721.096 5 6.28584 -112.648 -101.264
5 513.551 721.515 5 6.27938 -122.929 79.6997
6 513.278 721.934 5 6.31263 -122.083 110.916
7 513.004 722.353 5 6.38499 -122.536 -65.4969
8 512.731 722.771 5 6.49514 -118.843 -24.5368
9 512.458 723.19 5 6.64121 -122.643 -140.845
10 512.185 723.609 5 6.82088 -117.035 -87.2412
11 515.063 720.113 5 7.02016 -122.726 159.869
12 514.789 720.532 5 6.90662 -106.706 131.92
13 514.516 720.951 5 6.8279 -117.244 149.871
14 514.243 721.37 5 6.7852 -113.517 -52.5363
15 513.97 721.788 5 6.77921 -126.169 85.9026
16 513.696 722.207 5 6.81003 -121.803 -9.52913
17 513.423 722.626 5 6.87715 -126.419 64.0689
18 513.15 723.045 5 6.97954 -129.245 16.1763
19 512.877 723.463 5 7.11567 -112.385 -90.6705
20 512.603 723.882 5 7.28365 -115.513 14.2415
21 515.481 720.387 5 7.50398 -98.9256 -61.8343
22 515.208 720.805 5 7.39787 -112.39 -161.932
23 514.935 721.224 5 7.32443 -111.328 170.094
24 514.662 721.643 5 7.28464 -116.464 -137.805
25 514.388 722.062 5 7.27907 -109.791 122.918
26 514.115 722.48 5 7.30778 -121.166 -130.176
27 513.842 722.899 5 7.37037 -132.45 151.764
28 513.568 723.318 5 7.466 -127.965 -171.01
29 513.295 723.737 5 7.59341 -122.809 110.582
30 513.022 724.155 5 7.75104 -119.949 -68.8974
31 515.9 720.66 5 7.9898 -96.7231 51.8025
32 515.627 721.079 5 7.89022 -112.731 155.025
33 515.353 721.497 5 7.82141 -114.037 154.208
34 515.08 721.916 5 7.78416 -119.218 -147.973
35 514.807 722.335 5 7.77894 -135.233 124.902
36 514.534 722.754 5 7.80581 -124.387 -55.4063
37 514.26 723.172 5 7.86444 -119.016 6.76619
38 513.987 723.591 5 7.95413 -116.932 62.795
39 516.319 720.933 5 8.47726 -95.2869 8.28563
40 516.045 721.352 5 8.38348 -101.938 -162.057
41 515.772 721.771 5 8.31874 -113.679 60.7312
42 515.499 722.189 5 8.28373 -120.014 -139.199
43 515.226 722.608 5 8.27883 -122.077 179.396
44 514.952 723.027 5 8.30408 -116.38 169.868
45 514.679 723.446 5 8.35922 -126.26 -178.944
46 514.406 723.864 5 8.44366 -250 0
47 516.737 721.206 5 8.96611 -103.692 86.3205
48 516.464 721.625 5 8.87749 -101.344 93.7079
49 516.191 722.044 5 8.81638 -113.249 -16.1555
50 515.918 722.463 5 8.78336 -113.134 -44.5706
51 515.644 722.881 5 8.77873 -123.446 -125.768
52 515.371 723.3 5 8.80255 -123.852 -174.91
53 515.098 723.719 5 8.85459 -111.492 -133.311
54 514.825 724.138 5 8.93434 -250 0
55 517.156 721.48 5 9.45612 -110.761 161.212
56 516.883 721.898 5 9.37214 -94.5918 -61.7904
57 516.61 722.317 5 9.31427 -112.718 -44.8468
58 516.336 722.736 5 9.28302 -104.858 -171.681
59 516.063 723.155 5 9.27864 -104.432 -123.022
60 515.79 723.573 5 9.30118 -109.862 -115.198
61 515.517 723.992 5 9.35044 -104.973 86.7666
62 515.243 724.411 5 9.426 -250 0
63 517.575 721.753 5 9.94712 -112.682 69.905
64 517.302 722.172 5 9.86732 -99.5525 -126.631
65 517.028 722.59 5 9.81238 -108.876 67.9747
66 516.755 723.009 5 9.78272 -100.815 -96.0491
67 516.482 723.428 5 9.77857 -104.8 -93.2735
68 516.209 723.847 5 9.79996 -110.73 -17.8385
69 515.935 724.265 5 9.84672 -108.889 36.1338
70 515.662 724.684 5 9.9185 -103.522 -96.8758
71 517.994 722.026 5 10.439 -114.06 -124.315
72 517.72 722.445 5 10.363 -109.915 -128.921
73 517.447 722.864 5 10.3107 -107.931 37.6988
74 517.174 723.282 5 10.2824 -114.321 132.483
75 516.901 723.701 5 10.2785 -106.519 -37.4863
76 516.627 724.12 5 10.2988 -103.947 -25.4303
77 516.354 724.539 5 10.3434 -116.493 60.5372
78 516.081 724.957 5 10.4117 -111.563 -169.727
