1 514.644 719.84 5 7.88961 -101.998 20.749
2 514.371 720.259 5 7.82086 -102.49 141.658
3 514.097 720.678 5 7.78369 -97.9125 21.3197
4 513.824 721.096 5 7.77855 -102.258 65.7767
5 513.551 721.515 5 7.80551 -118.502 -160.065
6 513.278 721.934 5 7.86422 -109.538 -34.7801
7 513.004 722.353 5 7.95399 -111.659 99.6763
8 512.731 722.771 5 8.07378 -119.492 -43.7858
9 512.458 723.19 5 8.22228 -120.162 -144.601
10 512.185 723.609 5 8.39797 -124.697 64.6864
11 515.063 720.113 5 8.38287 -107.493 -23.1725
12 514.789 720.532 5 8.31821 -106.474 133.698
13 514.516 720.951 5 8.28327 -103.907 165.614
14 514.243 721.37 5 8.27844 -100.194 -103.724
15 513.97 721.788 5 8.30377 -122.32 -115.019
16 513.696 722.207 5 8.35898 -126.394 22.8622
17 513.423 722.626 5 8.4435 -115.079 118.611
18 513.15 723.045 5 8.55644 -114.694 56.6111
19 512.877 723.463 5 8.6967 -110.783 -110.51
20 512.603 723.882 5 8.86299 -115.725 97.8513
21 515.481 720.387 5 8.8769 -113.32 73.052
22 515.208 720.805 5 8.81585 -106.236 77.1828
23 514.935 721.224 5 8.7829 -102.274 -23.1515
24 514.662 721.643 5 8.77834 -100.739 41.6099
25 514.388 722.062 5 8.80223 -104.315 99.0661
26 514.115 722.48 5 8.85434 -107.48 -141.113
27 513.842 722.899 5 8.93417 -110.879 73.5456
28 513.568 723.318 5 9.04098 -118.941 -108.153
29 513.295 723.737 5 9.17384 -116.268 140.659
30 513.022 724.155 5 9.33163 -129.28 -177.406
31 515.9 720.66 5 9.37155 -104.688 94.6382
32 515.627 721.079 5 9.31375 -97.508 -72.8804
33 515.353 721.497 5 9.28256 -109.271 78.7471
34 515.08 721.916 5 9.27825 -104.805 -159.97
35 514.807 722.335 5 9.30086 -104.099 -106.275
36 514.534 722.754 5 9.35019 -110.842 -22.2894
37 514.26 723.172 5 9.42582 -113.205 75.1729
38 513.987 723.591 5 9.52712 -114.117 -39.6842
39 516.319 720.933 5 9.86675 -102.01 -172.29
40 516.045 721.352 5 9.81186 -122.308 -152.788
41 515.772 721.771 5 9.78226 -111.805 -84.4919
42 515.499 722.189 5 9.77817 -114.18 51.1615
43 515.226 722.608 5 9.79963 -107.603 33.7412
44 514.952 723.027 5 9.84646 -113.666 85.1058
45 514.679 723.446 5 9.9183 -103.761 151.826
46 514.406 723.864 5 10.0146 -250 0
47 516.737 721.206 5 10.3624 -98.5384 87.0124
48 516.464 721.625 5 10.3102 -95.3076 87.6683
49 516.191 722.044 5 10.282 -104.431 108.659
50 515.918 722.463 5 10.2781 -116.073 -81.2931
51 515.644 722.881 5 10.2985 -103.895 169.584
52 515.371 723.3 5 10.3431 -100.533 -84.8167
53 515.098 723.719 5 10.4115 -112.603 86.7563
54 514.825 724.138 5 10.5033 -250 0
55 517.156 721.48 5 10.8585 -106.092 73.9598
56 516.883 721.898 5 10.8086 -104.035 173.006
57 516.61 722.317 5 10.7817 -95.4158 -47.051
58 516.336 722.736 5 10.778 -92.2343 -17.0051
59 516.063 723.155 5 10.7975 -108.322 -56.7959
60 515.79 723.573 5 10.84 -101.548 43.8204
61 515.517 723.992 5 10.9053 -104.553 107.908
62 515.243 724.411 5 10.993 -250 0
63 517.575 721.753 5 11.3549 -108.843 13.3858
64 517.302 722.172 5 11.3072 -107.187 116.698
65 517.028 722.59 5 11.2815 -110.717 24.7069
66 516.755 723.009 5 11.278 -96.1703 -78.3769
67 516.482 723.428 5 11.2966 -91.4604 -158.953
68 516.209 723.847 5 11.3372 -96.7012 163.077
69 515.935 724.265 5 11.3997 -108.771 -113.229
70 515.662 724.684 5 11.4836 -109.332 158.206
71 517.994 722.026 5 11.8516 -104.767 110.222
72 517.72 722.445 5 11.8059 -107.193 179.599
73 517.447 722.864 5 11.7813 -104.971 115.513
74 517.174 723.282 5 11.7779 -103.864 -141.666
75 516.901 723.701 5 11.7957 -114.381 170.34
76 516.627 724.12 5 11.8347 -90.8662 -42.4752
77 516.354 724.539 5 11.8945 -108.748 -148.264
78 516.081 724.957 5 11.975 -116.031 46.4006
