1 509.951 714.045 5 5.679 -54.9613 -140.225
2 510.37 714.318 5 5.62982 -52.2121 -22.5629
3 510.79 714.59 5 5.62483 -50.7607 -25.9332
4 511.209 714.862 5 5.66414 -51.5698 -120.856
5 511.628 715.135 5 5.74685 -57.1859 11.2963
6 512.048 715.407 5 5.87112 -66.0893 142.197
7 512.467 715.679 5 6.03439 -70.1684 89.5782
8 512.886 715.952 5 6.2336 -81.2516 2.41049
9 513.306 716.224 5 6.46541 -72.9509 160.001
10 513.725 716.496 5 6.72647 -76.1353 153.01
11 514.144 716.769 5 7.0135 -85.0039 -51.5405
12 514.564 717.041 5 7.32345 -77.8225 -21.5184
13 514.983 717.313 5 7.65355 -85.4525 -0.733339
14 509.679 714.465 5 5.18455 -51.7701 -135.681
15 510.098 714.737 5 5.13063 -54.2404 -35.2447
16 510.517 715.009 5 5.12515 -49.0759 -20.6877
17 510.937 715.282 5 5.16827 -51.4632 -133.18
18 511.356 715.554 5 5.25878 -56.8874 -7.20763
19 511.775 715.826 5 5.39431 -62.3157 154.684
20 512.195 716.099 5 5.57157 -87.1271 -8.37484
21 512.614 716.371 5 5.78673 -71.81 -97.595
22 513.033 716.643 5 6.03573 -78.3064 115.058
23 513.453 716.916 5 6.31457 -68.8208 -7.165
24 513.872 717.188 5 6.61949 -77.074 23.6531
25 514.291 717.46 5 6.94705 -67.2647 100.708
26 514.711 717.733 5 7.29419 -79.823 117.959
27 509.406 714.884 5 4.69128 -53.2821 -151.518
28 509.826 715.156 5 4.63162 -51.8588 -27.431
29 510.245 715.429 5 4.62555 -48.9705 -11.9618
30 510.664 715.701 5 4.67328 -51.4031 -123.18
31 511.084 715.973 5 4.77319 -62.7817 -36.326
32 511.503 716.246 5 4.92211 -61.5336 125.944
33 511.922 716.518 5 5.11575 -73.0262 18.3151
34 512.342 716.79 5 5.34927 -93.2745 10.2345
35 512.761 717.063 5 5.6177 -66.7421 160.641
36 513.18 717.335 5 5.91628 -72.8454 -113.793
37 513.6 717.607 5 6.24069 -67.283 -62.7449
38 514.019 717.88 5 6.58711 -67.4291 -79.9126
39 514.438 718.152 5 6.95225 -74.1922 171.964
40 509.134 715.303 5 4.1996 -63.8914 137.27
41 509.553 715.576 5 4.13285 -48.7502 -38.7797
42 509.973 715.848 5 4.12604 -48.4021 -24.3761
43 510.392 716.12 5 4.17948 -51.9761 -113.736
44 510.811 716.393 5 4.2909 -70.6667 -137.886
45 511.231 716.665 5 4.45597 -64.7026 -155.192
46 511.65 716.937 5 4.66899 -69.2084 -0.193163
47 512.069 717.21 5 4.92374 -72.9515 0.942722
48 512.489 717.482 5 5.21412 -73.3462 84.9123
49 512.908 717.754 5 5.53452 -70.0474 -142.013
50 513.327 718.027 5 5.88002 -78.9018 146.073
51 513.747 718.299 5 6.24648 -70.3076 27.2815
52 514.166 718.571 5 6.63041 -67.6632 133.369
53 508.862 715.723 5 3.71014 -76.6262 139.459
54 509.281 715.995 5 3.63441 -48.3283 -50.621
55 509.7 716.267 5 3.62667 -49.6441 -17.8372
56 510.12 716.54 5 3.68735 -53.082 -134.827
57 510.539 716.812 5 3.81318 -59.9817 137.598
58 510.958 717.084 5 3.99802 -61.3368 -122.685
59 511.378 717.357 5 4.23414 -65.6642 -5.06824
60 511.797 717.629 5 4.51351 -73.3823 -29.8748
61 512.216 717.901 5 4.82862 -74.8069 77.5949
62 512.636 718.174 5 5.17295 -75.2363 -163.421
63 513.055 718.446 5 5.54105 -73.2397 -70.2236
64 513.474 718.718 5 5.92849 -69.5207 4.02704
65 513.894 718.991 5 6.33173 -60.7918 54.7677
66 508.589 716.142 5 3.22392 -59.5196 -27.5888
67 509.009 716.414 5 3.13647 -48.2806 -49.5738
68 509.428 716.687 5 3.1275 -49.4332 -27.8514
69 509.847 716.959 5 3.19766 -58.6732 -174.771
70 510.267 717.231 5 3.34198 -54.652 163.407
71 510.686 717.504 5 3.55143 -69.2649 -46.1795
72 511.105 717.776 5 3.81529 -59.1345 3.28226
73 511.525 718.048 5 4.12314 -69.4641 -7.94009
74 511.944 718.321 5 4.46588 -72.3044 -163.871
75 512.363 718.593 5 4.8361 -85.3963 -56.6558
76 512.783 718.865 5 5.22797 -72.1694 -148.009
77 513.202 719.138 5 5.63698 -61.8926 -71.087
78 513.621 719.41 5 6.05965 -56.2475 -81.6389
79 510.414 717.923 5 3.12109 -60.2277 33.6648
80 510.833 718.195 5 3.41833 -65.5429 -27.7097
81 511.672 718.74 5 4.1319 -77.3203 -77.3308
82 512.091 719.012 5 4.5295 -66.3832 124.731
83 512.51 719.285 5 4.94573 -55.5146 166.853
84 512.93 719.557 5 5.37625 -83.8591 55.8766
85 513.349 719.829 5 5.81789 -79.8192 -82.634
86 510.141 718.342 5 2.71472 -57.1104 -28.5365
87 510.561 718.615 5 3.0518 -58.9786 -46.0525
88 511.399 719.159 5 3.8342 -64.2351 -32.8631
89 511.819 719.432 5 4.25969 -56.4792 -15.9237
90 512.238 719.704 5 4.69986 -78.8763 35.6948
91 512.657 719.976 5 5.15097 -80.6953 141.962
92 513.077 720.249 5 5.61038 -81.9691 98.0289
93 509.869 718.762 5 2.34482 -57.7207 68.5726
94 510.288 719.034 5 2.728 -57.7515 165.38
95 511.127 719.579 5 3.58185 -60.2065 -92.3094
96 511.546 719.851 5 4.03403 -85.3667 -37.7238
97 511.966 720.123 5 4.49636 -79.4776 74.4449
98 512.385 720.396 5 4.96599 -87.1454 -45.6688
99 512.804 720.668 5 5.44103 -82.4356 59.0623
100 509.597 719.181 5 2.03143 -62.0176 3.41225
101 510.016 719.453 5 2.46384 -59.7757 140.974
102 509.324 719.6 5 1.80422 -45.8379 84.6664
103 509.744 719.873 5 2.28014 -47.5373 118.266
104 509.052 720.02 5 1.69816 -43.1387 21.4173
105 509.471 720.292 5 2.19717 -43.3355 73.1
