1 509.951 714.045 5 5.62831 -51.6654 -42.4998
2 510.37 714.318 5 5.62332 -50.5336 -39.1265
3 510.79 714.59 5 5.66264 -52.9701 -111.659
4 511.209 714.862 5 5.74537 -57.0596 -14.782
5 511.628 715.135 5 5.86968 -76.213 -16.3423
6 512.048 715.407 5 6.03299 -69.5946 167.935
7 512.467 715.679 5 6.23223 -72.8375 -51.0876
8 512.886 715.952 5 6.4641 -69.1458 -42.6231
9 513.306 716.224 5 6.7252 -70.7169 61.4899
10 513.725 716.496 5 7.01229 -70.3741 -19.676
11 514.144 716.769 5 7.32229 -73.6157 -59.1216
12 514.564 717.041 5 7.65243 -90.935 -27.0591
13 514.983 717.313 5 8.00022 -84.738 -178.991
14 509.679 714.465 5 5.12913 -52.0439 -24.4738
15 510.098 714.737 5 5.12364 -48.7047 -25.5373
16 510.517 715.009 5 5.16677 -52.0461 -112.073
17 510.937 715.282 5 5.25731 -57.5254 -24.9937
18 511.356 715.554 5 5.39288 -84.6908 -118.014
19 511.775 715.826 5 5.57018 -74.6709 -79.9029
20 512.195 716.099 5 5.78539 -63.5392 96.7956
21 512.614 716.371 5 6.03445 -70.8434 -12.1448
22 513.033 716.643 5 6.31335 -67.1667 -153.984
23 513.453 716.916 5 6.61832 -69.8588 164.602
24 513.872 717.188 5 6.94593 -75.0678 -23.6288
25 514.291 717.46 5 7.29313 -81.2119 173.567
26 514.711 717.733 5 7.65726 -83.2656 -136.391
27 509.406 714.884 5 4.63011 -48.1485 -37.8975
28 509.826 715.156 5 4.62404 -49.4315 -27.4801
29 510.245 715.429 5 4.67178 -53.0396 -117.374
30 510.664 715.701 5 4.77173 -66.2859 -71.8576
31 511.084 715.973 5 4.92069 -61.2018 133.632
32 511.503 716.246 5 5.11439 -64.529 -104.743
33 511.922 716.518 5 5.34797 -63.341 156.672
34 512.342 716.79 5 5.61646 -81.2005 152.952
35 512.761 717.063 5 5.9151 -83.1877 21.6771
36 513.18 717.335 5 6.23957 -73.4487 85.314
37 513.6 717.607 5 6.58605 -71.6153 171.74
38 514.019 717.88 5 6.95124 -79.3629 -130.357
39 514.438 718.152 5 7.33237 -80.0813 96.095
40 509.134 715.303 5 4.13134 -49.4388 -43.1003
41 509.553 715.576 5 4.12453 -47.6246 -28.2865
42 509.973 715.848 5 4.17799 -55.3846 -126.196
43 510.392 716.12 5 4.28945 -60.6113 -146.281
44 510.811 716.393 5 4.45457 -84.0846 -130.698
45 511.231 716.665 5 4.66765 -77.1158 -164.901
46 511.65 716.937 5 4.92248 -73.6358 120.608
47 512.069 717.21 5 5.21293 -74.902 107.977
48 512.489 717.482 5 5.53339 -69.5917 88.4749
49 512.908 717.754 5 5.87896 -74.6933 -87.8326
50 513.327 718.027 5 6.24548 -79.5272 -5.55406
51 513.747 718.299 5 6.62947 -86.8841 134.955
52 514.166 718.571 5 7.02806 -81.7825 33.5084
53 508.862 715.723 5 3.6329 -48.8759 -51.6792
54 509.281 715.995 5 3.62516 -49.1013 -32.072
55 509.7 716.267 5 3.68587 -57.6397 -176.265
56 510.12 716.54 5 3.81175 -59.2692 164.681
57 510.539 716.812 5 3.99665 -60.6948 -165.501
58 510.958 717.084 5 4.23285 -67.6194 -71.9354
59 511.378 717.357 5 4.5123 -83.7777 70.9682
60 511.797 717.629 5 4.82749 -66.7857 -86.9587
61 512.216 717.901 5 5.17189 -70.1165 -45.0244
62 512.636 718.174 5 5.54006 -74.934 103.279
63 513.055 718.446 5 5.92757 -85.6466 4.24863
64 513.474 718.718 5 6.33086 -76.077 -14.2097
65 513.894 718.991 5 6.74712 -67.4132 -50.7028
66 508.589 716.142 5 3.13497 -48.9857 -51.8463
67 509.009 716.414 5 3.12599 -48.4459 -30.1473
68 509.428 716.687 5 3.19619 -72.4767 -158.669
69 509.847 716.959 5 3.34057 -68.0265 82.8881
70 510.267 717.231 5 3.5501 -63.094 -21.2459
71 510.686 717.504 5 3.81406 -65.5619 -52.6353
72 511.105 717.776 5 4.122 -80.3876 4.38465
73 511.525 718.048 5 4.46482 -66.7963 -32.399
74 511.944 718.321 5 4.83513 -80.7193 76.037
75 512.363 718.593 5 5.22707 -75.7045 38.7157
76 512.783 718.865 5 5.63614 -69.9891 -93.8104
77 513.202 719.138 5 6.05887 -80.9494 -106.682
78 513.621 719.41 5 6.49259 -76.0887 155.706
79 510.414 717.923 5 3.41717 -64.7244 47.5672
80 510.833 718.195 5 3.75777 -61.6483 17.6906
81 511.672 718.74 5 4.52863 -68.065 -112.219
82 512.091 719.012 5 4.94492 -64.6875 -2.46947
83 512.51 719.285 5 5.37551 -66.4829 100.523
84 512.93 719.557 5 5.81721 -73.0343 76.4689
85 513.349 719.829 5 6.26767 -83.4848 -64.4302
86 510.141 718.342 5 3.05075 -65.2674 87.6305
87 510.561 718.615 5 3.42796 -65.4867 -2.26133
88 511.399 719.159 5 4.25893 -78.7871 -7.61681
89 511.819 719.432 5 4.69918 -73.8344 -5.40394
90 512.238 719.704 5 5.15035 -71.8398 -105.904
91 512.657 719.976 5 5.6098 -72.9078 -71.9224
92 513.077 720.249 5 6.07567 -98.8449 -38.7205
93 509.869 718.762 5 2.72711 -58.4349 148.208
94 510.288 719.034 5 3.14339 -61.1423 -7.52172
95 511.127 719.579 5 4.03343 -63.884 -174.402
96 511.546 719.851 5 4.49581 -76.865 83.7518
97 511.966 720.123 5 4.96549 -69.2268 24.6485
98 512.385 720.396 5 5.44058 -76.3572 126.519
99 512.804 720.668 5 5.91978 -79.2788 -67.2573
100 509.597 719.181 5 2.46315 -58.7339 -75.2858
101 510.016 719.453 5 2.91735 -45.2082 -151.163
102 509.324 719.6 5 2.27973 -52.5695 159.881
103 509.744 719.873 5 2.76423 -49.8805 -106.202
104 509.052 720.02 5 2.19708 -41.1558 42.6398
105 509.471 720.292 5 2.69647 -46.4198 73.6675
