1 505.473 717.831 5 2.5 -46.0054 10.4316
2 505.747 717.412 5 2.12132 -44.3773 4.27925
3 506.02 716.994 5 1.80278 -41.8719 -130.039
4 506.294 716.575 5 1.58114 -37.1969 114.254
5 506.567 716.157 5 1.5 -42.9715 -34.6203
6 505.891 718.104 5 2.23607 -56.2327 65.0204
7 506.165 717.686 5 1.80278 -44.8455 -144.324
8 506.439 717.267 5 1.41421 -41.5634 -110.588
9 506.712 716.849 5 1.11803 -41.9625 59.9761
10 506.986 716.43 5 1 -39.2819 -19.6673
11 506.31 718.378 5 2.06155 -53.424 -140.381
12 506.584 717.96 5 1.58114 -57.5975 51.3349
13 506.857 717.541 5 1.11803 -38.4783 4.81998
14 507.131 717.123 5 0.707107 -35.3747 108.839
15 507.404 716.704 5 0.5 -32.4274 -27.0176
16 506.728 718.652 5 2 -40.3211 9.23629
17 507.002 718.233 5 1.5 -39.5025 12.1324
18 507.276 717.815 5 1 -37.3802 -8.85176
19 507.549 717.396 5 0.5 -30.476 12.429
20 507.823 716.978 5 0 -42.5489 -29.7475
21 507.147 718.925 5 2.06155 -50.2742 -98.5016
22 507.421 718.507 5 1.58114 -47.0742 71.6491
23 507.694 718.088 5 1.11803 -40.4047 11.1563
24 507.968 717.67 5 0.707107 -36.6528 86.0272
25 508.241 717.251 5 0.5 -32.0878 -16.3553
26 507.565 719.199 5 2.23607 -48.6982 -0.851146
27 507.839 718.78 5 1.80278 -44.8119 -154.487
28 508.113 718.362 5 1.41421 -46.3055 -136.605
29 508.386 717.943 5 1.11803 -37.6991 51.8478
30 508.66 717.525 5 1 -36.8322 -13.8437
31 507.984 719.472 5 2.5 -45.8883 -1.49785
32 508.258 719.054 5 2.12132 -49.5158 19.541
33 508.531 718.635 5 1.80278 -59.4895 165.211
34 508.805 718.217 5 1.58114 -33.8216 100.55
35 509.078 717.798 5 1.5 -37.1467 -54.8993
36 508.402 719.746 5 2.82843 -65.3556 -151.994
37 508.676 719.328 5 2.5 -55.1355 35.9417
38 508.95 718.909 5 2.23607 -50.099 128.163
39 509.223 718.491 5 2.06155 -48.0878 -51.453
40 509.497 718.072 5 2 -42.3213 -150.749
