1 505.473 717.831 5 3 -56.6873 -33.3099
2 505.747 717.412 5 3.04138 -50.089 -174.732
3 506.02 716.994 5 3.16228 -47.5203 -117.334
4 506.294 716.575 5 3.3541 -44.3574 76.6574
5 506.567 716.157 5 3.60555 -43.9318 151.044
6 505.891 718.104 5 2.5 -53.9277 51.7009
7 506.165 717.686 5 2.54951 -53.4798 -94.8116
8 506.439 717.267 5 2.69258 -56.1214 -79.1177
9 506.712 716.849 5 2.91548 -65.9018 -174.974
10 506.986 716.43 5 3.20156 -56.6129 132.191
11 506.31 718.378 5 2 -44.1924 8.09871
12 506.584 717.96 5 2.06155 -41.5466 168.047
13 506.857 717.541 5 2.23607 -44.0235 10.4188
14 507.131 717.123 5 2.5 -50.4908 -12.2297
15 507.404 716.704 5 2.82843 -61.1441 172.183
16 506.728 718.652 5 1.5 -36.318 -11.0232
17 507.002 718.233 5 1.58114 -39.8653 167.934
18 507.276 717.815 5 1.80278 -41.5408 -155.67
19 507.549 717.396 5 2.12132 -43.4082 8.69837
20 507.823 716.978 5 2.5 -45.3084 16.5269
21 507.147 718.925 5 1 -35.6789 15.4064
22 507.421 718.507 5 1.11803 -40.974 26.0776
23 507.694 718.088 5 1.41421 -40.1834 -124.343
24 507.968 717.67 5 1.80278 -39.9843 -148.278
25 508.241 717.251 5 2.23607 -52.4121 49.0773
26 507.565 719.199 5 0.5 -32.7362 7.92779
27 507.839 718.78 5 0.707107 -38.3019 125.903
28 508.113 718.362 5 1.11803 -39.0128 -9.43359
29 508.386 717.943 5 1.58114 -47.8021 59.8304
30 508.66 717.525 5 2.06155 -50.0753 -97.4927
31 507.984 719.472 5 0 -34.935 64.588
32 508.258 719.054 5 0.5 -31.461 21.1703
33 508.531 718.635 5 1 -36.9411 36.6111
34 508.805 718.217 5 1.5 -38.9624 29.4632
35 509.078 717.798 5 2 -37.1017 54.0901
36 508.402 719.746 5 0.5 -32.9717 7.56773
37 508.676 719.328 5 0.707107 -34.3418 133.016
38 508.95 718.909 5 1.11803 -46.1538 169.966
39 509.223 718.491 5 1.58114 -50.6495 -91.495
40 509.497 718.072 5 2.06155 -44.3743 120.096
