1 505.473 717.831 5 3.80789 -49.6554 50.4244
2 505.747 717.412 5 3.64005 -48.0022 -99.8353
3 506.02 716.994 5 3.53553 -43.2732 109.07
4 506.294 716.575 5 3.5 -45.384 176.377
5 506.567 716.157 5 3.53553 -47.4501 72.4146
6 505.891 718.104 5 3.3541 -42.7867 -153.759
7 506.165 717.686 5 3.16228 -54.4626 90.1897
8 506.439 717.267 5 3.04138 -47.4155 103.666
9 506.712 716.849 5 3 -43.245 -110.942
10 506.986 716.43 5 3.04138 -53.2002 43.7174
11 506.31 718.378 5 2.91548 -51.2182 10.4203
12 506.584 717.96 5 2.69258 -56.4427 -11.5835
13 506.857 717.541 5 2.54951 -43.4335 128.843
14 507.131 717.123 5 2.5 -46.6922 -171.393
15 507.404 716.704 5 2.54951 -43.6905 86.4431
16 506.728 718.652 5 2.5 -46.6736 154.831
17 507.002 718.233 5 2.23607 -45.7404 177.19
18 507.276 717.815 5 2.06155 -41.3381 64.4951
19 507.549 717.396 5 2 -46.9701 -174.798
20 507.823 716.978 5 2.06155 -48.3601 -67.8691
21 507.147 718.925 5 2.12132 -51.5853 -151.84
22 507.421 718.507 5 1.80278 -41.1103 -8.37963
23 507.694 718.088 5 1.58114 -40.3368 -3.28991
24 507.968 717.67 5 1.5 -40.0028 -140.965
25 508.241 717.251 5 1.58114 -43.1099 -41.719
26 507.565 719.199 5 1.80278 -47.3845 -14.2047
27 507.839 718.78 5 1.41421 -48.6523 61.922
28 508.113 718.362 5 1.11803 -42.3153 154.969
29 508.386 717.943 5 1 -38.9999 -163.014
30 508.66 717.525 5 1.11803 -43.1222 -176.381
31 507.984 719.472 5 1.58114 -57.6232 -48.0169
32 508.258 719.054 5 1.11803 -42.3509 104.908
33 508.531 718.635 5 0.707107 -35.6807 -53.1065
34 508.805 718.217 5 0.5 -31.9202 -167.306
35 509.078 717.798 5 0.707107 -38.7266 -52.9618
36 508.402 719.746 5 1.5 -39.5092 -144.602
37 508.676 719.328 5 1 -40.4448 110.321
38 508.95 718.909 5 0.5 -32.75 20.5022
39 509.223 718.491 5 0 -32.2019 -14.3664
40 509.497 718.072 5 0.5 -31.1216 34.6241
