1 505.473 717.831 5 3.16228 -41.7182 -114.426
2 505.747 717.412 5 3.04138 -46.3873 173.815
3 506.02 716.994 5 3 -54.4882 163.357
4 506.294 716.575 5 3.04138 -48.4293 -164.499
5 506.567 716.157 5 3.16228 -46.1147 -127.495
6 505.891 718.104 5 2.69258 -46.2808 -153.246
7 506.165 717.686 5 2.54951 -48.4707 129.388
8 506.439 717.267 5 2.5 -42.7189 -26.5162
9 506.712 716.849 5 2.54951 -50.6765 -168.661
10 506.986 716.43 5 2.69258 -41.7699 -149.605
11 506.31 718.378 5 2.23607 -49.042 19.5068
12 506.584 717.96 5 2.06155 -41.2896 168.752
13 506.857 717.541 5 2 -41.4882 -40.8106
14 507.131 717.123 5 2.06155 -39.2162 169.279
15 507.404 716.704 5 2.23607 -60.3205 53.2116
16 506.728 718.652 5 1.80278 -44.5017 -135.341
17 507.002 718.233 5 1.58114 -38.5177 117.967
18 507.276 717.815 5 1.5 -39.6857 -30.3058
19 507.549 717.396 5 1.58114 -37.8929 134.136
20 507.823 716.978 5 1.80278 -63.2342 26.6236
21 507.147 718.925 5 1.41421 -39.5191 -128.767
22 507.421 718.507 5 1.11803 -40.8988 28.0168
23 507.694 718.088 5 1 -38.2023 -41.6444
24 507.968 717.67 5 1.11803 -35.9022 42.0563
25 508.241 717.251 5 1.41421 -42.1209 -115.597
26 507.565 719.199 5 1.11803 -42.6314 1.32921
27 507.839 718.78 5 0.707107 -44.2552 65.4881
28 508.113 718.362 5 0.5 -29.9404 -21.0618
29 508.386 717.943 5 0.707107 -35.9353 78.7454
30 508.66 717.525 5 1.11803 -39.198 32.1398
31 507.984 719.472 5 1 -38.8602 33.8738
32 508.258 719.054 5 0.5 -31.6511 10.603
33 508.531 718.635 5 0 -33.291 -29.2373
34 508.805 718.217 5 0.5 -30.4806 6.60698
35 509.078 717.798 5 1 -36.5181 -26.5616
36 508.402 719.746 5 1.11803 -43.0721 24.9578
37 508.676 719.328 5 0.707107 -51.0715 32.5494
38 508.95 718.909 5 0.5 -31.726 177.57
39 509.223 718.491 5 0.707107 -35.7762 -50.482
40 509.497 718.072 5 1.11803 -45.6775 166.014
