1 509.951 714.045 5 4.44727 -64.9701 41.5378
2 510.37 714.318 5 4.6602 -81.4781 -148.045
3 510.79 714.59 5 4.91495 -68.0823 20.0749
4 511.209 714.862 5 5.20538 -70.2107 -82.6993
5 511.628 715.135 5 5.52587 -64.9428 46.1121
6 512.048 715.407 5 5.8715 -70.6645 148.48
7 512.467 715.679 5 6.23809 -62.992 151.464
8 512.886 715.952 5 6.62216 -71.7502 41.8346
9 513.306 716.224 5 7.02085 -64.9573 23.2163
10 513.725 716.496 5 7.43179 -74.5155 155.947
11 514.144 716.769 5 7.85308 -68.4955 12.5681
12 514.564 717.041 5 8.28312 -82.1175 161.165
13 514.983 717.313 5 8.72063 -84.2162 -2.16028
14 509.679 714.465 5 3.98926 -74.8844 -51.2093
15 510.098 714.737 5 4.22534 -77.8874 -120.753
16 510.517 715.009 5 4.50475 -68.7648 -21.4472
17 510.937 715.282 5 4.81996 -63.1838 -152.133
18 511.356 715.554 5 5.16443 -77.8194 49.5256
19 511.775 715.826 5 5.53268 -66.271 -16.1697
20 512.195 716.099 5 5.92029 -68.6979 -81.3694
21 512.614 716.371 5 6.32369 -67.4005 157.475
22 513.033 716.643 5 6.74006 -66.8018 12.3994
23 513.453 716.916 5 7.16712 -64.2306 -160.993
24 513.872 717.188 5 7.60308 -73.2772 138.333
25 514.291 717.46 5 8.0465 -73.3068 122.575
26 514.711 717.733 5 8.4962 -74.8962 -10.7993
27 509.406 714.884 5 3.54264 -68.7176 85.4386
28 509.826 715.156 5 3.80651 -77.8208 -43.7646
29 510.245 715.429 5 4.11446 -70.984 -64.202
30 510.664 715.701 5 4.45736 -67.3389 -96.3557
31 511.084 715.973 5 4.82777 -64.8528 -150.857
32 511.503 716.246 5 5.21983 -60.717 89.1985
33 511.922 716.518 5 5.62902 -68.5356 29.7325
34 512.342 716.79 5 6.05187 -65.3948 -164.259
35 512.761 717.063 5 6.48571 -70.1262 -30.492
36 513.18 717.335 5 6.92847 -76.7843 -112.548
37 513.6 717.607 5 7.37855 -67.9506 -10.8909
38 514.019 717.88 5 7.83468 -75.0231 -30.3713
39 514.438 718.152 5 8.29587 -68.6625 -103.256
40 509.134 715.303 5 3.11229 -71.2884 10.1297
41 509.553 715.576 5 3.40963 -78.8963 -87.6543
42 509.973 715.848 5 3.75032 -59.9134 148.227
43 510.392 716.12 5 4.12361 -74.2822 86.3648
44 510.811 716.393 5 4.52144 -59.2842 -74.5665
45 511.231 716.665 5 4.93788 -63.3873 179.848
46 511.65 716.937 5 5.36861 -65.6363 -8.21145
47 512.069 717.21 5 5.81044 -73.3258 117.152
48 512.489 717.482 5 6.26103 -71.2565 4.44519
49 512.908 717.754 5 6.71861 -79.6141 -77.749
50 513.327 718.027 5 7.18185 -71.6464 61.5516
51 513.747 718.299 5 7.64972 -68.3925 103.262
52 514.166 718.571 5 8.12142 -80.5553 20.3722
53 508.862 715.723 5 2.70599 -74.8449 -120.744
54 509.281 715.995 5 3.0433 -61.1509 -36.2654
55 509.7 716.267 5 3.42066 -78.2221 40.8416
56 510.12 716.54 5 3.82625 -62.0873 90.8442
57 510.539 716.812 5 4.25199 -61.6066 1.73871
58 510.958 717.084 5 4.69241 -64.0909 -144.063
59 511.378 717.357 5 5.14373 -73.0765 130.883
60 511.797 717.629 5 5.60332 -68.0038 -144.343
61 512.216 717.901 5 6.06931 -70.7798 -62.6816
62 512.636 718.174 5 6.54032 -69.6414 4.00599
63 513.055 718.446 5 7.01534 -75.4903 59.9817
64 513.474 718.718 5 7.49362 -74.4953 176.062
65 513.894 718.991 5 7.97456 -66.0565 -125.133
66 508.589 716.142 5 2.33633 -54.8061 -124.028
67 509.009 716.414 5 2.71987 -59.4664 127.741
68 509.428 716.687 5 3.13639 -62.3753 -33.0834
69 509.847 716.959 5 3.57439 -66.7852 146.411
70 510.267 717.231 5 4.02685 -71.3075 -133.497
71 510.686 717.504 5 4.48941 -69.5284 -84.4552
72 511.105 717.776 5 4.95924 -77.6562 89.5427
73 511.525 718.048 5 5.43446 -78.7957 -3.37974
74 511.944 718.321 5 5.91376 -68.1603 -46.343
75 512.363 718.593 5 6.39624 -75.5917 48.9112
76 512.783 718.865 5 6.88121 -76.9069 38.5789
77 513.202 719.138 5 7.3682 -71.4721 133.936
78 513.621 719.41 5 7.85682 -70.9116 33.1102
79 510.414 717.923 5 4.33484 -70.5111 119.015
80 510.833 718.195 5 4.81976 -73.2372 15.1912
81 511.672 718.74 5 5.79729 -76.0355 169.05
82 512.091 719.012 5 6.28871 -77.4335 -88.0672
83 512.51 719.285 5 6.78138 -68.4173 -25.9816
84 512.93 719.557 5 7.27505 -72.7297 112.078
85 513.349 719.829 5 7.76954 -89.6834 -80.6566
86 510.141 718.342 5 4.23401 -64.0949 134.108
87 510.561 718.615 5 4.72929 -65.1746 43.1056
88 511.399 719.159 5 5.7223 -93.8909 113.524
89 511.819 719.432 5 6.21964 -67.9247 -123.591
90 512.238 719.704 5 6.71738 -81.8973 140.739
91 512.657 719.976 5 7.21543 -80.1229 -95.6239
92 513.077 720.249 5 7.71374 -74.7531 131.149
93 509.869 718.762 5 4.19082 -68.4601 161.767
94 510.288 719.034 5 4.69065 -58.9613 12.3058
95 511.127 719.579 5 5.69041 -55.4933 126.608
96 511.546 719.851 5 6.19031 -78.7675 -127.965
97 511.966 720.123 5 6.69024 -75.9609 -81.2151
98 512.385 720.396 5 7.19017 -88.2243 -2.16278
99 512.804 720.668 5 7.69011 -73.8403 -31.6314
100 509.597 719.181 5 4.20702 -71.9791 -90.9802
101 510.016 719.453 5 4.70513 -55.9191 -158.614
102 509.324 719.6 5 4.28194 -65.9009 -40.4334
103 509.744 719.873 5 4.77224 -50.2855 -25.3741
104 509.052 720.02 5 4.41261 -43.7999 143.905
105 509.471 720.292 5 4.88982 -54.4862 -84.6756
