1 505.473 717.831 5 3.3541 -43.6372 75.6157
2 505.747 717.412 5 3.16228 -46.1446 -157.968
3 506.02 716.994 5 3.04138 -48.2474 -163.475
4 506.294 716.575 5 3 -52.5171 -18.7063
5 506.567 716.157 5 3.04138 -47.7087 169.004
6 505.891 718.104 5 2.91548 -51.9208 1.44322
7 506.165 717.686 5 2.69258 -47.8837 -161.695
8 506.439 717.267 5 2.54951 -50.1603 -151.921
9 506.712 716.849 5 2.5 -40.2806 -39.3358
10 506.986 716.43 5 2.54951 -48.64 -74.0609
11 506.31 718.378 5 2.5 -50.1644 -46.7212
12 506.584 717.96 5 2.23607 -47.0537 35.6845
13 506.857 717.541 5 2.06155 -39.3057 169.692
14 507.131 717.123 5 2 -43.5331 -55.5473
15 507.404 716.704 5 2.06155 -39.1651 152.073
16 506.728 718.652 5 2.12132 -43.8143 21.9526
17 507.002 718.233 5 1.80278 -62.2615 -105.752
18 507.276 717.815 5 1.58114 -37.058 130.317
19 507.549 717.396 5 1.5 -37.8502 -14.6001
20 507.823 716.978 5 1.58114 -34.7015 95.1314
21 507.147 718.925 5 1.80278 -38.2324 -138.29
22 507.421 718.507 5 1.41421 -38.0846 -120.988
23 507.694 718.088 5 1.11803 -36.9193 49.3902
24 507.968 717.67 5 1 -36.1108 -24.6962
25 508.241 717.251 5 1.11803 -38.0774 31.7019
26 507.565 719.199 5 1.58114 -40.4759 85.2155
27 507.839 718.78 5 1.11803 -37.6612 16.9145
28 508.113 718.362 5 0.707107 -41.6368 74.6055
29 508.386 717.943 5 0.5 -30.6036 -11.6965
30 508.66 717.525 5 0.707107 -40.4503 102.219
31 507.984 719.472 5 1.5 -38.992 37.0439
32 508.258 719.054 5 1 -37.143 -3.00357
33 508.531 718.635 5 0.5 -30.2006 9.27624
34 508.805 718.217 5 0 -36.1085 -19.6697
35 509.078 717.798 5 0.5 -31.3548 -9.64515
36 508.402 719.746 5 1.58114 -47.4947 134.223
37 508.676 719.328 5 1.11803 -58.4196 -32.4598
38 508.95 718.909 5 0.707107 -34.6655 -57.1561
39 509.223 718.491 5 0.5 -31.953 -166.748
40 509.497 718.072 5 0.707107 -37.2073 -53.719
