1 509.951 714.045 5 5.434 -68.8518 86.7035
2 510.37 714.318 5 5.28873 -71.6258 125.254
3 510.79 714.59 5 5.18777 -69.63 120.368
4 511.209 714.862 5 5.13374 -61.3464 -6.103
5 511.628 715.135 5 5.12812 -64.5401 -110.341
6 512.048 715.407 5 5.17106 -68.8366 -179.44
7 512.467 715.679 5 5.26139 -63.0826 111.204
8 512.886 715.952 5 5.39671 -64.3142 -166.461
9 513.306 716.224 5 5.57376 -58.6712 -27.571
10 513.725 716.496 5 5.7887 -68.984 63.6083
11 514.144 716.769 5 6.0375 -88.4107 -45.3225
12 514.564 717.041 5 6.31614 -82.0927 65.3734
13 514.983 717.313 5 6.62088 -86.9256 18.669
14 509.679 714.465 5 4.96527 -67.257 8.31979
15 510.098 714.737 5 4.80585 -65.5371 -7.64697
16 510.517 715.009 5 4.69451 -67.9912 -113.202
17 510.937 715.282 5 4.63473 -65.7409 -142.43
18 511.356 715.554 5 4.62851 -63.5692 153.893
19 511.775 715.826 5 4.67604 -68.8531 14.603
20 512.195 716.099 5 4.77574 -62.4335 73.7704
21 512.614 716.371 5 4.92443 -61.0628 115.738
22 513.033 716.643 5 5.11784 -61.1008 -67.6339
23 513.453 716.916 5 5.35113 -69.8379 131.475
24 513.872 717.188 5 5.61933 -84.1489 95.7254
25 514.291 717.46 5 5.9177 -72.6574 -122.151
26 514.711 717.733 5 6.24191 -81.1472 -167.911
27 509.406 714.884 5 4.50326 -70.1537 -58.4892
28 509.826 715.156 5 4.32685 -69.2584 63.4076
29 510.245 715.429 5 4.20285 -69.6789 21.5313
30 510.664 715.701 5 4.13597 -75.5375 -10.0782
31 511.084 715.973 5 4.12899 -59.9239 -37.8758
32 511.503 716.246 5 4.18221 -64.199 -141.93
33 511.922 716.518 5 4.29339 -61.5211 53.4392
34 512.342 716.79 5 4.45819 -57.1304 13.5357
35 512.761 717.063 5 4.67095 -69.0364 60.1026
36 513.18 717.335 5 4.92545 -67.9115 -132.627
37 513.6 717.607 5 5.21559 -66.5991 78.54
38 514.019 717.88 5 5.53576 -79.8919 -164.449
39 514.438 718.152 5 5.88107 -73.3263 10.8862
40 509.134 715.303 5 4.05029 -69.7829 -70.9927
41 509.553 715.576 5 3.8532 -59.652 -102.37
42 509.973 715.848 5 3.71341 -68.9396 -125.354
43 510.392 716.12 5 3.63755 -68.054 -6.48098
44 510.811 716.393 5 3.62961 -69.0331 -176.675
45 511.231 716.665 5 3.69003 -61.3971 -179.827
46 511.65 716.937 5 3.81558 -60.068 37.076
47 512.069 717.21 5 4.00012 -63.6119 -84.9675
48 512.489 717.482 5 4.23595 -73.0489 -24.9028
49 512.908 717.754 5 4.51504 -70.2095 -58.4614
50 513.327 718.027 5 4.82989 -67.0199 -150.914
51 513.747 718.299 5 5.17399 -72.56 96.0235
52 514.166 718.571 5 5.54188 -70.0013 -66.9567
53 508.862 715.723 5 3.60976 -60.3925 137.72
54 509.281 715.995 5 3.38713 -71.8368 -86.4394
55 509.7 716.267 5 3.22722 -86.8956 -6.50061
56 510.12 716.54 5 3.13962 -76.2294 14.7913
57 510.539 716.812 5 3.13042 -63.049 97.0581
58 510.958 717.084 5 3.20029 -59.3467 -70.4516
59 511.378 717.357 5 3.34427 -65.8916 22.0347
60 511.797 717.629 5 3.55337 -71.8876 133.94
61 512.216 717.901 5 3.8169 -74.3944 -148.975
62 512.636 718.174 5 4.12445 -66.6761 99.7579
63 513.055 718.446 5 4.46692 -62.3507 -82.8722
64 513.474 718.718 5 4.83691 -72.013 81.6003
65 513.894 718.991 5 5.22857 -77.3908 111.238
66 508.589 716.142 5 3.18682 -61.2662 -66.0921
67 509.009 716.414 5 2.93226 -65.997 -163.315
68 509.428 716.687 5 2.74598 -75.42 -165.829
69 509.847 716.959 5 2.64249 -78.3317 -99.7255
70 510.267 717.231 5 2.63155 -68.4769 -62.3811
71 510.686 717.504 5 2.71428 -62.6295 -168.792
72 511.105 717.776 5 2.88264 -64.6383 81.1847
73 511.525 718.048 5 3.12281 -60.984 35.4845
74 511.944 718.321 5 3.41968 -68.5831 156.592
75 512.363 718.593 5 3.75986 -65.3726 136.665
76 512.783 718.865 5 4.13266 -67.0432 -29.1877
77 513.202 719.138 5 4.53003 -65.4524 -92.0441
78 513.621 719.41 5 4.94605 -75.5168 -51.2299
79 510.414 717.923 5 2.23446 -61.9651 156.933
80 510.833 718.195 5 2.43621 -59.1205 96.6306
81 511.672 718.74 5 3.05282 -90.886 9.51728
82 512.091 719.012 5 3.42958 -64.7317 -151.061
83 512.51 719.285 5 3.83462 -76.6792 75.7866
84 512.93 719.557 5 4.25989 -70.2795 33.3011
85 513.349 719.829 5 4.69989 -75.408 -159.949
86 510.141 718.342 5 1.76587 -63.9035 -150.02
87 510.561 718.615 5 2.0151 -57.324 50.2713
88 511.399 719.159 5 2.72859 -72.9199 82.7548
89 511.819 719.432 5 3.14444 -69.1587 -114.19
90 512.238 719.704 5 3.58187 -66.5032 -128.227
91 512.657 719.976 5 4.03387 -64.0359 70.0074
92 513.077 720.249 5 4.49605 -71.9151 -84.01
93 509.869 718.762 5 1.32053 -52.3541 134.366
94 510.288 719.034 5 1.63893 -56.0392 -142.615
95 511.127 719.579 5 2.46388 -76.1935 -150.86
96 511.546 719.851 5 2.91771 -81.7645 164.898
97 511.966 720.123 5 3.38457 -65.9767 -92.6406
98 512.385 720.396 5 3.85974 -63.1076 120.42
99 512.804 720.668 5 4.3405 -71.1536 -65.9021
100 509.597 719.181 5 0.932359 -49.8793 92.6532
101 510.016 719.453 5 1.34595 -49.6598 4.11001
102 509.324 719.6 5 0.703409 -39.9783 -21.8755
103 509.744 719.873 5 1.19878 -43.9003 4.34827
104 509.052 720.02 5 0.787575 -37.3859 120.113
105 509.471 720.292 5 1.25003 -42.9625 -116.845
