1 514.644 719.84 5 8.27678 -100.087 -68.4122
2 514.371 720.259 5 8.11943 -104.579 53.4342
3 514.097 720.678 5 7.99031 -102 -136.436
4 513.824 721.096 5 7.89083 -117.902 33.3216
5 513.551 721.515 5 7.82209 -128.879 -139.143
6 513.278 721.934 5 7.78493 -102.805 -78.6956
7 513.004 722.353 5 7.77979 -108.57 6.27396
8 512.731 722.771 5 7.80674 -122.456 8.9928
9 512.458 723.19 5 7.86544 -119.817 92.9235
10 512.185 723.609 5 7.9552 -118.305 -167.486
11 515.063 720.113 5 8.74832 -107.191 -109.095
12 514.789 720.532 5 8.5996 -116.725 -23.6408
13 514.516 720.951 5 8.4778 -115.95 62.838
14 514.243 721.37 5 8.3841 -103.834 18.4584
15 513.97 721.788 5 8.31944 -113.97 84.9893
16 513.696 722.207 5 8.28451 -111.71 -41.7794
17 513.423 722.626 5 8.27968 -131.935 49.1651
18 513.15 723.045 5 8.30501 -122.803 141.144
19 512.877 723.463 5 8.36021 -113.113 -89.1506
20 512.603 723.882 5 8.44471 -116.78 103.291
21 515.481 720.387 5 9.22285 -96.1001 18.1655
22 515.208 720.805 5 9.0819 -115.566 -56.1873
23 514.935 721.224 5 8.96666 -103.04 61.0077
24 514.662 721.643 5 8.87812 -123.688 4.669
25 514.388 722.062 5 8.81709 -102.251 34.9758
26 514.115 722.48 5 8.78414 -124.292 -109.017
27 513.842 722.899 5 8.77958 -107.762 65.0845
28 513.568 723.318 5 8.80347 -114.75 -68.8488
29 513.295 723.737 5 8.85557 -112.16 69.5435
30 513.022 724.155 5 8.93538 -112.559 70.6319
31 515.9 720.66 5 9.69994 -92.0168 -162.618
32 515.627 721.079 5 9.56603 -108.837 -163.145
33 515.353 721.497 5 9.45669 -104.743 -168.737
34 515.08 721.916 5 9.37278 -108.088 -62.5428
35 514.807 722.335 5 9.31499 -107.569 -156.682
36 514.534 722.754 5 9.2838 -122.904 -130.426
37 514.26 723.172 5 9.27949 -108.033 -122.78
38 513.987 723.591 5 9.3021 -118.316 -146.337
39 516.319 720.933 5 10.1792 -98.6521 61.4156
40 516.045 721.352 5 10.0517 -107.953 9.02704
41 515.772 721.771 5 9.94771 -110.768 -26.421
42 515.499 722.189 5 9.86797 -110.297 122.771
43 515.226 722.608 5 9.8131 -113.44 160.934
44 514.952 723.027 5 9.7835 -116.867 -153.072
45 514.679 723.446 5 9.77941 -118.207 -42.9783
46 514.406 723.864 5 9.80086 -138.519 -40.8894
47 516.737 721.206 5 10.6604 -108.998 -143.758
48 516.464 721.625 5 10.5387 -84.7133 -121.682
49 516.191 722.044 5 10.4396 -88.3625 -170.835
50 515.918 722.463 5 10.3636 -101.416 -51.3221
51 515.644 722.881 5 10.3114 -110.487 70.3789
52 515.371 723.3 5 10.2832 -114.104 -80.305
53 515.098 723.719 5 10.2793 -114.95 -105.315
54 514.825 724.138 5 10.2998 -138.256 39.9779
55 517.156 721.48 5 11.1433 -111.058 8.69938
56 516.883 721.898 5 11.0269 -90.4557 11.1493
57 516.61 722.317 5 10.9322 -90.7589 -148.046
58 516.336 722.736 5 10.8597 -91.6538 6.6522
59 516.063 723.155 5 10.8098 -100.796 -167.365
60 515.79 723.573 5 10.783 -105.299 -147.197
61 515.517 723.992 5 10.7793 -113.911 -169.664
62 515.243 724.411 5 10.7987 -250 0
63 517.575 721.753 5 11.6276 -89.8171 -155.013
64 517.302 722.172 5 11.5161 -108.519 -48.2096
65 517.028 722.59 5 11.4254 -112.322 -137.926
66 516.755 723.009 5 11.3561 -90.9065 33.6909
67 516.482 723.428 5 11.3084 -98.3508 -77.6767
68 516.209 723.847 5 11.2828 -96.5965 -39.7955
69 515.935 724.265 5 11.2792 -104.247 -5.41815
70 515.662 724.684 5 11.2978 -111.462 -79.3698
71 517.994 722.026 5 12.1132 -120.421 153.105
72 517.72 722.445 5 12.0062 -113.664 154.796
73 517.447 722.864 5 11.9193 -108.026 -8.44052
74 517.174 723.282 5 11.8528 -109.801 76.3255
75 516.901 723.701 5 11.8071 -90.6092 64.331
76 516.627 724.12 5 11.7826 -95.2577 49.4385
77 516.354 724.539 5 11.7792 -93.4003 103.246
78 516.081 724.957 5 11.797 -96.9311 132.114
