1 505.473 717.831 5 4.03113 -49.356 -15.4691
2 505.747 717.412 5 3.80789 -72.0106 173.548
3 506.02 716.994 5 3.64005 -48.0022 126.46
4 506.294 716.575 5 3.53553 -51.0567 64.403
5 506.567 716.157 5 3.5 -48.3719 165.29
6 505.891 718.104 5 3.60555 -48.2807 -103.098
7 506.165 717.686 5 3.3541 -46.5278 -176.577
8 506.439 717.267 5 3.16228 -51.4153 -35.9221
9 506.712 716.849 5 3.04138 -68.2276 -34.3249
10 506.986 716.43 5 3 -51.46 171.318
11 506.31 718.378 5 3.20156 -50.2005 -70.6865
12 506.584 717.96 5 2.91548 -53.7377 129.627
13 506.857 717.541 5 2.69258 -50.5749 1.68224
14 507.131 717.123 5 2.54951 -44.4629 87.6749
15 507.404 716.704 5 2.5 -44.5618 -129.596
16 506.728 718.652 5 2.82843 -53.2833 4.61832
17 507.002 718.233 5 2.5 -45.343 152.309
18 507.276 717.815 5 2.23607 -47.4453 148.797
19 507.549 717.396 5 2.06155 -47.3023 -53.0404
20 507.823 716.978 5 2 -41.1509 -146.771
21 507.147 718.925 5 2.5 -56.994 164.227
22 507.421 718.507 5 2.12132 -51.2508 -141.868
23 507.694 718.088 5 1.80278 -45.7906 14.3174
24 507.968 717.67 5 1.58114 -41.523 -58.99
25 508.241 717.251 5 1.5 -43.3716 159.874
26 507.565 719.199 5 2.23607 -63.425 8.93025
27 507.839 718.78 5 1.80278 -45.1086 -29.577
28 508.113 718.362 5 1.41421 -44.1054 72.0994
29 508.386 717.943 5 1.11803 -41.7705 170.769
30 508.66 717.525 5 1 -37.1391 -156.712
31 507.984 719.472 5 2.06155 -43.54 126.264
32 508.258 719.054 5 1.58114 -46.593 -139.898
33 508.531 718.635 5 1.11803 -47.6128 179.69
34 508.805 718.217 5 0.707107 -37.6421 -47.218
35 509.078 717.798 5 0.5 -34.5616 -161.59
36 508.402 719.746 5 2 -53.2682 -165.743
37 508.676 719.328 5 1.5 -38.3936 -156.504
38 508.95 718.909 5 1 -36.0528 -68.8808
39 509.223 718.491 5 0.5 -32.0287 42.6434
40 509.497 718.072 5 0 -30.717 71.5336
