1 509.951 714.045 5 4.76659 -60.0614 139.01
2 510.37 714.318 5 4.9154 -67.2095 -49.2949
3 510.79 714.59 5 5.109 -70.5293 -79.1749
4 511.209 714.862 5 5.34254 -58.5895 -45.6672
5 511.628 715.135 5 5.61101 -62.377 -140.767
6 512.048 715.407 5 5.90967 -62.078 49.8144
7 512.467 715.679 5 6.23418 -66.9993 -146.419
8 512.886 715.952 5 6.58071 -62.3343 -94.4814
9 513.306 716.224 5 6.94598 -72.3577 -36.2891
10 513.725 716.496 5 7.32717 -65.6808 -164.172
11 514.144 716.769 5 7.72193 -68.3316 128.018
12 514.564 717.041 5 8.12828 -97.0204 48.5862
13 514.983 717.313 5 8.54457 -94.6115 74.2985
14 509.679 714.465 5 4.28426 -63.5731 124.319
15 510.098 714.737 5 4.44923 -70.8577 -62.6308
16 510.517 715.009 5 4.66224 -58.3615 107.544
17 510.937 715.282 5 4.91704 -58.3387 81.036
18 511.356 715.554 5 5.2075 -58.8976 -73.129
19 511.775 715.826 5 5.528 -61.0937 95.5144
20 512.195 716.099 5 5.87363 -60.0124 146.319
21 512.614 716.371 5 6.24022 -73.04 -168.888
22 513.033 716.643 5 6.62428 -65.0225 36.2586
23 513.453 716.916 5 7.02296 -67.7632 -89.2134
24 513.872 717.188 5 7.43389 -64.103 -126.139
25 514.291 717.46 5 7.85516 -63.7802 2.24583
26 514.711 717.733 5 8.28518 -68.7525 -110.883
27 509.406 714.884 5 3.8065 -63.3351 118.887
28 509.826 715.156 5 3.99127 -61.9081 -90.1751
29 510.245 715.429 5 4.22741 -55.8999 -71.8425
30 510.664 715.701 5 4.50686 -62.0184 168.04
31 511.084 715.973 5 4.82209 -55.6601 -60.6697
32 511.503 716.246 5 5.16656 -59.2627 17.7492
33 511.922 716.518 5 5.53481 -62.5909 17.2392
34 512.342 716.79 5 5.92241 -68.0561 -133.503
35 512.761 717.063 5 6.32579 -67.3683 157.615
36 513.18 717.335 5 6.74214 -71.1112 31.004
37 513.6 717.607 5 7.16919 -66.0309 -88.5517
38 514.019 717.88 5 7.60513 -65.8759 -7.6944
39 514.438 718.152 5 8.04853 -66.1357 94.2382
40 509.134 715.303 5 3.33527 -65.099 107.28
41 509.553 715.576 5 3.54468 -58.3766 55.4106
42 509.973 715.848 5 3.80862 -55.5442 -14.4633
43 510.392 716.12 5 4.11659 -59.5439 178.781
44 510.811 716.393 5 4.4595 -61.3472 -160.394
45 511.231 716.665 5 4.8299 -61.583 -138.737
46 511.65 716.937 5 5.22194 -73.9467 78.5381
47 512.069 717.21 5 5.63111 -67.9642 -25.5343
48 512.489 717.482 5 6.05394 -66.9022 -176.043
49 512.908 717.754 5 6.48776 -80.5959 32.999
50 513.327 718.027 5 6.9305 -67.5601 37.5666
51 513.747 718.299 5 7.38055 -69.4258 102.545
52 514.166 718.571 5 7.83667 -72.9671 165.079
53 508.862 715.723 5 2.87377 -63.3172 -120.327
54 509.281 715.995 5 3.11437 -55.0253 -119.26
55 509.7 716.267 5 3.41176 -59.3048 87.8384
56 510.12 716.54 5 3.75245 -56.6314 146.991
57 510.539 716.812 5 4.12573 -65.6441 25.2301
58 510.958 717.084 5 4.52354 -58.5134 -32.2456
59 511.378 717.357 5 4.93996 -62.2028 121.891
60 511.797 717.629 5 5.37066 -64.8298 -0.714582
61 512.216 717.901 5 5.81247 -61.8646 51.2353
62 512.636 718.174 5 6.26303 -71.8925 -178.815
63 513.055 718.446 5 6.72059 -79.2406 -42.1363
64 513.474 718.718 5 7.18381 -71.5516 100.405
65 513.894 718.991 5 7.65166 -75.823 -83.1816
66 508.589 716.142 5 2.42757 -54.5681 53.9902
67 509.009 716.414 5 2.70811 -54.9159 -66.4358
68 509.428 716.687 5 3.04543 -57.511 11.3586
69 509.847 716.959 5 3.42278 -68.4709 97.2648
70 510.267 717.231 5 3.82834 -59.3649 132.137
71 510.686 717.504 5 4.25406 -67.7818 27.6539
72 511.105 717.776 5 4.69444 -72.1698 -86.1157
73 511.525 718.048 5 5.14573 -70.7066 -84.5681
74 511.944 718.321 5 5.60529 -73.7537 -121.457
75 512.363 718.593 5 6.07125 -74.32 -49.4728
76 512.783 718.865 5 6.54224 -86.0697 -83.0756
77 513.202 719.138 5 7.01724 -71.7666 75.7093
78 513.621 719.41 5 7.49549 -73.8793 -73.2414
79 510.414 717.923 5 4.02884 -71.599 -82.3622
80 510.833 718.195 5 4.49136 -73.8929 19.5717
81 511.672 718.74 5 5.43635 -76.9179 126.008
82 512.091 719.012 5 5.91563 -70.8054 58.3905
83 512.51 719.285 5 6.39808 -77.5051 174.528
84 512.93 719.557 5 6.88304 -69.339 134.076
85 513.349 719.829 5 7.37001 -73.7483 163.642
86 510.141 718.342 5 3.85566 -74.0253 -137.688
87 510.561 718.615 5 4.33669 -64.6579 123.285
88 511.399 719.159 5 5.30928 -74.6156 -8.78958
89 511.819 719.432 5 5.79907 -73.7453 -64.5466
90 512.238 719.704 5 6.29047 -72.3682 -89.8755
91 512.657 719.976 5 6.78312 -75.64 -114.41
92 513.077 720.249 5 7.27678 -74.7493 88.7907
93 509.869 718.762 5 3.74174 -63.5112 -2.18641
94 510.288 719.034 5 4.23573 -63.1196 -136.891
95 511.127 719.579 5 5.22714 -72.4261 -84.534
96 511.546 719.851 5 5.72396 -74.3301 -54.0559
97 511.966 720.123 5 6.2213 -73.0933 29.0181
98 512.385 720.396 5 6.71902 -87.6085 142.504
99 512.804 720.668 5 7.21707 -80.0958 64.2718
100 509.597 719.181 5 3.69258 -75.8823 151.027
101 510.016 719.453 5 4.19237 -56.7013 34.362
102 509.324 719.6 5 3.71076 -54.4277 82.9189
103 509.744 719.873 5 4.20838 -53.6997 136.738
104 509.052 720.02 5 3.7953 -49.8841 9.21051
105 509.471 720.292 5 4.28311 -48.1142 110.344
