1 505.473 717.831 5 3.53553 -47.2275 -136.684
2 505.747 717.412 5 3.5 -41.0913 -15.1014
3 506.02 716.994 5 3.53553 -43.141 -94.0167
4 506.294 716.575 5 3.64005 -50.7652 -46.3285
5 506.567 716.157 5 3.80789 -50.5473 -83.9511
6 505.891 718.104 5 3.04138 -54.6901 -160.337
7 506.165 717.686 5 3 -48.0626 11.4066
8 506.439 717.267 5 3.04138 -48.2816 -151.334
9 506.712 716.849 5 3.16228 -52.2538 -130.592
10 506.986 716.43 5 3.3541 -46.1735 100.12
11 506.31 718.378 5 2.54951 -46.7527 -140.558
12 506.584 717.96 5 2.5 -39.5872 -1.76749
13 506.857 717.541 5 2.54951 -46.8331 -145.094
14 507.131 717.123 5 2.69258 -54.4521 -178.597
15 507.404 716.704 5 2.91548 -48.8402 -110.125
16 506.728 718.652 5 2.06155 -43.1953 165.23
17 507.002 718.233 5 2 -38.0782 -24.2351
18 507.276 717.815 5 2.06155 -42.5269 -163.083
19 507.549 717.396 5 2.23607 -49.8917 76.7081
20 507.823 716.978 5 2.5 -57.2466 20.9333
21 507.147 718.925 5 1.58114 -39.0781 134.827
22 507.421 718.507 5 1.5 -41.4518 9.5461
23 507.694 718.088 5 1.58114 -41.1514 145.815
24 507.968 717.67 5 1.80278 -50.9755 -120.088
25 508.241 717.251 5 2.12132 -64.2477 26.6204
26 507.565 719.199 5 1.11803 -37.4983 -4.431
27 507.839 718.78 5 1 -36.0274 -9.57635
28 508.113 718.362 5 1.11803 -42.878 46.0412
29 508.386 717.943 5 1.41421 -59.5181 -98.5308
30 508.66 717.525 5 1.80278 -54.6552 64.9271
31 507.984 719.472 5 0.707107 -34.0835 131.127
32 508.258 719.054 5 0.5 -32.6306 -11.7166
33 508.531 718.635 5 0.707107 -55.0617 46.2777
34 508.805 718.217 5 1.11803 -52.7051 -0.20513
35 509.078 717.798 5 1.58114 -51.9377 25.072
36 508.402 719.746 5 0.5 -34.4383 41.964
37 508.676 719.328 5 0 -32.7298 87.3233
38 508.95 718.909 5 0.5 -33.1787 -176.021
39 509.223 718.491 5 1 -40.5324 111.431
40 509.497 718.072 5 1.5 -37.291 -159.353
