1 514.644 719.84 5 8.92284 -102.01 -98.0979
2 514.371 720.259 5 8.74857 -97.2937 57.8773
3 514.097 720.678 5 8.59988 -104.091 -15.1439
4 513.824 721.096 5 8.47811 -102.705 61.5644
5 513.551 721.515 5 8.38444 -109.515 -118.689
6 513.278 721.934 5 8.31981 -107.831 58.8399
7 513.004 722.353 5 8.28491 -118.288 63.3779
8 512.731 722.771 5 8.2801 -132.572 81.4664
9 512.458 723.19 5 8.30545 -122.946 -35.723
10 512.185 723.609 5 8.36068 -143.706 -83.8488
11 515.063 720.113 5 9.38858 -105.421 151.028
12 514.789 720.532 5 9.22312 -114.265 57.3983
13 514.516 720.951 5 9.0822 -131.237 129.863
14 514.243 721.37 5 8.96698 -110.503 123.127
15 513.97 721.788 5 8.87847 -119.397 -85.5874
16 513.696 722.207 5 8.81746 -118.865 43.2411
17 513.423 722.626 5 8.78453 -121.6 128.72
18 513.15 723.045 5 8.78 -122.033 -86.6918
19 512.877 723.463 5 8.80391 -126.395 15.9413
20 512.603 723.882 5 8.85603 -117.484 7.36595
21 515.481 720.387 5 9.85768 -103.503 179.366
22 515.208 720.805 5 9.70022 -117.333 -152.236
23 514.935 721.224 5 9.56633 -103.564 38.3579
24 514.662 721.643 5 9.45701 -111.578 125.729
25 514.388 722.062 5 9.37313 -101.319 -158.84
26 514.115 722.48 5 9.31536 -115.312 29.3709
27 513.842 722.899 5 9.2842 -115.829 176.239
28 513.568 723.318 5 9.27991 -118.178 -121.196
29 513.295 723.737 5 9.30254 -118.734 -176.729
30 513.022 724.155 5 9.35188 -114.578 64.7454
31 515.9 720.66 5 10.3297 -101.803 -11.7496
32 515.627 721.079 5 10.1795 -107.422 -179.82
33 515.353 721.497 5 10.052 -113.133 -102.69
34 515.08 721.916 5 9.94804 -146.828 157.008
35 514.807 722.335 5 9.86833 -112.517 -66.9682
36 514.534 722.754 5 9.81347 -105.756 14.4165
37 514.26 723.172 5 9.7839 -120.123 156.325
38 513.987 723.591 5 9.77983 -118.692 59.9515
39 516.319 720.933 5 10.8042 -95.7031 -118.598
40 516.045 721.352 5 10.6607 -108.712 -45.7361
41 515.772 721.771 5 10.539 -114.302 27.6969
42 515.499 722.189 5 10.4399 -118.837 -174.418
43 515.226 722.608 5 10.364 -116.896 2.91995
44 514.952 723.027 5 10.3118 -115.517 31.8785
45 514.679 723.446 5 10.2836 -106.662 164.957
46 514.406 723.864 5 10.2798 -250 0
47 516.737 721.206 5 11.2809 -112.59 30.8119
48 516.464 721.625 5 11.1436 -85.3252 -58.6227
49 516.191 722.044 5 11.0272 -90.6554 28.2339
50 515.918 722.463 5 10.9325 -108.186 143.95
51 515.644 722.881 5 10.86 -95.2007 43.5008
52 515.371 723.3 5 10.8102 -105.965 41.0528
53 515.098 723.719 5 10.7834 -112.96 111.047
54 514.825 724.138 5 10.7797 -135.2 104.229
55 517.156 721.48 5 11.7596 -105.959 129.949
56 516.883 721.898 5 11.6279 -106.667 -54.0625
57 516.61 722.317 5 11.5164 -96.4226 40.7746
58 516.336 722.736 5 11.4258 -87.5378 -170.367
59 516.063 723.155 5 11.3564 -102.793 118.906
60 515.79 723.573 5 11.3088 -96.0674 -168.339
61 515.517 723.992 5 11.2832 -103.536 174.066
62 515.243 724.411 5 11.2796 -250 0
63 517.575 721.753 5 12.2399 -95.8156 -158.497
64 517.302 722.172 5 12.1135 -108.941 -71.8645
65 517.028 722.59 5 12.0065 -106.188 33.8517
66 516.755 723.009 5 11.9196 -99.0758 -166.061
67 516.482 723.428 5 11.8532 -88.4245 -24.7213
68 516.209 723.847 5 11.8075 -94.5163 -94.6372
69 515.935 724.265 5 11.783 -96.8903 -25.585
70 515.662 724.684 5 11.7796 -107.429 -61.4336
71 517.994 722.026 5 12.7218 -118.881 44.2549
72 517.72 722.445 5 12.6002 -106.023 119.37
73 517.447 722.864 5 12.4974 -107.445 -14.4421
74 517.174 723.282 5 12.4139 -90.6201 -162.424
75 516.901 723.701 5 12.3501 -91.0211 -41.8547
76 516.627 724.12 5 12.3063 -106.606 -9.40011
77 516.354 724.539 5 12.2828 -97.5789 123.132
78 516.081 724.957 5 12.2795 -102.283 131.649
