1 509.951 714.045 5 4.50448 -88.202 -9.9367
2 510.37 714.318 5 4.32777 -93.4844 -67.2358
3 510.79 714.59 5 4.20344 -65.82 -34.2666
4 511.209 714.862 5 4.1362 -65.6943 -24.1205
5 511.628 715.135 5 4.12885 -65.699 -145.516
6 512.048 715.407 5 4.18171 -68.4096 -123.904
7 512.467 715.679 5 4.29255 -62.6252 137.073
8 512.886 715.952 5 4.45705 -67.0762 131.108
9 513.306 716.224 5 4.66954 -60.4978 97.7334
10 513.725 716.496 5 4.9238 -62.4131 -98.4215
11 514.144 716.769 5 5.21374 -70.7606 24.3604
12 514.564 717.041 5 5.53375 -250 0
13 514.983 717.313 5 5.87892 -250 0
14 509.679 714.465 5 4.05164 -82.8195 -71.7676
15 510.098 714.737 5 3.85423 -90.69 143.444
16 510.517 715.009 5 3.71408 -77.6409 -160.301
17 510.937 715.282 5 3.63781 -67.3838 94.6075
18 511.356 715.554 5 3.62945 -66.3435 125.572
19 511.775 715.826 5 3.68947 -64.4349 -81.9269
20 512.195 716.099 5 3.81464 -66.8563 110.111
21 512.614 716.371 5 3.99885 -67.6143 104.351
22 513.033 716.643 5 4.23439 -57.7161 18.8248
23 513.453 716.916 5 4.51324 -65.9299 -110.315
24 513.872 717.188 5 4.8279 -68.6587 132.368
25 514.291 717.46 5 5.17184 -86.3018 135.738
26 514.711 717.733 5 5.5396 -82.1424 168.196
27 509.406 714.884 5 3.61127 -71.2959 85.7913
28 509.826 715.156 5 3.3883 -75.4084 102.253
29 510.245 715.429 5 3.22798 -74.7391 -28.6361
30 510.664 715.701 5 3.13993 -68.2341 -77.0749
31 511.084 715.973 5 3.13024 -67.5717 -2.93389
32 511.503 716.246 5 3.19964 -61.5072 -146.205
33 511.922 716.518 5 3.3432 -64.9286 111.706
34 512.342 716.79 5 3.55194 -66.7714 0.513109
35 512.761 717.063 5 3.81517 -57.2867 -39.7081
36 513.18 717.335 5 4.12248 -63.3607 -60.5808
37 513.6 717.607 5 4.46476 -66.6185 -98.3089
38 514.019 717.88 5 4.8346 -86.2484 -141.848
39 514.438 718.152 5 5.22615 -82.9322 -51.1303
40 509.134 715.303 5 3.18854 -78.8698 5.21027
41 509.553 715.576 5 2.93361 -76.959 -85.0262
42 509.973 715.848 5 2.74688 -71.0617 91.557
43 510.392 716.12 5 2.64284 -77.4266 -17.4621
44 510.811 716.393 5 2.63133 -62.533 102.181
45 511.231 716.665 5 2.71352 -60.538 121.857
46 511.65 716.937 5 2.8814 -67.427 128.08
47 512.069 717.21 5 3.12118 -59.9844 -33.5641
48 512.489 717.482 5 3.41775 -82.0795 -174.836
49 512.908 717.754 5 3.7577 -73.4034 29.1869
50 513.327 718.027 5 4.13033 -69.5643 -20.5242
51 513.747 718.299 5 4.52757 -69.7862 170.281
52 514.166 718.571 5 4.9435 -96.1611 -35.2331
53 508.862 715.723 5 2.79146 -75.3546 147.047
54 509.281 715.995 5 2.49631 -70.5528 14.1143
55 509.7 716.267 5 2.27394 -72.8765 112.33
56 510.12 716.54 5 2.14712 -72.2836 140.978
57 510.539 716.812 5 2.13293 -74.0339 -143.163
58 510.958 717.084 5 2.23353 -63.88 -30.3482
59 511.378 717.357 5 2.43474 -58.1017 -144.283
60 511.797 717.629 5 2.71426 -55.6411 -94.971
61 512.216 717.901 5 3.05066 -67.5527 6.15669
62 512.636 718.174 5 3.42721 -71.1148 6.82475
63 513.055 718.446 5 3.83211 -71.7961 10.5198
64 513.474 718.718 5 4.25727 -68.8712 -89.1542
65 513.894 718.991 5 4.6972 -80.255 -119.706
66 508.589 716.142 5 2.43264 -76.2118 -135.977
67 509.009 716.414 5 2.08735 -74.103 101.045
68 509.428 716.687 5 1.81557 -78.1523 -79.7503
69 509.847 716.959 5 1.65396 -86.8106 158.253
70 510.267 717.231 5 1.6355 -77.3071 5.51732
71 510.686 717.504 5 1.7647 -64.6345 80.9831
72 511.105 717.776 5 2.01331 -65.321 104.39
73 511.525 718.048 5 2.34366 -56.6697 -173.116
74 511.944 718.321 5 2.72617 -79.2338 -61.7835
75 512.363 718.593 5 3.14186 -81.4231 73.4093
76 512.783 718.865 5 3.57919 -67.728 67.8137
77 513.202 719.138 5 4.03111 -66.9334 -11.5007
78 513.621 719.41 5 4.49323 -76.7999 -172.078
79 510.414 717.923 5 1.31895 -65.4841 -153.462
80 510.833 718.195 5 1.63674 -58.1583 -119.663
81 511.672 718.74 5 2.4612 -88.6912 -57.9606
82 512.091 719.012 5 2.91492 -78.7336 155.798
83 512.51 719.285 5 3.38172 -68.1337 109.807
84 512.93 719.557 5 3.85686 -68.1928 98.1992
85 513.349 719.829 5 4.33758 -71.2182 -45.9938
86 510.141 718.342 5 0.930122 -63.8386 -102.516
87 510.561 718.615 5 1.34328 -51.8819 117.953
88 511.399 719.159 5 2.27661 -90.4693 109.785
89 511.819 719.432 5 2.76084 -73.9553 161.351
90 512.238 719.704 5 3.24985 -76.2863 153.839
91 512.657 719.976 5 3.74177 -66.7275 139.601
92 513.077 720.249 5 4.23558 -69.8392 39.3755
93 509.869 718.762 5 0.700438 -62.9644 -152.859
94 510.288 719.034 5 1.19578 -57.331 102.802
95 511.127 719.579 5 2.19282 -90.1092 -119.783
96 511.546 719.851 5 2.69216 -107.088 178.878
97 511.966 720.123 5 3.19171 -76.7969 -149.212
98 512.385 720.396 5 3.69138 -66.9554 -160.699
99 512.804 720.668 5 4.19113 -116.7 -9.40761
100 509.597 719.181 5 0.78492 -57.1991 108.202
101 510.016 719.453 5 1.24715 -60.0126 28.1143
102 509.324 719.6 5 1.11426 -51.9103 24.778
103 509.744 719.873 5 1.47678 -55.9761 116.747
104 509.052 720.02 5 1.53853 -48.8632 -37.3634
105 509.471 720.292 5 1.81834 -57.877 135.641
