1 509.951 714.045 5 4.05232 -86.2847 -111.648
2 510.37 714.318 5 3.85474 -93.0426 -11.125
3 510.79 714.59 5 3.71441 -77.8119 172.772
4 511.209 714.862 5 3.63794 -79.9086 137.228
5 511.628 715.135 5 3.62938 -70.2032 -29.0119
6 512.048 715.407 5 3.68919 -72.7884 -95.4342
7 512.467 715.679 5 3.81417 -63.6939 133.899
8 512.886 715.952 5 3.99821 -68.0397 70.1981
9 513.306 716.224 5 4.23361 -57.6123 165.142
10 513.725 716.496 5 4.51234 -62.9733 -108.067
11 514.144 716.769 5 4.8269 -73.819 -57.2786
12 514.564 717.041 5 5.17076 -250 0
13 514.983 717.313 5 5.53846 -250 0
14 509.679 714.465 5 3.61203 -84.2544 107.205
15 510.098 714.737 5 3.38889 -85.8218 54.7193
16 510.517 715.009 5 3.22836 -71.4102 -32.0885
17 510.937 715.282 5 3.14008 -88.8958 40.9155
18 511.356 715.554 5 3.13015 -74.3639 -36.8
19 511.775 715.826 5 3.19932 -62.0872 -34.7363
20 512.195 716.099 5 3.34266 -65.2682 166.966
21 512.614 716.371 5 3.55122 -67.567 89.9197
22 513.033 716.643 5 3.81431 -65.4728 64.4436
23 513.453 716.916 5 4.1215 -63.8623 -17.1005
24 513.872 717.188 5 4.46369 -82.1573 87.2224
25 514.291 717.46 5 4.83345 -87.3525 58.3327
26 514.711 717.733 5 5.22494 -82.1893 105.5
27 509.406 714.884 5 3.1894 -88.0683 -145.877
28 509.826 715.156 5 2.93428 -89.0337 173.561
29 510.245 715.429 5 2.74733 -73.7584 48.8222
30 510.664 715.701 5 2.64302 -71.2132 154.783
31 511.084 715.973 5 2.63122 -70.3057 -175.587
32 511.503 716.246 5 2.71314 -61.8216 -68.897
33 511.922 716.518 5 2.88078 -77.4724 86.4069
34 512.342 716.79 5 3.12036 -68.5903 92.0704
35 512.761 717.063 5 3.41679 -62.1501 -91.3114
36 513.18 717.335 5 3.75662 -65.4781 24.4963
37 513.6 717.607 5 4.12916 -70.6095 -105.775
38 514.019 717.88 5 4.52634 -97.3121 1.17679
39 514.438 718.152 5 4.94222 -88.5549 -69.3865
40 509.134 715.303 5 2.79244 -85.3916 -54.9173
41 509.553 715.576 5 2.4971 -80.9569 -55.6397
42 509.973 715.848 5 2.27449 -73.5118 164.337
43 510.392 716.12 5 2.14734 -74.4265 -85.7856
44 510.811 716.393 5 2.1328 -71.516 -64.3789
45 511.231 716.665 5 2.23307 -66.6541 -110.116
46 511.65 716.937 5 2.434 -71.9323 -103.106
47 512.069 717.21 5 2.71333 -54.1087 43.6321
48 512.489 717.482 5 3.04958 -77.3849 -46.3731
49 512.908 717.754 5 3.42603 -67.377 67.518
50 513.327 718.027 5 3.83086 -67.6027 -21.3875
51 513.747 718.299 5 4.25596 -72.2267 79.2237
52 514.166 718.571 5 4.69585 -85.9232 -58.4313
53 508.862 715.723 5 2.43377 -81.2827 100.349
54 509.281 715.995 5 2.0883 -71.6284 90.3603
55 509.7 716.267 5 1.81625 -80.707 -91.7121
56 510.12 716.54 5 1.65425 -84.6074 -24.2838
57 510.539 716.812 5 1.63533 -75.7958 90.2877
58 510.958 717.084 5 1.76411 -71.5029 -156.997
59 511.378 717.357 5 2.01243 -71.8113 -74.4157
60 511.797 717.629 5 2.34257 -61.8305 -33.4028
61 512.216 717.901 5 2.72496 -83.0621 35.1983
62 512.636 718.174 5 3.14057 -65.8521 99.5606
63 513.055 718.446 5 3.57784 -67.8998 83.8006
64 513.474 718.718 5 4.02973 -82.8039 -128.154
65 513.894 718.991 5 4.49182 -80.1504 -116.198
66 508.589 716.142 5 2.13277 -77.3179 -55.5535
67 509.009 716.414 5 1.72814 -72.8129 -161.192
68 509.428 716.687 5 1.38717 -75.5519 -51.3649
69 509.847 716.959 5 1.16706 -96.3449 -100.724
70 510.267 717.231 5 1.14009 -83.0109 167.898
71 510.686 717.504 5 1.31817 -64.7539 -86.3001
72 511.105 717.776 5 1.63565 -63.4235 -139.76
73 511.525 718.048 5 2.02808 -60.2682 140.034
74 511.944 718.321 5 2.45985 -83.6309 64.2727
75 512.363 718.593 5 2.91353 -73.4618 61.5124
76 512.783 718.865 5 3.3803 -66.2691 152.65
77 513.202 719.138 5 3.85541 -69.508 -24.885
78 513.621 719.41 5 4.33612 -77.1063 97.6922
79 510.414 717.923 5 0.929005 -73.0691 -8.32525
80 510.833 718.195 5 1.34195 -64.2165 -51.9179
81 511.672 718.74 5 2.27516 -75.5498 99.0202
82 512.091 719.012 5 2.75937 -73.2395 55.5883
83 512.51 719.285 5 3.24837 -75.6008 174.366
84 512.93 719.557 5 3.74028 -67.0057 105.411
85 513.349 719.829 5 4.23408 -75.8792 -161.465
86 510.141 718.342 5 0.698953 -67.485 -77.1286
87 510.561 718.615 5 1.19428 -56.3609 -155.136
88 511.399 719.159 5 2.19131 -73.165 107.583
89 511.819 719.432 5 2.69066 -78.2985 -177.681
90 512.238 719.704 5 3.1902 -71.055 -117.963
91 512.657 719.976 5 3.68987 -67.4671 -158.551
92 513.077 720.249 5 4.18962 -75.9489 90.0666
93 509.869 718.762 5 0.783594 -58.1132 165.576
94 510.288 719.034 5 1.24571 -64.8294 47.4838
95 511.127 719.579 5 2.21976 -71.4366 137.792
96 511.546 719.851 5 2.71387 -110.22 162.951
97 511.966 720.123 5 3.20981 -69.096 -90.7804
98 512.385 720.396 5 3.70684 -67.6853 -67.5528
99 512.804 720.668 5 4.20457 -115.171 63.5036
100 509.597 719.181 5 1.11333 -65.1123 93.1958
101 510.016 719.453 5 1.47556 -60.5763 129.87
102 509.324 719.6 5 1.53785 -60.7742 -5.12822
103 509.744 719.873 5 1.81735 -65.1259 -116.887
104 509.052 720.02 5 1.99762 -51.9334 -16.758
105 509.471 720.292 5 2.21996 -70.6351 -39.4788
