1 514.644 719.84 5 7.39732 -110.273 76.8248
2 514.371 720.259 5 7.32393 -114.375 -5.16233
3 514.097 720.678 5 7.28419 -109.507 -28.1312
4 513.824 721.096 5 7.27867 -117.537 18.308
5 513.551 721.515 5 7.30744 -123.624 -29.407
6 513.278 721.934 5 7.37009 -114.515 -9.23324
7 513.004 722.353 5 7.46578 -120.396 -2.21923
8 512.731 722.771 5 7.59325 -118.218 130.937
9 512.458 723.19 5 7.75094 -133.706 -177.705
10 512.185 723.609 5 7.93704 -130.113 -27.6573
11 515.063 720.113 5 7.88968 -106.009 -108.085
12 514.789 720.532 5 7.82091 -110.924 -146.534
13 514.516 720.951 5 7.78371 -109.833 133.671
14 514.243 721.37 5 7.77855 -106.094 -158.123
15 513.97 721.788 5 7.80547 -122.796 81.7813
16 513.696 722.207 5 7.86416 -122.773 23.2737
17 513.423 722.626 5 7.9539 -119.136 18.7389
18 513.15 723.045 5 8.07367 -125.774 127.126
19 512.877 723.463 5 8.22215 -121.887 179.849
20 512.603 723.882 5 8.39782 -131.451 114.077
21 515.481 720.387 5 8.38294 -104.27 -143.016
22 515.208 720.805 5 8.31825 -106.832 -157.352
23 514.935 721.224 5 8.28329 -118.216 -157.673
24 514.662 721.643 5 8.27843 -107.261 35.9256
25 514.388 722.062 5 8.30374 -105.546 74.2913
26 514.115 722.48 5 8.35893 -112.821 104.088
27 513.842 722.899 5 8.44341 -125.226 -163
28 513.568 723.318 5 8.55633 -123.244 -14.1793
29 513.295 723.737 5 8.69658 -119.307 129.058
30 513.022 724.155 5 8.86285 -131.358 124.249
31 515.9 720.66 5 8.87696 -104.246 89.6124
32 515.627 721.079 5 8.81589 -99.2238 132.21
33 515.353 721.497 5 8.78291 -117.795 176.403
34 515.08 721.916 5 8.77833 -106.735 171.554
35 514.807 722.335 5 8.8022 -106.3 -105.385
36 514.534 722.754 5 8.85428 -114.936 98.4556
37 514.26 723.172 5 8.93409 -119.202 -106.857
38 513.987 723.591 5 9.04088 -126.759 -3.52703
39 516.319 720.933 5 9.37161 -102.385 -55.5916
40 516.045 721.352 5 9.31379 -98.3024 164.507
41 515.772 721.771 5 9.28258 -123.833 13.8422
42 515.499 722.189 5 9.27825 -112.049 -19.0444
43 515.226 722.608 5 9.30083 -112.035 98.1709
44 514.952 723.027 5 9.35014 -114.576 -165.754
45 514.679 723.446 5 9.42574 -112.23 -92.4337
46 514.406 723.864 5 9.52703 -250 0
47 516.737 721.206 5 9.8668 -108.588 168.739
48 516.464 721.625 5 9.8119 -90.2334 100.421
49 516.191 722.044 5 9.78228 -104.299 -143.721
50 515.918 722.463 5 9.77817 -113.85 -136.008
51 515.644 722.881 5 9.7996 -112.903 26.5893
52 515.371 723.3 5 9.84641 -119.223 149.479
53 515.098 723.719 5 9.91823 -113.551 27.6068
54 514.825 724.138 5 10.0145 -250 0
55 517.156 721.48 5 10.3625 -102.968 -130.563
56 516.883 721.898 5 10.3102 -102.848 -36.5371
57 516.61 722.317 5 10.282 -93.8568 10.436
58 516.336 722.736 5 10.2781 -116.265 120.089
59 516.063 723.155 5 10.2985 -93.0449 -3.81925
60 515.79 723.573 5 10.343 -121.089 -119.481
61 515.517 723.992 5 10.4114 -117.222 -109.713
62 515.243 724.411 5 10.5032 -250 0
63 517.575 721.753 5 10.8585 -106.148 89.3693
64 517.302 722.172 5 10.8086 -113.952 95.1567
65 517.028 722.59 5 10.7818 -103.898 148.896
66 516.755 723.009 5 10.778 -104.521 -62.8667
67 516.482 723.428 5 10.7975 -93.8022 78.3242
68 516.209 723.847 5 10.84 -93.9294 151.884
69 515.935 724.265 5 10.9053 -101.816 171.497
70 515.662 724.684 5 10.9929 -116.042 -137.8
71 517.994 722.026 5 11.3549 -109.905 70.4792
72 517.72 722.445 5 11.3072 -108.862 -82.3087
73 517.447 722.864 5 11.2815 -109.754 -4.01871
74 517.174 723.282 5 11.278 -101.603 -71.6508
75 516.901 723.701 5 11.2966 -106.222 71.7278
76 516.627 724.12 5 11.3372 -94.694 -71.3489
77 516.354 724.539 5 11.3996 -95.6646 -49.8098
78 516.081 724.957 5 11.4835 -111.038 170.2
