1 505.473 717.831 5 2.06155 -45.7377 -150.395
2 505.747 717.412 5 1.58114 -59.6881 179.428
3 506.02 716.994 5 1.11803 -39.7973 -11.5585
4 506.294 716.575 5 0.707107 -37.764 100.78
5 506.567 716.157 5 0.5 -33.3855 -12.6922
6 505.891 718.104 5 2 -37.1391 22.9388
7 506.165 717.686 5 1.5 -37.529 18.1581
8 506.439 717.267 5 1 -36.4536 4.52529
9 506.712 716.849 5 0.5 -31.9808 2.81537
10 506.986 716.43 5 0 -37.8446 19.9862
11 506.31 718.378 5 2.06155 -43.5443 -126.441
12 506.584 717.96 5 1.58114 -47.6319 51.0291
13 506.857 717.541 5 1.11803 -38.7297 5.31783
14 507.131 717.123 5 0.707107 -39.9213 113.096
15 507.404 716.704 5 0.5 -34.8345 -9.1368
16 506.728 718.652 5 2.23607 -53.5576 25.8727
17 507.002 718.233 5 1.80278 -47.2051 -156.931
18 507.276 717.815 5 1.41421 -45.5738 -84.7003
19 507.549 717.396 5 1.11803 -40.8687 39.3993
20 507.823 716.978 5 1 -40.9945 -7.82939
21 507.147 718.925 5 2.5 -42.7515 -8.41159
22 507.421 718.507 5 2.12132 -51.2147 -79.6349
23 507.694 718.088 5 1.80278 -45.5706 -101.739
24 507.968 717.67 5 1.58114 -36.1083 119.973
25 508.241 717.251 5 1.5 -42.214 -45.2949
26 507.565 719.199 5 2.82843 -51.7639 136.045
27 507.839 718.78 5 2.5 -54.3495 29.8619
28 508.113 718.362 5 2.23607 -50.4896 -74.1662
29 508.386 717.943 5 2.06155 -41.5067 151.425
30 508.66 717.525 5 2 -48.1882 48.609
31 507.984 719.472 5 3.20156 -58.8872 99.6492
32 508.258 719.054 5 2.91548 -50.0545 -65.1855
33 508.531 718.635 5 2.69258 -41.294 -157.898
34 508.805 718.217 5 2.54951 -49.3826 -86.2249
35 509.078 717.798 5 2.5 -51.6239 112.989
36 508.402 719.746 5 3.60555 -45.1072 114.066
37 508.676 719.328 5 3.3541 -45.6661 107.971
38 508.95 718.909 5 3.16228 -47.6602 -46.0695
39 509.223 718.491 5 3.04138 -56.3499 -27.7658
40 509.497 718.072 5 3 -57.1064 94.6066
