1 514.644 719.84 5 8.38281 -107.203 -64.4864
2 514.371 720.259 5 8.31817 -106.442 -72.0077
3 514.097 720.678 5 8.28326 -113.725 47.2622
4 513.824 721.096 5 8.27845 -117.005 59.0973
5 513.551 721.515 5 8.3038 -123.419 43.0657
6 513.278 721.934 5 8.35904 -114.133 163.916
7 513.004 722.353 5 8.44358 -113.218 -91.1288
8 512.731 722.771 5 8.55654 -117.102 140.956
9 512.458 723.19 5 8.69683 -113.31 -111.26
10 512.185 723.609 5 8.86314 -118.32 21.5509
11 515.063 720.113 5 8.87683 -104.729 163.853
12 514.789 720.532 5 8.81581 -112.592 -86.6927
13 514.516 720.951 5 8.78288 -115.612 34.8227
14 514.243 721.37 5 8.77835 -113.582 148.809
15 513.97 721.788 5 8.80226 -124.469 -157.739
16 513.696 722.207 5 8.85439 -130.067 -135.167
17 513.423 722.626 5 8.93424 -113.244 2.96146
18 513.15 723.045 5 9.04108 -120.986 -175.915
19 512.877 723.463 5 9.17396 -114.295 104.306
20 512.603 723.882 5 9.33177 -117.585 -122.448
21 515.481 720.387 5 9.37149 -109.872 -122.107
22 515.208 720.805 5 9.31372 -103.668 -62.6206
23 514.935 721.224 5 9.28255 -115.807 -26.4844
24 514.662 721.643 5 9.27826 -125.778 53.8378
25 514.388 722.062 5 9.30089 -106.532 -108.921
26 514.115 722.48 5 9.35024 -109.245 32.3479
27 513.842 722.899 5 9.42589 -110.887 -105.332
28 513.568 723.318 5 9.52721 -110.593 68.2188
29 513.295 723.737 5 9.65341 -116.038 -105.049
30 513.022 724.155 5 9.8035 -119.524 -136.49
31 515.9 720.66 5 9.86669 -98.0465 162.674
32 515.627 721.079 5 9.81183 -113.269 -121.269
33 515.353 721.497 5 9.78225 -109.156 123.636
34 515.08 721.916 5 9.77818 -108.836 121.51
35 514.807 722.335 5 9.79966 -110.5 1.45747
36 514.534 722.754 5 9.84651 -111.945 -168.941
37 514.26 723.172 5 9.91837 -120.748 27.434
38 513.987 723.591 5 10.0147 -135.973 9.08787
39 516.319 720.933 5 10.3623 -96.7169 156.026
40 516.045 721.352 5 10.3101 -109.566 -177.347
41 515.772 721.771 5 10.282 -108.677 76.6416
42 515.499 722.189 5 10.2781 -108.066 -49.6641
43 515.226 722.608 5 10.2985 -135.898 -68.385
44 514.952 723.027 5 10.3431 -131.698 45.3802
45 514.679 723.446 5 10.4116 -115.527 -110.631
46 514.406 723.864 5 10.5034 -250 0
47 516.737 721.206 5 10.8584 -90.3082 -87.3142
48 516.464 721.625 5 10.8086 -97.0061 4.97569
49 516.191 722.044 5 10.7817 -105.469 -29.6597
50 515.918 722.463 5 10.778 -113.51 61.3579
51 515.644 722.881 5 10.7975 -116.03 42.4318
52 515.371 723.3 5 10.8401 -100.881 123.781
53 515.098 723.719 5 10.9054 -116.523 -46.1854
54 514.825 724.138 5 10.9931 -129.356 32.8853
55 517.156 721.48 5 11.3548 -90.8959 -58.9577
56 516.883 721.898 5 11.3072 -106.986 10.8194
57 516.61 722.317 5 11.2815 -92.4887 -134.798
58 516.336 722.736 5 11.278 -118.394 76.0813
59 516.063 723.155 5 11.2966 -101.426 -79.9783
60 515.79 723.573 5 11.3373 -114.083 -35.1427
61 515.517 723.992 5 11.3997 -113.313 -97.5185
62 515.243 724.411 5 11.4837 -154.315 48.1612
63 517.575 721.753 5 11.8515 -115.007 -38.9882
64 517.302 722.172 5 11.8059 -105.124 12.3491
65 517.028 722.59 5 11.7813 -92.9596 -177.172
66 516.755 723.009 5 11.7779 -98.4358 -110.381
67 516.482 723.428 5 11.7958 -92.0373 -132.472
68 516.209 723.847 5 11.8347 -98.404 -117.017
69 515.935 724.265 5 11.8946 -107.905 119.731
70 515.662 724.684 5 11.975 -117.155 -11.4921
71 517.994 722.026 5 12.3485 -106.868 -76.9035
72 517.72 722.445 5 12.3047 -109.885 -34.4488
73 517.447 722.864 5 12.2811 -100.497 -149.425
74 517.174 723.282 5 12.2779 -106.577 -31.4432
75 516.901 723.701 5 12.295 -108.199 151.392
76 516.627 724.12 5 12.3324 -95.5714 12.7104
77 516.354 724.539 5 12.3898 -94.4095 32.7204
78 516.081 724.957 5 12.4671 -103.353 -96.2223
