1 505.473 717.831 5 2.23607 -43.8608 -10.5846
2 505.747 717.412 5 2.06155 -43.9554 176.701
3 506.02 716.994 5 2 -43.2833 -22.3877
4 506.294 716.575 5 2.06155 -42.883 175.884
5 506.567 716.157 5 2.23607 -51.3466 -7.64305
6 505.891 718.104 5 1.80278 -42.2682 -165.502
7 506.165 717.686 5 1.58114 -41.5053 128.869
8 506.439 717.267 5 1.5 -42.225 -16.354
9 506.712 716.849 5 1.58114 -40.8058 146.041
10 506.986 716.43 5 1.80278 -45.7216 -116.574
11 506.31 718.378 5 1.41421 -40.8038 -115.17
12 506.584 717.96 5 1.11803 -53.1506 14.2648
13 506.857 717.541 5 1 -40.2147 -28.691
14 507.131 717.123 5 1.11803 -42.5143 14.2056
15 507.404 716.704 5 1.41421 -42.25 -111.976
16 506.728 718.652 5 1.11803 -39.8705 4.99707
17 507.002 718.233 5 0.707107 -38.4967 139.637
18 507.276 717.815 5 0.5 -32.0614 -19.5084
19 507.549 717.396 5 0.707107 -38.8734 131.511
20 507.823 716.978 5 1.11803 -40.4213 13.8321
21 507.147 718.925 5 1 -34.1656 9.07676
22 507.421 718.507 5 0.5 -32.1684 8.54269
23 507.694 718.088 5 0 -43.5064 0.544725
24 507.968 717.67 5 0.5 -33.2639 13.4071
25 508.241 717.251 5 1 -36.2986 15.9766
26 507.565 719.199 5 1.11803 -40.839 -11.9149
27 507.839 718.78 5 0.707107 -40.4934 120.674
28 508.113 718.362 5 0.5 -31.4066 -22.9749
29 508.386 717.943 5 0.707107 -36.9475 115.783
30 508.66 717.525 5 1.11803 -38.1495 12.0665
31 507.984 719.472 5 1.41421 -40.5461 -118.697
32 508.258 719.054 5 1.11803 -45.0919 -30.047
33 508.531 718.635 5 1 -37.0523 -42.37
34 508.805 718.217 5 1.11803 -37.3027 48.5549
35 509.078 717.798 5 1.41421 -42.6405 -130.144
36 508.402 719.746 5 1.80278 -44.4224 -174.1
37 508.676 719.328 5 1.58114 -42.0005 152.151
38 508.95 718.909 5 1.5 -37.9645 -151.966
39 509.223 718.491 5 1.58114 -40.6886 -6.73817
40 509.497 718.072 5 1.80278 -43.9575 12.0269
