1 509.951 714.045 5 4.6918 -57.784 -168.758
2 510.37 714.318 5 4.63182 -50.1039 -48.4505
3 510.79 714.59 5 4.62543 -49.74 -40.3493
4 511.209 714.862 5 4.67283 -50.3956 -116.627
5 511.628 715.135 5 4.77244 -64.883 -80.5183
6 512.048 715.407 5 4.92107 -65.1907 135.467
7 512.467 715.679 5 5.11446 -65.1977 -121.722
8 512.886 715.952 5 5.34776 -74.6473 -40.6441
9 513.306 716.224 5 5.61599 -71.837 134.517
10 513.725 716.496 5 5.9144 -72.3651 172.382
11 514.144 716.769 5 6.23866 -69.1964 173.173
12 514.564 717.041 5 6.58496 -77.5067 5.27618
13 514.983 717.313 5 6.95 -80.093 39.4061
14 509.679 714.465 5 4.20018 -58.1578 -177.919
15 510.098 714.737 5 4.13308 -50.2673 -35.9848
16 510.517 715.009 5 4.12591 -51.884 -1.5817
17 510.937 715.282 5 4.17898 -53.6951 -134.896
18 511.356 715.554 5 4.29007 -62.3067 175.159
19 511.775 715.826 5 4.45482 -58.8417 53.718
20 512.195 716.099 5 4.66757 -72.3779 90.2839
21 512.614 716.371 5 4.9221 -67.2858 45.7615
22 513.033 716.643 5 5.21228 -74.1143 -8.9906
23 513.453 716.916 5 5.5325 -78.4366 -176.842
24 513.872 717.188 5 5.87787 -71.5176 39.6844
25 514.291 717.46 5 6.24421 -74.366 -156.406
26 514.711 717.733 5 6.62804 -74.556 -42.6068
27 509.406 714.884 5 3.7108 -58.3797 -142.78
28 509.826 715.156 5 3.63467 -49.7144 -42.9253
29 510.245 715.429 5 3.62651 -53.3479 -20.2514
30 510.664 715.701 5 3.68679 -57.45 -141.169
31 511.084 715.973 5 3.81224 -59.3315 135.68
32 511.503 716.246 5 3.99674 -71.1394 33.0807
33 511.922 716.518 5 4.23258 -70.5536 149.067
34 512.342 716.79 5 4.51171 -65.5351 -42.4529
35 512.761 717.063 5 4.82663 -71.7408 -29.1364
36 513.18 717.335 5 5.17079 -82.7137 -82.4668
37 513.6 717.607 5 5.53876 -71.9737 123.683
38 514.019 717.88 5 5.9261 -75.8971 144.253
39 514.438 718.152 5 6.32926 -84.6164 -39.2352
40 509.134 715.303 5 3.22468 -58.6766 -111.861
41 509.553 715.576 5 3.13677 -47.664 -36.0713
42 509.973 715.848 5 3.12732 -48.8387 -28.1012
43 510.392 716.12 5 3.19701 -61.6297 -92.8108
44 510.811 716.393 5 3.34091 -60.3852 49.3886
45 511.231 716.665 5 3.55 -61.6525 84.9601
46 511.65 716.937 5 3.81356 -71.808 157.003
47 512.069 717.21 5 4.12117 -69.5654 -36.7732
48 512.489 717.482 5 4.46372 -77.7455 -164.71
49 512.908 717.754 5 4.8338 -66.7893 -116.117
50 513.327 718.027 5 5.22555 -69.8091 -130.633
51 513.747 718.299 5 5.63447 -74.206 -93.2296
52 514.166 718.571 5 6.05706 -70.4177 -118.764
53 508.862 715.723 5 2.74355 -50.7622 -107.694
54 509.281 715.995 5 2.63967 -46.5419 -55.0355
55 509.7 716.267 5 2.62843 -47.1767 -28.6789
56 510.12 716.54 5 2.71098 -61.7711 -47.219
57 510.539 716.812 5 2.87927 -56.6198 -159.101
58 510.958 717.084 5 3.11945 -66.8759 156.326
59 511.378 717.357 5 3.4164 -61.1347 163.176
60 511.797 717.629 5 3.75667 -66.8312 81.9803
61 512.216 717.901 5 4.12957 -75.9159 122.489
62 512.636 718.174 5 4.52704 -75.4492 -30.1635
63 513.055 718.446 5 4.94317 -74.1698 59.14
64 513.474 718.718 5 5.37361 -69.4758 123.1
65 513.894 718.991 5 5.8152 -72.1036 -153.768
66 508.589 716.142 5 2.27058 -50.8866 -144.022
67 509.009 716.414 5 2.14391 -46.6092 -61.9534
68 509.428 716.687 5 2.13005 -44.532 -39.1521
69 509.847 716.959 5 2.23112 -50.0972 -47.9317
70 510.267 717.231 5 2.43284 -73.6942 110.595
71 510.686 717.504 5 2.71284 -67.9051 178.305
72 511.105 717.776 5 3.04964 -70.694 109.313
73 511.525 718.048 5 3.42652 -74.3335 -149.237
74 511.944 718.321 5 3.83169 -72.591 -35.1895
75 512.363 718.593 5 4.25707 -73.1139 -89.4138
76 512.783 718.865 5 4.69717 -66.8597 -82.7033
77 513.202 719.138 5 5.14822 -77.9355 -104.014
78 513.621 719.41 5 5.60758 -74.5658 -77.8437
79 510.414 717.923 5 2.34265 -61.1727 178.835
80 510.833 718.195 5 2.72558 -59.0009 -68.1534
81 511.672 718.74 5 3.57916 -68.2867 128.567
82 512.091 719.012 5 4.03127 -74.8184 -112.462
83 512.51 719.285 5 4.49354 -73.7006 11.6331
84 512.93 719.557 5 4.96314 -71.7455 12.1761
85 513.349 719.829 5 5.43815 -75.6059 104.289
86 510.141 718.342 5 2.02892 -60.0743 52.7715
87 510.561 718.615 5 2.46116 -53.9726 7.16868
88 511.399 719.159 5 3.38214 -71.4582 164.912
89 511.819 719.432 5 3.85742 -75.5073 144.55
90 512.238 719.704 5 4.33825 -74.4631 -160.474
91 512.657 719.976 5 4.82299 -71.1723 -90.4316
92 513.077 720.249 5 5.31056 -76.3023 -76.0434
93 509.869 718.762 5 1.80139 -66.7386 -84.5408
94 510.288 719.034 5 2.27724 -64.21 -34.7653
95 511.127 719.579 5 3.25075 -77.2015 49.2617
96 511.546 719.851 5 3.74275 -72.7728 48.7842
97 511.966 720.123 5 4.23662 -82.0358 22.9595
98 512.385 720.396 5 4.73178 -72.9059 105.057
99 512.804 720.668 5 5.22786 -78.1434 -72.9763
100 509.597 719.181 5 1.69515 -64.0031 32.0628
101 510.016 719.453 5 2.19415 -57.7952 32.3422
102 509.324 719.6 5 1.73264 -60.0329 -123.838
103 509.744 719.873 5 2.22324 -59.1623 -86.3994
104 509.052 720.02 5 1.9054 -47.601 153.783
105 509.471 720.292 5 2.36037 -61.4095 -139.633
