1 514.644 719.84 5 5.58608 -166.645 162.649
2 514.371 720.259 5 5.44263 -131.207 167.871
3 514.097 720.678 5 5.3423 -130.262 -37.0376
4 513.824 721.096 5 5.28755 -128.972 92.8912
5 513.551 721.515 5 5.27978 -250 0
6 513.278 721.934 5 5.31921 -250 0
7 513.004 722.353 5 5.40481 -250 0
8 512.731 722.771 5 5.53443 -250 0
9 512.458 723.19 5 5.70507 -250 0
10 512.185 723.609 5 5.91319 -250 0
11 515.063 720.113 5 6.06065 -156.245 -118.88
12 514.789 720.532 5 5.92869 -170.251 -136.464
13 514.516 720.951 5 5.83672 -128.366 82.3637
14 514.243 721.37 5 5.78664 -128.237 148.248
15 513.97 721.788 5 5.77955 -170.219 163.283
16 513.696 722.207 5 5.8156 -250 0
17 513.423 722.626 5 5.89399 -250 0
18 513.15 723.045 5 6.01307 -250 0
19 512.877 723.463 5 6.17049 -250 0
20 512.603 723.882 5 6.36341 -153.82 86.9179
21 515.481 720.387 5 6.539 -149.662 -152.836
22 515.208 720.805 5 6.41689 -133.786 25.7277
23 514.935 721.224 5 6.33202 -126.931 13.6965
24 514.662 721.643 5 6.28589 -127.159 43.8873
25 514.388 722.062 5 6.27936 -165.901 48.6634
26 514.115 722.48 5 6.31255 -163.484 -98.723
27 513.842 722.899 5 6.38484 -141.067 -147.729
28 513.568 723.318 5 6.49493 -250 0
29 513.295 723.737 5 6.64094 -250 0
30 513.022 724.155 5 6.82056 -250 0
31 515.9 720.66 5 7.02037 -185.199 -101.932
32 515.627 721.079 5 6.90678 -162.458 -160.825
33 515.353 721.497 5 6.828 -135.951 -144.765
34 515.08 721.916 5 6.78524 -250 0
35 514.807 722.335 5 6.77919 -250 0
36 514.534 722.754 5 6.80995 -250 0
37 514.26 723.172 5 6.87701 -250 0
38 513.987 723.591 5 6.97935 -250 0
39 516.319 720.933 5 7.50418 -180.931 -58.3434
40 516.045 721.352 5 7.39802 -198.749 -141.646
41 515.772 721.771 5 7.32452 -250 0
42 515.499 722.189 5 7.28468 -147.712 -96.9584
43 515.226 722.608 5 7.27905 -146.556 92.9078
44 514.952 723.027 5 7.3077 -146.778 -170.568
45 514.679 723.446 5 7.37024 -250 0
46 514.406 723.864 5 7.46581 -250 0
47 516.737 721.206 5 7.98999 -250 0
48 516.464 721.625 5 7.89036 -187.919 -111.767
49 516.191 722.044 5 7.82149 -250 0
50 515.918 722.463 5 7.7842 -250 0
51 515.644 722.881 5 7.77892 -166.334 52.9989
52 515.371 723.3 5 7.80574 -250 0
53 515.098 723.719 5 7.86432 -250 0
54 514.825 724.138 5 7.95396 -250 0
55 517.156 721.48 5 8.47744 -158.44 165.568
56 516.883 721.898 5 8.38361 -158.805 100.151
57 516.61 722.317 5 8.31883 -158.668 32.6355
58 516.336 722.736 5 8.28377 -250 0
59 516.063 723.155 5 8.27881 -250 0
60 515.79 723.573 5 8.30402 -250 0
61 515.517 723.992 5 8.35911 -148.637 109.992
62 515.243 724.411 5 8.44349 -250 0
63 517.575 721.753 5 8.96627 -250 0
64 517.302 722.172 5 8.87761 -250 0
65 517.028 722.59 5 8.81646 -250 0
66 516.755 723.009 5 8.78339 -250 0
67 516.482 723.428 5 8.77872 -250 0
68 516.209 723.847 5 8.80249 -250 0
69 515.935 724.265 5 8.85448 -250 0
70 515.662 724.684 5 8.93419 -126.207 -109.982
71 517.994 722.026 5 9.45628 -250 0
72 517.72 722.445 5 9.37225 -250 0
73 517.447 722.864 5 9.31435 -250 0
74 517.174 723.282 5 9.28305 -250 0
75 516.901 723.701 5 9.27863 -250 0
76 516.627 724.12 5 9.30112 -118.508 -20.4111
77 516.354 724.539 5 9.35034 -113.343 51.9187
78 516.081 724.957 5 9.42586 -168.025 131.383
