1 509.951 714.045 5 5.25256 -62.152 150.119
2 510.37 714.318 5 5.38811 -66.1229 -105.855
3 510.79 714.59 5 5.56543 -59.0379 55.6477
4 511.209 714.862 5 5.78068 -56.6233 152.943
5 511.628 715.135 5 6.0298 -62.4018 130.274
6 512.048 715.407 5 6.30879 -61.1044 46.5318
7 512.467 715.679 5 6.61386 -58.6631 -175.475
8 512.886 715.952 5 6.94157 -64.7607 -57.1328
9 513.306 716.224 5 7.28887 -61.8877 16.2853
10 513.725 716.496 5 7.6531 -65.1759 79.8679
11 514.144 716.769 5 8.03195 -65.8361 -85.6452
12 514.564 717.041 5 8.42345 -89.2911 -46.3016
13 514.983 717.313 5 8.82592 -91.1528 9.47831
14 509.679 714.465 5 4.76696 -66.0131 117.195
15 510.098 714.737 5 4.91592 -62.1031 129.287
16 510.517 715.009 5 5.10965 -63.6503 -36.7411
17 510.937 715.282 5 5.34329 -62.426 -83.0861
18 511.356 715.554 5 5.61187 -60.0267 -119.056
19 511.775 715.826 5 5.91062 -61.4862 62.5886
20 512.195 716.099 5 6.2352 -60.9548 -169.403
21 512.614 716.371 5 6.58179 -64.167 -108.903
22 513.033 716.643 5 6.9471 -63.7577 -84.1315
23 513.453 716.916 5 7.32834 -67.6747 165.493
24 513.872 717.188 5 7.72314 -77.4252 45.333
25 514.291 717.46 5 8.12952 -63.1484 -25.8437
26 514.711 717.733 5 8.54584 -69.8168 34.6867
27 509.406 714.884 5 4.28468 -69.9163 64.2433
28 509.826 715.156 5 4.44981 -60.048 8.61147
29 510.245 715.429 5 4.66295 -67.4851 64.8207
30 510.664 715.701 5 4.91786 -56.622 63.018
31 511.084 715.973 5 5.20842 -70.0098 -103.258
32 511.503 716.246 5 5.52901 -57.0048 47.8828
33 511.922 716.518 5 5.87471 -63.0906 157.057
34 512.342 716.79 5 6.24135 -64.4568 142.763
35 512.761 717.063 5 6.62547 -67.396 12.2179
36 513.18 717.335 5 7.02418 -71.9897 -101.224
37 513.6 717.607 5 7.43514 -80.4754 -28.937
38 514.019 717.88 5 7.85644 -70.5681 137.508
39 514.438 718.152 5 8.28649 -68.8938 154.974
40 509.134 715.303 5 3.80697 -60.8792 119.241
41 509.553 715.576 5 3.99191 -56.0555 -87.7981
42 509.973 715.848 5 4.22819 -55.9479 -102.286
43 510.392 716.12 5 4.50776 -62.2137 -178.239
44 510.811 716.393 5 4.82309 -53.3122 -61.503
45 511.231 716.665 5 5.16764 -57.5961 12.2715
46 511.65 716.937 5 5.53595 -69.9969 -2.72985
47 512.069 717.21 5 5.9236 -70.5566 -132.335
48 512.489 717.482 5 6.32703 -64.1416 60.9011
49 512.908 717.754 5 6.74341 -75.3229 -128.689
50 513.327 718.027 5 7.17049 -70.9861 -42.2344
51 513.747 718.299 5 7.60646 -66.5145 64.5972
52 514.166 718.571 5 8.04988 -76.4359 -126.039
53 508.862 715.723 5 3.3358 -63.4917 62.2476
54 509.281 715.995 5 3.5454 -61.3656 69.3759
55 509.7 716.267 5 3.80948 -54.0744 -0.0752284
56 510.12 716.54 5 4.11758 -58.6384 154.625
57 510.539 716.812 5 4.46058 -59.4889 -78.5249
58 510.958 717.084 5 4.83105 -62.3983 -148.048
59 511.378 717.357 5 5.22315 -67.7016 61.2931
60 511.797 717.629 5 5.63237 -62.761 -68.2626
61 512.216 717.901 5 6.05524 -67.9254 -89.6908
62 512.636 718.174 5 6.48908 -82.935 157.933
63 513.055 718.446 5 6.93184 -95.0513 -80.5506
64 513.474 718.718 5 7.38192 -78.7227 70.6108
65 513.894 718.991 5 7.83805 -71.5173 -133.386
66 508.589 716.142 5 2.87439 -54.8524 -149.943
67 509.009 716.414 5 3.11519 -54.618 -160.223
68 509.428 716.687 5 3.41273 -61.0854 61.6953
69 509.847 716.959 5 3.75353 -59.7654 125.938
70 510.267 717.231 5 4.1269 -62.4939 107.986
71 510.686 717.504 5 4.52477 -62.4065 -62.4855
72 511.105 717.776 5 4.94124 -68.9202 -12.1648
73 511.525 718.048 5 5.37198 -72.8579 91.9551
74 511.944 718.321 5 5.81381 -77.577 141.155
75 512.363 718.593 5 6.2644 -71.1927 102.29
76 512.783 718.865 5 6.72198 -77.285 105.885
77 513.202 719.138 5 7.18521 -76.2946 -33.5509
78 513.621 719.41 5 7.65308 -69.2521 104.802
79 510.414 717.923 5 4.25536 -66.0088 96.9159
80 510.833 718.195 5 4.69579 -62.6132 -149.899
81 511.672 718.74 5 5.60669 -74.2684 -23.8895
82 512.091 719.012 5 6.07267 -69.6287 -108.869
83 512.51 719.285 5 6.54367 -79.4081 -99.3132
84 512.93 719.557 5 7.01868 -74.3801 -164.441
85 513.349 719.829 5 7.49694 -78.3945 153.789
86 510.141 718.342 5 4.03022 -64.9493 110.37
87 510.561 718.615 5 4.49277 -64.905 -35.7318
88 511.399 719.159 5 5.43779 -75.2731 43.0369
89 511.819 719.432 5 5.91708 -72.8629 177.258
90 512.238 719.704 5 6.39954 -76.5708 -57.8573
91 512.657 719.976 5 6.8845 -79.3349 146.024
92 513.077 720.249 5 7.37148 -74.8524 34.5858
93 509.869 718.762 5 3.8571 -65.3884 -43.042
94 510.288 719.034 5 4.33815 -62.84 110.907
95 511.127 719.579 5 5.31075 -75.3571 -46.8782
96 511.546 719.851 5 5.80055 -77.0971 -106.656
97 511.966 720.123 5 6.29195 -68.1836 -22.4068
98 512.385 720.396 5 6.78461 -77.0487 -43.4377
99 512.804 720.668 5 7.27827 -95.9518 -88.973
100 509.597 719.181 5 3.74323 -69.9841 16.9847
101 510.016 719.453 5 4.23722 -53.6056 124.772
102 509.324 719.6 5 3.69409 -62.6736 50.8435
103 509.744 719.873 5 4.19388 -54.2286 96.6561
104 509.052 720.02 5 3.71226 -54.5821 160.188
105 509.471 720.292 5 4.20989 -47.8174 -16.2714
