1 514.644 719.84 5 8.87677 -102.552 -33.4074
2 514.371 720.259 5 8.81578 -103.934 68.1042
3 514.097 720.678 5 8.78287 -102.753 -21.4069
4 513.824 721.096 5 8.77836 -105.768 -41.8044
5 513.551 721.515 5 8.8023 -121.481 118.564
6 513.278 721.934 5 8.85445 -108.23 -159.457
7 513.004 722.353 5 8.93432 -113.742 41.4361
8 512.731 722.771 5 9.04118 -116.463 -99.6024
9 512.458 723.19 5 9.17408 -137.655 -99.8043
10 512.185 723.609 5 9.33191 -138.11 -89.6167
11 515.063 720.113 5 9.37143 -107.543 -45.0944
12 514.789 720.532 5 9.31368 -108.529 18.0882
13 514.516 720.951 5 9.28253 -127.907 -130.461
14 514.243 721.37 5 9.27827 -116.028 48.1417
15 513.97 721.788 5 9.30092 -120.372 17.7952
16 513.696 722.207 5 9.35029 -127.964 83.8771
17 513.423 722.626 5 9.42596 -113.638 -75.1462
18 513.15 723.045 5 9.52731 -125.401 -133.684
19 512.877 723.463 5 9.65352 -127.388 45.4961
20 512.603 723.882 5 9.80364 -133.769 -179.878
21 515.481 720.387 5 9.86663 -111.916 -67.1231
22 515.208 720.805 5 9.81179 -113.028 33.3886
23 514.935 721.224 5 9.78224 -122.734 -129.695
24 514.662 721.643 5 9.77819 -119.386 -120.288
25 514.388 722.062 5 9.79968 -124.78 -147.886
26 514.115 722.48 5 9.84655 -122.302 81.0512
27 513.842 722.899 5 9.91844 -120.908 5.14093
28 513.568 723.318 5 10.0148 -120.742 -146.248
29 513.295 723.737 5 10.1349 -130.756 -116.934
30 513.022 724.155 5 10.278 -124.736 12.3683
31 515.9 720.66 5 10.3623 -104.61 52.931
32 515.627 721.079 5 10.3101 -117.086 -77.4375
33 515.353 721.497 5 10.282 -118.773 -67.8156
34 515.08 721.916 5 10.2781 -135.208 134.366
35 514.807 722.335 5 10.2986 -124.477 72.0458
36 514.534 722.754 5 10.3432 -115.272 -17.767
37 514.26 723.172 5 10.4116 -125.845 14.6455
38 513.987 723.591 5 10.5035 -126.211 118.27
39 516.319 720.933 5 10.8584 -104.226 6.2484
40 516.045 721.352 5 10.8085 -112.183 -17.4722
41 515.772 721.771 5 10.7817 -113.611 -109.682
42 515.499 722.189 5 10.778 -117.311 9.19249
43 515.226 722.608 5 10.7976 -112.697 72.4384
44 514.952 723.027 5 10.8401 -137.163 0.270397
45 514.679 723.446 5 10.9055 -104.631 95.7372
46 514.406 723.864 5 10.9932 -151.097 151.873
47 516.737 721.206 5 11.3548 -99.7018 -97.0435
48 516.464 721.625 5 11.3071 -112.222 -153.389
49 516.191 722.044 5 11.2815 -113.626 -34.0866
50 515.918 722.463 5 11.278 -109.969 -164.507
51 515.644 722.881 5 11.2966 -115.052 -93.4441
52 515.371 723.3 5 11.3373 -105.397 -149.567
53 515.098 723.719 5 11.3998 -127.929 169.604
54 514.825 724.138 5 11.4837 -129.443 -19.0895
55 517.156 721.48 5 11.8515 -90.1295 42.9151
56 516.883 721.898 5 11.8058 -108.832 45.2572
57 516.61 722.317 5 11.7813 -97.0821 106.032
58 516.336 722.736 5 11.7779 -107.057 6.49624
59 516.063 723.155 5 11.7958 -103.44 25.3789
60 515.79 723.573 5 11.8348 -115.856 103.099
61 515.517 723.992 5 11.8946 -112.349 12.8347
62 515.243 724.411 5 11.9751 -250 0
63 517.575 721.753 5 12.3484 -91.7488 62.89
64 517.302 722.172 5 12.3047 -100.062 3.38019
65 517.028 722.59 5 12.2811 -99.2098 39.7626
66 516.755 723.009 5 12.2779 -97.5636 -122.107
67 516.482 723.428 5 12.295 -94.5313 -106.792
68 516.209 723.847 5 12.3324 -116.361 80.4473
69 515.935 724.265 5 12.3899 -112.16 -27.4268
70 515.662 724.684 5 12.4671 -117.654 -134.263
71 517.994 722.026 5 12.8456 -107.004 46.4347
72 517.72 722.445 5 12.8036 -112.058 38.3792
73 517.447 722.864 5 12.7809 -101.543 -19.0408
74 517.174 723.282 5 12.7778 -96.1143 -125.482
75 516.901 723.701 5 12.7943 -103.324 154.218
76 516.627 724.12 5 12.8302 -102.655 11.7894
77 516.354 724.539 5 12.8855 -98.1871 128.85
78 516.081 724.957 5 12.9598 -103.642 141.504
