1 514.644 719.84 5 6.23027 -107.114 -32.5844
2 514.371 720.259 5 6.06091 -136.075 -169.904
3 514.097 720.678 5 5.929 -111.004 75.4212
4 513.824 721.096 5 5.83707 -126.427 -122.608
5 513.551 721.515 5 5.78703 -123.151 39.8726
6 513.278 721.934 5 5.77998 -133.895 141.815
7 513.004 722.353 5 5.81605 -107.838 36.1491
8 512.731 722.771 5 5.89447 -111.308 -146.285
9 512.458 723.19 5 6.01358 -124.389 107.647
10 512.185 723.609 5 6.17102 -116.806 -136.002
11 515.063 720.113 5 6.69655 -110.615 -56.486
12 514.789 720.532 5 6.53928 -106.3 -70.5415
13 514.516 720.951 5 6.41721 -116.451 2.40423
14 514.243 721.37 5 6.33237 -114.209 30.6173
15 513.97 721.788 5 6.28628 -129.959 82.9611
16 513.696 722.207 5 6.27978 -122.681 118.727
17 513.423 722.626 5 6.313 -110.169 152.08
18 513.15 723.045 5 6.38532 -122.002 67.6437
19 512.877 723.463 5 6.49544 -110.443 26.154
20 512.603 723.882 5 6.64147 -123.493 -57.2313
21 515.481 720.387 5 7.16738 -108.601 46.5696
22 515.208 720.805 5 7.02066 -111.382 -35.6648
23 514.935 721.224 5 6.9071 -114.505 -61.3019
24 514.662 721.643 5 6.82836 -115.117 56.5269
25 514.388 722.062 5 6.78563 -105.399 169.891
26 514.115 722.48 5 6.77961 -126.532 -108.637
27 513.842 722.899 5 6.8104 -134.581 -160.466
28 513.568 723.318 5 6.87749 -122.909 150.021
29 513.295 723.737 5 6.97984 -114.063 13.3981
30 513.022 724.155 5 7.11594 -120.904 22.9315
31 515.9 720.66 5 7.64192 -104.323 178.222
32 515.627 721.079 5 7.50448 -105.694 -41.215
33 515.353 721.497 5 7.39835 -111.252 -108.818
34 515.08 721.916 5 7.32489 -116.147 42.8776
35 514.807 722.335 5 7.28508 -128.273 -131.772
36 514.534 722.754 5 7.27947 -138.797 -110.438
37 514.26 723.172 5 7.30815 -122.77 40.4607
38 513.987 723.591 5 7.37071 -117.939 63.628
39 516.319 720.933 5 8.11951 -104.98 165.955
40 516.045 721.352 5 7.99029 -111.603 -66.2215
41 515.772 721.771 5 7.8907 -107.608 -140.848
42 515.499 722.189 5 7.82186 -116.505 58.0745
43 515.226 722.608 5 7.78459 -119.254 -148.604
44 514.952 723.027 5 7.77934 -122.581 117.514
45 514.679 723.446 5 7.80619 -115.01 42.1287
46 514.406 723.864 5 7.86479 -250 0
47 516.737 721.206 5 8.59965 -108.913 17.2291
48 516.464 721.625 5 8.47775 -117.386 -129.781
49 516.191 722.044 5 8.38395 -111.248 95.715
50 515.918 722.463 5 8.3192 -115.5 3.37472
51 515.644 722.881 5 8.28416 -105.426 -76.4326
52 515.371 723.3 5 8.27923 -114.085 -85.7998
53 515.098 723.719 5 8.30446 -108.695 -137.672
54 514.825 724.138 5 8.35957 -250 0
55 517.156 721.48 5 9.08193 -106.345 154.628
56 516.883 721.898 5 8.96659 -97.6912 14.301
57 516.61 722.317 5 8.87796 -98.8923 68.1564
58 516.336 722.736 5 8.81683 -99.4142 -60.6551
59 516.063 723.155 5 8.78379 -106.404 -12.4098
60 515.79 723.573 5 8.77914 -108.993 155.793
61 515.517 723.992 5 8.80293 -110.858 77.8227
62 515.243 724.411 5 8.85494 -250 0
63 517.575 721.753 5 9.56603 -107.866 35.6479
64 517.302 722.172 5 9.4566 -92.9578 41.6651
65 517.028 722.59 5 9.3726 -103.87 158.289
66 516.755 723.009 5 9.31472 -102.366 -25.4569
67 516.482 723.428 5 9.28345 -102.376 58.814
68 516.209 723.847 5 9.27905 -107.687 12.6262
69 515.935 724.265 5 9.30157 -109.625 -72.6424
70 515.662 724.684 5 9.3508 -118.479 -68.5723
71 517.994 722.026 5 10.0517 -110.586 35.5238
72 517.72 722.445 5 9.94761 -103.837 135.981
73 517.447 722.864 5 9.86779 -101.13 77.4843
74 517.174 723.282 5 9.81283 -112.976 96.1538
75 516.901 723.701 5 9.78315 -98.9135 130.803
76 516.627 724.12 5 9.77897 -97.3424 -125.909
77 516.354 724.539 5 9.80034 -102.433 -93.3998
78 516.081 724.957 5 9.84708 -118.261 43.6076
