1 505.473 717.831 5 0.707107 -37.4835 115.594
2 505.747 717.412 5 0.5 -33.0962 -10.0108
3 506.02 716.994 5 0.707107 -42.7863 131.463
4 506.294 716.575 5 1.11803 -40.0144 -3.43408
5 506.567 716.157 5 1.58114 -51.588 115.57
6 505.891 718.104 5 0.5 -30.7985 3.12549
7 506.165 717.686 5 0 -41.8895 66.5176
8 506.439 717.267 5 0.5 -31.5818 6.84926
9 506.712 716.849 5 1 -35.983 4.11336
10 506.986 716.43 5 1.5 -36.7977 15.4218
11 506.31 718.378 5 0.707107 -37.4567 109.925
12 506.584 717.96 5 0.5 -34.1774 -14.0222
13 506.857 717.541 5 0.707107 -40.2423 124.631
14 507.131 717.123 5 1.11803 -38.5928 -8.59682
15 507.404 716.704 5 1.58114 -58.6846 13.5657
16 506.728 718.652 5 1.11803 -41.1214 21.1342
17 507.002 718.233 5 1 -41.3951 -10.1344
18 507.276 717.815 5 1.11803 -48.1691 -11.6986
19 507.549 717.396 5 1.41421 -38.9461 -121.457
20 507.823 716.978 5 1.80278 -45.1539 -146.692
21 507.147 718.925 5 1.58114 -41.5209 127.349
22 507.421 718.507 5 1.5 -42.2243 11.663
23 507.694 718.088 5 1.58114 -41.0319 133.773
24 507.968 717.67 5 1.80278 -49.5865 -122.96
25 508.241 717.251 5 2.12132 -47.545 7.63001
26 507.565 719.199 5 2.06155 -41.5395 137.383
27 507.839 718.78 5 2 -40.1888 -26.1403
28 508.113 718.362 5 2.06155 -41.2177 -179.161
29 508.386 717.943 5 2.23607 -46.4698 10.6319
30 508.66 717.525 5 2.5 -54.1852 61.1434
31 507.984 719.472 5 2.54951 -54.5571 -123.31
32 508.258 719.054 5 2.5 -38.7275 -16.5258
33 508.531 718.635 5 2.54951 -48.5245 114.822
34 508.805 718.217 5 2.69258 -48.2578 -171.422
35 509.078 717.798 5 2.91548 -46.4132 -64.5247
36 508.402 719.746 5 3.04138 -46.4021 -168.12
37 508.676 719.328 5 3 -48.2982 7.07773
38 508.95 718.909 5 3.04138 -50.8499 76.5815
39 509.223 718.491 5 3.16228 -51.374 101.424
40 509.497 718.072 5 3.3541 -45.6911 -178.78
