1 505.473 717.831 5 2.12132 -40.3276 32.0116
2 505.747 717.412 5 1.80278 -50.6432 -161.453
3 506.02 716.994 5 1.58114 -48.9199 98.3553
4 506.294 716.575 5 1.5 -42.838 -10.9736
5 506.567 716.157 5 1.58114 -39.4983 121.669
6 505.891 718.104 5 1.80278 -44.2763 -151.342
7 506.165 717.686 5 1.41421 -38.5594 -121.342
8 506.439 717.267 5 1.11803 -41.1958 17.9335
9 506.712 716.849 5 1 -37.2186 -1.60492
10 506.986 716.43 5 1.11803 -41.7632 45.918
11 506.31 718.378 5 1.58114 -55.9833 -134.911
12 506.584 717.96 5 1.11803 -38.341 -19.6752
13 506.857 717.541 5 0.707107 -40.4445 120.23
14 507.131 717.123 5 0.5 -31.6515 -7.01224
15 507.404 716.704 5 0.707107 -36.4378 115.552
16 506.728 718.652 5 1.5 -38.1906 24.8981
17 507.002 718.233 5 1 -36.4535 2.20313
18 507.276 717.815 5 0.5 -33.3199 4.97627
19 507.549 717.396 5 0 -43.8324 29.6621
20 507.823 716.978 5 0.5 -30.8171 8.28617
21 507.147 718.925 5 1.58114 -54.1727 -26.8385
22 507.421 718.507 5 1.11803 -40.774 -24.6073
23 507.694 718.088 5 0.707107 -38.6881 124.448
24 507.968 717.67 5 0.5 -32.2331 -6.02802
25 508.241 717.251 5 0.707107 -37.2793 91.1822
26 507.565 719.199 5 1.80278 -40.2938 -154.771
27 507.839 718.78 5 1.41421 -39.3481 -128.205
28 508.113 718.362 5 1.11803 -42.0711 59.0527
29 508.386 717.943 5 1 -36.8796 -14.7275
30 508.66 717.525 5 1.11803 -38.5649 53.4391
31 507.984 719.472 5 2.12132 -43.652 17.2155
32 508.258 719.054 5 1.80278 -49.0118 -150.245
33 508.531 718.635 5 1.58114 -37.7025 131.816
34 508.805 718.217 5 1.5 -38.0336 -12.0332
35 509.078 717.798 5 1.58114 -36.366 91.5859
36 508.402 719.746 5 2.5 -48.9598 -1.07456
37 508.676 719.328 5 2.23607 -49.5256 102.615
38 508.95 718.909 5 2.06155 -45.8357 20.5254
39 509.223 718.491 5 2 -46.3339 -167.676
40 509.497 718.072 5 2.06155 -47.2507 -50.4492
