1 509.951 714.045 5 4.80481 -60.8106 135.886
2 510.37 714.318 5 4.69329 -59.6992 -128.031
3 510.79 714.59 5 4.63333 -49.8176 -30.2982
4 511.209 714.862 5 4.62694 -48.3478 -7.3705
5 511.628 715.135 5 4.67433 -66.1766 159.906
6 512.048 715.407 5 4.7739 -58.2245 -126.351
7 512.467 715.679 5 4.92249 -70.8288 -11.6376
8 512.886 715.952 5 5.11583 -72.1063 58.6759
9 513.306 716.224 5 5.34906 -65.3932 -65.8957
10 513.725 716.496 5 5.61723 -66.8046 -44.431
11 514.144 716.769 5 5.91558 -75.8302 -42.3735
12 514.564 717.041 5 6.23978 -92.0081 105.481
13 514.983 717.313 5 6.58602 -94.022 74.3485
14 509.679 714.465 5 4.32587 -54.8924 63.7821
15 510.098 714.737 5 4.20166 -71.1511 159.408
16 510.517 715.009 5 4.13458 -50.2955 -36.6768
17 510.937 715.282 5 4.12741 -47.3427 1.52585
18 511.356 715.554 5 4.18047 -64.3342 103.929
19 511.775 715.826 5 4.29152 -70.4739 -175.444
20 512.195 716.099 5 4.45622 -73.8798 -10.808
21 512.614 716.371 5 4.66891 -65.9319 -137.092
22 513.033 716.643 5 4.92336 -67.6822 108.71
23 513.453 716.916 5 5.21347 -71.2899 76.2505
24 513.872 717.188 5 5.53363 -75.5346 154.574
25 514.291 717.46 5 5.87893 -74.9934 -169.543
26 514.711 717.733 5 6.24521 -79.7968 -87.8862
27 509.406 714.884 5 3.85229 -59.115 -1.54646
28 509.826 715.156 5 3.71227 -70.9529 152.627
29 510.245 715.429 5 3.63617 -50.9468 -64.0047
30 510.664 715.701 5 3.62802 -47.3521 -4.74623
31 511.084 715.973 5 3.68827 -60.9018 46.1994
32 511.503 716.246 5 3.81368 -63.82 47.6797
33 511.922 716.518 5 3.99811 -68.9992 -24.5277
34 512.342 716.79 5 4.23388 -65.2737 -143.441
35 512.761 717.063 5 4.51292 -66.4556 -88.1293
36 513.18 717.335 5 4.82776 -76.8865 -150.564
37 513.6 717.607 5 5.17185 -72.6369 -34.4602
38 514.019 717.88 5 5.53975 -69.9806 -6.3054
39 514.438 718.152 5 5.92703 -85.7473 78.5649
40 509.134 715.303 5 3.38632 -58.6951 -67.7683
41 509.553 715.576 5 3.22614 -72.3594 -135.784
42 509.973 715.848 5 3.13827 -53.9125 -33.6432
43 510.392 716.12 5 3.12882 -47.1553 -3.2851
44 510.811 716.393 5 3.19849 -70.8127 107.341
45 511.231 716.665 5 3.34232 -74.9379 -170.92
46 511.65 716.937 5 3.55133 -68.8063 85.8901
47 512.069 717.21 5 3.8148 -65.1097 98.2444
48 512.489 717.482 5 4.12232 -65.1406 128.973
49 512.908 717.754 5 4.46478 -76.494 -3.74907
50 513.327 718.027 5 4.83478 -72.4644 32.9844
51 513.747 718.299 5 5.22646 -82.2421 -121.952
52 514.166 718.571 5 5.6353 -73.3819 155.759
53 508.862 715.723 5 2.93158 -67.3734 107.258
54 509.281 715.995 5 2.74499 -57.2248 -118.284
55 509.7 716.267 5 2.64116 -48.4033 -37.8559
56 510.12 716.54 5 2.62993 -46.105 -5.81671
57 510.539 716.812 5 2.71244 -69.1008 -18.4933
58 510.958 717.084 5 2.88065 -78.3739 -4.986
59 511.378 717.357 5 3.12072 -62.8365 69.7091
60 511.797 717.629 5 3.41756 -67.478 -107.927
61 512.216 717.901 5 3.75772 -73.8729 -156.207
62 512.636 718.174 5 4.13053 -70.7633 -135.614
63 513.055 718.446 5 4.52792 -73.189 154.647
64 513.474 718.718 5 4.94397 -78.0704 -121.594
65 513.894 718.991 5 5.37435 -80.7861 -16.0236
66 508.589 716.142 5 2.49423 -53.7775 -152.041
67 509.009 716.414 5 2.27199 -50.8501 -137.029
68 509.428 716.687 5 2.1454 -48.858 -42.9837
69 509.847 716.959 5 2.13156 -46.9274 -11.3629
70 510.267 717.231 5 2.23256 -66.0878 -37.1706
71 510.686 717.504 5 2.43416 -62.7899 137.255
72 511.105 717.776 5 2.71402 -68.5919 86.2596
73 511.525 718.048 5 3.05069 -66.9573 131.344
74 511.944 718.321 5 3.42746 -82.8489 40.7453
75 512.363 718.593 5 3.83253 -72.2638 -76.6754
76 512.783 718.865 5 4.25782 -74.9033 -143.633
77 513.202 719.138 5 4.69786 -85.147 40.1493
78 513.621 719.41 5 5.14885 -71.591 2.76506
79 510.414 717.923 5 2.01299 -78.0877 -66.5202
80 510.833 718.195 5 2.34369 -58.9019 -47.8155
81 511.672 718.74 5 3.14237 -78.9361 132.307
82 512.091 719.012 5 3.57984 -74.9567 -69.7582
83 512.51 719.285 5 4.03188 -70.8535 -58.9489
84 512.93 719.557 5 4.49409 -81.5015 -145.575
85 513.349 719.829 5 4.96363 -71.1688 21.8478
86 510.141 718.342 5 1.6368 -69.9846 141.186
87 510.561 718.615 5 2.02975 -59.0031 179.858
88 511.399 719.159 5 2.91573 -72.3909 148.609
89 511.819 719.432 5 3.38264 -69.586 139.682
90 512.238 719.704 5 3.85786 -76.7759 19.4783
91 512.657 719.976 5 4.33865 -85.7419 175.287
92 513.077 720.249 5 4.82334 -69.9855 153.051
93 509.869 718.762 5 1.34392 -100.257 -76.2735
94 510.288 719.034 5 1.80192 -60.2273 -30.3446
95 511.127 719.579 5 2.76197 -74.8417 24.2311
96 511.546 719.851 5 3.25104 -81.7348 -48.0612
97 511.966 720.123 5 3.743 -72.7839 34.077
98 512.385 720.396 5 4.23684 -82.6679 -176.417
99 512.804 720.668 5 4.73198 -72.2986 -149.103
100 509.597 719.181 5 1.19713 -72.0889 86.3646
101 510.016 719.453 5 1.69526 -58.3063 -78.2574
102 509.324 719.6 5 1.24904 -61.3858 -124.952
103 509.744 719.873 5 1.73231 -55.9698 166.534
104 509.052 720.02 5 1.47889 -61.854 -53.0683
105 509.471 720.292 5 1.9047 -56.9946 56.6559
