1 514.644 719.84 5 9.38844 -101.836 -97.654
2 514.371 720.259 5 9.22299 -98.0407 -168.365
3 514.097 720.678 5 9.08209 -104.835 33.2494
4 513.824 721.096 5 8.9669 -108.25 -92.8164
5 513.551 721.515 5 8.8784 -118.166 24.51
6 513.278 721.934 5 8.81742 -101.823 -28.3638
7 513.004 722.353 5 8.78452 -117.15 -131.074
8 512.731 722.771 5 8.78001 -120.626 31.2535
9 512.458 723.19 5 8.80394 -122.401 -0.888115
10 512.185 723.609 5 8.85608 -116.316 -170.716
11 515.063 720.113 5 9.85754 -109.409 114.059
12 514.789 720.532 5 9.7001 -121.679 -174.852
13 514.516 720.951 5 9.56623 -119.097 85.5602
14 514.243 721.37 5 9.45693 -113.644 -176.061
15 513.97 721.788 5 9.37307 -110.878 24.8703
16 513.696 722.207 5 9.31532 -116.743 123.215
17 513.423 722.626 5 9.28418 -115.955 -139.766
18 513.15 723.045 5 9.27992 -120.042 -10.3473
19 512.877 723.463 5 9.30257 -119.625 73.0469
20 512.603 723.882 5 9.35193 -134.998 -103.065
21 515.481 720.387 5 10.3295 -111.105 -117.055
22 515.208 720.805 5 10.1794 -118.435 -142.963
23 514.935 721.224 5 10.0519 -107.538 170.988
24 514.662 721.643 5 9.94796 -119.186 135.81
25 514.388 722.062 5 9.86827 -111.921 -55.1336
26 514.115 722.48 5 9.81344 -106.852 -151.846
27 513.842 722.899 5 9.78389 -117.268 -79.822
28 513.568 723.318 5 9.77984 -122.127 -121.971
29 513.295 723.737 5 9.80133 -117.687 -52.3415
30 513.022 724.155 5 9.84819 -113.561 152.439
31 515.9 720.66 5 10.8041 -110.069 -0.919274
32 515.627 721.079 5 10.6606 -118.869 -138.67
33 515.353 721.497 5 10.5389 -115.009 70.8702
34 515.08 721.916 5 10.4398 -122.485 146.786
35 514.807 722.335 5 10.3639 -120.554 -34.4294
36 514.534 722.754 5 10.3117 -111.186 15.6705
37 514.26 723.172 5 10.2836 -115.067 22.0915
38 513.987 723.591 5 10.2798 -122.287 149.309
39 516.319 720.933 5 11.2808 -84.4162 132.061
40 516.045 721.352 5 11.1435 -112.644 -98.8785
41 515.772 721.771 5 11.0271 -119.773 135.767
42 515.499 722.189 5 10.9325 -117.093 -22.2283
43 515.226 722.608 5 10.86 -116.648 69.0776
44 514.952 723.027 5 10.8102 -122.315 45.9564
45 514.679 723.446 5 10.7834 -135.35 -59.2303
46 514.406 723.864 5 10.7797 -250 0
47 516.737 721.206 5 11.7594 -111.578 -54.989
48 516.464 721.625 5 11.6278 -92.1365 127.842
49 516.191 722.044 5 11.5163 -103.71 -47.706
50 515.918 722.463 5 11.4257 -121.617 -112.279
51 515.644 722.881 5 11.3564 -96.2668 159.893
52 515.371 723.3 5 11.3088 -124.186 -62.8745
53 515.098 723.719 5 11.2831 -118.144 -178.043
54 514.825 724.138 5 11.2796 -250 0
55 517.156 721.48 5 12.2398 -110.748 -41.9193
56 516.883 721.898 5 12.1134 -110.091 148.942
57 516.61 722.317 5 12.0064 -119.461 -36.9013
58 516.336 722.736 5 11.9195 -89.9914 -129.627
59 516.063 723.155 5 11.8531 -97.4976 -102.668
60 515.79 723.573 5 11.8075 -96.0886 -49.7759
61 515.517 723.992 5 11.7829 -102.993 44.1174
62 515.243 724.411 5 11.7796 -106.97 95.3083
63 517.575 721.753 5 12.7217 -93.2587 109.237
64 517.302 722.172 5 12.6001 -102.252 -137.65
65 517.028 722.59 5 12.4973 -113.875 15.212
66 516.755 723.009 5 12.4138 -96.3981 -129.866
67 516.482 723.428 5 12.3501 -96.9853 168.607
68 516.209 723.847 5 12.3063 -102.062 42.6277
69 515.935 724.265 5 12.2828 -96.9324 99.5549
70 515.662 724.684 5 12.2795 -107.8 -167.759
71 517.994 722.026 5 13.2049 -119.058 113.69
72 517.72 722.445 5 13.0878 -112.637 7.90066
73 517.447 722.864 5 12.9889 -105.879 -47.8634
74 517.174 723.282 5 12.9086 -115.996 -116.402
75 516.901 723.701 5 12.8473 -89.0339 49.8189
76 516.627 724.12 5 12.8052 -92.592 -46.9494
77 516.354 724.539 5 12.7826 -98.8333 146.923
78 516.081 724.957 5 12.7795 -96.5521 -127.891
