1 509.951 714.045 5 4.12282 -48.9872 -34.3547
2 510.37 714.318 5 4.17576 -56.363 -153.597
3 510.79 714.59 5 4.28675 -60.1066 -168.567
4 511.209 714.862 5 4.45146 -62.0312 -18.3866
5 511.628 715.135 5 4.6642 -60.7756 115.141
6 512.048 715.407 5 4.91874 -62.9409 96.4493
7 512.467 715.679 5 5.20896 -58.3327 -80.9244
8 512.886 715.952 5 5.52925 -63.0175 66.9153
9 513.306 716.224 5 5.87468 -60.9758 134.947
10 513.725 716.496 5 6.24108 -81.0089 -167.749
11 514.144 716.769 5 6.62498 -61.5191 26.413
12 514.564 717.041 5 7.02351 -81.1181 -0.449246
13 514.983 717.313 5 7.43431 -84.5066 17.1367
14 509.679 714.465 5 3.62342 -47.3901 -43.9504
15 510.098 714.737 5 3.68354 -57.3953 -165.878
16 510.517 715.009 5 3.8089 -57.525 126.472
17 510.937 715.282 5 3.99337 -64.727 -103.589
18 511.356 715.554 5 4.22922 -57.3427 -116.091
19 511.775 715.826 5 4.50839 -59.8647 140.92
20 512.195 716.099 5 4.82336 -60.8324 -38.0348
21 512.614 716.371 5 5.1676 -59.4294 6.32753
22 513.033 716.643 5 5.53565 -69.0436 42.8429
23 513.453 716.916 5 5.92306 -64.4049 -86.928
24 513.872 717.188 5 6.32629 -64.0151 118.203
25 514.291 717.46 5 6.74249 -62.9532 81.1076
26 514.711 717.733 5 7.16941 -68.3557 -167.731
27 509.406 714.884 5 3.12421 -50.1276 -47.8111
28 509.826 715.156 5 3.19374 -59.4056 169.152
29 510.245 715.429 5 3.33755 -57.5009 39.5224
30 510.664 715.701 5 3.54662 -55.8792 55.1751
31 511.084 715.973 5 3.81022 -57.5238 12.1143
32 511.503 716.246 5 4.1179 -58.53 140.958
33 511.922 716.518 5 4.46053 -59.336 -124.958
34 512.342 716.79 5 4.8307 -65.8116 -111.585
35 512.761 717.063 5 5.22254 -65.6013 111.919
36 513.18 717.335 5 5.63153 -64.7708 -23.4359
37 513.6 717.607 5 6.05421 -66.2831 -150.447
38 514.019 717.88 5 6.48789 -67.0969 -170.617
39 514.438 718.152 5 6.93051 -72.0167 -79.9825
40 509.134 715.303 5 2.62531 -47.5385 -24.6957
41 509.553 715.576 5 2.70768 -68.5337 -62.4951
42 509.973 715.848 5 2.8759 -59.0529 -53.4114
43 510.392 716.12 5 3.1161 -57.7523 -151.437
44 510.811 716.393 5 3.41311 -53.5363 51.1064
45 511.231 716.665 5 3.75348 -57.1083 118.04
46 511.65 716.937 5 4.12648 -64.5353 65.3047
47 512.069 717.21 5 4.52406 -65.1121 -29.2948
48 512.489 717.482 5 4.94029 -57.8517 129.946
49 512.908 717.754 5 5.37082 -75.0948 145.128
50 513.327 718.027 5 5.81248 -63.4785 55.4029
51 513.747 718.299 5 6.26293 -67.3288 134.416
52 514.166 718.571 5 6.72038 -67.7097 63.3656
53 508.862 715.723 5 2.12691 -47.1494 -34.5307
54 509.281 715.995 5 2.22779 -52.2824 -64.6766
55 509.7 716.267 5 2.42947 -52.178 71.0536
56 510.12 716.54 5 2.70953 -56.378 -86.8022
57 510.539 716.812 5 3.04645 -54.4316 9.89679
58 510.958 717.084 5 3.42347 -71.2776 17.4171
59 511.378 717.357 5 3.82876 -61.8162 131.381
60 511.797 717.629 5 4.25425 -63.3807 -11.3868
61 512.216 717.901 5 4.69446 -69.0582 -22.3819
62 512.636 718.174 5 5.1456 -72.983 -149.929
63 513.055 718.446 5 5.60504 -74.0149 -51.2025
64 513.474 718.718 5 6.07089 -64.2937 -17.6377
65 513.894 718.991 5 6.54179 -60.9708 0.638676
66 508.589 716.142 5 1.6295 -46.5178 -43.5809
67 509.009 716.414 5 1.75914 -47.7918 -119.24
68 509.428 716.687 5 2.00844 -52.3489 159.981
69 509.847 716.959 5 2.33947 -54.5555 -123.099
70 510.267 717.231 5 2.72257 -56.6611 77.9683
71 510.686 717.504 5 3.13873 -60.0487 8.75068
72 511.105 717.776 5 3.57644 -58.6138 -50.9284
73 511.525 718.048 5 4.02867 -68.7711 151.799
74 511.944 718.321 5 4.49104 -69.0967 73.216
75 512.363 718.593 5 4.96072 -66.0172 58.0675
76 512.783 718.865 5 5.43581 -67.9701 -169.35
77 513.202 719.138 5 5.91501 -65.595 -79.5788
78 513.621 719.41 5 6.39739 -67.3928 -171.385
79 510.414 717.923 5 2.91259 -69.2293 -131.401
80 510.833 718.195 5 3.37971 -63.9814 -148.99
81 511.672 718.74 5 4.33601 -73.8589 -148.059
82 512.091 719.012 5 4.82082 -68.872 96.9639
83 512.51 719.285 5 5.30844 -59.9357 157.402
84 512.93 719.557 5 5.79817 -72.5871 -50.731
85 513.349 719.829 5 6.28952 -86.4989 115.26
86 510.141 718.342 5 2.75947 -59.5446 -94.0606
87 510.561 718.615 5 3.24869 -59.8739 141.136
88 511.399 719.159 5 4.23468 -62.2875 -4.1643
89 511.819 719.432 5 4.72988 -59.735 35.722
90 512.238 719.704 5 5.226 -68.851 88.6176
91 512.657 719.976 5 5.72279 -83.3878 38.6857
92 513.077 720.249 5 6.2201 -74.8586 -136.079
93 509.869 718.762 5 2.69188 -70.967 152.978
94 510.288 719.034 5 3.19147 -54.9729 179.639
95 511.127 719.579 5 4.19095 -63.5622 -117.344
96 511.546 719.851 5 4.69077 -66.164 107.125
97 511.966 720.123 5 5.19063 -80.555 96.5732
98 512.385 720.396 5 5.69051 -73.3233 -102.446
99 512.804 720.668 5 6.19041 -77.346 87.5779
100 509.597 719.181 5 2.7162 -66.6731 73.2258
101 510.016 719.453 5 3.21201 -60.7405 126.97
102 509.324 719.6 5 2.83007 -54.3937 43.9818
103 509.744 719.873 5 3.30886 -51.5023 129.815
104 509.052 720.02 5 3.02338 -57.8082 14.5261
105 509.471 720.292 5 3.47564 -54.3986 -82.0002
