1 509.951 714.045 5 3.62335 -47.4115 -41.0139
2 510.37 714.318 5 3.68326 -51.6124 -155.085
3 510.79 714.59 5 3.80843 -56.5795 163.218
4 511.209 714.862 5 3.99273 -56.0944 -128.309
5 511.628 715.135 5 4.22844 -53.8797 -88.7132
6 512.048 715.407 5 4.50749 -56.9994 160.385
7 512.467 715.679 5 4.82237 -58.4195 -59.3538
8 512.886 715.952 5 5.16652 -59.8729 -11.1356
9 513.306 716.224 5 5.5345 -77.1333 110.102
10 513.725 716.496 5 5.92187 -61.1794 -91.4762
11 514.144 716.769 5 6.32505 -74.3763 -118.913
12 514.564 717.041 5 6.74122 -80.1169 21.2385
13 514.983 717.313 5 7.16811 -82.5596 70.9407
14 509.679 714.465 5 3.12412 -47.7692 -28.4399
15 510.098 714.737 5 3.19342 -56.1584 130.057
16 510.517 715.009 5 3.33702 -58.5952 40.0586
17 510.937 715.282 5 3.54591 -59.8669 116.636
18 511.356 715.554 5 3.80936 -59.4461 37.7435
19 511.775 715.826 5 4.11691 -56.3094 170.484
20 512.195 716.099 5 4.45945 -62.1513 -91.4839
21 512.614 716.371 5 4.82954 -69.5722 -80.5627
22 513.033 716.643 5 5.22133 -62.7028 122.392
23 513.453 716.916 5 5.63028 -61.218 -13.129
24 513.872 717.188 5 6.05292 -65.7375 101.166
25 514.291 717.46 5 6.48657 -63.8706 64.857
26 514.711 717.733 5 6.92916 -79.0951 178.035
27 509.406 714.884 5 2.6252 -47.813 -41.0017
28 509.826 715.156 5 2.70729 -66.0695 -163.733
29 510.245 715.429 5 2.87527 -61.3965 -136.708
30 510.664 715.701 5 3.11528 -57.4393 -125.696
31 511.084 715.973 5 3.41214 -57.0154 71.3043
32 511.503 716.246 5 3.7524 -54.7752 116.361
33 511.922 716.518 5 4.12532 -66.9291 69.8735
34 512.342 716.79 5 4.52283 -59.4156 -24.9656
35 512.761 717.063 5 4.93901 -61.0333 165.115
36 513.18 717.335 5 5.3695 -62.1947 -31.9455
37 513.6 717.607 5 5.81114 -67.3122 90.2973
38 514.019 717.88 5 6.26156 -64.6136 179.78
39 514.438 718.152 5 6.71899 -67.1656 -152.173
40 509.134 715.303 5 2.12678 -46.941 -19.1817
41 509.553 715.576 5 2.22732 -53.6993 -63.4864
42 509.973 715.848 5 2.42873 -52.8114 67.94
43 510.392 716.12 5 2.7086 -59.5687 -1.18282
44 510.811 716.393 5 3.04537 -54.9469 16.1951
45 511.231 716.665 5 3.42228 -65.0688 120.083
46 511.65 716.937 5 3.8275 -58.2755 163.913
47 512.069 717.21 5 4.25294 -64.9731 -30.1109
48 512.489 717.482 5 4.69311 -60.2448 148.764
49 512.908 717.754 5 5.14423 -65.7549 -105.746
50 513.327 718.027 5 5.60364 -67.8846 54.5374
51 513.747 718.299 5 6.06948 -68.969 164.947
52 514.166 718.571 5 6.54036 -70.8772 -70.0428
53 508.862 715.723 5 1.62933 -45.2273 -41.1955
54 509.281 715.995 5 1.75855 -48.8665 -123.504
55 509.7 716.267 5 2.00755 -52.1703 149.573
56 510.12 716.54 5 2.33838 -63.1307 -158.062
57 510.539 716.812 5 2.72136 -58.0256 50.8433
58 510.958 717.084 5 3.13744 -58.1661 -63.4819
59 511.378 717.357 5 3.57509 -64.3795 71.7969
60 511.797 717.629 5 4.02729 -58.6868 80.0897
61 512.216 717.901 5 4.48964 -66.2317 128
62 512.636 718.174 5 4.95929 -74.5884 -137.815
63 513.055 718.446 5 5.43437 -71.2182 -72.4402
64 513.474 718.718 5 5.91355 -70.889 -57.2445
65 513.894 718.991 5 6.39593 -77.0423 6.61533
66 508.589 716.142 5 1.13413 -44.2327 -50.8217
67 509.009 716.414 5 1.31302 -52.0443 -8.59711
68 509.428 716.687 5 1.63149 -51.1207 95.6434
69 509.847 716.959 5 2.02473 -60.7236 -49.6943
70 510.267 717.231 5 2.45709 -55.3459 78.0531
71 510.686 717.504 5 2.9112 -82.0649 58.3009
72 511.105 717.776 5 3.37829 -66.266 -147.787
73 511.525 718.048 5 3.85365 -69.3318 174.538
74 511.944 718.321 5 4.33455 -64.0863 -145.923
75 512.363 718.593 5 4.81935 -64.2976 -140.841
76 512.783 718.865 5 5.30697 -66.0381 -139.912
77 513.202 719.138 5 5.79669 -75.5917 -103.303
78 513.621 719.41 5 6.28804 -80.103 169.657
79 510.414 717.923 5 2.758 -64.5082 39.0389
80 510.833 718.195 5 3.24721 -60.1808 -100.126
81 511.672 718.74 5 4.23319 -70.2404 52.4702
82 512.091 719.012 5 4.72839 -63.0675 112.479
83 512.51 719.285 5 5.2245 -65.7633 16.0046
84 512.93 719.557 5 5.72129 -75.4636 -91.4644
85 513.349 719.829 5 6.2186 -70.0433 -124.041
86 510.141 718.342 5 2.69037 -64.6906 -33.49
87 510.561 718.615 5 3.18996 -72.7051 16.3635
88 511.399 719.159 5 4.18944 -62.3811 -132.923
89 511.819 719.432 5 4.68926 -66.8037 -119.21
90 512.238 719.704 5 5.18912 -68.9875 40.3273
91 512.657 719.976 5 5.689 -74.5614 -80.5976
92 513.077 720.249 5 6.1889 -77.4334 -108.541
93 509.869 718.762 5 2.71471 -72.5813 174.275
94 510.288 719.034 5 3.21051 -61.8342 159.532
95 511.127 719.579 5 4.20511 -83.1738 47.6658
96 511.546 719.851 5 4.70326 -71.707 23.4368
97 511.966 720.123 5 5.20177 -72.0462 114.888
98 512.385 720.396 5 5.70054 -75.3571 53.7324
99 512.804 720.668 5 6.19951 -85.3497 43.2376
100 509.597 719.181 5 2.82863 -81.4403 25.069
101 510.016 719.453 5 3.3074 -66.1971 -176.844
102 509.324 719.6 5 3.02203 -80.6787 115.549
103 509.744 719.873 5 3.47425 -56.9829 -135.716
104 509.052 720.02 5 3.28088 -53.0146 78.9827
105 509.471 720.292 5 3.70162 -52.6165 129.237
