1 514.644 719.84 5 6.41631 -105.078 -151.897
2 514.371 720.259 5 6.3315 -106.456 158.394
3 514.097 720.678 5 6.28543 -107.959 11.8083
4 513.824 721.096 5 6.27897 -109.029 -55.7684
5 513.551 721.515 5 6.31222 -121.954 -46.3427
6 513.278 721.934 5 6.38459 -130.285 -166.973
7 513.004 722.353 5 6.49475 -103.75 89.8204
8 512.731 722.771 5 6.64082 -113.763 -92.6271
9 512.458 723.19 5 6.8205 -118.723 147.856
10 512.185 723.609 5 7.03122 -125.011 -133.612
11 515.063 720.113 5 6.90621 -105.866 -20.9503
12 514.789 720.532 5 6.82749 -124.281 83.4296
13 514.516 720.951 5 6.78479 -120.911 179.422
14 514.243 721.37 5 6.7788 -114.132 21.183
15 513.97 721.788 5 6.80962 -124.498 -30.6862
16 513.696 722.207 5 6.87675 -120.969 -0.0384412
17 513.423 722.626 5 6.97914 -120.803 -91.2032
18 513.15 723.045 5 7.11528 -133.261 141.993
19 512.877 723.463 5 7.28327 -101.442 68.8245
20 512.603 723.882 5 7.48096 -122.941 -130.109
21 515.481 720.387 5 7.39746 -96.8734 -76.4042
22 515.208 720.805 5 7.32402 -102.795 -88.6479
23 514.935 721.224 5 7.28423 -110.757 -67.5183
24 514.662 721.643 5 7.27865 -112.397 -68.3656
25 514.388 722.062 5 7.30736 -118.714 -14.0675
26 514.115 722.48 5 7.36996 -132.309 113.99
27 513.842 722.899 5 7.4656 -118.501 -51.5917
28 513.568 723.318 5 7.59302 -114.468 -42.7662
29 513.295 723.737 5 7.75066 -120.575 -69.4585
30 513.022 724.155 5 7.93671 -118.059 25.0624
31 515.9 720.66 5 7.88982 -99.8435 -137.642
32 515.627 721.079 5 7.82099 -116.045 38.1269
33 515.353 721.497 5 7.78375 -117.357 -54.4089
34 515.08 721.916 5 7.77853 -120.332 -73.4539
35 514.807 722.335 5 7.8054 -119.866 26.3233
36 514.534 722.754 5 7.86403 -117.415 -139.318
37 514.26 723.172 5 7.95373 -118.062 104.081
38 513.987 723.591 5 8.07345 -126.994 -110.317
39 516.319 720.933 5 8.38307 -102.751 174.621
40 516.045 721.352 5 8.31833 -99.3397 158.768
41 515.772 721.771 5 8.28332 -125.036 121.882
42 515.499 722.189 5 8.27842 -115.481 -45.0564
43 515.226 722.608 5 8.30367 -115.847 -59.6228
44 514.952 723.027 5 8.35881 -124.638 2.80194
45 514.679 723.446 5 8.44325 -134.355 72.3393
46 514.406 723.864 5 8.55613 -250 0
47 516.737 721.206 5 8.87708 -115.854 -76.5858
48 516.464 721.625 5 8.81597 -96.0903 -138.829
49 516.191 722.044 5 8.78294 -93.3534 -7.49714
50 515.918 722.463 5 8.77832 -114.164 53.6013
51 515.644 722.881 5 8.80214 -111.03 106.861
52 515.371 723.3 5 8.85418 -116.111 -11.996
53 515.098 723.719 5 8.93394 -119.064 -46.0925
54 514.825 724.138 5 9.04068 -147.976 -85.4719
55 517.156 721.48 5 9.37173 -104.781 -144.015
56 516.883 721.898 5 9.31386 -94.551 -175.669
57 516.61 722.317 5 9.28261 -103.746 16.8779
58 516.336 722.736 5 9.27823 -99.1903 -46.9116
59 516.063 723.155 5 9.30077 -114.973 104.169
60 515.79 723.573 5 9.35003 -114.558 -144.592
61 515.517 723.992 5 9.4256 -127.951 108.81
62 515.243 724.411 5 9.52684 -250 0
63 517.575 721.753 5 9.86691 -127.071 -27.3239
64 517.302 722.172 5 9.81197 -101.243 -170.378
65 517.028 722.59 5 9.78231 -101.715 6.47823
66 516.755 723.009 5 9.77815 -96.5382 -11.2596
67 516.482 723.428 5 9.79954 -104.817 -167.494
68 516.209 723.847 5 9.84631 -109.968 -71.1252
69 515.935 724.265 5 9.91809 -109.308 -0.913672
70 515.662 724.684 5 10.0144 -128.434 -162.104
71 517.994 722.026 5 10.3626 -116.483 -63.7988
72 517.72 722.445 5 10.3103 -108.728 161.188
73 517.447 722.864 5 10.282 -101.643 -173.889
74 517.174 723.282 5 10.2781 -100.764 157.45
75 516.901 723.701 5 10.2984 -92.4772 148.743
76 516.627 724.12 5 10.3429 -115.672 48.6406
77 516.354 724.539 5 10.4113 -108.607 91.106
78 516.081 724.957 5 10.5031 -115.105 166.296
