1 514.644 719.84 5 8.46118 -106.756 -1.22671
2 514.371 720.259 5 8.27717 -125.544 -76.2059
3 514.097 720.678 5 8.11982 -114.104 -178.059
4 513.824 721.096 5 7.99072 -104.562 136.222
5 513.551 721.515 5 7.89123 -122.533 47.5744
6 513.278 721.934 5 7.8225 -108.796 -172.118
7 513.004 722.353 5 7.78534 -110.518 -56.9762
8 512.731 722.771 5 7.78021 -112.204 49.2712
9 512.458 723.19 5 7.80715 -112.502 -94.9376
10 512.185 723.609 5 7.86585 -117.106 63.4756
11 515.063 720.113 5 8.923 -122.864 -125.276
12 514.789 720.532 5 8.74871 -106.595 76.8328
13 514.516 720.951 5 8.59999 -113.653 -174.052
14 514.243 721.37 5 8.4782 -116.03 178.282
15 513.97 721.788 5 8.3845 -120.241 73.5
16 513.696 722.207 5 8.31985 -130.581 -121.773
17 513.423 722.626 5 8.28492 -126.028 -110.667
18 513.15 723.045 5 8.28009 -122.019 157.134
19 512.877 723.463 5 8.30542 -117.119 176.582
20 512.603 723.882 5 8.36062 -119.456 -15.8908
21 515.481 720.387 5 9.38873 -101.342 -172.259
22 515.208 720.805 5 9.22324 -114.667 -173.491
23 514.935 721.224 5 9.0823 -116.559 -66.4352
24 514.662 721.643 5 8.96706 -111.243 139.382
25 514.388 722.062 5 8.87853 -110.417 84.1975
26 514.115 722.48 5 8.8175 -128.955 52.8869
27 513.842 722.899 5 8.78455 -108.518 -55.9767
28 513.568 723.318 5 8.77999 -105.918 156.563
29 513.295 723.737 5 8.80388 -116.899 -87.7571
30 513.022 724.155 5 8.85598 -136.144 170.602
31 515.9 720.66 5 9.85782 -109.133 -41.2387
32 515.627 721.079 5 9.70034 -115.297 61.1369
33 515.353 721.497 5 9.56643 -117.387 -70.7373
34 515.08 721.916 5 9.45709 -110.795 79.8872
35 514.807 722.335 5 9.37319 -112.798 14.8813
36 514.534 722.754 5 9.3154 -105.183 -48.2492
37 514.26 723.172 5 9.28421 -116.889 91.1525
38 513.987 723.591 5 9.2799 -122.557 -136.31
39 516.319 720.933 5 10.3298 -96.5606 -6.09057
40 516.045 721.352 5 10.1796 -108.146 168.515
41 515.772 721.771 5 10.0521 -110.975 -147.604
42 515.499 722.189 5 9.94811 -107.061 -3.67043
43 515.226 722.608 5 9.86838 -116.589 -154.581
44 514.952 723.027 5 9.81351 -110.577 -172.872
45 514.679 723.446 5 9.78391 -115.021 121.635
46 514.406 723.864 5 9.77983 -250 0
47 516.737 721.206 5 10.8043 -107.93 -125.293
48 516.464 721.625 5 10.6608 -106.329 -67.965
49 516.191 722.044 5 10.5391 -101.221 65.4374
50 515.918 722.463 5 10.44 -112.167 -158.044
51 515.644 722.881 5 10.364 -101.004 -94.8007
52 515.371 723.3 5 10.3118 -123.933 58.6758
53 515.098 723.719 5 10.2836 -120.838 -41.3113
54 514.825 724.138 5 10.2798 -250 0
55 517.156 721.48 5 11.281 -103.502 -72.93
56 516.883 721.898 5 11.1437 -100.194 106.928
57 516.61 722.317 5 11.0273 -87.3636 52.5611
58 516.336 722.736 5 10.9326 -94.4326 124.147
59 516.063 723.155 5 10.8601 -99.6753 31.2073
60 515.79 723.573 5 10.8103 -100.48 55.2652
61 515.517 723.992 5 10.7834 -104.525 86.1223
62 515.243 724.411 5 10.7797 -170.679 -152.293
63 517.575 721.753 5 11.7597 -106.977 114.062
64 517.302 722.172 5 11.628 -112.496 -52.7626
65 517.028 722.59 5 11.5165 -112.493 -99.1302
66 516.755 723.009 5 11.4258 -96.588 169.149
67 516.482 723.428 5 11.3565 -101.595 -119.17
68 516.209 723.847 5 11.3088 -104.572 174.794
69 515.935 724.265 5 11.2832 -100.351 -153.258
70 515.662 724.684 5 11.2796 -98.9345 -151.29
71 517.994 722.026 5 12.24 -120.794 142.546
72 517.72 722.445 5 12.1136 -115.664 33.0406
73 517.447 722.864 5 12.0066 -104.769 71.1641
74 517.174 723.282 5 11.9197 -105.575 179.042
75 516.901 723.701 5 11.8532 -90.9097 -80.4456
76 516.627 724.12 5 11.8076 -86.4212 9.29301
77 516.354 724.539 5 11.783 -90.9225 47.5529
78 516.081 724.957 5 11.7796 -101.438 111.801
