1 514.644 719.84 5 6.90613 -103.948 165.128
2 514.371 720.259 5 6.82744 -103.807 93.5283
3 514.097 720.678 5 6.78477 -115 -79.2258
4 513.824 721.096 5 6.77881 -118.938 54.4094
5 513.551 721.515 5 6.80966 -129.85 113.395
6 513.278 721.934 5 6.87682 -115.249 124.759
7 513.004 722.353 5 6.97924 -120.496 8.91735
8 512.731 722.771 5 7.1154 -126.259 -153.114
9 512.458 723.19 5 7.28342 -119.098 -117.666
10 512.185 723.609 5 7.48113 -128.64 145.388
11 515.063 720.113 5 7.39739 -105.259 -34.0979
12 514.789 720.532 5 7.32397 -112.513 -0.781289
13 514.516 720.951 5 7.28421 -121.354 39.9436
14 514.243 721.37 5 7.27866 -116.41 94.7693
15 513.97 721.788 5 7.3074 -121.794 -172.036
16 513.696 722.207 5 7.37003 -110.146 -130.081
17 513.423 722.626 5 7.46569 -116.964 -120.691
18 513.15 723.045 5 7.59313 -116.285 -157.433
19 512.877 723.463 5 7.7508 -117.806 -65.3525
20 512.603 723.882 5 7.93688 -121.272 -90.1638
21 515.481 720.387 5 7.88975 -111.255 -168.356
22 515.208 720.805 5 7.82095 -117.127 -59.1743
23 514.935 721.224 5 7.78373 -115.895 -122.805
24 514.662 721.643 5 7.77854 -118.452 -24.5884
25 514.388 722.062 5 7.80544 -114.395 -23.3585
26 514.115 722.48 5 7.8641 -125.159 -15.1225
27 513.842 722.899 5 7.95382 -116.487 95.4518
28 513.568 723.318 5 8.07356 -117.614 162.815
29 513.295 723.737 5 8.22202 -123.666 155.753
30 513.022 724.155 5 8.39766 -123.842 48.7486
31 515.9 720.66 5 8.38301 -102.116 -147.106
32 515.627 721.079 5 8.31829 -108.906 -31.7364
33 515.353 721.497 5 8.28331 -119.691 67.1461
34 515.08 721.916 5 8.27843 -116.613 -39.0637
35 514.807 722.335 5 8.3037 -115.829 -151.516
36 514.534 722.754 5 8.35887 -119.972 152.761
37 514.26 723.172 5 8.44333 -118.328 -110.976
38 513.987 723.591 5 8.55623 -115.356 -64.0324
39 516.319 720.933 5 8.87702 -96.7465 -138.751
40 516.045 721.352 5 8.81593 -94.5855 151.159
41 515.772 721.771 5 8.78293 -114.579 -141.554
42 515.499 722.189 5 8.77833 -121.419 -143.236
43 515.226 722.608 5 8.80217 -119.715 -157.091
44 514.952 723.027 5 8.85423 -113.143 -21.7297
45 514.679 723.446 5 8.93401 -121.659 130.023
46 514.406 723.864 5 9.04078 -250 0
47 516.737 721.206 5 9.37167 -112.843 -119.15
48 516.464 721.625 5 9.31383 -97.0807 -164.731
49 516.191 722.044 5 9.28259 -93.8705 3.87969
50 515.918 722.463 5 9.27824 -118.13 -155.916
51 515.644 722.881 5 9.3008 -110.673 -90.0669
52 515.371 723.3 5 9.35009 -123.601 114.564
53 515.098 723.719 5 9.42567 -123.168 111.119
54 514.825 724.138 5 9.52693 -250 0
55 517.156 721.48 5 9.86686 -107.624 -143.274
56 516.883 721.898 5 9.81193 -99.9755 71.7893
57 516.61 722.317 5 9.78229 -92.9021 42.5595
58 516.336 722.736 5 9.77816 -106.141 -89.0795
59 516.063 723.155 5 9.79957 -107.219 65.5331
60 515.79 723.573 5 9.84636 -102.579 -69.6378
61 515.517 723.992 5 9.91816 -101.449 -92.8266
62 515.243 724.411 5 10.0144 -119.343 10.333
63 517.575 721.753 5 10.3625 -115.395 102.068
64 517.302 722.172 5 10.3102 -104.692 99.2718
65 517.028 722.59 5 10.282 -109.361 -59.7885
66 516.755 723.009 5 10.2781 -103.813 20.7986
67 516.482 723.428 5 10.2985 -105.081 40.489
68 516.209 723.847 5 10.343 -106.44 -122.825
69 515.935 724.265 5 10.4114 -102.482 69.2595
70 515.662 724.684 5 10.5031 -102.239 75.7566
71 517.994 722.026 5 10.8586 -109.96 25.4044
72 517.72 722.445 5 10.8087 -125.057 -152.066
73 517.447 722.864 5 10.7818 -108.287 134.623
74 517.174 723.282 5 10.778 -105.674 -137.532
75 516.901 723.701 5 10.7975 -104.752 117.323
76 516.627 724.12 5 10.8399 -102.547 -144.416
77 516.354 724.539 5 10.9052 -110.71 150.18
78 516.081 724.957 5 10.9928 -98.7767 -152.753
