1 505.473 717.831 5 2.82843 -49.6957 122.387
2 505.747 717.412 5 2.5 -54.6859 20.855
3 506.02 716.994 5 2.23607 -49.4987 -77.1589
4 506.294 716.575 5 2.06155 -38.548 156.981
5 506.567 716.157 5 2 -48.8081 45.5289
6 505.891 718.104 5 2.5 -42.9265 -2.79245
7 506.165 717.686 5 2.12132 -47.1083 5.64541
8 506.439 717.267 5 1.80278 -44.7755 -111.598
9 506.712 716.849 5 1.58114 -36.1737 119.075
10 506.986 716.43 5 1.5 -41.322 -52.5823
11 506.31 718.378 5 2.23607 -51.4125 2.83773
12 506.584 717.96 5 1.80278 -45.4081 -177.605
13 506.857 717.541 5 1.41421 -41.9306 -115.744
14 507.131 717.123 5 1.11803 -37.8923 53.8575
15 507.404 716.704 5 1 -38.3163 -18.2109
16 506.728 718.652 5 2.06155 -55.7018 -113.379
17 507.002 718.233 5 1.58114 -50.3193 96.6328
18 507.276 717.815 5 1.11803 -38.1252 9.3834
19 507.549 717.396 5 0.707107 -36.8169 90.4381
20 507.823 716.978 5 0.5 -31.5674 -14.2143
21 507.147 718.925 5 2 -40.1091 3.17676
22 507.421 718.507 5 1.5 -40.3468 13.007
23 507.694 718.088 5 1 -37.0052 12.5172
24 507.968 717.67 5 0.5 -30.8173 13.1594
25 508.241 717.251 5 0 -40.0388 -10.506
26 507.565 719.199 5 2.06155 -52.3305 -93.5984
27 507.839 718.78 5 1.58114 -49.8135 90.8894
28 508.113 718.362 5 1.11803 -37.1232 15.9533
29 508.386 717.943 5 0.707107 -35.4056 73.0502
30 508.66 717.525 5 0.5 -31.7824 -25.4159
31 507.984 719.472 5 2.23607 -49.8243 35.267
32 508.258 719.054 5 1.80278 -43.3565 -164.559
33 508.531 718.635 5 1.41421 -42.3769 -125.741
34 508.805 718.217 5 1.11803 -38.7159 41.1677
35 509.078 717.798 5 1 -39.6843 -37.912
36 508.402 719.746 5 2.5 -45.3163 12.0165
37 508.676 719.328 5 2.12132 -61.5024 55.3618
38 508.95 718.909 5 1.80278 -43.8344 5.17827
39 509.223 718.491 5 1.58114 -42.5911 -39.8898
40 509.497 718.072 5 1.5 -44.3109 154.571
