1 505.473 717.831 5 1.80278 -41.2868 -170.502
2 505.747 717.412 5 1.58114 -41.813 116.443
3 506.02 716.994 5 1.5 -42.0308 -25.8372
4 506.294 716.575 5 1.58114 -44.3582 135.597
5 506.567 716.157 5 1.80278 -47.4083 -88.9929
6 505.891 718.104 5 1.41421 -40.9218 -125.443
7 506.165 717.686 5 1.11803 -47.0572 -5.83585
8 506.439 717.267 5 1 -43.1851 -29.2583
9 506.712 716.849 5 1.11803 -46.0285 34.7316
10 506.986 716.43 5 1.41421 -44.9564 -85.4236
11 506.31 718.378 5 1.11803 -41.405 5.79414
12 506.584 717.96 5 0.707107 -38.9177 138.623
13 506.857 717.541 5 0.5 -31.9629 -19.1885
14 507.131 717.123 5 0.707107 -40.861 127.45
15 507.404 716.704 5 1.11803 -37.9313 -1.11774
16 506.728 718.652 5 1 -34.7598 13.927
17 507.002 718.233 5 0.5 -31.5305 9.13277
18 507.276 717.815 5 0 -42.2247 -5.01869
19 507.549 717.396 5 0.5 -32.8795 6.45007
20 507.823 716.978 5 1 -37.3155 -6.77475
21 507.147 718.925 5 1.11803 -42.6823 5.44573
22 507.421 718.507 5 0.707107 -39.6851 120.613
23 507.694 718.088 5 0.5 -32.0647 -17.3084
24 507.968 717.67 5 0.707107 -38.2964 121.014
25 508.241 717.251 5 1.11803 -37.9117 12.6453
26 507.565 719.199 5 1.41421 -40.9199 -127.808
27 507.839 718.78 5 1.11803 -51.6663 8.2388
28 508.113 718.362 5 1 -39.4336 -35.8067
29 508.386 717.943 5 1.11803 -42.8953 49.108
30 508.66 717.525 5 1.41421 -44.624 -87.1887
31 507.984 719.472 5 1.80278 -41.7861 -154.323
32 508.258 719.054 5 1.58114 -41.6201 121.268
33 508.531 718.635 5 1.5 -40.0079 -36.965
34 508.805 718.217 5 1.58114 -36.8164 130.485
35 509.078 717.798 5 1.80278 -46.4289 -135.843
36 508.402 719.746 5 2.23607 -46.4731 -11.9299
37 508.676 719.328 5 2.06155 -42.0303 -163.166
38 508.95 718.909 5 2 -46.9697 -167.505
39 509.223 718.491 5 2.06155 -40.9877 59.6422
40 509.497 718.072 5 2.23607 -48.8771 157.389
