1 509.951 714.045 5 5.12922 -53.7451 -37.3959
2 510.37 714.318 5 5.12359 -47.9593 -25.8832
3 510.79 714.59 5 5.16657 -52.9312 -120.696
4 511.209 714.862 5 5.25697 -70.2469 -32.4836
5 511.628 715.135 5 5.39241 -65.5229 163.352
6 512.048 715.407 5 5.56959 -62.8355 36.7541
7 512.467 715.679 5 5.78469 -59.8374 145.717
8 512.886 715.952 5 6.03365 -71.3064 63.5363
9 513.306 716.224 5 6.31247 -66.1664 -77.9673
10 513.725 716.496 5 6.61737 -68.6087 79.0023
11 514.144 716.769 5 6.94491 -76.3388 76.5408
12 514.564 717.041 5 7.29206 -86.7896 -51.6632
13 514.983 717.313 5 7.65614 -81.8003 151.918
14 509.679 714.465 5 4.63022 -48.8206 -27.1131
15 510.098 714.737 5 4.62398 -48.4463 -20.4486
16 510.517 715.009 5 4.67156 -54.0137 -129.455
17 510.937 715.282 5 4.77135 -70.6612 174.187
18 511.356 715.554 5 4.92017 -56.8152 106.332
19 511.775 715.826 5 5.11374 -59.6361 -45.6316
20 512.195 716.099 5 5.34721 -61.8552 -107.864
21 512.614 716.371 5 5.6156 -70.6071 173.41
22 513.033 716.643 5 5.91416 -70.1208 -63.1865
23 513.453 716.916 5 6.23855 -85.6708 6.69749
24 513.872 717.188 5 6.58497 -73.6168 -141.886
25 514.291 717.46 5 6.95012 -79.5265 -177.82
26 514.711 717.733 5 7.3312 -92.1769 -69.4708
27 509.406 714.884 5 4.13145 -49.0768 -35.0214
28 509.826 715.156 5 4.12447 -48.0646 -34.7896
29 510.245 715.429 5 4.17774 -52.3908 -130.072
30 510.664 715.701 5 4.28903 -58.7198 166.511
31 511.084 715.973 5 4.454 -57.6214 40.1061
32 511.503 716.246 5 4.66695 -62.0973 83.7041
33 511.922 716.518 5 4.92165 -62.236 57.9693
34 512.342 716.79 5 5.212 -63.4277 151.193
35 512.761 717.063 5 5.53238 -69.6417 -167.523
36 513.18 717.335 5 5.87789 -74.2272 3.26367
37 513.6 717.607 5 6.24435 -72.0445 36.34
38 514.019 717.88 5 6.62828 -70.3706 57.6911
39 514.438 718.152 5 7.02684 -75.9278 106.837
40 509.134 715.303 5 3.63303 -50.8728 -62.254
41 509.553 715.576 5 3.62508 -48.289 -25.5612
42 509.973 715.848 5 3.68558 -55.7213 -159.495
43 510.392 716.12 5 3.81128 -54.6555 125.066
44 510.811 716.393 5 3.99601 -58.9775 -87.9642
45 511.231 716.665 5 4.23207 -60.1337 -128.256
46 511.65 716.937 5 4.5114 -64.4335 58.8123
47 512.069 717.21 5 4.82649 -68.1948 -18.1544
48 512.489 717.482 5 5.17081 -71.3614 -11.8348
49 512.908 717.754 5 5.53892 -67.5593 79.1351
50 513.327 718.027 5 5.92637 -78.8482 98.7646
51 513.747 718.299 5 6.32963 -79.117 71.2545
52 514.166 718.571 5 6.74585 -69.8586 -65.6841
53 508.862 715.723 5 3.13512 -48.4905 -45.2678
54 509.281 715.995 5 3.1259 -47.5395 -29.2233
55 509.7 716.267 5 3.19586 -65.1586 -154.614
56 510.12 716.54 5 3.34004 -61.1347 46.6365
57 510.539 716.812 5 3.54939 -58.685 79.776
58 510.958 717.084 5 3.81319 -65.5114 -53.572
59 511.378 717.357 5 4.12101 -73.0254 -176.894
60 511.797 717.629 5 4.46375 -73.9685 13.9464
61 512.216 717.901 5 4.83398 -74.3163 163.422
62 512.636 718.174 5 5.22586 -79.4325 -87.7299
63 513.055 718.446 5 5.63488 -74.101 -56.8809
64 513.474 718.718 5 6.05757 -80.9094 -176.441
65 513.894 718.991 5 6.49126 -59.2623 170.849
66 508.589 716.142 5 2.63799 -47.3025 -48.6042
67 509.009 716.414 5 2.62703 -47.1438 -29.0019
68 509.428 716.687 5 2.7099 -68.6513 78.8355
69 509.847 716.959 5 2.87852 -51.9113 -160.583
70 510.267 717.231 5 3.119 -57.2292 -119.695
71 510.686 717.504 5 3.4162 -70.7505 -27.5772
72 511.105 717.776 5 3.75669 -70.4003 178.238
73 511.525 718.048 5 4.12977 -62.7092 43.0998
74 511.944 718.321 5 4.5274 -67.9643 -64.9413
75 512.363 718.593 5 4.94365 -71.8393 32.7475
76 512.783 718.865 5 5.37419 -89.717 121.666
77 513.202 719.138 5 5.81586 -62.4319 54.9774
78 513.621 719.41 5 6.2663 -87.7419 -122.299
79 510.414 717.923 5 3.04967 -75.7019 -130.697
80 510.833 718.195 5 3.42677 -64.1484 -114.128
81 511.672 718.74 5 4.25762 -68.3363 72.2211
82 512.091 719.012 5 4.69783 -67.0077 -171.745
83 512.51 719.285 5 5.14898 -55.2074 -65.0148
84 512.93 719.557 5 5.60841 -71.8677 -22.2866
85 513.349 719.829 5 6.07425 -76.7259 -140.236
86 510.141 718.342 5 2.72589 -61.1914 75.27
87 510.561 718.615 5 3.1421 -65.275 -2.95129
88 511.399 719.159 5 4.03204 -78.5331 160.356
89 511.819 719.432 5 4.4944 -59.0836 122.288
90 512.238 719.704 5 4.96407 -76.6368 115.718
91 512.657 719.976 5 5.43914 -75.2369 101.419
92 513.077 720.249 5 5.91832 -80.0804 -156.13
93 509.869 718.762 5 2.46181 -70.6717 -140.323
94 510.288 719.034 5 2.91596 -60.8903 60.5294
95 511.127 719.579 5 3.85842 -58.6336 -14.871
96 511.546 719.851 5 4.33932 -74.422 -13.5216
97 511.966 720.123 5 4.8241 -76.6852 -144.024
98 512.385 720.396 5 5.31171 -73.8715 -32.0112
99 512.804 720.668 5 5.80143 -77.8816 170.76
100 509.597 719.181 5 2.27827 -65.8218 26.6983
101 510.016 719.453 5 2.76276 -83.1324 -122.259
102 509.324 719.6 5 2.19558 -53.6629 -17.8303
103 509.744 719.873 5 2.69497 -51.0254 -45.0445
104 509.052 720.02 5 2.22499 -48.4378 9.32987
105 509.471 720.292 5 2.71898 -48.2226 -31.2708
