1 505.473 717.831 5 0.5 -33.6417 15.2868
2 505.747 717.412 5 0.707107 -37.3182 113.993
3 506.02 716.994 5 1.11803 -43.7428 -10.2762
4 506.294 716.575 5 1.58114 -58.2265 145.005
5 506.567 716.157 5 2.06155 -43.0673 -157.668
6 505.891 718.104 5 0 -37.2208 36.7356
7 506.165 717.686 5 0.5 -31.121 0.927704
8 506.439 717.267 5 1 -36.921 8.03735
9 506.712 716.849 5 1.5 -35.4232 14.8967
10 506.986 716.43 5 2 -37.2417 22.9492
11 506.31 718.378 5 0.5 -32.0735 4.88054
12 506.584 717.96 5 0.707107 -38.4794 118.765
13 506.857 717.541 5 1.11803 -43.092 -3.77625
14 507.131 717.123 5 1.58114 -51.4919 -10.3634
15 507.404 716.704 5 2.06155 -46.4783 -138.878
16 506.728 718.652 5 1 -34.7032 12.2377
17 507.002 718.233 5 1.11803 -39.6195 11.5719
18 507.276 717.815 5 1.41421 -42.1327 -127.667
19 507.549 717.396 5 1.80278 -43.4984 -154.648
20 507.823 716.978 5 2.23607 -51.9345 69.1269
21 507.147 718.925 5 1.5 -39.0544 -15.0111
22 507.421 718.507 5 1.58114 -44.0236 138.727
23 507.694 718.088 5 1.80278 -42.9863 -156.691
24 507.968 717.67 5 2.12132 -47.4572 10.8314
25 508.241 717.251 5 2.5 -43.4395 1.47823
26 507.565 719.199 5 2 -47.3592 14.9435
27 507.839 718.78 5 2.06155 -43.1462 168.895
28 508.113 718.362 5 2.23607 -45.8035 -45.0203
29 508.386 717.943 5 2.5 -54.3708 -18.0029
30 508.66 717.525 5 2.82843 -51.1003 131.56
31 507.984 719.472 5 2.5 -46.9524 29.0619
32 508.258 719.054 5 2.54951 -48.5764 -97.8317
33 508.531 718.635 5 2.69258 -50.0353 -159.483
34 508.805 718.217 5 2.91548 -49.3645 -13.7418
35 509.078 717.798 5 3.20156 -55.108 -64.8774
36 508.402 719.746 5 3 -52.5385 -54.5062
37 508.676 719.328 5 3.04138 -51.0278 -164.693
38 508.95 718.909 5 3.16228 -53.3189 8.42652
39 509.223 718.491 5 3.3541 -45.1505 -142.916
40 509.497 718.072 5 3.60555 -48.1622 -78.7912
