1 509.951 714.045 5 4.96582 -89.5883 -26.3346
2 510.37 714.318 5 4.80626 -86.9344 -13.3818
3 510.79 714.59 5 4.69478 -72.3989 -172.741
4 511.209 714.862 5 4.63484 -63.6948 96.1562
5 511.628 715.135 5 4.62845 -62.1419 15.3485
6 512.048 715.407 5 4.67582 -75.6331 -33.4776
7 512.467 715.679 5 4.77536 -66.7644 -155.674
8 512.886 715.952 5 4.92391 -71.8468 -82.7724
9 513.306 716.224 5 5.11719 -63.0636 79.0041
10 513.725 716.496 5 5.35037 -69.6305 -104.533
11 514.144 716.769 5 5.61847 -85.4314 -123.402
12 514.564 717.041 5 5.91676 -250 0
13 514.983 717.313 5 6.2409 -250 0
14 509.679 714.465 5 4.50387 -90.6406 -142.983
15 510.098 714.737 5 4.32731 -81.3597 66.7711
16 510.517 715.009 5 4.20314 -69.6408 15.239
17 510.937 715.282 5 4.13609 -67.715 -144.047
18 511.356 715.554 5 4.12892 -62.3954 -101.681
19 511.775 715.826 5 4.18196 -61.4358 -110.445
20 512.195 716.099 5 4.29297 -72.7955 -138.951
21 512.614 716.371 5 4.45762 -67.3123 -109.349
22 513.033 716.643 5 4.67024 -59.0524 14.3727
23 513.453 716.916 5 4.92463 -68.6524 -139.526
24 513.872 717.188 5 5.21467 -72.5204 135.47
25 514.291 717.46 5 5.53476 -81.0101 60.372
26 514.711 717.733 5 5.87999 -87.3307 -154.981
27 509.406 714.884 5 4.05097 -82.3197 73.4999
28 509.826 715.156 5 3.85371 -73.4708 -124.359
29 510.245 715.429 5 3.71375 -70.9094 125.568
30 510.664 715.701 5 3.63768 -68.2956 116.904
31 511.084 715.973 5 3.62953 -78.3082 68.0803
32 511.503 716.246 5 3.68975 -61.8597 -10.4555
33 511.922 716.518 5 3.81511 -71.4211 -155.452
34 512.342 716.79 5 3.99948 -64.6396 14.053
35 512.761 717.063 5 4.23517 -64.7097 -65.4214
36 513.18 717.335 5 4.51414 -68.4739 -79.5803
37 513.6 717.607 5 4.8289 -67.4939 -129.231
38 514.019 717.88 5 5.17291 -84.9787 -54.4719
39 514.438 718.152 5 5.54074 -84.9839 -163.898
40 509.134 715.303 5 3.61051 -82.2103 -144.256
41 509.553 715.576 5 3.38771 -68.1264 -69.4653
42 509.973 715.848 5 3.2276 -77.8217 87.4443
43 510.392 716.12 5 3.13977 -68.9487 135.312
44 510.811 716.393 5 3.13033 -69.1631 -93.5408
45 511.231 716.665 5 3.19996 -58.2891 -105.288
46 511.65 716.937 5 3.34373 -68.3389 -45.1194
47 512.069 717.21 5 3.55265 -62.7186 -60.1035
48 512.489 717.482 5 3.81604 -80.0237 -176.603
49 512.908 717.754 5 4.12346 -69.2452 -42.2906
50 513.327 718.027 5 4.46584 -67.1456 -63.3336
51 513.747 718.299 5 4.83575 -81.1223 -20.3535
52 514.166 718.571 5 5.22736 -82.7941 104.708
53 508.862 715.723 5 3.18768 -76.2699 -173.835
54 509.281 715.995 5 2.93293 -69.3915 140.775
55 509.7 716.267 5 2.74643 -70.6578 -45.327
56 510.12 716.54 5 2.64266 -96.3167 -3.91397
57 510.539 716.812 5 2.63144 -75.8804 134.345
58 510.958 717.084 5 2.7139 -72.5182 18.8839
59 511.378 717.357 5 2.88202 -68.6402 138.052
60 511.797 717.629 5 3.12199 -57.5597 -112.017
61 512.216 717.901 5 3.41872 -81.0801 120.619
62 512.636 718.174 5 3.75878 -78.1618 38.32
63 513.055 718.446 5 4.13149 -68.5768 -10.1017
64 513.474 718.718 5 4.5288 -69.5302 -80.9629
65 513.894 718.991 5 4.94477 -86.0553 150.733
66 508.589 716.142 5 2.79048 -75.2657 5.66578
67 509.009 716.414 5 2.49551 -72.0047 -108.921
68 509.428 716.687 5 2.2734 -78.2631 -109.592
69 509.847 716.959 5 2.1469 -98.746 103.891
70 510.267 717.231 5 2.13306 -81.5615 166.877
71 510.686 717.504 5 2.234 -68.5248 -65.9946
72 511.105 717.776 5 2.43547 -60.5782 -161.168
73 511.525 718.048 5 2.7152 -59.273 173.953
74 511.944 718.321 5 3.05174 -77.1459 -31.0225
75 512.363 718.593 5 3.4284 -81.4919 -115.174
76 512.783 718.865 5 3.83337 -69.2733 40.9258
77 513.202 719.138 5 4.25858 -67.1452 -8.92166
78 513.621 719.41 5 4.69854 -83.9128 119.607
79 510.414 717.923 5 1.76529 -79.1865 -67.7194
80 510.833 718.195 5 2.01421 -55.9572 154.323
81 511.672 718.74 5 2.72738 -77.3377 2.73384
82 512.091 719.012 5 3.14315 -71.549 -79.5258
83 512.51 719.285 5 3.58053 -69.2407 111.62
84 512.93 719.557 5 4.03249 -66.2751 63.2379
85 513.349 719.829 5 4.49464 -73.3085 -28.4645
86 510.141 718.342 5 1.31974 -62.976 -80.9241
87 510.561 718.615 5 1.63784 -55.4254 130.596
88 511.399 719.159 5 2.46254 -87.1087 101.114
89 511.819 719.432 5 2.91631 -69.8875 -43.488
90 512.238 719.704 5 3.38315 -79.5997 175.583
91 512.657 719.976 5 3.8583 -66.3841 119.123
92 513.077 720.249 5 4.33904 -70.1258 51.8178
93 509.869 718.762 5 0.93124 -69.9142 -40.159
94 510.288 719.034 5 1.34462 -57.7858 42.0027
95 511.127 719.579 5 2.27807 -84.6737 154.811
96 511.546 719.851 5 2.76231 -107.594 -141.792
97 511.966 720.123 5 3.25133 -79.4988 -158.621
98 512.385 720.396 5 3.74326 -72.9735 -176.723
99 512.804 720.668 5 4.23707 -118.416 171.105
100 509.597 719.181 5 0.701923 -66.0734 -32.487
101 510.016 719.453 5 1.19728 -53.6686 153.94
102 509.324 719.6 5 0.786247 -52.0318 -15.8096
103 509.744 719.873 5 1.24859 -68.3217 176.355
104 509.052 720.02 5 1.1152 -58.5617 -4.11347
105 509.471 720.292 5 1.47799 -74.3654 -141.265
