1 505.473 717.831 5 10.2836 -103.95 -19.5196
2 505.747 717.412 5 10.2794 -117.574 -144.665
3 506.02 716.994 5 10.2994 -112.361 -39.5855
4 506.294 716.575 5 10.3436 -120.116 -43.8266
5 506.567 716.157 5 10.4116 -123.969 -88.5552
6 505.891 718.104 5 9.7839 -113.281 -98.1379
7 506.165 717.686 5 9.77942 -109.313 100.294
8 506.439 717.267 5 9.80048 -111.334 -128.622
9 506.712 716.849 5 9.84692 -109.158 58.5346
10 506.986 716.43 5 9.91837 -122.187 -179.263
11 506.31 718.378 5 9.28421 -127.879 165.031
12 506.584 717.96 5 9.27949 -117.757 121.24
13 506.857 717.541 5 9.30168 -109.551 -36.5785
14 507.131 717.123 5 9.3506 -114.419 56.2277
15 507.404 716.704 5 9.42582 -120.767 87.7564
16 506.728 718.652 5 8.78456 -129.646 58.956
17 507.002 718.233 5 8.77957 -122.076 -91.0161
18 507.276 717.815 5 8.80303 -118.254 -64.7841
19 507.549 717.396 5 8.85469 -124.327 157.658
20 507.823 716.978 5 8.93409 -119.921 -147.794
21 507.147 718.925 5 8.28496 -117.676 95.543
22 507.421 718.507 5 8.27966 -132.641 -88.2333
23 507.694 718.088 5 8.30453 -117.356 14.3225
24 507.968 717.67 5 8.35928 -120.707 -7.32248
25 508.241 717.251 5 8.44333 -117.113 50.1828
26 507.565 719.199 5 7.7854 -121.014 19.1691
27 507.839 718.78 5 7.77977 -115.559 -156.354
28 508.113 718.362 5 7.80622 -121.875 37.4884
29 508.386 717.943 5 7.86444 -115.176 -16.6017
30 508.66 717.525 5 7.95373 -119.529 -110.742
31 507.984 719.472 5 7.2859 -125.849 -128.693
32 508.258 719.054 5 7.27988 -134.154 70.7364
33 508.531 718.635 5 7.30815 -129.408 55.5381
34 508.805 718.217 5 7.3703 -134.907 179.328
35 509.078 717.798 5 7.4655 -115.444 60.8348
36 508.402 719.746 5 6.78648 -125.436 10.2001
37 508.676 719.328 5 6.78002 -124.184 65.7635
38 508.95 718.909 5 6.81036 -250 0
39 509.223 718.491 5 6.87701 -250 0
40 509.497 718.072 5 6.97894 -250 0
