1 514.644 719.84 5 2.69258 -47.3445 98.9221
2 514.371 720.259 5 2.23607 -52.3684 37.3822
3 514.097 720.678 5 1.80278 -53.1865 -164.074
4 513.824 721.096 5 1.41421 -43.186 10.1295
5 513.551 721.515 5 1.11803 -40.7125 -120.996
6 513.278 721.934 5 1 -41.7798 -14.7048
7 513.004 722.353 5 1.11803 -38.3497 8.37133
8 512.731 722.771 5 1.41421 -37.2879 -125.852
9 512.458 723.19 5 1.80278 -44.0304 64.0443
10 512.185 723.609 5 2.23607 -50.5418 8.66498
11 515.063 720.113 5 2.54951 -49.7964 -114.317
12 514.789 720.532 5 2.06155 -50.4247 -151.895
13 514.516 720.951 5 1.58114 -41.6257 115.65
14 514.243 721.37 5 1.11803 -40.5598 31.3148
15 513.97 721.788 5 0.707107 -36.5733 117.448
16 513.696 722.207 5 0.5 -34.5199 -5.97575
17 513.423 722.626 5 0.707107 -36.0409 99.2457
18 513.15 723.045 5 1.11803 -37.0825 8.12574
19 512.877 723.463 5 1.58114 -47.7498 109.722
20 512.603 723.882 5 2.06155 -46.981 -164.83
21 515.481 720.387 5 2.5 -43.2673 12.6351
22 515.208 720.805 5 2 -42.3737 33.714
23 514.935 721.224 5 1.5 -44.6467 3.25976
24 514.662 721.643 5 1 -41.8877 6.59649
25 514.388 722.062 5 0.5 -33.4301 4.29958
26 514.115 722.48 5 0 -48.3842 72.9689
27 513.842 722.899 5 0.5 -33.593 12.1467
28 513.568 723.318 5 1 -38.4827 17.3807
29 513.295 723.737 5 1.5 -43.289 1.84277
30 513.022 724.155 5 2 -46.7227 18.6082
31 515.9 720.66 5 2.54951 -45.866 -113.424
32 515.627 721.079 5 2.06155 -47.4726 155.994
33 515.353 721.497 5 1.58114 -43.5345 114.639
34 515.08 721.916 5 1.11803 -39.446 3.39801
35 514.807 722.335 5 0.707107 -37.7359 120.572
36 514.534 722.754 5 0.5 -34.9078 -1.66857
37 514.26 723.172 5 0.707107 -35.6999 114.89
38 513.987 723.591 5 1.11803 -40.3227 50.692
39 516.319 720.933 5 2.69258 -51.2039 122.371
40 516.045 721.352 5 2.23607 -43.6052 53.299
41 515.772 721.771 5 1.80278 -50.9288 -155.005
42 515.499 722.189 5 1.41421 -40.3216 -110.334
43 515.226 722.608 5 1.11803 -42.7869 7.99011
44 514.952 723.027 5 1 -41.4814 -16.7221
45 514.679 723.446 5 1.11803 -40.3442 17.6644
46 514.406 723.864 5 1.41421 -40.4339 -8.83683
47 516.737 721.206 5 2.91548 -46.4264 -128.169
48 516.464 721.625 5 2.5 -47.4517 -27.16
49 516.191 722.044 5 2.12132 -39.965 20.8037
50 515.918 722.463 5 1.80278 -47.0649 -161.13
51 515.644 722.881 5 1.58114 -40.2078 117.301
52 515.371 723.3 5 1.5 -44.6669 -3.13659
53 515.098 723.719 5 1.58114 -45.5686 159.578
54 514.825 724.138 5 1.80278 -37.9624 8.91193
55 517.156 721.48 5 3.20156 -54.3182 118.179
56 516.883 721.898 5 2.82843 -51.8982 145.314
57 516.61 722.317 5 2.5 -48.8206 -2.26333
58 516.336 722.736 5 2.23607 -42.9074 11.3133
59 516.063 723.155 5 2.06155 -42.8646 148.106
60 515.79 723.573 5 2 -46.5432 6.00882
61 515.517 723.992 5 2.06155 -39.005 166.758
62 515.243 724.411 5 2.23607 -43.3237 154.87
63 517.575 721.753 5 3.53553 -61.0959 -141.647
64 517.302 722.172 5 3.20156 -51.7476 140.577
65 517.028 722.59 5 2.91548 -50.5657 -100.938
66 516.755 723.009 5 2.69258 -50.019 168.793
67 516.482 723.428 5 2.54951 -45.8876 -171.352
68 516.209 723.847 5 2.5 -44.1987 -11.8895
69 515.935 724.265 5 2.54951 -47.0622 -159.135
70 515.662 724.684 5 2.69258 -59.2129 109.741
71 517.994 722.026 5 3.90512 -56.0994 -89.7248
72 517.72 722.445 5 3.60555 -46.3764 104.692
73 517.447 722.864 5 3.3541 -46.3567 67.8596
74 517.174 723.282 5 3.16228 -42.4569 -105.709
75 516.901 723.701 5 3.04138 -43.9756 179.367
76 516.627 724.12 5 3 -53.7746 165.997
77 516.354 724.539 5 3.04138 -49.9483 -133.523
78 516.081 724.957 5 3.16228 -51.782 -47.6677
