1 509.951 714.045 5 9.39461 -57.1136 97.9835
2 510.37 714.318 5 8.93981 -54.4248 19.7399
3 510.79 714.59 5 8.49009 -56.8808 -110.627
4 511.209 714.862 5 8.04631 -54.317 87.5704
5 511.628 715.135 5 7.60951 -67.0374 -12.4167
6 512.048 715.407 5 7.18095 -68.279 -142.3
7 512.467 715.679 5 6.76221 -70.1309 57.2386
8 512.886 715.952 5 6.35523 -62.2619 -80.8597
9 513.306 716.224 5 5.96242 -60.5175 -93.3113
10 513.725 716.496 5 5.58676 -62.0404 -20.394
11 514.144 716.769 5 5.23196 -57.4483 49.1905
12 514.564 717.041 5 4.90253 -92.7445 -73.1633
13 514.983 717.313 5 4.60394 -109.043 -41.8415
14 509.679 714.465 5 9.20334 -63.881 -9.2832
15 510.098 714.737 5 8.73859 -58.2911 -97.6076
16 510.517 715.009 5 8.27794 -54.5846 122.378
17 510.937 715.282 5 7.82214 -59.3338 29.0768
18 511.356 715.554 5 7.37206 -55.2216 -143.788
19 511.775 715.826 5 6.92883 -54.9627 64.7691
20 512.195 716.099 5 6.49386 -71.9933 -51.0154
21 512.614 716.371 5 6.06891 -65.9018 69.8288
22 513.033 716.643 5 5.65625 -78.0587 -120.979
23 513.453 716.916 5 5.25876 -67.3969 -17.2202
24 513.872 717.188 5 4.88017 -58.7206 176.992
25 514.291 717.46 5 4.52521 -57.7769 -51.2107
26 514.711 717.733 5 4.19988 -52.7443 -110.606
27 509.406 714.884 5 9.03571 -58.9773 89.8451
28 509.826 715.156 5 8.56187 -61.2282 17.9378
29 510.245 715.429 5 8.09117 -58.3398 -22.2341
30 510.664 715.701 5 7.6242 -62.5598 -122.981
31 511.084 715.973 5 7.1617 -55.2598 122.894
32 511.503 716.246 5 6.70458 -58.5651 -45.1451
33 511.922 716.518 5 6.25403 -49.7094 -150.466
34 512.342 716.79 5 5.81157 -53.2111 26.8217
35 512.761 717.063 5 5.3792 -71.9347 -42.6434
36 513.18 717.335 5 4.95956 -68.6697 50.1749
37 513.6 717.607 5 4.55617 -68.1518 13.7646
38 514.019 717.88 5 4.17375 -67.9562 93.3268
39 514.438 718.152 5 3.81859 -64.6559 78.0615
40 509.134 715.303 5 8.89308 -64.3542 -155.006
41 509.553 715.576 5 8.4112 -63.5469 129.978
42 509.973 715.848 5 7.93156 -65.7397 117.779
43 510.392 716.12 5 7.45461 -58.446 -20.8793
44 510.811 716.393 5 6.98088 -60.0203 -70.1852
45 511.231 716.665 5 6.51107 -60.1271 -125.084
46 511.65 716.937 5 6.04612 -55.0322 90.6737
47 512.069 717.21 5 5.58722 -52.4028 -45.2214
48 512.489 717.482 5 5.136 -50.8563 172.352
49 512.908 717.754 5 4.69467 -51.5976 16.5079
50 513.327 718.027 5 4.26631 -62.8371 -4.37876
51 513.747 718.299 5 3.85524 -71.3219 28.476
52 514.166 718.571 5 3.46761 -66.9694 -38.1817
53 508.862 715.723 5 8.77664 -60.7969 179.94
54 509.281 715.995 5 8.288 -59.8913 123.819
55 509.7 716.267 5 7.80079 -57.9367 90.0189
56 510.12 716.54 5 7.31532 -59.4474 67.3625
57 510.539 716.812 5 6.83193 -60.0857 32.0593
58 510.958 717.084 5 6.35112 -62.9497 -40.3093
59 511.378 717.357 5 5.87352 -54.7195 -152.585
60 511.797 717.629 5 5.39997 -55.9464 151.417
61 512.216 717.901 5 4.93165 -54.3722 62.2548
62 512.636 718.174 5 4.47019 -51.4728 -67.5875
63 513.055 718.446 5 4.01797 -49.3071 153.51
64 513.474 718.718 5 3.57848 -59.0127 -114.858
65 513.894 718.991 5 3.15705 -59.9414 -70.6037
66 508.589 716.142 5 8.68747 -76.0105 158.061
67 509.009 716.414 5 8.19351 -65.308 -179.974
68 509.428 716.687 5 7.70033 -62.9879 168.976
69 509.847 716.959 5 7.20809 -64.906 -24.6133
70 510.267 717.231 5 6.71699 -58.8142 -44.2367
71 510.686 717.504 5 6.22731 -56.5396 -73.0114
72 511.105 717.776 5 5.73942 -56.6068 -130.115
73 511.525 718.048 5 5.25379 -61.7206 -95.7741
74 511.944 718.321 5 4.77114 -53.9818 -117.674
75 512.363 718.593 5 4.29247 -59.5106 88.0386
76 512.783 718.865 5 3.81926 -52.0807 -8.12045
77 513.202 719.138 5 3.35383 -49.8959 -89.111
78 513.621 719.41 5 2.89994 -50.3353 118.757
79 510.414 717.923 5 6.14183 -65.9451 117.437
80 510.833 718.195 5 5.64655 -74.7541 101.764
81 511.672 718.74 5 4.65902 -62.0921 -135.343
82 512.091 719.012 5 4.16749 -64.0758 141.547
83 512.51 719.285 5 3.67823 -59.0516 162.008
84 512.93 719.557 5 3.19231 -53.5894 79.4949
85 513.349 719.829 5 2.71152 -48.6522 -92.7058
86 510.141 718.342 5 6.09629 -80.4006 35.2073
87 510.561 718.615 5 5.59698 -70.2984 177.702
88 511.399 719.159 5 4.59882 -71.3018 -25.5208
89 511.819 719.432 5 4.10007 -59.5137 150.602
90 512.238 719.704 5 3.60168 -53.6619 -73.9977
91 512.657 719.976 5 3.10379 -58.4289 -11.2382
92 513.077 720.249 5 2.60672 -68.0257 -170.226
93 509.869 718.762 5 6.09159 -77.7038 -69.3101
94 510.288 719.034 5 5.59186 -89.8064 -143.85
95 511.127 719.579 5 4.59258 -60.854 -8.14479
96 511.546 719.851 5 4.09308 -58.9039 -54.9567
97 511.966 720.123 5 3.59371 -60.2497 143.434
98 512.385 720.396 5 3.09454 -64.8871 -66.717
99 512.804 720.668 5 2.5957 -59.595 -106.722
100 509.597 719.181 5 6.12782 -84.3507 71.8529
101 510.016 719.453 5 5.6313 -84.5907 -134.924
102 509.324 719.6 5 6.20426 -81.7104 98.713
103 509.744 719.873 5 5.71439 -82.8569 -87.0488
104 509.052 720.02 5 6.31945 -99.766 -60.2431
105 509.471 720.292 5 5.83926 -87.1226 91.1221
