1 509.951 714.045 5 8.27808 -54.1925 63.1832
2 510.37 714.318 5 7.82221 -66.4111 128.45
3 510.79 714.59 5 7.37206 -55.2489 -163.472
4 511.209 714.862 5 6.92875 -56.0179 60.0574
5 511.628 715.135 5 6.49369 -53.9975 -152.255
6 512.048 715.407 5 6.06864 -74.1962 22.0722
7 512.467 715.679 5 5.65586 -71.385 -50.4087
8 512.886 715.952 5 5.25824 -64.5719 -159.709
9 513.306 716.224 5 4.87949 -64.2932 -156.044
10 513.725 716.496 5 4.52436 -70.1719 3.33523
11 514.144 716.769 5 4.19883 -65.9603 -73.5271
12 514.564 717.041 5 3.91031 -103 8.00748
13 514.983 717.313 5 3.66754 -103.35 -163.813
14 509.679 714.465 5 8.09144 -60.4082 -118.476
15 510.098 714.737 5 7.62442 -62.1962 -110.522
16 510.517 715.009 5 7.16185 -54.4564 72.1285
17 510.937 715.282 5 6.70466 -55.8527 -9.06165
18 511.356 715.554 5 6.25403 -58.614 -166.78
19 511.775 715.826 5 5.81147 -54.288 27.1353
20 512.195 716.099 5 5.37899 -51.9625 -152.75
21 512.614 716.371 5 4.95923 -68.0038 -53.2375
22 513.033 716.643 5 4.55569 -69.7797 -134.494
23 513.453 716.916 5 4.17309 -75.1879 176.099
24 513.872 717.188 5 3.81772 -71.6338 -105.168
25 514.291 717.46 5 3.49791 -73.0277 -171.226
26 514.711 717.733 5 3.22424 -62.9722 58.1087
27 509.406 714.884 5 7.93198 -60.8402 33.6931
28 509.826 715.156 5 7.45497 -57.5335 -41.314
29 510.245 715.429 5 6.98119 -60.6149 -105.255
30 510.664 715.701 5 6.51133 -63.546 -136.578
31 511.084 715.973 5 6.0463 -56.2733 21.0633
32 511.503 716.246 5 5.58731 -56.5842 -65.502
33 511.922 716.518 5 5.13599 -52.1043 177.317
34 512.342 716.79 5 4.69455 -52.6826 9.35242
35 512.761 717.063 5 4.26605 -74.7463 161.067
36 513.18 717.335 5 3.8548 -64.1521 87.3025
37 513.6 717.607 5 3.46697 -69.7353 120.593
38 514.019 717.88 5 3.11131 -62.4964 130.001
39 514.438 718.152 5 2.80011 -74.3952 33.5046
40 509.134 715.303 5 7.80136 -60.1577 65.3028
41 509.553 715.576 5 7.31584 -61.9182 55.5344
42 509.973 715.848 5 6.83241 -61.496 -4.28506
43 510.392 716.12 5 6.35155 -56.2662 -23.2844
44 510.811 716.393 5 5.87389 -57.5691 172.907
45 511.231 716.665 5 5.40027 -54.8667 128.938
46 511.65 716.937 5 4.93187 -54.6163 50.0032
47 512.069 717.21 5 4.47031 -56.4145 -78.3902
48 512.489 717.482 5 4.01796 -51.0714 146.941
49 512.908 717.754 5 3.57832 -49.5982 -10.4884
50 513.327 718.027 5 3.1567 -69.3218 140.944
51 513.747 718.299 5 2.76136 -57.4616 88.0988
52 514.166 718.571 5 2.4053 -63.6706 -43.1922
53 508.862 715.723 5 7.70104 -60.0593 22.4104
54 509.281 715.995 5 7.20877 -60.85 -23.5941
55 509.7 716.267 5 6.71764 -63.1167 -67.3087
56 510.12 716.54 5 6.22793 -61.4895 -87.4351
57 510.539 716.812 5 5.73999 -58.5591 -137.455
58 510.958 717.084 5 5.25431 -60.4792 -142.49
59 511.378 717.357 5 4.7716 -55.3954 142.661
60 511.797 717.629 5 4.29285 -56.3096 93.5978
61 512.216 717.901 5 3.81954 -57.1015 3.07559
62 512.636 718.174 5 3.35399 -52.6872 -116.73
63 513.055 718.446 5 2.89993 -50.6811 122.003
64 513.474 718.718 5 2.46373 -49.6033 -54.3852
65 513.894 718.991 5 2.05678 -60.3529 -174.112
66 508.589 716.142 5 7.63223 -69.2103 -101.271
67 509.009 716.414 5 7.13521 -72.5407 -127.659
68 509.428 716.687 5 6.63864 -77.1626 107.255
69 509.847 716.959 5 6.14263 -63.3339 125.32
70 510.267 717.231 5 5.64733 -57.1215 179.272
71 510.686 717.504 5 5.15293 -56.4533 129.265
72 511.105 717.776 5 4.65972 -50.0558 136.5
73 511.525 718.048 5 4.16814 -57.8704 119.258
74 511.944 718.321 5 3.67882 -57.4865 57.5677
75 512.363 718.593 5 3.19282 -53.1607 47.4275
76 512.783 718.865 5 2.71191 -52.3179 -23.44
77 513.202 719.138 5 2.23938 -56.0596 -112.643
78 513.621 719.41 5 1.78191 -50.9883 148.509
79 510.414 717.923 5 5.09878 -72.788 -172.986
80 510.833 718.195 5 4.59977 -76.8607 -93.5601
81 511.672 718.74 5 3.60258 -59.7712 -133.51
82 512.091 719.012 5 3.10467 -54.5431 -3.65395
83 512.51 719.285 5 2.60755 -51.1917 -43.9404
84 512.93 719.557 5 2.1118 -57.8692 -93.0164
85 513.349 719.829 5 1.61866 -44.0716 -139.898
86 510.141 718.342 5 5.09337 -91.6362 -166.323
87 510.561 718.615 5 4.59377 -93.4001 -143.988
88 511.399 719.159 5 3.59492 -51.5354 -28.2818
89 511.819 719.432 5 3.09578 -49.9032 -4.35826
90 512.238 719.704 5 2.59696 -47.3064 -0.885459
91 512.657 719.976 5 2.09871 -47.558 -35.3028
92 513.077 720.249 5 1.60154 -46.5082 -64.9054
93 509.869 718.762 5 5.13685 -78.4131 176.717
94 510.288 719.034 5 4.64194 -81.5967 -86.1432
95 511.127 719.579 5 3.65628 -70.2311 -33.5075
96 511.546 719.851 5 3.16681 -56.3662 -87.8641
97 511.966 720.123 5 2.68124 -59.2715 91.4581
98 512.385 720.396 5 2.20214 -53.1274 -69.0775
99 512.804 720.668 5 1.73487 -46.5054 -172.847
100 509.597 719.181 5 5.22801 -82.4373 -28.636
101 510.016 719.453 5 4.74263 -78.8635 -17.275
102 509.324 719.6 5 5.36442 -87.0625 85.4266
103 509.744 719.873 5 4.89258 -93.5409 -106.278
104 509.052 720.02 5 5.54273 -97.8975 70.6623
105 509.471 720.292 5 5.08746 -84.9656 -67.7951
