1 505.473 717.831 5 9.80133 -117.066 -151.974
2 505.747 717.412 5 9.84778 -144.656 56.5325
3 506.02 716.994 5 9.91925 -132.105 105.791
4 506.294 716.575 5 10.0152 -121.585 20.6848
5 506.567 716.157 5 10.1349 -125.301 -78.2383
6 505.891 718.104 5 9.30254 -125.974 133.985
7 506.165 717.686 5 9.35147 -123.741 55.3478
8 506.439 717.267 5 9.4267 -132.312 -143.17
9 506.712 716.849 5 9.52762 -123.662 -165.772
10 506.986 716.43 5 9.65341 -118.286 -95.3867
11 506.31 718.378 5 8.80388 -136.653 40.3538
12 506.584 717.96 5 8.85557 -122.212 -36.1061
13 506.857 717.541 5 8.93498 -122.678 179.492
14 507.131 717.123 5 9.04138 -126.954 -26.781
15 507.404 716.704 5 9.17384 -119.714 73.2678
16 506.728 718.652 5 8.30538 -124.803 101.142
17 507.002 718.233 5 8.36015 -135.287 14.713
18 507.276 717.815 5 8.44422 -119.379 -133.254
19 507.549 717.396 5 8.55673 -122.885 63.9812
20 507.823 716.978 5 8.69658 -129.521 147.525
21 507.147 718.925 5 7.80708 -124.081 -35.7357
22 507.421 718.507 5 7.86532 -126.586 153.119
23 507.694 718.088 5 7.95462 -121.583 -155.464
24 507.968 717.67 5 8.07396 -122.434 2.3354
25 508.241 717.251 5 8.22202 -123.337 -140.105
26 507.565 719.199 5 7.30901 -142.725 -73.2423
27 507.839 718.78 5 7.37118 -125.23 29.9022
28 508.113 718.362 5 7.4664 -133.215 173.41
29 508.386 717.943 5 7.59341 -119.901 141.734
30 508.66 717.525 5 7.75066 -121.563 85.4865
31 507.984 719.472 5 6.81122 -124.481 -133.672
32 508.258 719.054 5 6.8779 -138.426 -13.2432
33 508.531 718.635 5 6.97984 -124.88 3.0448
34 508.805 718.217 5 7.11555 -133.995 22.2869
35 509.078 717.798 5 7.28311 -123.223 -38.6996
36 508.402 719.746 5 6.31378 -128.36 -155.132
37 508.676 719.328 5 6.38565 -120.756 -14.4907
38 508.95 718.909 5 6.49533 -137.384 99.9748
39 509.223 718.491 5 6.64094 -141.783 -10.8802
40 509.497 718.072 5 6.82018 -250 0
