1 514.644 719.84 5 3.04138 -47.0893 147.499
2 514.371 720.259 5 3 -49.6459 86.3008
3 514.097 720.678 5 3.04138 -54.5995 -112.188
4 513.824 721.096 5 3.16228 -54.6036 -165.826
5 513.551 721.515 5 3.3541 -48.483 -71.5564
6 513.278 721.934 5 3.60555 -49.8721 39.2109
7 513.004 722.353 5 3.90512 -54.8546 -10.4637
8 512.731 722.771 5 4.24264 -54.2314 -16.3094
9 512.458 723.19 5 4.60977 -58.9726 49.7024
10 512.185 723.609 5 5 -59.5785 80.8771
11 515.063 720.113 5 2.54951 -52.4607 114.738
12 514.789 720.532 5 2.5 -48.4884 14.0024
13 514.516 720.951 5 2.54951 -51.9097 178.809
14 514.243 721.37 5 2.69258 -40.1085 -173.022
15 513.97 721.788 5 2.91548 -53.8649 -95.8633
16 513.696 722.207 5 3.20156 -44.2947 159.988
17 513.423 722.626 5 3.53553 -52.5504 -110.194
18 513.15 723.045 5 3.90512 -72.5082 11.0281
19 512.877 723.463 5 4.30116 -51.2931 -173.695
20 512.603 723.882 5 4.71699 -51.1941 95.9155
21 515.481 720.387 5 2.06155 -44.4315 108.136
22 515.208 720.805 5 2 -54.0644 23.9889
23 514.935 721.224 5 2.06155 -44.4006 123.816
24 514.662 721.643 5 2.23607 -55.4533 89.6394
25 514.388 722.062 5 2.5 -43.4862 -8.03009
26 514.115 722.48 5 2.82843 -51.5841 155.618
27 513.842 722.899 5 3.20156 -49.1433 -176.675
28 513.568 723.318 5 3.60555 -45.9643 -10.0858
29 513.295 723.737 5 4.03113 -53.7545 -42.6649
30 513.022 724.155 5 4.47214 -54.3521 124.422
31 515.9 720.66 5 1.58114 -41.751 72.0001
32 515.627 721.079 5 1.5 -52.0561 76.3204
33 515.353 721.497 5 1.58114 -41.025 104.107
34 515.08 721.916 5 1.80278 -46.554 178.792
35 514.807 722.335 5 2.12132 -49.64 15.7663
36 514.534 722.754 5 2.5 -43.9511 -4.4221
37 514.26 723.172 5 2.91548 -47.7583 -119.274
38 513.987 723.591 5 3.3541 -47.885 38.9629
39 516.319 720.933 5 1.11803 -43.4285 26.2485
40 516.045 721.352 5 1 -40.0499 40.7501
41 515.772 721.771 5 1.11803 -42.3954 48.9723
42 515.499 722.189 5 1.41421 -41.4911 -129.181
43 515.226 722.608 5 1.80278 -60.2122 -105.899
44 514.952 723.027 5 2.23607 -44.6473 29.4454
45 514.679 723.446 5 2.69258 -47.0523 172.568
46 514.406 723.864 5 3.16228 -55.0484 60.163
47 516.737 721.206 5 0.707107 -34.4576 118.896
48 516.464 721.625 5 0.5 -37.4862 -14.5345
49 516.191 722.044 5 0.707107 -37.6633 129.545
50 515.918 722.463 5 1.11803 -46.2167 -20.2741
51 515.644 722.881 5 1.58114 -47.2857 168.185
52 515.371 723.3 5 2.06155 -44.0927 -156.787
53 515.098 723.719 5 2.54951 -41.4181 -143.776
54 514.825 724.138 5 3.04138 -49.8892 115.176
55 517.156 721.48 5 0.5 -31.0936 1.18635
56 516.883 721.898 5 0 -45.8576 -19.2055
57 516.61 722.317 5 0.5 -31.7306 0.314518
58 516.336 722.736 5 1 -36.242 -23.6584
59 516.063 723.155 5 1.5 -39.8919 -11.7381
60 515.79 723.573 5 2 -39.9608 -7.09083
61 515.517 723.992 5 2.5 -41.4985 -30.4874
62 515.243 724.411 5 3 -53.0768 137.119
63 517.575 721.753 5 0.707107 -36.3085 108.051
64 517.302 722.172 5 0.5 -35.8957 1.26517
65 517.028 722.59 5 0.707107 -35.4709 108.516
66 516.755 723.009 5 1.11803 -39.9112 4.21075
67 516.482 723.428 5 1.58114 -46.8614 141.153
68 516.209 723.847 5 2.06155 -62.7278 164.226
69 515.935 724.265 5 2.54951 -49.9848 -77.9981
70 515.662 724.684 5 3.04138 -48.3202 -74.5975
71 517.994 722.026 5 1.11803 -37.208 -21.3266
72 517.72 722.445 5 1 -43.7679 7.62637
73 517.447 722.864 5 1.11803 -44.7254 16.2982
74 517.174 723.282 5 1.41421 -38.2683 -118.204
75 516.901 723.701 5 1.80278 -42.5125 -161.399
76 516.627 724.12 5 2.23607 -50.8139 24.9399
77 516.354 724.539 5 2.69258 -44.6754 151.98
78 516.081 724.957 5 3.16228 -51.0462 -168.83
