1 514.644 719.84 5 1 -46.3485 19.9868
2 514.371 720.259 5 1.11803 -40.0411 18.1396
3 514.097 720.678 5 1.41421 -39.1451 -118.411
4 513.824 721.096 5 1.80278 -43.1607 -93.7896
5 513.551 721.515 5 2.23607 -41.7072 -54.1125
6 513.278 721.934 5 2.69258 -47.1901 -154.779
7 513.004 722.353 5 3.16228 -47.3843 70.5276
8 512.731 722.771 5 3.64005 -45.4946 -60.3935
9 512.458 723.19 5 4.12311 -60.4764 -158.926
10 512.185 723.609 5 4.60977 -51.0281 -120.559
11 515.063 720.113 5 0.5 -34.4874 13.6766
12 514.789 720.532 5 0.707107 -37.8961 116.491
13 514.516 720.951 5 1.11803 -38.0204 -21.7518
14 514.243 721.37 5 1.58114 -43.5314 111.88
15 513.97 721.788 5 2.06155 -47.8654 136.379
16 513.696 722.207 5 2.54951 -46.9897 -113.953
17 513.423 722.626 5 3.04138 -43.035 -87.0155
18 513.15 723.045 5 3.53553 -46.8187 -102.791
19 512.877 723.463 5 4.03113 -56.2602 -52.5045
20 512.603 723.882 5 4.52769 -49.7284 -109.529
21 515.481 720.387 5 0 -41.6525 87.6797
22 515.208 720.805 5 0.5 -33.2796 4.50713
23 514.935 721.224 5 1 -38.9811 20.9234
24 514.662 721.643 5 1.5 -43.7278 23.452
25 514.388 722.062 5 2 -42.0129 -1.59494
26 514.115 722.48 5 2.5 -43.5569 15.9827
27 513.842 722.899 5 3 -46.0653 46.2342
28 513.568 723.318 5 3.5 -46.7624 62.0829
29 513.295 723.737 5 4 -44.4237 20.4607
30 513.022 724.155 5 4.5 -54.1459 -18.3866
31 515.9 720.66 5 0.5 -34.3368 3.82334
32 515.627 721.079 5 0.707107 -35.1074 110.938
33 515.353 721.497 5 1.11803 -42.9102 23.4897
34 515.08 721.916 5 1.58114 -41.8719 50.5421
35 514.807 722.335 5 2.06155 -45.5028 153.214
36 514.534 722.754 5 2.54951 -51.3608 -110.582
37 514.26 723.172 5 3.04138 -51.6301 -125.122
38 513.987 723.591 5 3.53553 -45.0941 -122.433
39 516.319 720.933 5 1 -37.5841 -15.5924
40 516.045 721.352 5 1.11803 -43.4581 28.7541
41 515.772 721.771 5 1.41421 -43.3895 -130.781
42 515.499 722.189 5 1.80278 -43.9752 167.166
43 515.226 722.608 5 2.23607 -50.4874 58.2379
44 514.952 723.027 5 2.69258 -43.7173 148.011
45 514.679 723.446 5 3.16228 -47.8581 -133.544
46 514.406 723.864 5 3.64006 -56.1734 65.041
47 516.737 721.206 5 1.5 -39.2366 1.08211
48 516.464 721.625 5 1.58114 -40.119 86.0715
49 516.191 722.044 5 1.80278 -43.2218 -137.618
50 515.918 722.463 5 2.12132 -48.1225 41.0692
51 515.644 722.881 5 2.5 -40.9134 16.3589
52 515.371 723.3 5 2.91548 -50.2255 -154.085
53 515.098 723.719 5 3.3541 -51.9255 79.3811
54 514.825 724.138 5 3.80789 -58.0234 -55.4804
55 517.156 721.48 5 2 -48.871 78.165
56 516.883 721.898 5 2.06155 -44.9594 81.9242
57 516.61 722.317 5 2.23607 -50.5805 -96.9977
58 516.336 722.736 5 2.5 -44.5123 -11.3984
59 516.063 723.155 5 2.82843 -41.8794 153.593
60 515.79 723.573 5 3.20156 -49.3786 -146.704
61 515.517 723.992 5 3.60555 -56.9007 61.9125
62 515.243 724.411 5 4.03113 -47.5447 61.0639
63 517.575 721.753 5 2.5 -43.1853 -40.1166
64 517.302 722.172 5 2.54951 -45.0534 4.78627
65 517.028 722.59 5 2.69258 -47.6374 170.3
66 516.755 723.009 5 2.91548 -60.1849 -76.1282
67 516.482 723.428 5 3.20156 -46.5698 -173.186
68 516.209 723.847 5 3.53553 -55.7505 -113.375
69 515.935 724.265 5 3.90512 -48.4589 -179.165
70 515.662 724.684 5 4.30116 -60.4695 -78.1824
71 517.994 722.026 5 3 -42.9596 -54.9328
72 517.72 722.445 5 3.04138 -41.5606 157.156
73 517.447 722.864 5 3.16228 -55.8537 -41.1491
74 517.174 723.282 5 3.3541 -51.1682 19.3539
75 516.901 723.701 5 3.60555 -53.7263 -16.5713
76 516.627 724.12 5 3.90512 -48.9205 -124.186
77 516.354 724.539 5 4.24264 -54.487 -69.9418
78 516.081 724.957 5 4.60977 -48.4319 5.15721
