1 509.951 714.045 5 11.4419 -62.3107 146.169
2 510.37 714.318 5 10.9579 -63.0789 -155.081
3 510.79 714.59 5 10.4754 -63.4645 76.2954
4 511.209 714.862 5 9.9947 -60.8165 -78.515
5 511.628 715.135 5 9.51595 -67.8584 -137.491
6 512.048 715.407 5 9.0395 -71.8522 -165.755
7 512.467 715.679 5 8.56573 -78.0152 138.189
8 512.886 715.952 5 8.09513 -61.7479 145.933
9 513.306 716.224 5 7.62826 -62.3684 34.5482
10 513.725 716.496 5 7.16586 -60.4402 -62.5927
11 514.144 716.769 5 6.70887 -65.0867 163.568
12 514.564 717.041 5 6.25845 -110.19 -177.888
13 514.983 717.313 5 5.81614 -114.625 -150.401
14 509.679 714.465 5 11.3293 -64.2198 100.887
15 510.098 714.737 5 10.8403 -60.048 -45.112
16 510.517 715.009 5 10.3524 -58.7522 95.4793
17 510.937 715.282 5 9.86566 -60.0143 59.2105
18 511.356 715.554 5 9.38032 -64.5006 -24.1383
19 511.775 715.826 5 8.89661 -81.0153 68.0021
20 512.195 716.099 5 8.41481 -67.1444 151.549
21 512.614 716.371 5 7.93525 -72.0334 -143.123
22 513.033 716.643 5 7.45839 -57.8383 2.55929
23 513.453 716.916 5 6.98476 -63.7456 4.27066
24 513.872 717.188 5 6.51507 -58.3197 43.7115
25 514.291 717.46 5 6.05024 -61.1332 -91.8312
26 514.711 717.733 5 5.59148 -55.9825 158.282
27 509.406 714.884 5 11.2379 -64.7541 -156.792
28 509.826 715.156 5 10.7448 -66.9812 131.413
29 510.245 715.429 5 10.2523 -71.8181 155.951
30 510.664 715.701 5 9.76055 -61.5967 122.593
31 511.084 715.973 5 9.26972 -63.2809 75.1828
32 511.503 716.246 5 8.77991 -62.3845 168.115
33 511.922 716.518 5 8.29133 -71.7609 -66.1903
34 512.342 716.79 5 7.80419 -69.0658 27.439
35 512.761 717.063 5 7.31879 -69.9147 -5.29453
36 513.18 717.335 5 6.83549 -69.5483 -60.1314
37 513.6 717.607 5 6.35478 -65.6517 69.946
38 514.019 717.88 5 5.87729 -82.6681 -49.0611
39 514.438 718.152 5 5.40387 -63.4371 -159.102
40 509.134 715.303 5 11.1682 -66.0458 -115.449
41 509.553 715.576 5 10.6718 -62.5549 -162.598
42 509.973 715.848 5 10.1758 -65.59 -173.91
43 510.392 716.12 5 9.68016 -64.1455 -156.869
44 510.811 716.393 5 9.18503 -62.6325 63.7556
45 511.231 716.665 5 8.69046 -65.3738 -159.409
46 511.65 716.937 5 8.19655 -59.8413 -116.463
47 512.069 717.21 5 7.70342 -60.351 -142.461
48 512.489 717.482 5 7.21123 -55.0782 -126.664
49 512.908 717.754 5 6.72021 -53.1233 -139.536
50 513.327 718.027 5 6.23061 -57.7559 177.133
51 513.747 718.299 5 5.7428 -57.7239 -128.441
52 514.166 718.571 5 5.25728 -50.3385 178.247
53 508.862 715.723 5 11.1205 -66.563 -91.2238
54 509.281 715.995 5 10.6219 -63.8238 -86.167
55 509.7 716.267 5 10.1234 -61.3243 -75.1641
56 510.12 716.54 5 9.62511 -61.8494 -101.524
57 510.539 716.812 5 9.12699 -62.5129 -76.9526
58 510.958 717.084 5 8.62909 -72.2816 -16.5507
59 511.378 717.357 5 8.13145 -65.8428 -88.0852
60 511.797 717.629 5 7.63412 -61.162 -107.177
61 512.216 717.901 5 7.13716 -56.0584 -95.0674
62 512.636 718.174 5 6.64066 -61.4149 -142.547
63 513.055 718.446 5 6.14472 -58.684 146.954
64 513.474 718.718 5 5.6495 -53.6887 85.3118
65 513.894 718.991 5 5.15521 -57.6809 40.1289
66 508.589 716.142 5 11.0951 -59.2805 123.88
67 509.009 716.414 5 10.5953 -59.0515 26.891
68 509.428 716.687 5 10.0956 -66.1983 -1.54141
69 509.847 716.959 5 9.59583 -70.0973 -34.3344
70 510.267 717.231 5 9.09611 -66.4219 -109.932
71 510.686 717.504 5 8.59642 -62.1327 -34.1538
72 511.105 717.776 5 8.09677 -68.7028 16.0949
73 511.525 718.048 5 7.59717 -58.8941 -158.632
74 511.944 718.321 5 7.09762 -51.5657 -125.33
75 512.363 718.593 5 6.59815 -58.1173 -61.758
76 512.783 718.865 5 6.09876 -70.113 -131.971
77 513.202 719.138 5 5.59947 -70.8991 -137.854
78 513.621 719.41 5 5.10033 -69.9645 -103.198
79 510.414 717.923 5 8.59277 -56.7154 -29.5319
80 510.833 718.195 5 8.09289 -77.6579 145.34
81 511.672 718.74 5 7.0932 -60.4604 42.8844
82 512.091 719.012 5 6.59339 -65.6386 -11.0642
83 512.51 719.285 5 6.0936 -59.8204 -38.2632
84 512.93 719.557 5 5.59386 -65.6922 -28.8777
85 513.349 719.829 5 5.09417 -67.036 -98.0049
86 510.141 718.342 5 8.61817 -80.8532 152.634
87 510.561 718.615 5 8.11986 -72.8221 37.9402
88 511.399 719.159 5 7.12395 -71.9327 -36.7878
89 511.819 719.432 5 6.62646 -59.9251 -16.0778
90 512.238 719.704 5 6.12937 -57.9712 -133.369
91 512.657 719.976 5 5.6328 -51.278 107.758
92 513.077 720.249 5 5.1369 -55.154 -108.696
93 509.869 718.762 5 8.67237 -94.6164 139.237
94 510.288 719.034 5 8.17736 -84.462 18.7113
95 511.127 719.579 5 7.18942 -63.4798 -148.285
96 511.546 719.851 5 6.6968 -54.1477 40.6459
97 511.966 720.123 5 6.20535 -57.5358 22.3545
98 512.385 720.396 5 5.71539 -56.5206 171.498
99 512.804 720.668 5 5.22732 -51.7705 -165.817
100 509.597 719.181 5 8.75484 -81.8871 136.604
101 510.016 719.453 5 8.26477 -102.832 66.3464
102 509.324 719.6 5 8.86478 -93.8091 123.124
103 509.744 719.873 5 8.38115 -93.2708 -29.8883
104 509.052 720.02 5 9.0012 -91.1451 73.9849
105 509.471 720.292 5 8.52531 -91.6238 -128.582
