1 505.473 717.831 5 8.9669 -104.024 -88.2908
2 505.747 717.412 5 8.878 -98.1817 146.358
3 506.02 716.994 5 8.8166 -99.9411 -107.217
4 506.294 716.575 5 8.78328 -106.13 -74.6945
5 506.567 716.157 5 8.77836 -110.792 93.702
6 505.891 718.104 5 8.47811 -107.382 167.265
7 506.165 717.686 5 8.38403 -113.717 88.0036
8 506.439 717.267 5 8.31899 -116.113 -71.33
9 506.712 716.849 5 8.28367 -108.372 -46.6581
10 506.986 716.43 5 8.27845 -110.122 65.8547
11 506.31 718.378 5 7.99072 -107.078 99.5196
12 506.584 717.96 5 7.89083 -107.513 18.0426
13 506.857 717.541 5 7.82168 -107.198 -99.7582
14 507.131 717.123 5 7.78411 -105.256 -2.82057
15 507.404 716.704 5 7.77855 -100.894 51.2958
16 506.728 718.652 5 7.50498 -125.607 65.0136
17 507.002 718.233 5 7.39853 -114.574 -17.6346
18 507.276 717.815 5 7.32475 -105.375 -150.878
19 507.549 717.396 5 7.28461 -101.604 -42.0915
20 507.823 716.978 5 7.27867 -109.91 -94.9004
21 507.147 718.925 5 7.02125 -120.349 166.955
22 507.421 718.507 5 6.90735 -112.329 165.803
23 507.694 718.088 5 6.82825 -97.9175 178.156
24 507.968 717.67 5 6.78518 -102.954 -139.795
25 508.241 717.251 5 6.77881 -112.239 -63.7702
26 507.565 719.199 5 6.53996 -99.187 132.777
27 507.839 718.78 5 6.41753 -97.2057 66.3837
28 508.113 718.362 5 6.33232 -109.056 -39.4882
29 508.386 717.943 5 6.28584 -120.356 -9.45831
30 508.66 717.525 5 6.27897 -110.147 132.952
31 507.984 719.472 5 6.0617 -98.7668 -73.4155
32 508.258 719.054 5 5.9294 -114.26 83.7095
33 508.531 718.635 5 5.83707 -114.859 108.625
34 508.805 718.217 5 5.78662 -117.613 -35.667
35 509.078 717.798 5 5.77915 -109.268 -131.085
36 508.402 719.746 5 5.58725 -116.286 79.4576
37 508.676 719.328 5 5.44343 -111.436 -20.758
38 508.95 718.909 5 5.34271 -128.841 45.0185
39 509.223 718.491 5 5.28755 -128.972 92.8912
40 509.497 718.072 5 5.27937 -129.698 97.6074
