1 514.644 719.84 5 4.60977 -52.0537 67.5883
2 514.371 720.259 5 4.30116 -51.1952 138.126
3 514.097 720.678 5 4.03113 -47.9976 -79.5724
4 513.824 721.096 5 3.80789 -53.6514 -18.9852
5 513.551 721.515 5 3.64006 -43.3761 -157.957
6 513.278 721.934 5 3.53553 -52.9139 139.751
7 513.004 722.353 5 3.5 -49.005 -36.3798
8 512.731 722.771 5 3.53553 -55.1935 -130.429
9 512.458 723.19 5 3.64006 -66.2952 20.963
10 512.185 723.609 5 3.80789 -58.2754 168.822
11 515.063 720.113 5 4.24264 -48.4291 -10.8189
12 514.789 720.532 5 3.90512 -43.9426 -87.4148
13 514.516 720.951 5 3.60555 -52.8682 9.84482
14 514.243 721.37 5 3.3541 -46.7587 70.0587
15 513.97 721.788 5 3.16228 -49.1474 -115.515
16 513.696 722.207 5 3.04138 -57.5973 133.015
17 513.423 722.626 5 3 -48.9476 -23.685
18 513.15 723.045 5 3.04138 -47.1973 175.385
19 512.877 723.463 5 3.16228 -52.6695 -162.292
20 512.603 723.882 5 3.3541 -51.822 -64.0221
21 515.481 720.387 5 3.90512 -49.5307 -162.798
22 515.208 720.805 5 3.53553 -49.452 -133.448
23 514.935 721.224 5 3.20156 -51.6261 137.231
24 514.662 721.643 5 2.91548 -45.9939 -149.048
25 514.388 722.062 5 2.69258 -63.3676 144.868
26 514.115 722.48 5 2.54951 -53.3294 -161.949
27 513.842 722.899 5 2.5 -50.3225 1.04309
28 513.568 723.318 5 2.54951 -46.2636 -159.9
29 513.295 723.737 5 2.69258 -58.5512 -76.5524
30 513.022 724.155 5 2.91548 -56.413 59.6061
31 515.9 720.66 5 3.60555 -57.7501 66.8657
32 515.627 721.079 5 3.20156 -51.5016 160.723
33 515.353 721.497 5 2.82843 -54.5101 119.951
34 515.08 721.916 5 2.5 -48.7423 23.5762
35 514.807 722.335 5 2.23607 -44.4667 26.9304
36 514.534 722.754 5 2.06155 -40.2305 177.943
37 514.26 723.172 5 2 -41.4231 -27.7506
38 513.987 723.591 5 2.06155 -49 167.133
39 516.319 720.933 5 3.3541 -51.597 75.2734
40 516.045 721.352 5 2.91548 -47.5876 -79.9587
41 515.772 721.771 5 2.5 -46.0316 21.4022
42 515.499 722.189 5 2.12132 -48.989 -29.1102
43 515.226 722.608 5 1.80278 -46.6666 -136.223
44 514.952 723.027 5 1.58114 -46.1114 139.742
45 514.679 723.446 5 1.5 -39.9623 -55.3421
46 514.406 723.864 5 1.58114 -71.9453 168.276
47 516.737 721.206 5 3.16228 -46.2288 -125.491
48 516.464 721.625 5 2.69258 -47.4886 138.669
49 516.191 722.044 5 2.23607 -46.7313 12.8401
50 515.918 722.463 5 1.80278 -42.8026 -142.446
51 515.644 722.881 5 1.41421 -40.2257 -124.97
52 515.371 723.3 5 1.11803 -46.0216 17.8366
53 515.098 723.719 5 1 -44.9333 48.5387
54 514.825 724.138 5 1.11803 -43.6881 34.7291
55 517.156 721.48 5 3.04138 -46.5374 -65.9797
56 516.883 721.898 5 2.54951 -50.8148 -88.0288
57 516.61 722.317 5 2.06155 -53.7706 -126.497
58 516.336 722.736 5 1.58114 -52.8546 64.0951
59 516.063 723.155 5 1.11803 -37.2999 -4.62377
60 515.79 723.573 5 0.707107 -36.6832 123.613
61 515.517 723.992 5 0.5 -33.7613 7.45456
62 515.243 724.411 5 0.707107 -38.5051 -39.0382
63 517.575 721.753 5 3 -46.9043 39.1982
64 517.302 722.172 5 2.5 -46.1281 -6.7183
65 517.028 722.59 5 2 -39.5533 21.9186
66 516.755 723.009 5 1.5 -40.8853 45.6037
67 516.482 723.428 5 1 -38.9469 30.5959
68 516.209 723.847 5 0.5 -34.2209 21.4327
69 515.935 724.265 5 0 -54.5112 121.57
70 515.662 724.684 5 0.5 -32.0572 21.2749
71 517.994 722.026 5 3.04138 -46.1627 -77.7717
72 517.72 722.445 5 2.54951 -42.1986 -50.8523
73 517.447 722.864 5 2.06155 -51.7918 92.4042
74 517.174 723.282 5 1.58114 -42.6704 119.35
75 516.901 723.701 5 1.11803 -37.3173 3.341
76 516.627 724.12 5 0.707107 -38.8472 119.264
77 516.354 724.539 5 0.5 -36.8382 -14.2348
78 516.081 724.957 5 0.707107 -35.724 119.008
