1 505.473 717.831 5 11.8531 -102.577 -119.819
2 505.747 717.412 5 11.8071 -100.634 154.121
3 506.02 716.994 5 11.7821 -105.5 168.73
4 506.294 716.575 5 11.7783 -100.585 -165.98
5 506.567 716.157 5 11.7958 -102.925 -32.4864
6 505.891 718.104 5 11.3564 -103.584 -161.595
7 506.165 717.686 5 11.3084 -108.297 26.1281
8 506.439 717.267 5 11.2823 -108.908 -15.1662
9 506.712 716.849 5 11.2784 -101.472 -28.7777
10 506.986 716.43 5 11.2966 -99.0603 9.97907
11 506.31 718.378 5 10.8601 -113.111 81.1778
12 506.584 717.96 5 10.8098 -107.308 65.9993
13 506.857 717.541 5 10.7826 -99.6032 -171.583
14 507.131 717.123 5 10.7785 -108.157 -24.2055
15 507.404 716.704 5 10.7975 -106.976 17.6795
16 506.728 718.652 5 10.3641 -112.582 -50.7077
17 507.002 718.233 5 10.3114 -107.107 1.33099
18 507.276 717.815 5 10.2828 -101.332 -139.488
19 507.549 717.396 5 10.2785 -97.5125 -54.8294
20 507.823 716.978 5 10.2985 -97.7538 -14.816
21 507.147 718.925 5 9.86849 -108.126 75.4524
22 507.421 718.507 5 9.81317 -111.989 44.3115
23 507.694 718.088 5 9.78312 -96.7889 169.914
24 507.968 717.67 5 9.77857 -110.761 -161.64
25 508.241 717.251 5 9.79957 -112.796 -169.337
26 507.565 719.199 5 9.37336 -102.874 -93.0515
27 507.839 718.78 5 9.3151 -91.0237 10.5056
28 508.113 718.362 5 9.28343 -103.459 20.0865
29 508.386 717.943 5 9.27864 -104.878 35.7677
30 508.66 717.525 5 9.30077 -119.402 -88.5327
31 507.984 719.472 5 8.87878 -90.4607 -144.71
32 508.258 719.054 5 8.81724 -98.6435 -81.9892
33 508.531 718.635 5 8.78379 -112.42 -101.842
34 508.805 718.217 5 8.77872 -120.188 23.0031
35 509.078 717.798 5 8.80211 -118.915 -47.7114
36 508.402 719.746 5 8.38483 -100.141 98.2395
37 508.676 719.328 5 8.31965 -109.251 165.057
38 508.95 718.909 5 8.28418 -250 0
39 509.223 718.491 5 8.27881 -250 0
40 509.497 718.072 5 8.30361 -250 0
