1 514.644 719.84 5 4.03113 -46.7674 -85.9333
2 514.371 720.259 5 3.80789 -46.8692 -177.64
3 514.097 720.678 5 3.64006 -49.3007 -122.286
4 513.824 721.096 5 3.53553 -48.0965 -119.24
5 513.551 721.515 5 3.5 -49.4542 -129.372
6 513.278 721.934 5 3.53553 -53.1864 -142.37
7 513.004 722.353 5 3.64006 -48.8464 -61.1956
8 512.731 722.771 5 3.80789 -49.6828 170.131
9 512.458 723.19 5 4.03113 -63.927 -137.88
10 512.185 723.609 5 4.30116 -52.5848 -103.401
11 515.063 720.113 5 3.60555 -51.9061 72.7157
12 514.789 720.532 5 3.3541 -53.1353 -0.171712
13 514.516 720.951 5 3.16228 -45.2009 -109.319
14 514.243 721.37 5 3.04138 -47.0144 -121.918
15 513.97 721.788 5 3 -46.0151 -52.2014
16 513.696 722.207 5 3.04138 -51.5071 -146.789
17 513.423 722.626 5 3.16228 -47.5692 -128.71
18 513.15 723.045 5 3.3541 -47.6386 35.6376
19 512.877 723.463 5 3.60555 -43.311 72.4096
20 512.603 723.882 5 3.90512 -56.595 -145.361
21 515.481 720.387 5 3.20156 -47.2791 -172.897
22 515.208 720.805 5 2.91548 -47.4948 -95.2658
23 514.935 721.224 5 2.69258 -45.1899 -174.652
24 514.662 721.643 5 2.54951 -49.1436 -128.08
25 514.388 722.062 5 2.5 -47.8701 -9.64462
26 514.115 722.48 5 2.54951 -47.5467 -161.764
27 513.842 722.899 5 2.69258 -56.8479 142.243
28 513.568 723.318 5 2.91548 -56.1257 -143.678
29 513.295 723.737 5 3.20156 -48.5924 143.615
30 513.022 724.155 5 3.53553 -59.8755 -163.242
31 515.9 720.66 5 2.82843 -46.4182 -167.858
32 515.627 721.079 5 2.5 -43.0325 1.31842
33 515.353 721.497 5 2.23607 -45.1199 33.1747
34 515.08 721.916 5 2.06155 -46.6637 -162.997
35 514.807 722.335 5 2 -42.9901 -0.545242
36 514.534 722.754 5 2.06155 -41.7008 159.624
37 514.26 723.172 5 2.23607 -44.1031 19.2189
38 513.987 723.591 5 2.5 -48.6813 9.45861
39 516.319 720.933 5 2.5 -45.2022 41.8285
40 516.045 721.352 5 2.12132 -43.6367 2.13896
41 515.772 721.771 5 1.80278 -44.1138 -112.917
42 515.499 722.189 5 1.58114 -44.2643 91.5325
43 515.226 722.608 5 1.5 -41.9244 -2.60626
44 514.952 723.027 5 1.58114 -43.2435 136.898
45 514.679 723.446 5 1.80278 -47.2481 -145.454
46 514.406 723.864 5 2.12132 -50.3756 -171.606
47 516.737 721.206 5 2.23607 -47.7479 21.0409
48 516.464 721.625 5 1.80278 -49.1868 -145.742
49 516.191 722.044 5 1.41421 -45.656 -98.4251
50 515.918 722.463 5 1.11803 -39.9321 7.64863
51 515.644 722.881 5 1 -39.3214 4.41625
52 515.371 723.3 5 1.11803 -40.9385 41.0843
53 515.098 723.719 5 1.41421 -39.6439 -119.121
54 514.825 724.138 5 1.80278 -43.4477 -15.9885
55 517.156 721.48 5 2.06155 -47.085 -172.977
56 516.883 721.898 5 1.58114 -48.1865 141.608
57 516.61 722.317 5 1.11803 -38.4596 8.27526
58 516.336 722.736 5 0.707107 -37.3083 111.605
59 516.063 723.155 5 0.5 -32.1823 -8.20579
60 515.79 723.573 5 0.707107 -37.1367 129.331
61 515.517 723.992 5 1.11803 -40.3004 26.1293
62 515.243 724.411 5 1.58114 -41.8723 -69.8209
63 517.575 721.753 5 2 -45.0052 16.1426
64 517.302 722.172 5 1.5 -43.6486 44.1783
65 517.028 722.59 5 1 -41.6634 19.4563
66 516.755 723.009 5 0.5 -33.4797 10.1381
67 516.482 723.428 5 0 -40.8183 38.2653
68 516.209 723.847 5 0.5 -36.2643 21.3577
69 515.935 724.265 5 1 -39.588 23.1631
70 515.662 724.684 5 1.5 -43.2456 47.9626
71 517.994 722.026 5 2.06155 -38.6696 -151.129
72 517.72 722.445 5 1.58114 -50.0475 161.953
73 517.447 722.864 5 1.11803 -37.3886 14.3623
74 517.174 723.282 5 0.707107 -37.1577 95.7056
75 516.901 723.701 5 0.5 -32.8747 -5.57174
76 516.627 724.12 5 0.707107 -35.522 103.335
77 516.354 724.539 5 1.11803 -36.0279 12.4202
78 516.081 724.957 5 1.58114 -45.6002 109.518
