1 509.951 714.045 5 10.364 -72.0031 -84.5451
2 510.37 714.318 5 9.95382 -71.2971 39.0941
3 510.79 714.59 5 9.55219 -74.8819 -155.393
4 511.209 714.862 5 9.16025 -68.1291 161.694
5 511.628 715.135 5 8.7793 -67.2416 57.0546
6 512.048 715.407 5 8.41082 -74.9137 152.444
7 512.467 715.679 5 8.05654 -91.5258 -6.00042
8 512.886 715.952 5 7.71839 -81.1065 -75.8678
9 513.306 716.224 5 7.39861 -75.2686 -139.676
10 513.725 716.496 5 7.09967 -80.3504 119.042
11 514.144 716.769 5 6.82431 -71.5005 58.6805
12 514.564 717.041 5 6.57548 -85.5638 21.5483
13 514.983 717.313 5 6.35632 -113.879 -40.7475
14 509.679 714.465 5 10.0923 -73.4568 -86.0765
15 510.098 714.737 5 9.67064 -73.2417 159.754
16 510.517 715.009 5 9.25673 -74.4395 -40.2192
17 510.937 715.282 5 8.85172 -79.39 -54.4709
18 511.356 715.554 5 8.45688 -76.5115 -162.115
19 511.775 715.826 5 8.0737 -87.6123 47.2513
20 512.195 716.099 5 7.70392 -74.1525 102.12
21 512.614 716.371 5 7.34958 -75.4957 -24.4902
22 513.033 716.643 5 7.013 -69.7076 65.5932
23 513.453 716.916 5 6.69686 -68.0241 -31.123
24 513.872 717.188 5 6.4042 -67.3589 175.975
25 514.291 717.46 5 6.13838 -66.2367 51.758
26 514.711 717.733 5 5.90301 -69.4481 -63.0492
27 509.406 714.884 5 9.8386 -76.6039 39.1519
28 509.826 715.156 5 9.40552 -80.8814 -154.842
29 510.245 715.429 5 8.97941 -74.835 43.4605
30 510.664 715.701 5 8.56128 -72.6482 33.3071
31 511.084 715.973 5 8.15239 -74.3464 -150.016
32 511.503 716.246 5 7.75418 -77.1638 16.944
33 511.922 716.518 5 7.36839 -83.2819 -160.925
34 512.342 716.79 5 6.99707 -76.6879 -22.2408
35 512.761 717.063 5 6.64265 -67.0102 -5.54758
36 513.18 717.335 5 6.30798 -68.1723 -28.9766
37 513.6 717.607 5 5.99637 -76.8619 161.675
38 514.019 717.88 5 5.7116 -72.7935 40.5543
39 514.438 718.152 5 5.45786 -79.638 134.021
40 509.134 715.303 5 9.6042 -79.0437 122.579
41 509.553 715.576 5 9.16005 -82.5586 37.4758
42 509.973 715.848 5 8.72195 -84.9841 -153.26
43 510.392 716.12 5 8.29085 -73.7819 20.5362
44 510.811 716.393 5 7.86792 -76.0575 -63.5299
45 511.231 716.665 5 7.45452 -90.7319 -5.80741
46 511.65 716.937 5 7.05236 -75.9248 -125.183
47 512.069 717.21 5 6.66346 -77.7083 -51.3849
48 512.489 717.482 5 6.29027 -68.4038 157.511
49 512.908 717.754 5 5.93577 -71.6748 -148.845
50 513.327 718.027 5 5.6035 -69.6233 -64.4898
51 513.747 718.299 5 5.29764 -75.5846 -8.91339
52 514.166 718.571 5 5.02303 -68.4378 -177.989
53 508.862 715.723 5 9.3906 -77.128 -94.9889
54 509.281 715.995 5 8.93584 -76.8254 -130.953
55 509.7 716.267 5 8.48617 -76.7083 140.109
56 510.12 716.54 5 8.04245 -76.0079 102.584
57 510.539 716.812 5 7.60571 -97.3202 -79.6332
58 510.958 717.084 5 7.17723 -85.2158 -164.893
59 511.378 717.357 5 6.75858 -72.5797 -30.9748
60 511.797 717.629 5 6.35172 -77.9041 3.03807
61 512.216 717.901 5 5.95904 -74.3715 -125.436
62 512.636 718.174 5 5.58355 -76.5809 -72.2826
63 513.055 718.446 5 5.22894 -77.5494 48.7311
64 513.474 718.718 5 4.89977 -77.7131 -135.583
65 513.894 718.991 5 4.60147 -65.0103 4.05214
66 508.589 716.142 5 9.19924 -79.1346 -119.967
67 509.009 716.414 5 8.73452 -77.6133 -126.96
68 509.428 716.687 5 8.27392 -82.3926 -20.0773
69 509.847 716.959 5 7.81816 -75.1958 -66.6389
70 510.267 717.231 5 7.36814 -90.0056 -6.59801
71 510.686 717.504 5 6.92498 -83.7413 -9.52111
72 511.105 717.776 5 6.49008 -70.4653 -59.1024
73 511.525 718.048 5 6.06523 -81.9633 28.8205
74 511.944 718.321 5 5.65268 -76.5584 145.139
75 512.363 718.593 5 5.25535 -71.5198 -44.5837
76 512.783 718.865 5 4.87694 -72.6461 79.7157
77 513.202 719.138 5 4.52221 -67.006 -65.6044
78 513.621 719.41 5 4.19717 -88.5505 34.0944
79 510.414 717.923 5 6.7006 -85.1364 0.0639705
80 510.833 718.195 5 6.25011 -88.5532 15.3241
81 511.672 718.74 5 5.37545 -68.6312 -142.182
82 512.091 719.012 5 4.95594 -80.2368 120.652
83 512.51 719.285 5 4.55271 -69.8528 64.007
84 512.93 719.557 5 4.1705 -67.8533 -16.4922
85 513.349 719.829 5 3.81561 -64.3631 67.3136
86 510.141 718.342 5 6.50697 -77.2909 105.616
87 510.561 718.615 5 6.04206 -91.3556 153.527
88 511.399 719.159 5 5.13207 -78.4876 165.326
89 511.819 719.432 5 4.69085 -68.5123 69.3117
90 512.238 719.704 5 4.26262 -66.841 80.1548
91 512.657 719.976 5 3.85172 -65.1057 -167.03
92 513.077 720.249 5 3.46433 -64.3564 104.85
93 509.869 718.762 5 6.34691 -85.7037 121.236
94 510.288 719.034 5 5.86934 -86.6516 176.508
95 511.127 719.579 5 4.92756 -86.5158 178.92
96 511.546 719.851 5 4.46617 -80.3821 -84.1664
97 511.966 720.123 5 4.01405 -64.321 101.11
98 512.385 720.396 5 3.57469 -69.1682 -34.287
99 512.804 720.668 5 3.15345 -51.1906 2.95944
100 509.597 719.181 5 6.22302 -85.4062 115.033
101 510.016 719.453 5 5.73514 -75.2032 83.7416
102 509.324 719.6 5 6.13748 -93.7007 -105.27
103 509.744 719.873 5 5.64221 -82.0195 -171.029
104 509.052 720.02 5 6.09191 -91.3916 -52.2635
105 509.471 720.292 5 5.5926 -85.4062 -158.375
