1 509.951 714.045 5 9.60715 -59.657 -61.4858
2 510.37 714.318 5 9.16296 -49.7214 134.602
3 510.79 714.59 5 8.72481 -50.0256 -83.7371
4 511.209 714.862 5 8.29367 -57.1893 51.376
5 511.628 715.135 5 7.87067 -54.5921 -123.188
6 512.048 715.407 5 7.45721 -55.6657 -9.32681
7 512.467 715.679 5 7.05497 -55.3604 81.8882
8 512.886 715.952 5 6.66597 -74.8988 -86.9395
9 513.306 716.224 5 6.29267 -64.6685 158.384
10 513.725 716.496 5 5.93803 -79.4984 -28.6273
11 514.144 716.769 5 5.60561 -63.6316 -87.4688
12 514.564 717.041 5 5.29956 -91.9879 -39.5947
13 514.983 717.313 5 5.02473 -109.348 -75.4275
14 509.679 714.465 5 9.39361 -66.1277 -164.73
15 510.098 714.737 5 8.93882 -51.2284 48.3254
16 510.517 715.009 5 8.48911 -53.6491 -164.522
17 510.937 715.282 5 8.04535 -55.325 109.161
18 511.356 715.554 5 7.60856 -53.1406 -101.072
19 511.775 715.826 5 7.18002 -54.6022 62.8999
20 512.195 716.099 5 6.76131 -56.1016 -158.505
21 512.614 716.371 5 6.35435 -52.085 -56.4072
22 513.033 716.643 5 5.96157 -80.387 93.7301
23 513.453 716.916 5 5.58596 -74.0388 8.84803
24 513.872 717.188 5 5.2312 -66.524 74.2634
25 514.291 717.46 5 4.90184 -62.3169 158.368
26 514.711 717.733 5 4.60332 -57.3662 142.501
27 509.406 714.884 5 9.20231 -63.1007 -146.347
28 509.826 715.156 5 8.73757 -54.6103 -76.6721
29 510.245 715.429 5 8.27694 -57.4678 128.648
30 510.664 715.701 5 7.82114 -53.99 19.6851
31 511.084 715.973 5 7.37108 -53.8965 -136.963
32 511.503 716.246 5 6.92787 -53.0545 92.4929
33 511.922 716.518 5 6.49291 -51.2285 -110.202
34 512.342 716.79 5 6.06799 -50.0349 24.5431
35 512.761 717.063 5 5.65536 -51.5924 149.474
36 513.18 717.335 5 5.25791 -61.0963 -55.4899
37 513.6 717.607 5 4.87936 -68.0723 -134.632
38 514.019 717.88 5 4.52446 -73.6993 79.1212
39 514.438 718.152 5 4.1992 -71.8467 -166.286
40 509.134 715.303 5 9.03467 -64.2358 62.9111
41 509.553 715.576 5 8.56083 -67.7999 -127.244
42 509.973 715.848 5 8.09014 -64.1584 -59.2571
43 510.392 716.12 5 7.62318 -59.7621 -138.231
44 510.811 716.393 5 7.16069 -58.5616 131.96
45 511.231 716.665 5 6.70358 -56.104 -7.14482
46 511.65 716.937 5 6.25305 -51.0556 -138.659
47 512.069 717.21 5 5.81061 -54.2116 57.6589
48 512.489 717.482 5 5.37826 -49.4612 -127.235
49 512.908 717.754 5 4.95866 -51.6156 -8.33236
50 513.327 718.027 5 4.55531 -50.2185 91.3706
51 513.747 718.299 5 4.17293 -66.6226 -166.263
52 514.166 718.571 5 3.81785 -56.4836 -137.846
53 508.862 715.723 5 8.89202 -79.0879 -129.941
54 509.281 715.995 5 8.41014 -73.1383 -97.9496
55 509.7 716.267 5 7.93051 -91.2246 -87.0714
56 510.12 716.54 5 7.45356 -72.4615 -75.5093
57 510.539 716.812 5 6.97984 -70.8623 172.504
58 510.958 717.084 5 6.51005 -56.1341 179.671
59 511.378 717.357 5 6.0451 -56.1718 87.736
60 511.797 717.629 5 5.58622 -57.1729 -8.51749
61 512.216 717.901 5 5.13502 -51.9799 -137.718
62 512.636 718.174 5 4.69371 -49.2513 -0.0726068
63 513.055 718.446 5 4.26538 -49.0055 175.13
64 513.474 718.718 5 3.85436 -50.6846 -73.2685
65 513.894 718.991 5 3.46679 -69.3438 71.9927
66 508.589 716.142 5 8.77557 -70.3538 152.249
67 509.009 716.414 5 8.28693 -85.6713 67.7036
68 509.428 716.687 5 7.79973 -76.8137 162.816
69 509.847 716.959 5 7.31425 -70.0926 99.0482
70 510.267 717.231 5 6.83087 -76.6453 141.893
71 510.686 717.504 5 6.35007 -81.3085 42.7883
72 511.105 717.776 5 5.87247 -73.163 85.8375
73 511.525 718.048 5 5.39894 -63.3616 42.6691
74 511.944 718.321 5 4.93063 -58.8583 48.4535
75 512.363 718.593 5 4.46919 -54.8057 -55.3786
76 512.783 718.865 5 4.01699 -48.8189 -178.64
77 513.202 719.138 5 3.57753 -51.0739 6.36803
78 513.621 719.41 5 3.15615 -48.4241 105.698
79 510.414 717.923 5 6.22624 -97.1109 -178.19
80 510.833 718.195 5 5.73835 -80.9956 -47.2231
81 511.672 718.74 5 4.77009 -69.6552 -68.8203
82 512.091 719.012 5 4.29142 -80.1815 -167.358
83 512.51 719.285 5 3.81823 -55.3147 3.08801
84 512.93 719.557 5 3.35282 -51.4742 -46.4179
85 513.349 719.829 5 2.89896 -43.861 122.15
86 510.141 718.342 5 6.14074 -76.228 131.622
87 510.561 718.615 5 5.64547 -81.1088 -146.718
88 511.399 719.159 5 4.65794 -71.746 -10.6846
89 511.819 719.432 5 4.16641 -68.5702 -155.873
90 512.238 719.704 5 3.67716 -61.1601 -140.151
91 512.657 719.976 5 3.19125 -58.7796 -79.3623
92 513.077 720.249 5 2.71047 -62.3383 -93.6847
93 509.869 718.762 5 6.0952 -84.395 -169.095
94 510.288 719.034 5 5.59589 -90.0983 138.734
95 511.127 719.579 5 4.59773 -80.1312 -5.52379
96 511.546 719.851 5 4.09898 -57.7454 -38.5787
97 511.966 720.123 5 3.60058 -54.0183 43.2977
98 512.385 720.396 5 3.1027 -62.435 -34.9509
99 512.804 720.668 5 2.60563 -62.1097 -140.266
100 509.597 719.181 5 6.09049 -86.6658 152.152
101 510.016 719.453 5 5.59076 -81.5476 164.094
102 509.324 719.6 5 6.12673 -85.0293 -21.4127
103 509.744 719.873 5 5.63021 -85.0119 151.737
104 509.052 720.02 5 6.20318 -83.0631 -80.5548
105 509.471 720.292 5 5.71332 -82.2878 -98.6213
