1 509.951 714.045 5 9.15817 -60.9948 -47.2464
2 510.37 714.318 5 8.77712 -68.8451 -58.2777
3 510.79 714.59 5 8.40855 -62.3702 51.1728
4 511.209 714.862 5 8.05417 -60.4864 -32.3022
5 511.628 715.135 5 7.71592 -68.5169 -172.542
6 512.048 715.407 5 7.39603 -68.0357 -64.439
7 512.467 715.679 5 7.09698 -77.0404 -131.165
8 512.886 715.952 5 6.82151 -73.1409 -177.247
9 513.306 716.224 5 6.57258 -75.288 128.363
10 513.725 716.496 5 6.35332 -71.8596 -2.03748
11 514.144 716.769 5 6.16689 -74.4821 18.6214
12 514.564 717.041 5 6.01634 -111.426 77.6299
13 514.983 717.313 5 5.90442 -125.582 1.97633
14 509.679 714.465 5 8.84975 -67.0733 -40.3157
15 510.098 714.737 5 8.45481 -67.459 166.998
16 510.517 715.009 5 8.07154 -63.1587 -153.189
17 510.937 715.282 5 7.70166 -61.2703 -66.4613
18 511.356 715.554 5 7.3472 -59.9361 -157.491
19 511.775 715.826 5 7.01051 -73.7052 40.6712
20 512.195 716.099 5 6.69426 -73.5937 135.659
21 512.614 716.371 5 6.40148 -70.6709 -9.90623
22 513.033 716.643 5 6.13553 -77.1034 178.456
23 513.453 716.916 5 5.90005 -77.951 135.097
24 513.872 717.188 5 5.69881 -74.7315 -167.311
25 514.291 717.46 5 5.53555 -74.5939 -151.251
26 514.711 717.733 5 5.4137 -82.0123 -54.4544
27 509.406 714.884 5 8.55944 -83.8706 -135.508
28 509.826 715.156 5 8.15045 -74.1414 -19.916
29 510.245 715.429 5 7.75214 -66.8721 4.75711
30 510.664 715.701 5 7.36624 -65.5849 109.028
31 511.084 715.973 5 6.99481 -60.082 153.04
32 511.503 716.246 5 6.64027 -69.9519 114.098
33 511.922 716.518 5 6.30548 -70.7531 -111.224
34 512.342 716.79 5 5.99374 -73.4716 -70.0001
35 512.761 717.063 5 5.70883 -74.0563 86.7911
36 513.18 717.335 5 5.45496 -69.528 15.2128
37 513.6 717.607 5 5.23664 -66.6744 -13.1389
38 514.019 717.88 5 5.05849 -75.2931 -134.926
39 514.438 718.152 5 4.92485 -69.3474 57.3848
40 509.134 715.303 5 8.28915 -86.3672 20.5011
41 509.553 715.576 5 7.86612 -78.9792 135.436
42 509.973 715.848 5 7.45263 -80.5308 139.425
43 510.392 716.12 5 7.05035 -85.1054 47.9831
44 510.811 716.393 5 6.66133 -66.0274 -36.7954
45 511.231 716.665 5 6.28802 -58.7849 29.3
46 511.65 716.937 5 5.93338 -65.7041 42.3815
47 512.069 717.21 5 5.60097 -66.1383 51.2848
48 512.489 717.482 5 5.29497 -76.4136 27.535
49 512.908 717.754 5 5.02021 -78.9943 -6.9892
50 513.327 718.027 5 4.78209 -67.7459 87.3109
51 513.747 718.299 5 4.58631 -67.0692 125.23
52 514.166 718.571 5 4.43848 -79.047 5.05036
53 508.862 715.723 5 8.04089 -101.171 -83.8514
54 509.281 715.995 5 7.60406 -86.1676 96.3516
55 509.7 716.267 5 7.17549 -81.5512 103.917
56 510.12 716.54 5 6.75673 -90.8842 130.118
57 510.539 716.812 5 6.34975 -76.1577 -155.962
58 510.958 717.084 5 5.95694 -64.4754 166.542
59 511.378 717.357 5 5.58131 -58.6937 -97.1534
60 511.797 717.629 5 5.22655 -67.5895 158.335
61 512.216 717.901 5 4.89721 -71.1534 -144.922
62 512.636 718.174 5 4.59875 -67.2479 -43.3492
63 513.055 718.446 5 4.33755 -76.1531 83.9961
64 513.474 718.718 5 4.12071 -67.9174 -28.0842
65 513.894 718.991 5 3.95551 -68.8606 33.4925
66 508.589 716.142 5 7.81677 -76.4866 -0.298348
67 509.009 716.414 5 7.36666 -85.2103 -121.211
68 509.428 716.687 5 6.92341 -77.8648 -140.853
69 509.847 716.959 5 6.48841 -80.3191 154.286
70 510.267 717.231 5 6.06344 -75.5019 35.2859
71 510.686 717.504 5 5.65076 -85.8923 -138.4
72 511.105 717.776 5 5.25328 -79.7365 -135.311
73 511.525 718.048 5 4.87471 -56.0838 132.389
74 511.944 718.321 5 4.51981 -69.1994 43.5824
75 512.363 718.593 5 4.19458 -76.196 -92.1014
76 512.783 718.865 5 3.90645 -71.9244 4.2657
77 513.202 719.138 5 3.66418 -71.6453 -141.113
78 513.621 719.41 5 3.47736 -63.0836 138.35
79 510.414 717.923 5 5.37374 -80.5912 90.2443
80 510.833 718.195 5 4.95408 -87.2488 133.284
81 511.672 718.74 5 4.16829 -55.7615 -18.1668
82 512.091 719.012 5 3.8132 -64.6675 -159.709
83 512.51 719.285 5 3.49375 -71.0418 -50.9822
84 512.93 719.557 5 3.22058 -83.4495 -123.877
85 513.349 719.829 5 3.00633 -74.5803 168.947
86 510.141 718.342 5 5.1306 -81.8799 5.09803
87 510.561 718.615 5 4.68923 -81.1836 -130.745
88 511.399 719.159 5 3.84975 -67.3829 -58.4471
89 511.819 719.432 5 3.46214 -58.5106 165.46
90 512.238 719.704 5 3.10681 -76.7591 -30.7033
91 512.657 719.976 5 2.79609 -76.591 -168.105
92 513.077 720.249 5 2.54636 -83.2074 -174.289
93 509.869 718.762 5 4.92636 -85.8167 141.095
94 510.288 719.034 5 4.46485 -85.8889 -120.187
95 511.127 719.579 5 3.57303 -86.7889 33.0824
96 511.546 719.851 5 3.15157 -78.5544 34.6484
97 511.966 720.123 5 2.75649 -49.4386 80.1291
98 512.385 720.396 5 2.40085 -63.3714 -152.626
99 512.804 720.668 5 2.10474 -64.488 163.02
100 509.597 719.181 5 4.76602 -76.4283 -120.415
101 510.016 719.453 5 4.28729 -98.1883 147.709
102 509.324 719.6 5 4.65413 -77.9641 97.9482
103 509.744 719.873 5 4.16255 -78.9012 165.161
104 509.052 720.02 5 4.59423 -86.4896 28.3919
105 509.471 720.292 5 4.09546 -81.7259 -46.5727
