1 514.644 719.84 5 4.5 -67.4007 149.187
2 514.371 720.259 5 4 -68.4863 21.8502
3 514.097 720.678 5 3.5 -62.5413 -44.0001
4 513.824 721.096 5 3 -68.3416 -65.1522
5 513.551 721.515 5 2.5 -52.1506 50.6438
6 513.278 721.934 5 2 -55.3551 62.3594
7 513.004 722.353 5 1.5 -37.4083 -128.972
8 512.731 722.771 5 1 -44.3868 -156.17
9 512.458 723.19 5 0.5 -31.3707 -37.59
10 512.185 723.609 5 0 -41.1745 -140.698
11 515.063 720.113 5 4.52769 -54.9689 178.419
12 514.789 720.532 5 4.03113 -53.5171 155.424
13 514.516 720.951 5 3.53553 -49.2553 148.293
14 514.243 721.37 5 3.04138 -47.2486 100.605
15 513.97 721.788 5 2.54951 -58.4408 32.7111
16 513.696 722.207 5 2.06155 -43.9417 85.0854
17 513.423 722.626 5 1.58114 -47.5818 -170.955
18 513.15 723.045 5 1.11803 -49.6661 44.2864
19 512.877 723.463 5 0.707107 -40.326 118.816
20 512.603 723.882 5 0.5 -31.7779 -8.23853
21 515.481 720.387 5 4.60977 -55.1134 -114.19
22 515.208 720.805 5 4.12311 -59.5869 127.735
23 514.935 721.224 5 3.64005 -52.5982 -34.3345
24 514.662 721.643 5 3.16228 -60.1958 179.548
25 514.388 722.062 5 2.69258 -48.5029 -117.854
26 514.115 722.48 5 2.23607 -53.1539 12.3932
27 513.842 722.899 5 1.80278 -44.2567 -146.638
28 513.568 723.318 5 1.41421 -46.8242 -125.679
29 513.295 723.737 5 1.11803 -42.0726 22.9859
30 513.022 724.155 5 1 -39.9887 13.9284
31 515.9 720.66 5 4.74342 -50.3553 2.85887
32 515.627 721.079 5 4.272 -55.594 141.945
33 515.353 721.497 5 3.80789 -58.5989 -69.1203
34 515.08 721.916 5 3.3541 -50.3581 51.0147
35 514.807 722.335 5 2.91548 -48.314 -92.1882
36 514.534 722.754 5 2.5 -47.2355 22.588
37 514.26 723.172 5 2.12132 -46.2287 0.0727062
38 513.987 723.591 5 1.80278 -47.3808 -141.3
39 516.319 720.933 5 4.92443 -53.7637 -61.5631
40 516.045 721.352 5 4.47214 -50.9843 68.4313
41 515.772 721.771 5 4.03113 -57.1469 -69.2594
42 515.499 722.189 5 3.60555 -46.0561 116.308
43 515.226 722.608 5 3.20156 -47.852 151.824
44 514.952 723.027 5 2.82843 -49.3879 122.365
45 514.679 723.446 5 2.5 -48.4054 31.3696
46 514.406 723.864 5 2.23607 -57.9249 3.62438
47 516.737 721.206 5 5.14782 -48.1224 -91.3196
48 516.464 721.625 5 4.71699 -75.0492 49.3782
49 516.191 722.044 5 4.30116 -55.9956 -97.4331
50 515.918 722.463 5 3.90512 -53.8705 -69.7654
51 515.644 722.881 5 3.53553 -51.4024 -112.936
52 515.371 723.3 5 3.20156 -49.2689 127.381
53 515.098 723.719 5 2.91548 -53.5072 -78.5245
54 514.825 724.138 5 2.69258 -55.5459 58.1188
55 517.156 721.48 5 5.40833 -61.1017 -44.5297
56 516.883 721.898 5 5 -58.1901 -8.64639
57 516.61 722.317 5 4.60977 -53.9639 19.355
58 516.336 722.736 5 4.24264 -53.614 -7.27654
59 516.063 723.155 5 3.90512 -53.3987 -108.135
60 515.79 723.573 5 3.60555 -51.2845 110.289
61 515.517 723.992 5 3.3541 -58.8739 -58.3225
62 515.243 724.411 5 3.16228 -52.3691 31.0341
63 517.575 721.753 5 5.70088 -50.5902 111.368
64 517.302 722.172 5 5.31507 -49.1028 174.253
65 517.028 722.59 5 4.94975 -53.7722 79.2506
66 516.755 723.009 5 4.60977 -53.7413 30.8348
67 516.482 723.428 5 4.30116 -52.3981 -106.235
68 516.209 723.847 5 4.03113 -61.7504 -81.3025
69 515.935 724.265 5 3.80789 -78.4252 -177.601
70 515.662 724.684 5 3.64006 -65.033 13.7889
71 517.994 722.026 5 6.0208 -51.2983 -63.6985
72 517.72 722.445 5 5.65685 -56.3279 -102.885
73 517.447 722.864 5 5.31507 -51.3209 136.441
74 517.174 723.282 5 5 -60.1977 -18.589
75 516.901 723.701 5 4.71699 -54.7555 53.8114
76 516.627 724.12 5 4.47214 -75.9681 81.5628
77 516.354 724.539 5 4.272 -68.0714 -75.2933
78 516.081 724.957 5 4.12311 -64.728 152.321
