1 509.951 714.045 5 10.6189 -61.7219 -141.104
2 510.37 714.318 5 10.145 -69.0382 -179.604
3 510.79 714.59 5 9.67376 -70.3341 20.0322
4 511.209 714.862 5 9.20554 -59.5519 -18.5925
5 511.628 715.135 5 8.74085 -59.4579 -106.391
6 512.048 715.407 5 8.28026 -57.8182 171.671
7 512.467 715.679 5 7.82452 -61.2752 31.5819
8 512.886 715.952 5 7.37452 -61.4875 -168.301
9 513.306 716.224 5 6.93137 -55.042 65.0437
10 513.725 716.496 5 6.49648 -64.1664 48.4753
11 514.144 716.769 5 6.07162 -58.5337 -142.639
12 514.564 717.041 5 5.65906 -86.2092 59.9495
13 514.983 717.313 5 5.26168 -93.5623 67.0977
14 509.679 714.465 5 10.4738 -68.0408 157.981
15 510.098 714.737 5 9.99303 -62.5465 53.5069
16 510.517 715.009 5 9.51425 -61.7959 -81.3854
17 510.937 715.282 5 9.03778 -61.588 27.998
18 511.356 715.554 5 8.56398 -60.3625 -15.182
19 511.775 715.826 5 8.09334 -70.8528 -98.5596
20 512.195 716.099 5 7.62643 -59.9688 132.74
21 512.614 716.371 5 7.164 -61.9186 153.489
22 513.033 716.643 5 6.70695 -63.6171 -7.11304
23 513.453 716.916 5 6.25648 -77.6241 -174.627
24 513.872 717.188 5 5.81412 -73.8265 -14.4615
25 514.291 717.46 5 5.38185 -63.7303 11.4054
26 514.711 717.733 5 4.96233 -50.7879 -153.951
27 509.406 714.884 5 10.3508 -66.0244 -114.044
28 509.826 715.156 5 9.86408 -65.232 53.7857
29 510.245 715.429 5 9.37872 -62.1114 70.4754
30 510.664 715.701 5 8.89499 -76.5365 96.9749
31 511.084 715.973 5 8.41315 -64.0817 23.7019
32 511.503 716.246 5 7.93357 -68.5571 11.4987
33 511.922 716.518 5 7.45667 -67.9808 144.704
34 512.342 716.79 5 6.983 -68.0179 -168.325
35 512.761 717.063 5 6.51326 -64.2208 137.466
36 513.18 717.335 5 6.04839 -51.1442 96.8453
37 513.6 717.607 5 5.58957 -64.61 123.448
38 514.019 717.88 5 5.13845 -58.0735 -148.022
39 514.438 718.152 5 4.69724 -68.7843 68.6897
40 509.134 715.303 5 10.2508 -64.0317 -152.255
41 509.553 715.576 5 9.75907 -57.1524 -150.362
42 509.973 715.848 5 9.26821 -65.9957 118.761
43 510.392 716.12 5 8.77839 -74.598 13.2954
44 510.811 716.393 5 8.28978 -75.6064 -16.5895
45 511.231 716.665 5 7.80262 -70.6894 -3.39481
46 511.65 716.937 5 7.31719 -72.7302 -72.4418
47 512.069 717.21 5 6.83386 -68.3315 40.0722
48 512.489 717.482 5 6.35311 -69.0524 -148.86
49 512.908 717.754 5 5.87557 -73.763 -155.145
50 513.327 718.027 5 5.4021 -63.6352 -63.8122
51 513.747 718.299 5 4.93387 -58.6188 14.4564
52 514.166 718.571 5 4.47252 -57.0034 70.5778
53 508.862 715.723 5 10.1744 -63.9974 57.9253
54 509.281 715.995 5 9.67878 -80.8746 -168.97
55 509.7 716.267 5 9.18364 -77.0048 164.031
56 510.12 716.54 5 8.68905 -73.7782 -17.8255
57 510.539 716.812 5 8.19511 -67.4185 46.7222
58 510.958 717.084 5 7.70196 -61.1172 54.4692
59 511.378 717.357 5 7.20976 -64.4299 -68.8245
60 511.797 717.629 5 6.7187 -73.9761 76.0119
61 512.216 717.901 5 6.22907 -65.0126 -80.2151
62 512.636 718.174 5 5.74123 -63.2954 -72.9179
63 513.055 718.446 5 5.25567 -62.2671 -139.072
64 513.474 718.718 5 4.7731 -60.6918 96.8332
65 513.894 718.991 5 4.29451 -49.6333 174.549
66 508.589 716.142 5 10.1221 -68.7308 166.52
67 509.009 716.414 5 9.62383 -67.6827 106.023
68 509.428 716.687 5 9.12571 -64.567 -151.88
69 509.847 716.959 5 8.6278 -64.4454 -106.47
70 510.267 717.231 5 8.13015 -65.1962 -139.422
71 510.686 717.504 5 7.6328 -70.9767 158.879
72 511.105 717.776 5 7.13583 -61.5571 -31.6394
73 511.525 718.048 5 6.63931 -66.6762 -151.892
74 511.944 718.321 5 6.14335 -62.135 163.587
75 512.363 718.593 5 5.64811 -60.877 100.353
76 512.783 718.865 5 5.15378 -58.3714 -149.114
77 513.202 719.138 5 4.66067 -55.046 113.329
78 513.621 719.41 5 4.1692 -56.0088 76.8558
79 510.414 717.923 5 7.59599 -60.6739 -35.3126
80 510.833 718.195 5 7.09644 -61.4976 -53.1787
81 511.672 718.74 5 6.09755 -56.0231 -85.0786
82 512.091 719.012 5 5.59826 -58.2004 62.507
83 512.51 719.285 5 5.0991 -64.3113 -87.1123
84 512.93 719.557 5 4.60013 -58.1822 -61.6543
85 513.349 719.829 5 4.10141 -57.3389 -72.8729
86 510.141 718.342 5 7.592 -64.088 89.5859
87 510.561 718.615 5 7.09216 -77.6351 58.2789
88 511.399 719.159 5 6.09258 -55.1354 25.8144
89 511.819 719.432 5 5.59284 -55.0738 32.7869
90 512.238 719.704 5 5.09316 -57.7995 -63.8453
91 512.657 719.976 5 4.59354 -61.1173 96.9488
92 513.077 720.249 5 4.09402 -53.5584 1.73854
93 509.869 718.762 5 7.62088 -84.9785 125.11
94 510.288 719.034 5 7.12307 -90.2252 -126.206
95 511.127 719.579 5 6.12853 -63.8319 -159.633
96 511.546 719.851 5 5.63198 -60.198 102.721
97 511.966 720.123 5 5.13611 -62.8416 40.3544
98 512.385 720.396 5 4.64112 -66.1357 140.441
99 512.804 720.668 5 4.14733 -58.0151 -177.864
100 509.597 719.181 5 7.68226 -86.0569 170.012
101 510.016 719.453 5 7.18871 -88.4365 -89.2748
102 509.324 719.6 5 7.77538 -91.2569 -176.005
103 509.744 719.873 5 7.28814 -110.043 164.78
104 509.052 720.02 5 7.89911 -89.9074 -142.042
105 509.471 720.292 5 7.41999 -100.185 -91.9312
