1 505.473 717.831 5 9.86827 -106.165 -76.1686
2 505.747 717.412 5 9.81303 -114.648 46.2014
3 506.02 716.994 5 9.78306 -114.839 100.464
4 506.294 716.575 5 9.7786 -116.073 160.671
5 506.567 716.157 5 9.79968 -101.324 -68.6727
6 505.891 718.104 5 9.37313 -100.044 -169.157
7 506.165 717.686 5 9.31495 -106.64 30.7957
8 506.439 717.267 5 9.28337 -105.862 -174.328
9 506.712 716.849 5 9.27867 -106.042 -152.086
10 506.986 716.43 5 9.30089 -105.604 -124.734
11 506.31 718.378 5 8.87853 -107.146 37.1752
12 506.584 717.96 5 8.81709 -102.462 35.6893
13 506.857 717.541 5 8.78372 -117.065 169.49
14 507.131 717.123 5 8.77876 -119.755 -78.2511
15 507.404 716.704 5 8.80223 -101.923 71.7549
16 506.728 718.652 5 8.38457 -105.578 117.283
17 507.002 718.233 5 8.31948 -110.941 -79.7903
18 507.276 717.815 5 8.28411 -109.589 -145.349
19 507.549 717.396 5 8.27885 -99.7697 -12.8597
20 507.823 716.978 5 8.30374 -108.026 12.3374
21 507.147 718.925 5 7.89137 -121.037 148.662
22 507.421 718.507 5 7.82218 -121.719 37.4453
23 507.694 718.088 5 7.78455 -100.276 -134.99
24 507.968 717.67 5 7.77895 -105.061 -85.2587
25 508.241 717.251 5 7.80544 -122.721 91.5053
26 507.565 719.199 5 7.39909 -134.011 62.707
27 507.839 718.78 5 7.32525 -100.446 87.5214
28 508.113 718.362 5 7.28506 -100.489 161.241
29 508.386 717.943 5 7.27907 -112.478 -29.9372
30 508.66 717.525 5 7.30736 -115.649 139.713
31 507.984 719.472 5 6.90791 -97.5731 -21.2334
32 508.258 719.054 5 6.82877 -123.487 39.7161
33 508.531 718.635 5 6.78563 -105.569 154.375
34 508.805 718.217 5 6.7792 -101.356 -18.7093
35 509.078 717.798 5 6.80958 -105.089 70.8814
36 508.402 719.746 5 6.4181 -121.463 -21.1118
37 508.676 719.328 5 6.33283 -116.571 -139.532
38 508.95 718.909 5 6.2863 -128.466 -121.258
39 509.223 718.491 5 6.27936 -163.693 44.9448
40 509.497 718.072 5 6.31214 -250 0
