1 514.644 719.84 5 3.53553 -54.9355 -90.695
2 514.371 720.259 5 3.20156 -47.9416 109.187
3 514.097 720.678 5 2.91548 -49.4968 -122.884
4 513.824 721.096 5 2.69258 -56.9253 177.606
5 513.551 721.515 5 2.54951 -49.4571 94.4969
6 513.278 721.934 5 2.5 -56.9885 4.27853
7 513.004 722.353 5 2.54951 -48.0337 -154.385
8 512.731 722.771 5 2.69258 -45.8752 153.909
9 512.458 723.19 5 2.91548 -61.562 178.898
10 512.185 723.609 5 3.20156 -48.6892 126.184
11 515.063 720.113 5 3.20156 -48.5134 154.859
12 514.789 720.532 5 2.82843 -48.5275 -176.281
13 514.516 720.951 5 2.5 -52.6946 -14.1457
14 514.243 721.37 5 2.23607 -43.9542 37.8349
15 513.97 721.788 5 2.06155 -44.5889 -144.932
16 513.696 722.207 5 2 -46.5924 -13.4467
17 513.423 722.626 5 2.06155 -44.0004 169.616
18 513.15 723.045 5 2.23607 -48.1244 20.2257
19 512.877 723.463 5 2.5 -47.0237 16.6792
20 512.603 723.882 5 2.82843 -55.0814 -178.231
21 515.481 720.387 5 2.91548 -49.845 -157.288
22 515.208 720.805 5 2.5 -45.0574 10.2806
23 514.935 721.224 5 2.12132 -45.1256 1.57509
24 514.662 721.643 5 1.80278 -49.1515 166.585
25 514.388 722.062 5 1.58114 -45.9211 123.473
26 514.115 722.48 5 1.5 -44.4665 5.5361
27 513.842 722.899 5 1.58114 -42.7642 129.775
28 513.568 723.318 5 1.80278 -41.9949 -139.609
29 513.295 723.737 5 2.12132 -54.6282 -8.80166
30 513.022 724.155 5 2.5 -53.1219 48.6027
31 515.9 720.66 5 2.69258 -45.9756 172.154
32 515.627 721.079 5 2.23607 -53.1834 -53.2551
33 515.353 721.497 5 1.80278 -44.9115 -146.776
34 515.08 721.916 5 1.41421 -43.3427 -166.771
35 514.807 722.335 5 1.11803 -39.9761 36.8982
36 514.534 722.754 5 1 -42.498 18.9467
37 514.26 723.172 5 1.11803 -40.2475 43.2227
38 513.987 723.591 5 1.41421 -40.1685 -132.777
39 516.319 720.933 5 2.54951 -44.5003 -146.617
40 516.045 721.352 5 2.06155 -42.6044 -172.077
41 515.772 721.771 5 1.58114 -44.2015 141.145
42 515.499 722.189 5 1.11803 -45.155 26.462
43 515.226 722.608 5 0.707107 -35.5522 119.234
44 514.952 723.027 5 0.5 -35.6548 1.7221
45 514.679 723.446 5 0.707107 -36.1829 111.312
46 514.406 723.864 5 1.11803 -42.0155 149.558
47 516.737 721.206 5 2.5 -42.505 -9.63473
48 516.464 721.625 5 2 -40.5761 -15.8387
49 516.191 722.044 5 1.5 -41.3216 -22.6873
50 515.918 722.463 5 1 -38.2939 -20.4997
51 515.644 722.881 5 0.5 -32.9176 -10.5688
52 515.371 723.3 5 0 -47.7692 -7.34303
53 515.098 723.719 5 0.5 -32.1311 -11.1615
54 514.825 724.138 5 1 -37.9042 -154.699
55 517.156 721.48 5 2.54951 -41.6963 -116.707
56 516.883 721.898 5 2.06155 -45.6086 -159.063
57 516.61 722.317 5 1.58114 -44.0882 155.661
58 516.336 722.736 5 1.11803 -43.9787 10.3135
59 516.063 723.155 5 0.707107 -36.0067 143.347
60 515.79 723.573 5 0.5 -37.3518 -3.06056
61 515.517 723.992 5 0.707107 -35.8582 118.389
62 515.243 724.411 5 1.11803 -36.9642 175.971
63 517.575 721.753 5 2.69258 -49.8191 163.264
64 517.302 722.172 5 2.23607 -45.7743 -3.71216
65 517.028 722.59 5 1.80278 -41.8119 -128.054
66 516.755 723.009 5 1.41421 -43.6858 -130.588
67 516.482 723.428 5 1.11803 -39.9833 45.3071
68 516.209 723.847 5 1 -41.5065 -20.4454
69 515.935 724.265 5 1.11803 -43.812 19.0134
70 515.662 724.684 5 1.41421 -45.254 -125.386
71 517.994 722.026 5 2.91548 -43.598 -152.293
72 517.72 722.445 5 2.5 -44.6444 -33.0366
73 517.447 722.864 5 2.12132 -42.7382 27.7641
74 517.174 723.282 5 1.80278 -45.2546 -154.004
75 516.901 723.701 5 1.58114 -42.757 130.953
76 516.627 724.12 5 1.5 -47.4255 -4.20298
77 516.354 724.539 5 1.58114 -41.7319 126.297
78 516.081 724.957 5 1.80278 -48.4893 -151.434
