1 505.473 717.831 5 9.77984 -109.452 -100.36
2 505.747 717.412 5 9.80092 -114.078 82.1256
3 506.02 716.994 5 9.84737 -123.917 176.205
4 506.294 716.575 5 9.91885 -125.483 28.1518
5 506.567 716.157 5 10.0148 -126.207 -88.7703
6 505.891 718.104 5 9.27991 -111.34 -138.436
7 506.165 717.686 5 9.30213 -116.188 67.6174
8 506.439 717.267 5 9.35106 -125.517 173.914
9 506.712 716.849 5 9.4263 -131.535 150.494
10 506.986 716.43 5 9.52721 -125.094 -26.569
11 506.31 718.378 5 8.77999 -112.741 132.764
12 506.584 717.96 5 8.80347 -117.401 -2.32749
13 506.857 717.541 5 8.85516 -118.475 -26.5668
14 507.131 717.123 5 8.93457 -120.3 150.575
15 507.404 716.704 5 9.04098 -134.399 143.434
16 506.728 718.652 5 8.28008 -114.481 92.4392
17 507.002 718.233 5 8.30497 -115.47 -107.373
18 507.276 717.815 5 8.35974 -118.851 -130.788
19 507.549 717.396 5 8.44382 -115.396 164.175
20 507.823 716.978 5 8.55633 -132.689 146.915
21 507.147 718.925 5 7.78019 -120.173 -87.0518
22 507.421 718.507 5 7.80667 -126.498 131.951
23 507.694 718.088 5 7.86491 -139.131 160.582
24 507.968 717.67 5 7.95422 -128.131 79.383
25 508.241 717.251 5 8.07356 -124.218 -174.171
26 507.565 719.199 5 7.2803 -120.499 -25.8954
27 507.839 718.78 5 7.3086 -130.011 119.04
28 508.113 718.362 5 7.37078 -126.016 -56.0258
29 508.386 717.943 5 7.466 -123.258 -164.361
30 508.66 717.525 5 7.59302 -141.664 -82.2837
31 507.984 719.472 5 6.78044 -129.06 -175.051
32 508.258 719.054 5 6.81081 -126.896 -160.956
33 508.531 718.635 5 6.87749 -126.723 -167.419
34 508.805 718.217 5 6.97944 -133.756 94.5845
35 509.078 717.798 5 7.11515 -142.595 -59.5371
36 508.402 719.746 5 6.28059 -117.571 -0.161357
37 508.676 719.328 5 6.31337 -134.539 -94.6218
38 508.95 718.909 5 6.38525 -131.041 60.9474
39 509.223 718.491 5 6.49493 -148.223 -73.2791
40 509.497 718.072 5 6.64055 -250 0
