1 505.473 717.831 5 11.4257 -100.711 41.8826
2 505.747 717.412 5 11.356 -102.15 -122.833
3 506.02 716.994 5 11.308 -98.8527 -18.2769
4 506.294 716.575 5 11.2819 -110.159 24.3082
5 506.567 716.157 5 11.278 -104.123 122.361
6 505.891 718.104 5 10.9325 -108.425 -28.571
7 506.165 717.686 5 10.8596 -103.242 149.999
8 506.439 717.267 5 10.8094 -105.875 1.27909
9 506.712 716.849 5 10.7821 -105.817 119.211
10 506.986 716.43 5 10.778 -106.358 170.424
11 506.31 718.378 5 10.44 -117.706 -152.505
12 506.584 717.96 5 10.3636 -110.024 -175.249
13 506.857 717.541 5 10.311 -103.028 -13.9178
14 507.131 717.123 5 10.2824 -111.766 102.378
15 507.404 716.704 5 10.2781 -109.934 -156.664
16 506.728 718.652 5 9.94819 -124.008 4.72496
17 507.002 718.233 5 9.86803 -120.29 22.492
18 507.276 717.815 5 9.81272 -109.567 -8.34355
19 507.549 717.396 5 9.78269 -103.157 161.945
20 507.823 716.978 5 9.77817 -106.681 -96.3387
21 507.147 718.925 5 9.45725 -114.861 -68.7136
22 507.421 718.507 5 9.37289 -123.639 -123.67
23 507.694 718.088 5 9.31465 -118.393 173.707
24 507.968 717.67 5 9.28301 -103.13 -6.04751
25 508.241 717.251 5 9.27824 -102.948 -41.17
26 507.565 719.199 5 8.96732 -134.475 -124.218
27 507.839 718.78 5 8.87831 -127.565 -62.8897
28 508.113 718.362 5 8.81679 -95.7123 102.675
29 508.386 717.943 5 8.78336 -117.98 -104.757
30 508.66 717.525 5 8.77832 -104.317 -10.756
31 507.984 719.472 5 8.47856 -117.794 -160.571
32 508.258 719.054 5 8.38436 -117.182 -84.3013
33 508.531 718.635 5 8.3192 -115.512 -35.5752
34 508.805 718.217 5 8.28375 -122.559 -84.4115
35 509.078 717.798 5 8.27841 -127.73 137.479
36 508.402 719.746 5 7.99119 -118.901 -14.5679
37 508.676 719.328 5 7.89118 -108.184 -70.3166
38 508.95 718.909 5 7.8219 -250 0
39 509.223 718.491 5 7.7842 -250 0
40 509.497 718.072 5 7.77851 -250 0
