1 509.951 714.045 5 11.3304 -65.1954 63.7557
2 510.37 714.318 5 10.8414 -69.2525 142.393
3 510.79 714.59 5 10.3535 -78.549 167.852
4 511.209 714.862 5 9.86672 -67.4119 66.4237
5 511.628 715.135 5 9.38139 -74.5369 -100.516
6 512.048 715.407 5 8.89767 -70.7366 -98.5684
7 512.467 715.679 5 8.41586 -77.2386 42.6396
8 512.886 715.952 5 7.9363 -75.7021 -86.0292
9 513.306 716.224 5 7.45943 -85.6404 -171.005
10 513.725 716.496 5 6.98579 -89.3076 175.15
11 514.144 716.769 5 6.51609 -69.6577 14.5753
12 514.564 717.041 5 6.05125 -100.571 -58.5839
13 514.983 717.313 5 5.59248 -101.607 -130.522
14 509.679 714.465 5 11.239 -62.4253 -125.328
15 510.098 714.737 5 10.7458 -65.3272 -121.073
16 510.517 715.009 5 10.2534 -66.5258 53.4408
17 510.937 715.282 5 9.76163 -65.5178 78.8592
18 511.356 715.554 5 9.27079 -66.6844 142.663
19 511.775 715.826 5 8.78099 -69.1134 94.8025
20 512.195 716.099 5 8.2924 -72.3325 116.303
21 512.614 716.371 5 7.80526 -80.6349 -160.681
22 513.033 716.643 5 7.31986 -67.9806 165.552
23 513.453 716.916 5 6.83655 -77.8136 131.13
24 513.872 717.188 5 6.35583 -68.6483 -56.5147
25 514.291 717.46 5 5.87833 -67.2962 -77.7019
26 514.711 717.733 5 5.4049 -67.1695 -157.681
27 509.406 714.884 5 11.1692 -70.7149 140.696
28 509.826 715.156 5 10.6729 -65.5823 155.887
29 510.245 715.429 5 10.1769 -63.9986 167.005
30 510.664 715.701 5 9.68125 -60.1091 -118.544
31 511.084 715.973 5 9.18612 -60.7281 -121.282
32 511.503 716.246 5 8.69154 -69.4422 171.157
33 511.922 716.518 5 8.19763 -59.2459 -1.80551
34 512.342 716.79 5 7.7045 -64.4579 87.7781
35 512.761 717.063 5 7.21231 -68.2491 173.36
36 513.18 717.335 5 6.72128 -76.6533 158.381
37 513.6 717.607 5 6.23168 -71.8994 -69.6445
38 514.019 717.88 5 5.74387 -62.6041 16.6215
39 514.438 718.152 5 5.25834 -76.4135 -98.9515
40 509.134 715.303 5 11.1216 -64.341 -154.313
41 509.553 715.576 5 10.623 -71.3087 -171.452
42 509.973 715.848 5 10.1245 -69.9809 144.857
43 510.392 716.12 5 9.6262 -63.9073 -146.67
44 510.811 716.393 5 9.12809 -57.5079 -119.482
45 511.231 716.665 5 8.63019 -56.9383 -134.957
46 511.65 716.937 5 8.13255 -55.7088 -124.986
47 512.069 717.21 5 7.63521 -55.1807 -135.106
48 512.489 717.482 5 7.13825 -51.6988 -140.855
49 512.908 717.754 5 6.64175 -60.4529 -132.122
50 513.327 718.027 5 6.14581 -57.8204 -136.944
51 513.747 718.299 5 5.65059 -68.6431 -91.4879
52 514.166 718.571 5 5.15629 -68.4805 137.177
53 508.862 715.723 5 11.0962 -67.8256 -69.2694
54 509.281 715.995 5 10.5964 -70.1737 -80.0117
55 509.7 716.267 5 10.0967 -64.6088 -88.5966
56 510.12 716.54 5 9.59692 -65.1895 -50.0739
57 510.539 716.812 5 9.0972 -66.468 -48.219
58 510.958 717.084 5 8.59752 -62.896 -5.57396
59 511.378 717.357 5 8.09787 -65.4195 4.36294
60 511.797 717.629 5 7.59827 -71.442 89.4314
61 512.216 717.901 5 7.09872 -61.55 -146.758
62 512.636 718.174 5 6.59924 -66.5225 -88.7909
63 513.055 718.446 5 6.09985 -81.1281 77.1811
64 513.474 718.718 5 5.60057 -65.9802 -135.362
65 513.894 718.991 5 5.10142 -63.4194 167.449
66 508.589 716.142 5 11.0934 -61.0929 176.074
67 509.009 716.414 5 10.5935 -58.7964 -82.988
68 509.428 716.687 5 10.0936 -63.9115 -110.953
69 509.847 716.959 5 9.59365 -65.358 -6.30052
70 510.267 717.231 5 9.09375 -67.4228 -65.9407
71 510.686 717.504 5 8.59386 -71.099 -84.6901
72 511.105 717.776 5 8.09399 -74.7585 9.27728
73 511.525 718.048 5 7.59413 -62.1742 -95.0076
74 511.944 718.321 5 7.09429 -68.315 7.23283
75 512.363 718.593 5 6.59448 -68.2075 160.281
76 512.783 718.865 5 6.0947 -65.6196 142.153
77 513.202 719.138 5 5.59496 -70.8304 120.333
78 513.621 719.41 5 5.09526 -79.196 100.406
79 510.414 717.923 5 8.61926 -66.7423 -43.3112
80 510.833 718.195 5 8.12095 -72.8052 28.8219
81 511.672 718.74 5 7.12504 -59.7465 130.621
82 512.091 719.012 5 6.62755 -68.1952 -109.988
83 512.51 719.285 5 6.13046 -64.3001 -158.924
84 512.93 719.557 5 5.63389 -57.8484 81.2319
85 513.349 719.829 5 5.13799 -56.8881 -17.322
86 510.141 718.342 5 8.67346 -85.0582 -11.5831
87 510.561 718.615 5 8.17845 -86.5691 -173.11
88 511.399 719.159 5 7.19051 -62.3844 -177.832
89 511.819 719.432 5 6.69788 -59.2659 33.7743
90 512.238 719.704 5 6.20643 -50.3931 25.4503
91 512.657 719.976 5 5.71646 -50.8932 -57.8421
92 513.077 720.249 5 5.22839 -50.6816 -130.479
93 509.869 718.762 5 8.75592 -88.8784 -101.49
94 510.288 719.034 5 8.26585 -89.1003 118.673
95 511.127 719.579 5 7.28976 -56.9756 -16.0787
96 511.546 719.851 5 6.80432 -52.5487 -107.531
97 511.966 720.123 5 6.32115 -62.8828 -43.8526
98 512.385 720.396 5 5.84081 -61.1192 -98.2922
99 512.804 720.668 5 5.36407 -52.0012 -157.933
100 509.597 719.181 5 8.86585 -91.5058 -29.6723
101 510.016 719.453 5 8.38221 -97.6639 -134.061
102 509.324 719.6 5 9.00225 -91.9216 -67.8705
103 509.744 719.873 5 8.52635 -108.648 177.632
104 509.052 720.02 5 9.16393 -90.7225 -51.4301
105 509.471 720.292 5 8.69688 -93.2173 -73.3456
