1 509.951 714.045 5 9.86596 -67.5137 51.5108
2 510.37 714.318 5 9.38058 -61.8844 -118.602
3 510.79 714.59 5 8.89682 -60.8603 11.9335
4 511.209 714.862 5 8.41496 -76.7606 14.7672
5 511.628 715.135 5 7.93535 -67.1007 22.8683
6 512.048 715.407 5 7.45841 -60.482 -21.3801
7 512.467 715.679 5 6.98471 -69.9767 -30.0713
8 512.886 715.952 5 6.51493 -58.5146 8.85055
9 513.306 716.224 5 6.05 -62.5033 -93.6515
10 513.725 716.496 5 5.59112 -60.5041 178.6
11 514.144 716.769 5 5.13992 -61.8881 64.0336
12 514.564 717.041 5 4.69861 -102.285 92.9388
13 514.983 717.313 5 4.27026 -107.573 -147.025
14 509.679 714.465 5 9.76102 -68.8743 27.3061
15 510.098 714.737 5 9.27015 -55.2988 -69.3838
16 510.517 715.009 5 8.78031 -65.0529 97.5153
17 510.937 715.282 5 8.29169 -62.8618 27.0988
18 511.356 715.554 5 7.8045 -64.5443 113.486
19 511.775 715.826 5 7.31904 -66.7256 -36.6031
20 512.195 716.099 5 6.83568 -67.3398 -17.9621
21 512.614 716.371 5 6.3549 -77.4993 -105.357
22 513.033 716.643 5 5.87732 -68.7274 -93.1228
23 513.453 716.916 5 5.4038 -63.5943 -178.981
24 513.872 717.188 5 4.93551 -59.3008 -80.0387
25 514.291 717.46 5 4.47409 -58.1281 167.056
26 514.711 717.733 5 4.02189 -57.7318 30.6786
27 509.406 714.884 5 9.68081 -63.0738 130.544
28 509.826 715.156 5 9.18565 -65.3407 -1.72957
29 510.245 715.429 5 8.69105 -78.4596 -163.265
30 510.664 715.701 5 8.19711 -61.4379 -5.65285
31 511.084 715.973 5 7.70394 -56.9168 -27.0232
32 511.503 716.246 5 7.21172 -62.0477 -150.462
33 511.922 716.518 5 6.72064 -67.8848 -155.385
34 512.342 716.79 5 6.23099 -83.9356 -90.1415
35 512.761 717.063 5 5.74312 -62.4871 -149.141
36 513.18 717.335 5 5.25753 -66.7172 -172.206
37 513.6 717.607 5 4.77491 -66.9595 6.4814
38 514.019 717.88 5 4.29627 -63.5077 148.688
39 514.438 718.152 5 3.8231 -59.8176 47.9201
40 509.134 715.303 5 9.62593 -60.6093 173.068
41 509.553 715.576 5 9.1278 -59.9143 121.241
42 509.973 715.848 5 8.62988 -59.2272 123.086
43 510.392 716.12 5 8.13222 -58.8088 131.464
44 510.811 716.393 5 7.63487 -59.588 122.168
45 511.231 716.665 5 7.13788 -56.1432 137.226
46 511.65 716.937 5 6.64135 -55.4681 125.823
47 512.069 717.21 5 6.14538 -59.9508 167.191
48 512.489 717.482 5 5.65012 -56.9234 168.383
49 512.908 717.754 5 5.15578 -54.4868 164.121
50 513.327 718.027 5 4.66264 -53.7225 61.5049
51 513.747 718.299 5 4.17114 -61.5477 65.1858
52 514.166 718.571 5 3.68192 -53.8803 53.4558
53 508.862 715.723 5 9.59682 -65.7519 122.436
54 509.281 715.995 5 9.0971 -66.7241 -167.628
55 509.7 716.267 5 8.5974 -62.9473 -144.649
56 510.12 716.54 5 8.09775 -56.8876 169.431
57 510.539 716.812 5 7.59814 -62.7043 152.033
58 510.958 717.084 5 7.09858 -75.8529 45.0099
59 511.378 717.357 5 6.59909 -61.1149 165.922
60 511.797 717.629 5 6.09969 -60.7866 172.13
61 512.216 717.901 5 5.60039 -57.3719 171.323
62 512.636 718.174 5 5.10123 -59.0201 -173.269
63 513.055 718.446 5 4.60225 -56.3336 70.04
64 513.474 718.718 5 4.10352 -57.0595 -64.9635
65 513.894 718.991 5 3.60514 -55.7363 -29.5545
66 508.589 716.142 5 9.59372 -61.2364 33.0449
67 509.009 716.414 5 9.09382 -62.7807 56.1195
68 509.428 716.687 5 8.59394 -66.7324 20.3067
69 509.847 716.959 5 8.09407 -67.3347 25.364
70 510.267 717.231 5 7.59422 -74.5002 38.2921
71 510.686 717.504 5 7.09439 -63.5126 -23.0608
72 511.105 717.776 5 6.59458 -56.1433 159.92
73 511.525 718.048 5 6.09481 -60.005 -172.35
74 511.944 718.321 5 5.59507 -61.3956 30.804
75 512.363 718.593 5 5.09539 -69.951 -84.9932
76 512.783 718.865 5 4.59578 -69.6196 -36.35
77 513.202 719.138 5 4.09626 -80.7479 58.9912
78 513.621 719.41 5 3.59688 -73.4657 -167.82
79 510.414 717.923 5 7.12536 -58.5449 -130.349
80 510.833 718.195 5 6.62789 -66.9732 -84.3286
81 511.672 718.74 5 5.6343 -70.2864 -153.544
82 512.091 719.012 5 5.13843 -59.5922 -97.0805
83 512.51 719.285 5 4.64345 -53.4186 177.011
84 512.93 719.557 5 4.14968 -53.8136 150.796
85 513.349 719.829 5 3.65759 -50.8185 104.792
86 510.141 718.342 5 7.19105 -72.2735 165.75
87 510.561 718.615 5 6.69847 -69.9969 -109.628
88 511.399 719.159 5 5.71715 -58.2888 -43.5553
89 511.819 719.432 5 5.22914 -52.2217 -67.5848
90 512.238 719.704 5 4.74364 -53.0784 -172.12
91 512.657 719.976 5 4.26149 -54.6712 -106.936
92 513.077 720.249 5 3.78397 -50.0597 107.132
93 509.869 718.762 5 7.29052 -92.8365 -58.4232
94 510.288 719.034 5 6.80514 -76.5468 -95.9955
95 511.127 719.579 5 5.84177 -61.7985 96.2011
96 511.546 719.851 5 5.36511 -57.2281 -88.7215
97 511.966 720.123 5 4.89312 -65.1485 134.411
98 512.385 720.396 5 4.42728 -59.1006 -73.2919
99 512.804 720.668 5 3.96975 -46.5845 -110.166
100 509.597 719.181 5 7.42241 -79.508 24.3617
101 510.016 719.453 5 6.94625 -94.3349 30.2271
102 509.324 719.6 5 7.58503 -95.3583 -46.216
103 509.744 719.873 5 7.11975 -88.4816 173.285
104 509.052 720.02 5 7.77645 -85.2714 -32.1269
105 509.471 720.292 5 7.32334 -86.1377 -135.516
