1 514.644 719.84 5 2.91548 -45.6479 -157.862
2 514.371 720.259 5 2.5 -44.9868 19.3735
3 514.097 720.678 5 2.12132 -49.5524 28.0558
4 513.824 721.096 5 1.80278 -48.3135 -45.3937
5 513.551 721.515 5 1.58114 -45.2067 -10.837
6 513.278 721.934 5 1.5 -48.8002 -3.60307
7 513.004 722.353 5 1.58114 -40.9061 80.4099
8 512.731 722.771 5 1.80278 -43.4007 -127.18
9 512.458 723.19 5 2.12132 -50.9804 -96.435
10 512.185 723.609 5 2.5 -45.3082 25.6431
11 515.063 720.113 5 2.69258 -47.995 140.634
12 514.789 720.532 5 2.23607 -44.6999 20.0017
13 514.516 720.951 5 1.80278 -45.1175 -152.982
14 514.243 721.37 5 1.41421 -41.5862 -124.404
15 513.97 721.788 5 1.11803 -45.8694 38.2167
16 513.696 722.207 5 1 -43.3091 15.6485
17 513.423 722.626 5 1.11803 -41.135 44.8366
18 513.15 723.045 5 1.41421 -43.4159 -171.1
19 512.877 723.463 5 1.80278 -46.6549 174.762
20 512.603 723.882 5 2.23607 -43.9617 36.5516
21 515.481 720.387 5 2.54951 -48.816 -122.538
22 515.208 720.805 5 2.06155 -41.9233 -162.927
23 514.935 721.224 5 1.58114 -45.0806 152.892
24 514.662 721.643 5 1.11803 -40.8459 -11.5491
25 514.388 722.062 5 0.707107 -38.3305 117.333
26 514.115 722.48 5 0.5 -34.2002 -2.86765
27 513.842 722.899 5 0.707107 -37.5152 107.454
28 513.568 723.318 5 1.11803 -41.245 27.1091
29 513.295 723.737 5 1.58114 -47.3012 68.1364
30 513.022 724.155 5 2.06155 -46.4896 -138.958
31 515.9 720.66 5 2.5 -47.842 -15.8433
32 515.627 721.079 5 2 -49.5591 24.0984
33 515.353 721.497 5 1.5 -44.843 9.66331
34 515.08 721.916 5 1 -38.2485 6.91956
35 514.807 722.335 5 0.5 -35.0919 11.7087
36 514.534 722.754 5 0 -45.227 122.785
37 514.26 723.172 5 0.5 -33.8562 8.1816
38 513.987 723.591 5 1 -39.5882 8.34851
39 516.319 720.933 5 2.54951 -43.1486 -96.4679
40 516.045 721.352 5 2.06155 -47.0315 -123.184
41 515.772 721.771 5 1.58114 -51.8867 88.983
42 515.499 722.189 5 1.11803 -37.5888 14.1418
43 515.226 722.608 5 0.707107 -37.5098 117.264
44 514.952 723.027 5 0.5 -33.9853 -7.29489
45 514.679 723.446 5 0.707107 -37.9683 126.186
46 514.406 723.864 5 1.11803 -41.4057 136.995
47 516.737 721.206 5 2.69258 -50.3372 -173.3
48 516.464 721.625 5 2.23607 -47.2067 21.3317
49 516.191 722.044 5 1.80278 -49.2833 -159.136
50 515.918 722.463 5 1.41421 -46.3384 -73.3067
51 515.644 722.881 5 1.11803 -45.5548 24.2949
52 515.371 723.3 5 1 -45.6247 0.445293
53 515.098 723.719 5 1.11803 -48.2953 -2.18059
54 514.825 724.138 5 1.41421 -39.2261 67.1597
55 517.156 721.48 5 2.91548 -46.8092 -153.214
56 516.883 721.898 5 2.5 -45.8507 -5.43927
57 516.61 722.317 5 2.12132 -45.698 9.25827
58 516.336 722.736 5 1.80278 -53.1053 -137.081
59 516.063 723.155 5 1.58114 -41.494 110.328
60 515.79 723.573 5 1.5 -42.2937 -0.737123
61 515.517 723.992 5 1.58114 -46.3045 175.42
62 515.243 724.411 5 1.80278 -44.3779 116.169
63 517.575 721.753 5 3.20156 -63.2275 117.02
64 517.302 722.172 5 2.82843 -42.628 135.542
65 517.028 722.59 5 2.5 -59.2133 -55.2525
66 516.755 723.009 5 2.23607 -45.3454 29.8995
67 516.482 723.428 5 2.06155 -42.6764 162.362
68 516.209 723.847 5 2 -42.7215 15.5568
69 515.935 724.265 5 2.06155 -39.78 166.253
70 515.662 724.684 5 2.23607 -56.8481 -44.1667
71 517.994 722.026 5 3.53553 -48.7223 -70.7705
72 517.72 722.445 5 3.20156 -46.1985 146.052
73 517.447 722.864 5 2.91548 -48.3934 -107.603
74 517.174 723.282 5 2.69258 -49.3834 144.526
75 516.901 723.701 5 2.54951 -42.7604 -174.81
76 516.627 724.12 5 2.5 -46.2957 1.8106
77 516.354 724.539 5 2.54951 -46.3038 174.376
78 516.081 724.957 5 2.69258 -51.0608 168.787
