1 514.644 719.84 5 1.58114 -44.2947 80.5152
2 514.371 720.259 5 1.5 -53.9195 0.386144
3 514.097 720.678 5 1.58114 -40.4882 120.383
4 513.824 721.096 5 1.80278 -48.6346 -135.798
5 513.551 721.515 5 2.12132 -45.5673 -139.269
6 513.278 721.934 5 2.5 -54.1496 -43.0539
7 513.004 722.353 5 2.91548 -49.6986 -95.867
8 512.731 722.771 5 3.3541 -58.2241 125.568
9 512.458 723.19 5 3.80789 -49.6788 -19.0448
10 512.185 723.609 5 4.272 -52.0847 161.894
11 515.063 720.113 5 1.11803 -40.7813 -10.9326
12 514.789 720.532 5 1 -45.3354 -5.30722
13 514.516 720.951 5 1.11803 -39.5481 23.9962
14 514.243 721.37 5 1.41421 -40.359 -119.465
15 513.97 721.788 5 1.80278 -45.1045 -129.903
16 513.696 722.207 5 2.23607 -51.1346 10.3284
17 513.423 722.626 5 2.69258 -48.4823 153.916
18 513.15 723.045 5 3.16228 -50.4721 -155.626
19 512.877 723.463 5 3.64005 -51.6535 -133.25
20 512.603 723.882 5 4.12311 -49.9956 97.97
21 515.481 720.387 5 0.707107 -35.192 106.333
22 515.208 720.805 5 0.5 -37.2111 -6.99806
23 514.935 721.224 5 0.707107 -37.4046 120.463
24 514.662 721.643 5 1.11803 -42.6198 10.3596
25 514.388 722.062 5 1.58114 -45.8626 115.411
26 514.115 722.48 5 2.06155 -49.7385 -171.214
27 513.842 722.899 5 2.54951 -54.5423 -60.3167
28 513.568 723.318 5 3.04138 -59.5412 -152.756
29 513.295 723.737 5 3.53553 -51.8608 -92.5947
30 513.022 724.155 5 4.03113 -51.6835 -74.8043
31 515.9 720.66 5 0.5 -35.7666 16.6949
32 515.627 721.079 5 0 -45.0642 173.714
33 515.353 721.497 5 0.5 -34.2046 2.26814
34 515.08 721.916 5 1 -46.8035 20.2754
35 514.807 722.335 5 1.5 -48.6299 50.014
36 514.534 722.754 5 2 -50.1569 18.4214
37 514.26 723.172 5 2.5 -49.3822 40.2788
38 513.987 723.591 5 3 -54.0484 36.0076
39 516.319 720.933 5 0.707107 -33.9902 121.202
40 516.045 721.352 5 0.5 -32.7476 -1.49475
41 515.772 721.771 5 0.707107 -35.4101 104.206
42 515.499 722.189 5 1.11803 -39.5786 11.0043
43 515.226 722.608 5 1.58114 -42.3448 113.754
44 514.952 723.027 5 2.06155 -47.6277 159.421
45 514.679 723.446 5 2.54951 -49.4466 -138.714
46 514.406 723.864 5 3.04138 -49.4487 -39.0155
47 516.737 721.206 5 1.11803 -39.4382 9.37646
48 516.464 721.625 5 1 -40.8844 8.74867
49 516.191 722.044 5 1.11803 -39.8802 22.7175
50 515.918 722.463 5 1.41421 -40.1203 -103.134
51 515.644 722.881 5 1.80278 -47.663 -125.685
52 515.371 723.3 5 2.23607 -54.3815 -9.85377
53 515.098 723.719 5 2.69258 -45.457 -171.297
54 514.825 724.138 5 3.16228 -53.5615 126.907
55 517.156 721.48 5 1.58114 -43.3233 97.7811
56 516.883 721.898 5 1.5 -53.29 94.4814
57 516.61 722.317 5 1.58114 -40.9881 95.7726
58 516.336 722.736 5 1.80278 -47.281 -158.177
59 516.063 723.155 5 2.12132 -42.5033 -22.4112
60 515.79 723.573 5 2.5 -48.3606 -31.6146
61 515.517 723.992 5 2.91548 -54.5671 148.808
62 515.243 724.411 5 3.3541 -45.4179 -134.029
63 517.575 721.753 5 2.06155 -44.7253 128.362
64 517.302 722.172 5 2 -48.193 -1.44182
65 517.028 722.59 5 2.06155 -47.6122 167.751
66 516.755 723.009 5 2.23607 -49.7447 -5.82375
67 516.482 723.428 5 2.5 -42.5501 4.27125
68 516.209 723.847 5 2.82843 -48.8176 125.933
69 515.935 724.265 5 3.20156 -52.0648 152.733
70 515.662 724.684 5 3.60555 -49.4965 52.879
71 517.994 722.026 5 2.54951 -54.7106 23.6724
72 517.72 722.445 5 2.5 -66.1715 31.8897
73 517.447 722.864 5 2.54951 -44.6168 -164.831
74 517.174 723.282 5 2.69258 -49.7105 -164.994
75 516.901 723.701 5 2.91548 -56.4644 -11.6737
76 516.627 724.12 5 3.20156 -48.2142 118.604
77 516.354 724.539 5 3.53553 -47.4126 -85.7768
78 516.081 724.957 5 3.90512 -50.2264 -127.464
