1 509.951 714.045 5 9.86192 -72.297 20.392
2 510.37 714.318 5 9.48284 -78.8866 89.9435
3 510.79 714.59 5 9.11544 -66.4372 142.302
4 511.209 714.862 5 8.76118 -71.4515 -140.003
5 511.628 715.135 5 8.42171 -89.2886 84.9746
6 512.048 715.407 5 8.0989 -89.3312 -124.234
7 512.467 715.679 5 7.79481 -76.5203 -61.6225
8 512.886 715.952 5 7.51172 -89.7917 -105.434
9 513.306 716.224 5 7.2521 -77.0247 30.6203
10 513.725 716.496 5 7.01854 -66.5003 -140.613
11 514.144 716.769 5 6.81372 -72.7994 170.628
12 514.564 717.041 5 6.64031 -118.411 -58.8644
13 514.983 717.313 5 6.50082 -122.436 88.83
14 509.679 714.465 5 9.54999 -71.4007 -113.129
15 510.098 714.737 5 9.15801 -81.2225 -161.738
16 510.517 715.009 5 8.77702 -84.7327 137.757
17 510.937 715.282 5 8.40851 -69.7717 7.55511
18 511.356 715.554 5 8.05419 -71.675 -89.8584
19 511.775 715.826 5 7.71602 -80.6799 115.682
20 512.195 716.099 5 7.39621 -84.7216 61.1833
21 512.614 716.371 5 7.09724 -76.7165 163.413
22 513.033 716.643 5 6.82186 -74.8689 -143.384
23 513.453 716.916 5 6.57303 -83.3683 85.1754
24 513.872 717.188 5 6.35387 -69.5036 42.9325
25 514.291 717.46 5 6.16755 -73.0051 -100.87
26 514.711 717.733 5 6.01711 -80.5185 90.0259
27 509.406 714.884 5 9.25457 -74.6395 27.4001
28 509.826 715.156 5 8.84953 -90.5262 -9.77024
29 510.245 715.429 5 8.45465 -88.6166 11.8733
30 510.664 715.701 5 8.07143 -76.1168 125.815
31 511.084 715.973 5 7.70162 -69.1146 -120.331
32 511.503 716.246 5 7.34723 -77.3572 136.39
33 511.922 716.518 5 7.01062 -85.7365 -16.0158
34 512.342 716.79 5 6.69446 -76.6419 21.2344
35 512.761 717.063 5 6.40177 -82.4662 -29.1116
36 513.18 717.335 5 6.13593 -76.4339 86.6373
37 513.6 717.607 5 5.90056 -69.3278 -165.952
38 514.019 717.88 5 5.69943 -70.9852 154.482
39 514.438 718.152 5 5.53629 -80.9615 81.5581
40 509.134 715.303 5 8.97731 -82.3404 44.405
41 509.553 715.576 5 8.55915 -76.8779 150.088
42 509.973 715.848 5 8.15021 -80.1795 -19.1081
43 510.392 716.12 5 7.75196 -82.9919 -51.1273
44 510.811 716.393 5 7.36612 -87.9241 -136.516
45 511.231 716.665 5 6.99476 -77.5353 117.934
46 511.65 716.937 5 6.64031 -78.086 67.5354
47 512.069 717.21 5 6.3056 -78.2107 51.9864
48 512.489 717.482 5 5.99396 -79.3789 109.878
49 512.908 717.754 5 5.70916 -80.171 113.875
50 513.327 718.027 5 5.4554 -79.5706 -57.2636
51 513.747 718.299 5 5.23721 -68.9495 -15.4942
52 514.166 718.571 5 5.05918 -89.0796 121.843
53 508.862 715.723 5 8.71991 -80.4113 -10.4564
54 509.281 715.995 5 8.28878 -79.6373 64.7161
55 509.7 716.267 5 7.8658 -99.7014 33.1285
56 510.12 716.54 5 7.45236 -87.9799 -97.1721
57 510.539 716.812 5 7.05015 -81.9472 -127.71
58 510.958 717.084 5 6.6612 -82.5486 -179.668
59 511.378 717.357 5 6.28797 -68.4398 18.9629
60 511.797 717.629 5 5.93342 -89.5442 -73.7626
61 512.216 717.901 5 5.60111 -94.2229 -148.092
62 512.636 718.174 5 5.29522 -85.6389 -1.01982
63 513.055 718.446 5 5.02059 -90.6884 95.7514
64 513.474 718.718 5 4.7826 -68.4293 -177.199
65 513.894 718.991 5 4.58696 -66.7583 135.497
66 508.589 716.142 5 8.48421 -81.52 71.0522
67 509.009 716.414 5 8.04044 -85.9646 134.456
68 509.428 716.687 5 7.60366 -110.92 46.9555
69 509.847 716.959 5 7.17514 -100.196 -152.903
70 510.267 717.231 5 6.75644 -86.3713 -179.578
71 510.686 717.504 5 6.34953 -82.3152 -148.866
72 511.105 717.776 5 5.9568 -78.2218 163.322
73 511.525 718.048 5 5.58125 -70.9497 -125.168
74 511.944 718.321 5 5.2266 -73.1839 137.351
75 512.363 718.593 5 4.89737 -78.8087 33.7709
76 512.783 718.865 5 4.59904 -78.3389 171.212
77 513.202 719.138 5 4.33799 -76.9928 -80.2258
78 513.621 719.41 5 4.12129 -70.8914 -23.8675
79 510.414 717.923 5 6.06311 -88.5612 107.162
80 510.833 718.195 5 5.65051 -80.0199 -89.6789
81 511.672 718.74 5 4.87465 -64.97 127.41
82 512.091 719.012 5 4.51986 -77.6374 -57.1589
83 512.51 719.285 5 4.19477 -79.9283 -43.9683
84 512.93 719.557 5 3.90679 -82.2326 -26.6962
85 513.349 719.829 5 3.66469 -68.046 157.28
86 510.141 718.342 5 5.80571 -79.2648 -74.0943
87 510.561 718.615 5 5.37338 -99.4341 -13.369
88 511.399 719.159 5 4.5505 -77.9744 174.025
89 511.819 719.432 5 4.16821 -87.509 79.6183
90 512.238 719.704 5 3.81326 -75.7845 -62.7619
91 512.657 719.976 5 3.49398 -77.799 100.077
92 513.077 720.249 5 3.221 -71.5568 173.9
93 509.869 718.762 5 5.58132 -84.0255 -55.4537
94 510.288 719.034 5 5.13011 -94.2403 -33.3886
95 511.127 719.579 5 4.26051 -93.0267 -143.556
96 511.546 719.851 5 3.84953 -74.3765 1.27005
97 511.966 720.123 5 3.46205 -64.7147 -140.821
98 512.385 720.396 5 3.10689 -73.7199 52.0172
99 512.804 720.668 5 2.79637 -65.992 130.956
100 509.597 719.181 5 5.39407 -84.0033 36.613
101 510.016 719.453 5 4.92574 -89.4863 -61.3112
102 509.324 719.6 5 5.24794 -92.6583 -10.3795
103 509.744 719.873 5 4.76527 -92.9704 -102.333
104 509.052 720.02 5 5.14643 -80.1195 95.6208
105 509.471 720.292 5 4.65324 -98.041 -132.767
