1 514.644 719.84 5 1.80278 -49.5985 -119.389
2 514.371 720.259 5 1.58114 -39.3554 119.049
3 514.097 720.678 5 1.5 -48.5761 33.839
4 513.824 721.096 5 1.58114 -41.4647 80.981
5 513.551 721.515 5 1.80278 -46.7089 86.0813
6 513.278 721.934 5 2.12132 -47.6513 41.845
7 513.004 722.353 5 2.5 -49.4135 28.355
8 512.731 722.771 5 2.91548 -47.3324 -128.558
9 512.458 723.19 5 3.3541 -51.7532 0.647184
10 512.185 723.609 5 3.80789 -61.8511 -136.253
11 515.063 720.113 5 1.41421 -39.9825 -125.506
12 514.789 720.532 5 1.11803 -39.6729 33.7561
13 514.516 720.951 5 1 -39.5725 -8.43198
14 514.243 721.37 5 1.11803 -37.5924 35.2795
15 513.97 721.788 5 1.41421 -38.6472 -105.652
16 513.696 722.207 5 1.80278 -44.8556 -141.82
17 513.423 722.626 5 2.23607 -51.2689 77.7695
18 513.15 723.045 5 2.69258 -44.0931 166.468
19 512.877 723.463 5 3.16228 -51.8644 -163.29
20 512.603 723.882 5 3.64005 -49.214 -155.683
21 515.481 720.387 5 1.11803 -41.1377 17.6741
22 515.208 720.805 5 0.707107 -35.6584 108.408
23 514.935 721.224 5 0.5 -35.6474 -10.7403
24 514.662 721.643 5 0.707107 -36.627 116.942
25 514.388 722.062 5 1.11803 -40.6054 1.5888
26 514.115 722.48 5 1.58114 -43.6659 117.422
27 513.842 722.899 5 2.06155 -43.7858 -170.898
28 513.568 723.318 5 2.54951 -50.4505 -110.496
29 513.295 723.737 5 3.04138 -51.1217 -24.6493
30 513.022 724.155 5 3.53553 -49.3048 -66.908
31 515.9 720.66 5 1 -42.4103 -7.79034
32 515.627 721.079 5 0.5 -34.0112 -1.80276
33 515.353 721.497 5 0 -50.8953 -80.3153
34 515.08 721.916 5 0.5 -35.5298 13.9583
35 514.807 722.335 5 1 -43.1212 11.0277
36 514.534 722.754 5 1.5 -43.8869 19.0092
37 514.26 723.172 5 2 -43.2662 22.2079
38 513.987 723.591 5 2.5 -50.8837 23.2975
39 516.319 720.933 5 1.11803 -41.8972 -26.266
40 516.045 721.352 5 0.707107 -37.1794 114.818
41 515.772 721.771 5 0.5 -32.9498 -3.91986
42 515.499 722.189 5 0.707107 -36.7782 121.6
43 515.226 722.608 5 1.11803 -42.533 -7.45329
44 514.952 723.027 5 1.58114 -45.4353 70.9416
45 514.679 723.446 5 2.06155 -47.0016 159.494
46 514.406 723.864 5 2.54951 -48.2355 -29.2667
47 516.737 721.206 5 1.41421 -40.0072 -122.354
48 516.464 721.625 5 1.11803 -43.9961 24.6392
49 516.191 722.044 5 1 -41.5035 -30.391
50 515.918 722.463 5 1.11803 -39.9227 11.0416
51 515.644 722.881 5 1.41421 -39.2752 -101.739
52 515.371 723.3 5 1.80278 -45.4493 -146.583
53 515.098 723.719 5 2.23607 -49.0079 58.1064
54 514.825 724.138 5 2.69258 -61.0405 -90.7833
55 517.156 721.48 5 1.80278 -39.1504 -167.742
56 516.883 721.898 5 1.58114 -40.891 107.636
57 516.61 722.317 5 1.5 -42.5151 10.8891
58 516.336 722.736 5 1.58114 -41.1122 135.197
59 516.063 723.155 5 1.80278 -42.2158 -127.722
60 515.79 723.573 5 2.12132 -43.6134 20.7219
61 515.517 723.992 5 2.5 -47.1504 32.7798
62 515.243 724.411 5 2.91548 -46.0608 29.5294
63 517.575 721.753 5 2.23607 -51.2373 78.4438
64 517.302 722.172 5 2.06155 -45.8954 150.493
65 517.028 722.59 5 2 -51.4549 -8.97913
66 516.755 723.009 5 2.06155 -49.9301 155.577
67 516.482 723.428 5 2.23607 -45.3018 24.4542
68 516.209 723.847 5 2.5 -54.2361 -13.402
69 515.935 724.265 5 2.82843 -51.663 103.1
70 515.662 724.684 5 3.20156 -53.8403 129.464
71 517.994 722.026 5 2.69258 -39.9182 152.424
72 517.72 722.445 5 2.54951 -50.7277 -166.11
73 517.447 722.864 5 2.5 -47.2195 -36.442
74 517.174 723.282 5 2.54951 -51.0051 -171.603
75 516.901 723.701 5 2.69258 -48.7744 157.209
76 516.627 724.12 5 2.91548 -53.1155 -46.262
77 516.354 724.539 5 3.20156 -45.6605 146.791
78 516.081 724.957 5 3.53553 -44.6384 -112.885
