1 514.644 719.84 5 3.90512 -51.5503 -99.3193
2 514.371 720.259 5 3.53553 -46.8437 -114.898
3 514.097 720.678 5 3.20156 -56.1552 176.369
4 513.824 721.096 5 2.91548 -59.5692 103.714
5 513.551 721.515 5 2.69258 -53.749 -25.4064
6 513.278 721.934 5 2.54951 -47.7784 177.233
7 513.004 722.353 5 2.5 -48.2689 -76.7033
8 512.731 722.771 5 2.54951 -54.8758 -160.752
9 512.458 723.19 5 2.69258 -57.4356 -170.077
10 512.185 723.609 5 2.91548 -51.2454 -88.97
11 515.063 720.113 5 3.60555 -52.5258 30.3717
12 514.789 720.532 5 3.20156 -51.1168 122.86
13 514.516 720.951 5 2.82843 -47.1205 102.944
14 514.243 721.37 5 2.5 -51.9682 39.0374
15 513.97 721.788 5 2.23607 -44.3907 15.1718
16 513.696 722.207 5 2.06155 -44.4203 140.57
17 513.423 722.626 5 2 -49.2449 -55.4968
18 513.15 723.045 5 2.06155 -43.6101 162.093
19 512.877 723.463 5 2.23607 -52.407 -16.3918
20 512.603 723.882 5 2.5 -53.2084 -150.213
21 515.481 720.387 5 3.3541 -56.6576 94.6942
22 515.208 720.805 5 2.91548 -58.9577 -148.539
23 514.935 721.224 5 2.5 -54.5924 9.23436
24 514.662 721.643 5 2.12132 -44.1125 -5.16132
25 514.388 722.062 5 1.80278 -43.8439 -132.701
26 514.115 722.48 5 1.58114 -45.3187 132.975
27 513.842 722.899 5 1.5 -49.1187 12.7186
28 513.568 723.318 5 1.58114 -38.0154 115.005
29 513.295 723.737 5 1.80278 -49.2328 3.36486
30 513.022 724.155 5 2.12132 -60.8991 77.0882
31 515.9 720.66 5 3.16228 -47.4497 -101.37
32 515.627 721.079 5 2.69258 -45.2507 -167.126
33 515.353 721.497 5 2.23607 -53.0751 62.2481
34 515.08 721.916 5 1.80278 -43.139 148.86
35 514.807 722.335 5 1.41421 -39.4305 -129.64
36 514.534 722.754 5 1.11803 -46.1403 38.2821
37 514.26 723.172 5 1 -41.4832 33.9618
38 513.987 723.591 5 1.11803 -46.4882 62.5966
39 516.319 720.933 5 3.04138 -42.668 -132.333
40 516.045 721.352 5 2.54951 -39.9057 -139.838
41 515.772 721.771 5 2.06155 -42.5115 -164.936
42 515.499 722.189 5 1.58114 -41.6901 142.452
43 515.226 722.608 5 1.11803 -42.6178 7.35941
44 514.952 723.027 5 0.707107 -37.5137 107.925
45 514.679 723.446 5 0.5 -34.5111 4.29628
46 514.406 723.864 5 0.707107 -34.9263 -65.785
47 516.737 721.206 5 3 -42.8427 -19.4879
48 516.464 721.625 5 2.5 -41.2544 -34.0448
49 516.191 722.044 5 2 -41.1555 -27.4699
50 515.918 722.463 5 1.5 -39.4181 -31.2961
51 515.644 722.881 5 1 -35.2662 -18.5293
52 515.371 723.3 5 0.5 -31.9755 -7.81931
53 515.098 723.719 5 0 -40.4266 -12.7313
54 514.825 724.138 5 0.5 -34.2818 -129.265
55 517.156 721.48 5 3.04138 -41.022 -117.42
56 516.883 721.898 5 2.54951 -42.1019 -145.487
57 516.61 722.317 5 2.06155 -41.8268 -170.271
58 516.336 722.736 5 1.58114 -43.6977 137.894
59 516.063 723.155 5 1.11803 -41.0856 17.5076
60 515.79 723.573 5 0.707107 -37.1608 114.137
61 515.517 723.992 5 0.5 -33.9032 -14.7944
62 515.243 724.411 5 0.707107 -35.7035 -45.7063
63 517.575 721.753 5 3.16228 -46.3954 -88.6237
64 517.302 722.172 5 2.69258 -48.8269 158.641
65 517.028 722.59 5 2.23607 -45.5162 62.4956
66 516.755 723.009 5 1.80278 -47.6336 152.767
67 516.482 723.428 5 1.41421 -39.5735 -119.52
68 516.209 723.847 5 1.11803 -42.7367 26.6256
69 515.935 724.265 5 1 -43.7024 41.1824
70 515.662 724.684 5 1.11803 -52.5855 -45.2069
71 517.994 722.026 5 3.3541 -52.0705 89.7215
72 517.72 722.445 5 2.91548 -53.6644 -175.698
73 517.447 722.864 5 2.5 -48.8758 -17.061
74 517.174 723.282 5 2.12132 -44.9659 67.1391
75 516.901 723.701 5 1.80278 -50.8119 176.221
76 516.627 724.12 5 1.58114 -43.5894 155.976
77 516.354 724.539 5 1.5 -47.8565 -25.2307
78 516.081 724.957 5 1.58114 -46.4711 121.817
