1 509.951 714.045 5 12.5159 -63.5383 -129.994
2 510.37 714.318 5 12.0753 -54.3477 46.4888
3 510.79 714.59 5 11.6395 -56.9262 172.97
4 511.209 714.862 5 11.2091 -61.0053 57.0035
5 511.628 715.135 5 10.7847 -61.0892 -172.245
6 512.048 715.407 5 10.3671 -63.9187 -68.6301
7 512.467 715.679 5 9.95702 -65.4267 108.22
8 512.886 715.952 5 9.55552 -68.8507 -158.003
9 513.306 716.224 5 9.16373 -66.512 31.7078
10 513.725 716.496 5 8.78292 -58.2825 169.378
11 514.144 716.769 5 8.4146 -74.0462 -69.7292
12 514.564 717.041 5 8.06049 -98.1233 -50.5178
13 514.983 717.313 5 7.72252 -111.263 139.581
14 509.679 714.465 5 12.2916 -63.1504 -111.851
15 510.098 714.737 5 11.8427 -64.7484 -84.569
16 510.517 715.009 5 11.3981 -59.5035 175.112
17 510.937 715.282 5 10.9582 -58.9947 24.5854
18 511.356 715.554 5 10.5237 -58.0073 166.504
19 511.775 715.826 5 10.0952 -65.7606 -58.4195
20 512.195 716.099 5 9.67364 -64.9276 172.499
21 512.614 716.371 5 9.25987 -68.4613 -85.1365
22 513.033 716.643 5 8.855 -79.6427 52.8434
23 513.453 716.916 5 8.46031 -70.46 -113.789
24 513.872 717.188 5 8.0773 -57.4218 24.2761
25 514.291 717.46 5 7.7077 -69.8325 122.691
26 514.711 717.733 5 7.35353 -56.3449 168.022
27 509.406 714.884 5 12.0839 -80.3568 -161.618
28 509.826 715.156 5 11.627 -67.3127 78.1938
29 510.245 715.429 5 11.1738 -72.8977 156.823
30 510.664 715.701 5 10.7247 -61.8878 -92.0137
31 511.084 715.973 5 10.2803 -70.1284 165.147
32 511.503 716.246 5 9.84127 -55.746 49.8055
33 511.922 716.518 5 9.40832 -64.1525 -169.178
34 512.342 716.79 5 8.98234 -58.299 -81.9103
35 512.761 717.063 5 8.56436 -59.3165 33.7033
36 513.18 717.335 5 8.15562 -83.3881 36.5806
37 513.6 717.607 5 7.75757 -66.6374 44.0226
38 514.019 717.88 5 7.37196 -64.8134 -143.222
39 514.438 718.152 5 7.00083 -73.535 178.208
40 509.134 715.303 5 11.8936 -66.7174 -118.412
41 509.553 715.576 5 11.4291 -72.3219 87.2887
42 509.973 715.848 5 10.9677 -67.1009 65.0546
43 510.392 716.12 5 10.5098 -71.1667 77.4869
44 510.811 716.393 5 10.0559 -67.0519 117.374
45 511.231 716.665 5 9.60666 -69.0129 -57.8265
46 511.65 716.937 5 9.16263 -65.6919 -154.083
47 512.069 717.21 5 8.72465 -68.0148 16.0794
48 512.489 717.482 5 8.2937 -54.2568 111.482
49 512.908 717.754 5 7.87091 -52.4091 -122.531
50 513.327 718.027 5 7.45769 -69.2349 93.8128
51 513.747 718.299 5 7.05571 -73.3392 147.292
52 514.166 718.571 5 6.667 -66.4157 54.5851
53 508.862 715.723 5 11.7216 -73.9443 140.591
54 509.281 715.995 5 11.25 -75.6786 144.313
55 509.7 716.267 5 10.7809 -79.7717 -78.8579
56 510.12 716.54 5 10.3147 -74.0927 -138.432
57 510.539 716.812 5 9.85186 -80.2723 116.951
58 510.958 717.084 5 9.39282 -74.7123 -93.82
59 511.378 717.357 5 8.93817 -75.5966 90.2732
60 511.797 717.629 5 8.48863 -69.2943 -132.148
61 512.216 717.901 5 8.04504 -64.9155 97.5668
62 512.636 718.174 5 7.60845 -56.7671 -64.0671
63 513.055 718.446 5 7.18014 -52.7439 61.5798
64 513.474 718.718 5 6.76167 -57.1487 175.048
65 513.894 718.991 5 6.355 -58.1868 117.372
66 508.589 716.142 5 11.5686 -68.91 -52.7904
67 509.009 716.414 5 11.0905 -74.8444 -8.83509
68 509.428 716.687 5 10.6144 -75.9319 68.2727
69 509.847 716.959 5 10.1405 -77.4214 178.985
70 510.267 717.231 5 9.66935 -77.7062 3.53734
71 510.686 717.504 5 9.20121 -83.9663 127.695
72 511.105 717.776 5 8.7366 -76.4592 65.1925
73 511.525 718.048 5 8.27611 -69.2594 -41.9258
74 511.944 718.321 5 7.82047 -73.9084 -96.4161
75 512.363 718.593 5 7.3706 -62.2869 177.476
76 512.783 718.865 5 6.92759 -61.1466 40.54
77 513.202 719.138 5 6.49287 -52.9551 -123.135
78 513.621 719.41 5 6.06822 -53.3932 -4.43006
79 510.414 717.923 5 9.03324 -84.1577 125.374
80 510.833 718.195 5 8.55952 -77.5302 105.214
81 511.672 718.74 5 7.62214 -77.6856 79.2394
82 512.091 719.012 5 7.15981 -71.4094 96.6578
83 512.51 719.285 5 6.70289 -81.6917 -179.456
84 512.93 719.557 5 6.25257 -67.9453 -132.756
85 513.349 719.829 5 5.81037 -51.542 38.9598
86 510.141 718.342 5 8.89026 -84.6805 -127.344
87 510.561 718.615 5 8.40848 -94.2251 -52.8921
88 511.399 719.159 5 7.45213 -64.6464 -112.756
89 511.819 719.432 5 6.97854 -67.0858 -40.3801
90 512.238 719.704 5 6.50891 -65.2997 172.621
91 512.657 719.976 5 6.04415 -69.3607 166.729
92 513.077 720.249 5 5.58548 -69.776 -174.979
93 509.869 718.762 5 8.77347 -80.4675 2.10348
94 510.288 719.034 5 8.28491 -80.4297 140.962
95 511.127 719.579 5 7.31241 -65.9265 -148.921
96 511.546 719.851 5 6.82915 -63.4671 110.466
97 511.966 720.123 5 6.34847 -72.324 17.9865
98 512.385 720.396 5 5.87103 -70.4266 119.969
99 512.804 720.668 5 5.39767 -66.9883 -10.2341
100 509.597 719.181 5 8.68395 -86.2115 -176.281
101 510.016 719.453 5 8.19005 -81.0129 174.162
102 509.324 719.6 5 8.62254 -91.9709 45.5199
103 509.744 719.873 5 8.12491 -87.9816 -131.039
104 509.052 720.02 5 8.58984 -87.6558 47.1648
105 509.471 720.292 5 8.0902 -89.1909 -144.19
