1 505.473 717.831 5 9.28418 -112.259 92.1088
2 505.747 717.412 5 9.27951 -116.214 -116.821
3 506.02 716.994 5 9.30174 -115.776 -0.501065
4 506.294 716.575 5 9.3507 -121.063 108.558
5 506.567 716.157 5 9.42596 -110.481 -123.352
6 505.891 718.104 5 8.78453 -110.43 64.4774
7 506.165 717.686 5 8.77959 -117.573 -58.6963
8 506.439 717.267 5 8.80309 -115.24 68.3639
9 506.712 716.849 5 8.8548 -118.164 -179.125
10 506.986 716.43 5 8.93424 -126.312 -155.743
11 506.31 718.378 5 8.28492 -132.282 -78.3351
12 506.584 717.96 5 8.27968 -111.783 -101.632
13 506.857 717.541 5 8.30459 -117.099 80.3055
14 507.131 717.123 5 8.35939 -133.57 -26.3564
15 507.404 716.704 5 8.4435 -140.358 -157.683
16 506.728 718.652 5 7.78536 -129.44 -77.2578
17 507.002 718.233 5 7.77978 -116.127 -97.6969
18 507.276 717.815 5 7.80629 -112.668 67.1366
19 507.549 717.396 5 7.86457 -123.037 64.5982
20 507.823 716.978 5 7.9539 -125.826 55.9969
21 507.147 718.925 5 7.28586 -120.063 -118.8
22 507.421 718.507 5 7.2799 -127.905 83.3543
23 507.694 718.088 5 7.30822 -140.567 -69.7958
24 507.968 717.67 5 7.37044 -116.747 -92.9015
25 508.241 717.251 5 7.46569 -143.522 -62.8231
26 507.565 719.199 5 6.78644 -119.623 42.6742
27 507.839 718.78 5 6.78004 -141.745 168.521
28 508.113 718.362 5 6.81044 -124.585 -154.486
29 508.386 717.943 5 6.87715 -129.071 176.637
30 508.66 717.525 5 6.97914 -117.626 35.6686
31 507.984 719.472 5 6.2871 -107.36 34.244
32 508.258 719.054 5 6.28019 -124.689 120.11
33 508.531 718.635 5 6.313 -107.902 141.182
34 508.805 718.217 5 6.38492 -124.347 -11.0237
35 509.078 717.798 5 6.49464 -107.263 -87.5555
36 508.402 719.746 5 5.78788 -105.208 149.242
37 508.676 719.328 5 5.78038 -118.949 70.4479
38 508.95 718.909 5 5.81601 -250 0
39 509.223 718.491 5 5.89399 -250 0
40 509.497 718.072 5 6.01268 -250 0
