1 509.951 714.045 5 9.67301 -68.5644 10.3449
2 510.37 714.318 5 9.20476 -82.7561 -88.9917
3 510.79 714.59 5 8.74002 -74.0935 87.7586
4 511.209 714.862 5 8.27939 -67.8522 42.5486
5 511.628 715.135 5 7.82359 -63.426 -1.08803
6 512.048 715.407 5 7.37353 -68.615 -133.664
7 512.467 715.679 5 6.93032 -56.9804 -57.5751
8 512.886 715.952 5 6.49536 -62.1219 105.676
9 513.306 716.224 5 6.07043 -58.276 5.34815
10 513.725 716.496 5 5.65778 -67.1605 50.8992
11 514.144 716.769 5 5.2603 -65.1256 129.31
12 514.564 717.041 5 4.88172 -86.4029 -65.2054
13 514.983 717.313 5 4.52676 -97.8011 -126.694
14 509.679 714.465 5 9.51361 -63.6427 124.569
15 510.098 714.737 5 9.0371 -68.9364 167.853
16 510.517 715.009 5 8.56326 -63.4428 49.7557
17 510.937 715.282 5 8.09258 -65.4415 -169.993
18 511.356 715.554 5 7.62563 -62.3077 17.5713
19 511.775 715.826 5 7.16314 -70.8698 -91.959
20 512.195 716.099 5 6.70604 -61.9802 -161.311
21 512.614 716.371 5 6.2555 -60.7684 91.5092
22 513.033 716.643 5 5.81306 -58.4142 -33.3152
23 513.453 716.916 5 5.38071 -64.2987 89.2226
24 513.872 717.188 5 4.96109 -62.4465 -165.328
25 514.291 717.46 5 4.55771 -56.5537 -0.907044
26 514.711 717.733 5 4.1753 -53.7971 -40.4875
27 509.406 714.884 5 9.37818 -66.7722 -152.178
28 509.826 715.156 5 8.89442 -56.1426 -170.271
29 510.245 715.429 5 8.41255 -61.9384 40.9842
30 510.664 715.701 5 7.93293 -71.7816 -144.006
31 511.084 715.973 5 7.45599 -64.8989 -96.6902
32 511.503 716.246 5 6.98227 -68.9682 -76.2764
33 511.922 716.518 5 6.51249 -67.5041 -111.108
34 512.342 716.79 5 6.04755 -62.1438 -144.481
35 512.761 717.063 5 5.58867 -60.4061 -172.381
36 513.18 717.335 5 5.13747 -69.652 103.944
37 513.6 717.607 5 4.69616 -62.8769 -93.5178
38 514.019 717.88 5 4.26782 -58.8975 53.882
39 514.438 718.152 5 3.85677 -66.0444 69.8097
40 509.134 715.303 5 9.26779 -66.7796 121.185
41 509.553 715.576 5 8.77794 -61.4623 -155.454
42 509.973 715.848 5 8.28931 -64.2435 141.939
43 510.392 716.12 5 7.80211 -61.744 78.5506
44 510.811 716.393 5 7.31665 -54.373 33.5177
45 511.231 716.665 5 6.83328 -65.3891 -12.5609
46 511.65 716.937 5 6.35249 -72.4091 55.6158
47 512.069 717.21 5 5.8749 -70.8327 67.7979
48 512.489 717.482 5 5.40137 -75.3932 29.2065
49 512.908 717.754 5 4.93307 -61.0718 41.7469
50 513.327 718.027 5 4.47164 -74.0946 -11.8463
51 513.747 718.299 5 4.01944 -56.1614 34.5565
52 514.166 718.571 5 3.57998 -50.3019 158.058
53 508.862 715.723 5 9.18333 -60.4463 64.8967
54 509.281 715.995 5 8.68872 -59.7087 73.577
55 509.7 716.267 5 8.19477 -67.8314 94.1198
56 510.12 716.54 5 7.70159 -67.7113 33.1439
57 510.539 716.812 5 7.20936 -62.0481 19.0772
58 510.958 717.084 5 6.71828 -61.7326 -54.9206
59 511.378 717.357 5 6.22862 -57.5702 -77.1309
60 511.797 717.629 5 5.74073 -57.2915 -94.4113
61 512.216 717.901 5 5.25513 -54.0343 -158.139
62 512.636 718.174 5 4.7725 -66.138 -14.3339
63 513.055 718.446 5 4.29384 -64.3435 -114.104
64 513.474 718.718 5 3.82066 -80.9975 16.3963
65 513.894 718.991 5 3.35527 -59.0764 -165.311
66 508.589 716.142 5 9.12552 -65.12 -85.4326
67 509.009 716.414 5 8.6276 -64.634 -114.371
68 509.428 716.687 5 8.12993 -61.1394 -57.6088
69 509.847 716.959 5 7.63257 -62.6859 -108.627
70 510.267 717.231 5 7.13558 -57.904 -148.695
71 510.686 717.504 5 6.63904 -62.2917 -175.967
72 511.105 717.776 5 6.14306 -71.935 113.597
73 511.525 718.048 5 5.64779 -69.0405 141.832
74 511.944 718.321 5 5.15344 -55.1696 133.374
75 512.363 718.593 5 4.66029 -55.6131 101.872
76 512.783 718.865 5 4.16877 -59.597 107.389
77 513.202 719.138 5 3.67954 -61.3517 48.238
78 513.621 719.41 5 3.19365 -55.877 15.9769
79 510.414 717.923 5 6.59685 -69.3737 -67.9509
80 510.833 718.195 5 6.09744 -63.8761 165.806
81 511.672 718.74 5 5.09897 -61.3321 -45.195
82 512.091 719.012 5 4.59999 -53.4275 32.8611
83 512.51 719.285 5 4.10125 -73.5527 -102.476
84 512.93 719.557 5 3.60286 -61.0224 -68.4533
85 513.349 719.829 5 3.10499 -59.7136 -102.241
86 510.141 718.342 5 6.59242 -72.367 -38.0156
87 510.561 718.615 5 6.09265 -86.9035 171.15
88 511.399 719.159 5 5.09324 -54.5542 19.6286
89 511.819 719.432 5 4.59363 -57.7262 7.86361
90 512.238 719.704 5 4.09412 -56.6164 47.9602
91 512.657 719.976 5 3.59474 -53.8912 24.0572
92 513.077 720.249 5 3.09557 -54.8665 -12.1135
93 509.869 718.762 5 6.62583 -77.3628 -136.864
94 510.288 719.034 5 6.12878 -80.7114 -55.8874
95 511.127 719.579 5 5.13641 -59.008 91.8989
96 511.546 719.851 5 4.64145 -61.1968 -58.4882
97 511.966 720.123 5 4.1477 -70.3297 -126.786
98 512.385 720.396 5 3.65565 -66.5206 57.0052
99 512.804 720.668 5 3.16609 -54.726 68.3032
100 509.597 719.181 5 6.6965 -89.7383 100.732
101 510.016 719.453 5 6.20512 -95.0097 24.8469
102 509.324 719.6 5 6.80329 -90.5504 165.173
103 509.744 719.873 5 6.32021 -85.7637 -168.87
104 509.052 720.02 5 6.94452 -84.8189 48.6469
105 509.471 720.292 5 6.47199 -90.4646 -64.7756
