1 509.951 714.045 5 10.057 -60.1957 -18.7005
2 510.37 714.318 5 9.60764 -57.0492 -15.7541
3 510.79 714.59 5 9.16347 -57.124 94.5238
4 511.209 714.862 5 8.72535 -55.4118 -45.1584
5 511.628 715.135 5 8.29424 -55.0379 111.692
6 512.048 715.407 5 7.87127 -68.0936 -100.146
7 512.467 715.679 5 7.45785 -67.6266 -2.5843
8 512.886 715.952 5 7.05564 -66.2737 102.823
9 513.306 716.224 5 6.66668 -64.6328 39.5635
10 513.725 716.496 5 6.29342 -64.2567 114.238
11 514.144 716.769 5 5.93883 -62.9993 177.143
12 514.564 717.041 5 5.60645 -101.348 39.7638
13 514.983 717.313 5 5.30045 -101.845 -173.05
14 509.679 714.465 5 9.85321 -54.7909 -114.927
15 510.098 714.737 5 9.39405 -56.5564 169.559
16 510.517 715.009 5 8.93928 -60.3128 37.8115
17 510.937 715.282 5 8.4896 -59.7785 -67.3039
18 511.356 715.554 5 8.04586 -54.3823 76.2786
19 511.775 715.826 5 7.60911 -59.4669 -103.053
20 512.195 716.099 5 7.1806 -56.118 81.1477
21 512.614 716.371 5 6.76192 -64.6676 -167.378
22 513.033 716.643 5 6.35501 -79.7264 -148.33
23 513.453 716.916 5 5.96227 -71.2513 173.599
24 513.872 717.188 5 5.5867 -63.9405 -31.1047
25 514.291 717.46 5 5.232 -58.0116 55.5223
26 514.711 717.733 5 4.90269 -54.7269 34.6246
27 509.406 714.884 5 9.67095 -62.1811 54.8592
28 509.826 715.156 5 9.20271 -57.6237 -6.45161
29 510.245 715.429 5 8.73799 -59.8967 -101.345
30 510.664 715.701 5 8.27738 -54.3887 143.269
31 511.084 715.973 5 7.8216 -56.1705 -10.736
32 511.503 716.246 5 7.37157 -57.0895 -107.333
33 511.922 716.518 5 6.92839 -53.3523 56.8855
34 512.342 716.79 5 6.49347 -52.8484 -109.043
35 512.761 717.063 5 6.06859 -55.3592 15.5584
36 513.18 717.335 5 5.656 -96.0365 102.013
37 513.6 717.607 5 5.2586 -80.0826 -27.5913
38 514.019 717.88 5 4.8801 -70.9371 -119.557
39 514.438 718.152 5 4.52526 -63.4977 168.035
40 509.134 715.303 5 9.51151 -66.437 -156.915
41 509.553 715.576 5 9.03501 -66.9659 129.914
42 509.973 715.848 5 8.56119 -61.3187 21.3964
43 510.392 716.12 5 8.09052 -62.5675 -35.2918
44 510.811 716.393 5 7.62359 -63.5028 -89.4655
45 511.231 716.665 5 7.16112 -53.1343 118.531
46 511.65 716.937 5 6.70404 -53.5945 -0.933158
47 512.069 717.21 5 6.25354 -57.2671 -147.614
48 512.489 717.482 5 5.81114 -51.0871 48.2751
49 512.908 717.754 5 5.37883 -52.1718 -143.036
50 513.327 718.027 5 4.95928 -76.8145 -86.7214
51 513.747 718.299 5 4.55598 -68.1792 40.4576
52 514.166 718.571 5 4.17367 -62.7062 28.819
53 508.862 715.723 5 9.37606 -66.6599 37.6559
54 509.281 715.995 5 8.8923 -75.2448 44.4096
55 509.7 716.267 5 8.41044 -74.4673 -96.8208
56 510.12 716.54 5 7.93083 -65.6075 102.491
57 510.539 716.812 5 7.4539 -59.0008 -14.5665
58 510.958 717.084 5 6.9802 -55.9236 -92.2377
59 511.378 717.357 5 6.51044 -65.9176 -99.5065
60 511.797 717.629 5 6.04552 -57.1898 125.282
61 512.216 717.901 5 5.58667 -51.3596 -47.5851
62 512.636 718.174 5 5.13551 -51.3555 176.869
63 513.055 718.446 5 4.69425 -50.2197 25.1934
64 513.474 718.718 5 4.26598 -53.4037 156.04
65 513.894 718.991 5 3.85501 -75.2424 -45.4395
66 508.589 716.142 5 9.26564 -68.8202 -121.339
67 509.009 716.414 5 8.77579 -69.2869 -83.2841
68 509.428 716.687 5 8.28717 -70.409 -50.5916
69 509.847 716.959 5 7.79998 -80.2669 18.854
70 510.267 717.231 5 7.31452 -74.1583 42.0993
71 510.686 717.504 5 6.83116 -72.6493 164.278
72 511.105 717.776 5 6.35038 -58.6011 -53.6995
73 511.525 718.048 5 5.87281 -53.4365 -128.205
74 511.944 718.321 5 5.3993 -53.7529 133.47
75 512.363 718.593 5 4.93103 -56.1769 70.1836
76 512.783 718.865 5 4.46963 -53.7251 -44.6211
77 513.202 719.138 5 4.01748 -48.4171 135.131
78 513.621 719.41 5 3.57809 -47.8161 -25.7941
79 510.414 717.923 5 6.71613 -79.5193 100.828
80 510.833 718.195 5 6.22647 -76.6971 125.714
81 511.672 718.74 5 5.253 -71.9593 13.9668
82 512.091 719.012 5 4.77039 -65.6691 -71.6007
83 512.51 719.285 5 4.29175 -59.2499 104.678
84 512.93 719.557 5 3.8186 -54.2135 14.3378
85 513.349 719.829 5 3.35325 -57.8051 -38.9524
86 510.141 718.342 5 6.63686 -87.777 -128.938
87 510.561 718.615 5 6.14089 -79.5911 -152.545
88 511.399 719.159 5 5.15127 -73.644 -70.5672
89 511.819 719.432 5 4.65813 -61.1853 -72.0407
90 512.238 719.704 5 4.16662 -60.4737 167.154
91 512.657 719.976 5 3.6774 -62.4187 177.255
92 513.077 720.249 5 3.19153 -64.2458 112.431
93 509.869 718.762 5 6.59466 -79.465 -170.647
94 510.288 719.034 5 6.09525 -95.1347 131.726
95 511.127 719.579 5 5.09678 -68.5192 139.907
96 511.546 719.851 5 4.5978 -62.5003 155.868
97 511.966 720.123 5 4.09906 -61.9438 157.885
98 512.385 720.396 5 3.60068 -75.8443 42.6991
99 512.804 720.668 5 3.10281 -68.2687 91.3039
100 509.597 719.181 5 6.59023 -79.6994 -24.7594
101 510.016 719.453 5 6.09046 -82.7745 5.12357
102 509.324 719.6 5 6.62365 -87.2933 -53.281
103 509.744 719.873 5 6.1266 -90.9761 -82.4209
104 509.052 720.02 5 6.69434 -80.3769 47.0386
105 509.471 720.292 5 6.20297 -81.8549 12.0952
