1 509.951 714.045 5 12.2926 -77.7254 -37.6664
2 510.37 714.318 5 11.8437 -62.1785 -13.0318
3 510.79 714.59 5 11.399 -65.08 100.218
4 511.209 714.862 5 10.9591 -60.4879 -11.7657
5 511.628 715.135 5 10.5246 -66.3345 150.3
6 512.048 715.407 5 10.0962 -68.7805 95.5662
7 512.467 715.679 5 9.67456 -65.9983 -8.55882
8 512.886 715.952 5 9.26077 -64.7268 91.0018
9 513.306 716.224 5 8.85588 -65.5104 -152.487
10 513.725 716.496 5 8.46117 -60.2075 118.434
11 514.144 716.769 5 8.07813 -74.8928 168.554
12 514.564 717.041 5 7.70849 -97.2056 -132.001
13 514.983 717.313 5 7.35429 -92.1345 87.5597
14 509.679 714.465 5 12.0849 -67.219 3.42227
15 510.098 714.737 5 11.628 -57.9165 -139.128
16 510.517 715.009 5 11.1748 -60.6903 94.1215
17 510.937 715.282 5 10.7257 -61.9015 4.12504
18 511.356 715.554 5 10.2813 -66.6085 89.2385
19 511.775 715.826 5 9.84223 -63.9686 -93.9189
20 512.195 716.099 5 9.40927 -68.4295 -148.72
21 512.614 716.371 5 8.98326 -65.7671 -21.9465
22 513.033 716.643 5 8.56527 -70.7579 -97.987
23 513.453 716.916 5 8.1565 -70.0957 16.793
24 513.872 717.188 5 7.75843 -58.2741 -33.9084
25 514.291 717.46 5 7.37279 -74.9375 -49.2634
26 514.711 717.733 5 7.00163 -57.4109 123.719
27 509.406 714.884 5 11.8947 -66.8553 147.537
28 509.826 715.156 5 11.4301 -73.7229 141.433
29 510.245 715.429 5 10.9687 -62.5659 -45.4018
30 510.664 715.701 5 10.5108 -61.2735 -169.977
31 511.084 715.973 5 10.0569 -59.6405 55.551
32 511.503 716.246 5 9.60764 -63.4822 -77.3223
33 511.922 716.518 5 9.1636 -60.596 112.518
34 512.342 716.79 5 8.72561 -62.0851 -98.1637
35 512.761 717.063 5 8.29464 -71.1169 -113.326
36 513.18 717.335 5 7.87183 -69.673 11.8424
37 513.6 717.607 5 7.45859 -75.5737 -37.1545
38 514.019 717.88 5 7.05658 -61.5849 142.558
39 514.438 718.152 5 6.66783 -59.6647 93.4189
40 509.134 715.303 5 11.7226 -74.2426 54.586
41 509.553 715.576 5 11.251 -75.8144 -38.3267
42 509.973 715.848 5 10.7819 -62.8941 -32.9678
43 510.392 716.12 5 10.3157 -60.66 38.1512
44 510.811 716.393 5 9.85288 -60.5141 -56.5749
45 511.231 716.665 5 9.39382 -66.7732 178.474
46 511.65 716.937 5 8.93917 -66.4728 73.7152
47 512.069 717.21 5 8.48961 -56.303 -123.174
48 512.489 717.482 5 8.046 -53.2383 79.8398
49 512.908 717.754 5 7.6094 -58.0329 -103.74
50 513.327 718.027 5 7.18107 -67.5801 -100.898
51 513.747 718.299 5 6.76258 -62.638 -125.34
52 514.166 718.571 5 6.35588 -60.0231 25.2968
53 508.862 715.723 5 11.5697 -76.3796 -57.2086
54 509.281 715.995 5 11.0915 -66.6216 159.23
55 509.7 716.267 5 10.6154 -72.1776 -154.292
56 510.12 716.54 5 10.1416 -82.3612 -91.448
57 510.539 716.812 5 9.67039 -66.8492 83.9604
58 510.958 717.084 5 9.20223 -73.9048 146.356
59 511.378 717.357 5 8.73761 -74.4689 28.2895
60 511.797 717.629 5 8.27711 -65.0525 148.64
61 512.216 717.901 5 7.82147 -55.811 14.8218
62 512.636 718.174 5 7.37158 -52.6837 -153.031
63 513.055 718.446 5 6.92856 -52.4326 34.1096
64 513.474 718.718 5 6.49382 -72.683 87.645
65 513.894 718.991 5 6.06914 -56.7969 25.4991
66 508.589 716.142 5 11.4365 -66.4903 -53.4595
67 509.009 716.414 5 10.9526 -67.224 -7.29415
68 509.428 716.687 5 10.4701 -75.5185 68.6332
69 509.847 716.959 5 9.98943 -78.9542 -163.084
70 510.267 717.231 5 9.51071 -84.0931 152.325
71 510.686 717.504 5 9.03428 -86.1189 -48.2572
72 511.105 717.776 5 8.56055 -79.0726 53.1139
73 511.525 718.048 5 8.08998 -73.9931 -12.5114
74 511.944 718.321 5 7.62316 -64.0519 -131.892
75 512.363 718.593 5 7.16082 -56.9765 112.695
76 512.783 718.865 5 6.70389 -55.4584 -8.66651
77 513.202 719.138 5 6.25355 -49.1811 178.438
78 513.621 719.41 5 5.81133 -55.0516 16.4399
79 510.414 717.923 5 8.89132 -79.2767 106.946
80 510.833 718.195 5 8.40953 -79.4421 131.667
81 511.672 718.74 5 7.45317 -78.3614 50.4219
82 512.091 719.012 5 6.97958 -75.4317 -130.559
83 512.51 719.285 5 6.50994 -62.0325 -166.007
84 512.93 719.557 5 6.04517 -56.5514 85.3673
85 513.349 719.829 5 5.58648 -60.6846 -9.67061
86 510.141 718.342 5 8.77455 -80.1171 -28.7808
87 510.561 718.615 5 8.28598 -83.5765 45.0999
88 511.399 719.159 5 7.31348 -66.5975 57.846
89 511.819 719.432 5 6.83021 -65.5281 72.8824
90 512.238 719.704 5 6.34952 -58.1351 160.341
91 512.657 719.976 5 5.87207 -64.6496 -115.589
92 513.077 720.249 5 5.3987 -88.5058 25.4227
93 509.869 718.762 5 8.68504 -79.6399 73.7309
94 510.288 719.034 5 8.19113 -82.0448 106.779
95 511.127 719.579 5 7.20584 -61.8214 -151.456
96 511.546 719.851 5 6.71483 -71.2862 18.5202
97 511.966 720.123 5 6.22524 -63.2154 -32.9798
98 512.385 720.396 5 5.73746 -61.7841 -158.208
99 512.804 720.668 5 5.25197 -67.3737 -38.3691
100 509.597 719.181 5 8.62363 -78.8944 72.5485
101 510.016 719.453 5 8.126 -81.7232 161.588
102 509.324 719.6 5 8.59094 -98.987 -11.6039
103 509.744 719.873 5 8.09129 -81.0193 -135.652
104 509.052 720.02 5 8.58728 -90.7638 56.6571
105 509.471 720.292 5 8.08741 -92.4347 -91.4452
