1 505.473 717.831 5 9.08209 -101.655 -62.949
2 505.747 717.412 5 8.96649 -101.062 33.1168
3 506.02 716.994 5 8.87759 -111.689 171.098
4 506.294 716.575 5 8.81619 -104.136 -178.772
5 506.567 716.157 5 8.78287 -109.507 105.141
6 505.891 718.104 5 8.59988 -102.405 -24.2215
7 506.165 717.686 5 8.47771 -105.779 131.097
8 506.439 717.267 5 8.38362 -107.481 -112.535
9 506.712 716.849 5 8.31858 -103.208 -26.635
10 506.986 716.43 5 8.28326 -117 76.4661
11 506.31 718.378 5 8.11982 -105.379 48.7172
12 506.584 717.96 5 7.99031 -99.4465 -176.284
13 506.857 717.541 5 7.89042 -105.336 -86.9144
14 507.131 717.123 5 7.82127 -116.927 60.4925
15 507.404 716.704 5 7.78369 -102.707 53.6046
16 506.728 718.652 5 7.64232 -107.13 -170.296
17 507.002 718.233 5 7.50458 -123.828 -126.068
18 507.276 717.815 5 7.39813 -98.0792 9.19275
19 507.549 717.396 5 7.32434 -101.598 -36.9099
20 507.823 716.978 5 7.28419 -105.19 -77.8983
21 507.147 718.925 5 7.16789 -114.253 -154.432
22 507.421 718.507 5 7.02085 -100.22 37.149
23 507.694 718.088 5 6.90694 -97.9226 168.027
24 507.968 717.67 5 6.82785 -95.2835 177.435
25 508.241 717.251 5 6.78477 -107.453 -76.5207
26 507.565 719.199 5 6.69718 -106.883 157.721
27 507.839 718.78 5 6.53956 -98.2736 34.447
28 508.113 718.362 5 6.41712 -106.046 -171.33
29 508.386 717.943 5 6.33191 -104.659 -56.1174
30 508.66 717.525 5 6.28543 -111.869 -87.9026
31 507.984 719.472 5 6.23104 -96.2862 -73.5094
32 508.258 719.054 5 6.06131 -112.968 -108.347
33 508.531 718.635 5 5.929 -118.215 136.495
34 508.805 718.217 5 5.83666 -113.054 -75.1726
35 509.078 717.798 5 5.78621 -107.965 23.8817
36 508.402 719.746 5 5.77057 -109.922 -82.2786
37 508.676 719.328 5 5.58686 -105.878 17.4396
38 508.95 718.909 5 5.44303 -132.091 -67.1122
39 509.223 718.491 5 5.3423 -137.99 -21.1428
40 509.497 718.072 5 5.28713 -137.594 39.8818
