1 514.644 719.84 5 1.5 -38.6774 2.41305
2 514.371 720.259 5 1 -37.4578 -31.7997
3 514.097 720.678 5 0.5 -34.3861 -7.56779
4 513.824 721.096 5 0 -44.0398 -42.6843
5 513.551 721.515 5 0.5 -32.5787 -99.7741
6 513.278 721.934 5 1 -43.4115 152.003
7 513.004 722.353 5 1.5 -35.6808 153.402
8 512.731 722.771 5 2 -46.6774 -178.123
9 512.458 723.19 5 2.5 -69.5201 -84.2887
10 512.185 723.609 5 3 -64.0116 -122.168
11 515.063 720.113 5 1.58114 -47.9239 142.657
12 514.789 720.532 5 1.11803 -51.0829 38.4229
13 514.516 720.951 5 0.707107 -45.9709 140.179
14 514.243 721.37 5 0.5 -32.7184 -11.4869
15 513.97 721.788 5 0.707107 -41.488 -148.833
16 513.696 722.207 5 1.11803 -41.8054 119.319
17 513.423 722.626 5 1.58114 -44.6726 -102.858
18 513.15 723.045 5 2.06155 -42.6762 -28.7951
19 512.877 723.463 5 2.54951 -45.5056 -59.7451
20 512.603 723.882 5 3.04138 -45.2852 -2.75851
21 515.481 720.387 5 1.80278 -43.5968 -95.7804
22 515.208 720.805 5 1.41421 -39.9986 -133.688
23 514.935 721.224 5 1.11803 -37.6489 5.89207
24 514.662 721.643 5 1 -40.4428 -45.9806
25 514.388 722.062 5 1.11803 -43.6672 100.505
26 514.115 722.48 5 1.41421 -44.0804 13.013
27 513.842 722.899 5 1.80278 -52.5817 -34.3679
28 513.568 723.318 5 2.23607 -39.1809 -175.976
29 513.295 723.737 5 2.69258 -41.037 -144.84
30 513.022 724.155 5 3.16228 -42.9799 57.1122
31 515.9 720.66 5 2.12132 -47.8721 39.2473
32 515.627 721.079 5 1.80278 -51.9987 -149.073
33 515.353 721.497 5 1.58114 -40.6475 77.5057
34 515.08 721.916 5 1.5 -44.016 2.27577
35 514.807 722.335 5 1.58114 -41.9127 138.021
36 514.534 722.754 5 1.80278 -43.889 -71.084
37 514.26 723.172 5 2.12132 -47.819 98.0085
38 513.987 723.591 5 2.5 -44.9655 159.99
39 516.319 720.933 5 2.5 -51.319 -3.70954
40 516.045 721.352 5 2.23607 -50.7325 50.6426
41 515.772 721.771 5 2.06155 -42.6815 130.151
42 515.499 722.189 5 2 -46.0157 -5.19202
43 515.226 722.608 5 2.06155 -46.5318 -161.1
44 514.952 723.027 5 2.23607 -48.2563 117.322
45 514.679 723.446 5 2.5 -50.0535 134.683
46 514.406 723.864 5 2.82843 -55.3987 127.194
47 516.737 721.206 5 2.91548 -41.9245 -42.1456
48 516.464 721.625 5 2.69258 -44.3079 143.429
49 516.191 722.044 5 2.54951 -50.5081 151.853
50 515.918 722.463 5 2.5 -50.0129 30.7412
51 515.644 722.881 5 2.54951 -45.6442 -122.679
52 515.371 723.3 5 2.69258 -53.6144 -173.59
53 515.098 723.719 5 2.91548 -61.3087 140.318
54 514.825 724.138 5 3.20156 -55.6188 -119.529
55 517.156 721.48 5 3.3541 -45.447 -24.3098
56 516.883 721.898 5 3.16228 -51.1245 -165.791
57 516.61 722.317 5 3.04138 -46.28 -179.513
58 516.336 722.736 5 3 -59.3446 2.39712
59 516.063 723.155 5 3.04138 -48.8654 -108.119
60 515.79 723.573 5 3.16228 -48.3523 -113.657
61 515.517 723.992 5 3.3541 -53.345 104.641
62 515.243 724.411 5 3.60555 -75.6128 -129.137
63 517.575 721.753 5 3.80789 -43.6015 -154.459
64 517.302 722.172 5 3.64006 -47.6149 -44.1093
65 517.028 722.59 5 3.53553 -47.0798 -154.718
66 516.755 723.009 5 3.5 -52.4696 -63.217
67 516.482 723.428 5 3.53553 -49.9014 -119.263
68 516.209 723.847 5 3.64006 -49.4235 -35.8358
69 515.935 724.265 5 3.80789 -51.4474 -3.72115
70 515.662 724.684 5 4.03113 -60.8837 -76.4806
71 517.994 722.026 5 4.272 -47.0007 -120.925
72 517.72 722.445 5 4.12311 -57.5678 28.1006
73 517.447 722.864 5 4.03113 -44.8419 -154.592
74 517.174 723.282 5 4 -51.7346 -63.9332
75 516.901 723.701 5 4.03113 -55.6937 -78.2112
76 516.627 724.12 5 4.12311 -48.3733 34.154
77 516.354 724.539 5 4.272 -59.9286 0.871694
78 516.081 724.957 5 4.47214 -56.2813 165.801
