1 514.644 719.84 5 2.5 -42.9029 22.188
2 514.371 720.259 5 2.12132 -50.4713 63.7512
3 514.097 720.678 5 1.80278 -60.5069 -55.5789
4 513.824 721.096 5 1.58114 -42.9629 139.345
5 513.551 721.515 5 1.5 -42.0991 -116.128
6 513.278 721.934 5 1.58114 -41.7426 96.2971
7 513.004 722.353 5 1.80278 -54.571 -86.2086
8 512.731 722.771 5 2.12132 -43.7724 16.4572
9 512.458 723.19 5 2.5 -50.7209 -134.678
10 512.185 723.609 5 2.91548 -51.2829 -70.1858
11 515.063 720.113 5 2.23607 -47.4147 1.2841
12 514.789 720.532 5 1.80278 -43.9574 -129.879
13 514.516 720.951 5 1.41421 -44.297 -138.05
14 514.243 721.37 5 1.11803 -47.8372 -18.7639
15 513.97 721.788 5 1 -42.8544 12.484
16 513.696 722.207 5 1.11803 -41.5902 33.9081
17 513.423 722.626 5 1.41421 -45.7226 -142.902
18 513.15 723.045 5 1.80278 -40.7768 -174.817
19 512.877 723.463 5 2.23607 -45.4842 75.4673
20 512.603 723.882 5 2.69258 -45.6827 140.033
21 515.481 720.387 5 2.06155 -46.9181 165.042
22 515.208 720.805 5 1.58114 -49.2996 117.875
23 514.935 721.224 5 1.11803 -40.9604 -8.23863
24 514.662 721.643 5 0.707107 -40.8795 115.822
25 514.388 722.062 5 0.5 -33.8314 -4.39718
26 514.115 722.48 5 0.707107 -38.0104 120.094
27 513.842 722.899 5 1.11803 -38.6175 21.4936
28 513.568 723.318 5 1.58114 -44.0649 74.3637
29 513.295 723.737 5 2.06155 -47.5166 138.321
30 513.022 724.155 5 2.54951 -46.5247 -89.4424
31 515.9 720.66 5 2 -46.6412 -39.0843
32 515.627 721.079 5 1.5 -48.3093 58.1856
33 515.353 721.497 5 1 -44.1957 9.88766
34 515.08 721.916 5 0.5 -34.359 3.65636
35 514.807 722.335 5 0 -51.2476 106.688
36 514.534 722.754 5 0.5 -34.6687 9.35119
37 514.26 723.172 5 1 -40.9967 15.2481
38 513.987 723.591 5 1.5 -40.8813 21.6883
39 516.319 720.933 5 2.06155 -47.8458 -130.028
40 516.045 721.352 5 1.58114 -53.8129 128.803
41 515.772 721.771 5 1.11803 -39.1503 -9.00542
42 515.499 722.189 5 0.707107 -38.5681 101.819
43 515.226 722.608 5 0.5 -33.3592 -0.457884
44 514.952 723.027 5 0.707107 -36.5273 121.371
45 514.679 723.446 5 1.11803 -42.1575 -2.05474
46 514.406 723.864 5 1.58114 -51.0127 -121.092
47 516.737 721.206 5 2.23607 -52.5557 90.4467
48 516.464 721.625 5 1.80278 -43.4896 -148.673
49 516.191 722.044 5 1.41421 -41.3292 -120.131
50 515.918 722.463 5 1.11803 -38.3807 4.92193
51 515.644 722.881 5 1 -39.9213 8.76308
52 515.371 723.3 5 1.11803 -42.4692 37.5522
53 515.098 723.719 5 1.41421 -38.6825 -127.93
54 514.825 724.138 5 1.80278 -41.1982 22.1237
55 517.156 721.48 5 2.5 -46.4745 -2.09291
56 516.883 721.898 5 2.12132 -47.1315 10.312
57 516.61 722.317 5 1.80278 -45.8779 -145.19
58 516.336 722.736 5 1.58114 -44.8061 87.0641
59 516.063 723.155 5 1.5 -40.9464 -3.89358
60 515.79 723.573 5 1.58114 -40.981 118.297
61 515.517 723.992 5 1.80278 -49.3964 -141.757
62 515.243 724.411 5 2.12132 -43.9279 128.13
63 517.575 721.753 5 2.82843 -48.8237 116.67
64 517.302 722.172 5 2.5 -44.0869 53.0648
65 517.028 722.59 5 2.23607 -46.0118 71.2555
66 516.755 723.009 5 2.06155 -46.5513 160.194
67 516.482 723.428 5 2 -42.7553 -2.10103
68 516.209 723.847 5 2.06155 -42.6795 150.023
69 515.935 724.265 5 2.23607 -42.412 24.2053
70 515.662 724.684 5 2.5 -51.9904 116.874
71 517.994 722.026 5 3.20156 -47.3557 -165.117
72 517.72 722.445 5 2.91548 -50.4077 -64.5788
73 517.447 722.864 5 2.69258 -44.5673 164.962
74 517.174 723.282 5 2.54951 -54.1926 -168.794
75 516.901 723.701 5 2.5 -47.5413 -21.2397
76 516.627 724.12 5 2.54951 -41.9773 -173.84
77 516.354 724.539 5 2.69258 -53.9386 94.8287
78 516.081 724.957 5 2.91548 -65.3048 122.519
