1 505.473 717.831 5 9.81344 -104.11 -114.56
2 505.747 717.412 5 9.78347 -108.946 123.822
3 506.02 716.994 5 9.77901 -116.51 -152.809
4 506.294 716.575 5 9.8001 -111.016 -63.9207
5 506.567 716.157 5 9.84655 -116.878 -33.2219
6 505.891 718.104 5 9.31536 -122.067 -135.591
7 506.165 717.686 5 9.28379 -110.346 58.5816
8 506.439 717.267 5 9.27909 -122.562 -110.777
9 506.712 716.849 5 9.3013 -116.537 -30.6155
10 506.986 716.43 5 9.35024 -127.76 -49.2298
11 506.31 718.378 5 8.8175 -117.792 106.629
12 506.584 717.96 5 8.78414 -111.371 61.3818
13 506.857 717.541 5 8.77917 -112.169 -108.073
14 507.131 717.123 5 8.80264 -118.982 49.178
15 507.404 716.704 5 8.85434 -122.072 157.816
16 506.728 718.652 5 8.31989 -125.109 -55.5119
17 507.002 718.233 5 8.28453 -116.658 -113.34
18 507.276 717.815 5 8.27926 -112.622 -113.743
19 507.549 717.396 5 8.30415 -115.027 81.0977
20 507.823 716.978 5 8.35893 -113.392 172.286
21 507.147 718.925 5 7.82259 -121.164 87.9363
22 507.421 718.507 5 7.78497 -128.032 -30.4088
23 507.694 718.088 5 7.77936 -131.102 130.614
24 507.968 717.67 5 7.80585 -112.556 64.1488
25 508.241 717.251 5 7.8641 -119.205 -132.473
26 507.565 719.199 5 7.32566 -128.56 148.363
27 507.839 718.78 5 7.28547 -122.534 168.123
28 508.113 718.362 5 7.27948 -125.853 -20.7788
29 508.386 717.943 5 7.30778 -133.606 -32.4026
30 508.66 717.525 5 7.36996 -110.725 -108.032
31 507.984 719.472 5 6.82918 -128.106 -54.8865
32 508.258 719.054 5 6.78604 -122.491 -120.409
33 508.531 718.635 5 6.77961 -126.422 -44.0318
34 508.805 718.217 5 6.80999 -125.847 126.809
35 509.078 717.798 5 6.87668 -127.258 40.6321
36 508.402 719.746 5 6.33324 -123.498 -39.3866
37 508.676 719.328 5 6.28671 -121.168 -113.614
38 508.95 718.909 5 6.27977 -163.558 -1.46951
39 509.223 718.491 5 6.31255 -163.484 -98.723
40 509.497 718.072 5 6.38444 -250 0
