1 509.951 714.045 5 11.7257 -65.316 99.2396
2 510.37 714.318 5 11.2541 -68.6006 -41.7756
3 510.79 714.59 5 10.785 -71.6901 -2.97107
4 511.209 714.862 5 10.3188 -62.899 36.0857
5 511.628 715.135 5 9.85591 -58.238 -127.047
6 512.048 715.407 5 9.39683 -61.0738 -150.935
7 512.467 715.679 5 8.94214 -60.2288 86.8061
8 512.886 715.952 5 8.49255 -58.7315 -148.839
9 513.306 716.224 5 8.0489 -65.2235 21.422
10 513.725 716.496 5 7.61225 -62.0306 130.441
11 514.144 716.769 5 7.18386 -60.5796 -78.292
12 514.564 717.041 5 6.7653 -94.755 168.465
13 514.983 717.313 5 6.35852 -101.919 -149.347
14 509.679 714.465 5 11.5728 -72.569 -74.2505
15 510.098 714.737 5 11.0947 -65.4043 130.483
16 510.517 715.009 5 10.6185 -62.5819 -79.6756
17 510.937 715.282 5 10.1447 -74.8991 -95.2691
18 511.356 715.554 5 9.67348 -68.124 -51.3351
19 511.775 715.826 5 9.20531 -67.277 -146.713
20 512.195 716.099 5 8.74066 -70.2218 179.469
21 512.614 716.371 5 8.28013 -54.6324 133.143
22 513.033 716.643 5 7.82445 -65.4062 71.5181
23 513.453 716.916 5 7.37452 -64.7728 -44.2765
24 513.872 717.188 5 6.93145 -90.7851 69.1609
25 514.291 717.46 5 6.49665 -67.2813 58.6779
26 514.711 717.733 5 6.07189 -57.4016 -87.7923
27 509.406 714.884 5 11.4397 -65.3971 -7.18403
28 509.826 715.156 5 10.9558 -66.9176 113.949
29 510.245 715.429 5 10.4733 -67.1013 115.255
30 510.664 715.701 5 9.99259 -65.2662 -119.588
31 511.084 715.973 5 9.51385 -63.3679 49.7929
32 511.503 716.246 5 9.03741 -63.5423 -168.568
33 511.922 716.518 5 8.56366 -83.585 3.40748
34 512.342 716.79 5 8.09307 -71.44 127.015
35 512.761 717.063 5 7.62622 -65.9343 -166.891
36 513.18 717.335 5 7.16385 -54.1164 84.4544
37 513.6 717.607 5 6.70687 -67.8093 96.4794
38 514.019 717.88 5 6.25649 -61.4188 -106.208
39 514.438 718.152 5 5.81421 -59.1506 -173.11
40 509.134 715.303 5 11.3272 -76.3589 -8.81567
41 509.553 715.576 5 10.8382 -59.3866 -40.819
42 509.973 715.848 5 10.3502 -66.1735 -40.6378
43 510.392 716.12 5 9.86352 -63.4813 -121.633
44 510.811 716.393 5 9.3782 -60.0923 -152.937
45 511.231 716.665 5 8.89449 -66.9949 -122.731
46 511.65 716.937 5 8.4127 -81.509 14.509
47 512.069 717.21 5 7.93316 -69.9272 -113.755
48 512.489 717.482 5 7.4563 -62.3396 -75.4393
49 512.908 717.754 5 6.98268 -70.7723 -103.706
50 513.327 718.027 5 6.51301 -66.2174 2.35834
51 513.747 718.299 5 6.04821 -58.5084 0.453821
52 514.166 718.571 5 5.58948 -66.3604 53.1003
53 508.862 715.723 5 11.2357 -66.4086 -105.261
54 509.281 715.995 5 10.7426 -61.3586 -111.149
55 509.7 716.267 5 10.2501 -65.6122 -92.7224
56 510.12 716.54 5 9.7584 -65.0806 -128.32
57 510.539 716.812 5 9.26756 -68.0934 150.339
58 510.958 717.084 5 8.77777 -65.5342 146.326
59 511.378 717.357 5 8.28919 -63.7704 106.953
60 511.797 717.629 5 7.80206 -69.0367 55.3373
61 512.216 717.901 5 7.31667 -57.4821 7.23257
62 512.636 718.174 5 6.83338 -65.2297 -28.7826
63 513.055 718.446 5 6.35268 -62.22 -99.4247
64 513.474 718.718 5 5.8752 -68.1003 -11.5811
65 513.894 718.991 5 5.4018 -54.8177 -172.5
66 508.589 716.142 5 11.166 -66.1422 -178.875
67 509.009 716.414 5 10.6696 -65.6219 91.0195
68 509.428 716.687 5 10.1736 -67.0234 -157.057
69 509.847 716.959 5 9.67799 -65.7822 110.781
70 510.267 717.231 5 9.18286 -63.2055 33.5198
71 510.686 717.504 5 8.68829 -66.3841 37.5619
72 511.105 717.776 5 8.19438 -60.1763 30.9833
73 511.525 718.048 5 7.70126 -61.2779 -4.75116
74 511.944 718.321 5 7.20908 -62.513 -24.8987
75 512.363 718.593 5 6.71805 -65.2441 -39.9188
76 512.783 718.865 5 6.22846 -54.7686 -71.8373
77 513.202 719.138 5 5.74066 -61.7296 -150.362
78 513.621 719.41 5 5.25516 -55.543 -163.875
79 510.414 717.923 5 8.62691 -84.3575 93.4637
80 510.833 718.195 5 8.12927 -60.5245 -82.8266
81 511.672 718.74 5 7.13498 -67.648 -117.951
82 512.091 719.012 5 6.63848 -57.859 172.07
83 512.51 719.285 5 6.14255 -57.1672 -140.882
84 512.93 719.557 5 5.64733 -57.5013 158.22
85 513.349 719.829 5 5.15304 -59.4264 134.127
86 510.141 718.342 5 8.59423 -69.9059 43.5043
87 510.561 718.615 5 8.09458 -87.0477 -162.753
88 511.399 719.159 5 7.09543 -63.4656 -49.6133
89 511.819 719.432 5 6.59596 -74.0182 86.9202
90 512.238 719.704 5 6.09656 -70.3767 77.9381
91 512.657 719.976 5 5.59728 -64.1292 31.4717
92 513.077 720.249 5 5.09814 -55.3544 -80.8462
93 509.869 718.762 5 8.59057 -92.4116 124.049
94 510.288 719.034 5 8.0907 -99.2503 -98.1074
95 511.127 719.579 5 7.09101 -80.6803 -19.7399
96 511.546 719.851 5 6.59119 -66.7265 -58.508
97 511.966 720.123 5 6.09141 -62.119 -93.1809
98 512.385 720.396 5 5.59167 -75.3023 -126.047
99 512.804 720.668 5 5.09198 -55.5494 -29.7813
100 509.597 719.181 5 8.61598 -96.425 -42.5548
101 510.016 719.453 5 8.11767 -96.7699 -68.3385
102 509.324 719.6 5 8.6702 -92.1159 -123.905
103 509.744 719.873 5 8.17519 -90.0062 66.1125
104 509.052 720.02 5 8.75269 -115.313 118.629
105 509.471 720.292 5 8.26263 -98.416 157.216
