1 505.473 717.831 5 8.78001 -127.785 142.262
2 505.747 717.412 5 8.80353 -121.584 -150.265
3 506.02 716.994 5 8.85527 -122.727 50.8405
4 506.294 716.575 5 8.93473 -124.831 -158.544
5 506.567 716.157 5 9.04118 -124.042 -163.036
6 505.891 718.104 5 8.2801 -121.752 19.6393
7 506.165 717.686 5 8.30504 -120.96 -148.336
8 506.439 717.267 5 8.35986 -121.129 -15.4989
9 506.712 716.849 5 8.44398 -119.162 -64.3939
10 506.986 716.43 5 8.55654 -136.177 -118.587
11 506.31 718.378 5 7.78021 -116.118 40.2904
12 506.584 717.96 5 7.80674 -134.571 14.5746
13 506.857 717.541 5 7.86503 -135.652 -34.6914
14 507.131 717.123 5 7.95439 -124.671 164.797
15 507.404 716.704 5 8.07378 -118.588 42.1082
16 506.728 718.652 5 7.28032 -122.691 -148.667
17 507.002 718.233 5 7.30867 -124.312 -135.385
18 507.276 717.815 5 7.37091 -144.029 -99.7059
19 507.549 717.396 5 7.46618 -117.402 -38.5042
20 507.823 716.978 5 7.59325 -126.295 -38.6731
21 507.147 718.925 5 6.78046 -121.613 83.9096
22 507.421 718.507 5 6.81089 -130.108 -110.804
23 507.694 718.088 5 6.87763 -125.697 -109.017
24 507.968 717.67 5 6.97964 -110.327 -127.082
25 508.241 717.251 5 7.1154 -119.671 -173.652
26 507.565 719.199 5 6.28062 -114.99 -4.66355
27 507.839 718.78 5 6.31346 -129.632 -22.5763
28 508.113 718.362 5 6.3854 -135.604 -69.5312
29 508.386 717.943 5 6.49514 -116.54 -168.182
30 508.66 717.525 5 6.64082 -119.791 -138.103
31 507.984 719.472 5 5.7808 -116.066 -145.817
32 508.258 719.054 5 5.81646 -136.704 -178.822
33 508.531 718.635 5 5.89447 -106.117 128.709
34 508.805 718.217 5 6.01319 -129.908 -119.006
35 509.078 717.798 5 6.17025 -116.477 -68.1724
36 508.402 719.746 5 5.28102 -107.429 144.585
37 508.676 719.328 5 5.32003 -130.213 -21.4599
38 508.95 718.909 5 5.40521 -250 0
39 509.223 718.491 5 5.53443 -250 0
40 509.497 718.072 5 5.70469 -250 0
