1 505.473 717.831 5 11.9195 -85.377 -109.594
2 505.747 717.412 5 11.8527 -92.8973 -57.0882
3 506.02 716.994 5 11.8067 -95.8071 -142.782
4 506.294 716.575 5 11.7817 -93.93 -54.9119
5 506.567 716.157 5 11.7779 -100.681 4.90739
6 505.891 718.104 5 11.4258 -92.8934 -135.501
7 506.165 717.686 5 11.356 -88.6316 41.6602
8 506.439 717.267 5 11.308 -98.426 88.2809
9 506.712 716.849 5 11.2819 -103.572 57.6521
10 506.986 716.43 5 11.278 -102.333 7.39446
11 506.31 718.378 5 10.9326 -101.177 107.503
12 506.584 717.96 5 10.8597 -91.5938 54.4438
13 506.857 717.541 5 10.8094 -89.1196 -135.588
14 507.131 717.123 5 10.7822 -98.2049 -57.1705
15 507.404 716.704 5 10.778 -99.84 -44.0159
16 506.728 718.652 5 10.4401 -102.097 -67.7352
17 507.002 718.233 5 10.3637 -101.17 -23.4755
18 507.276 717.815 5 10.311 -88.0438 -156.951
19 507.549 717.396 5 10.2824 -93.5201 8.50269
20 507.823 716.978 5 10.2781 -103.018 171.441
21 507.147 718.925 5 9.94827 -100.947 -171.375
22 507.421 718.507 5 9.86808 -100.569 13.6549
23 507.694 718.088 5 9.81276 -96.8529 125.974
24 507.968 717.67 5 9.7827 -89.7182 -3.72283
25 508.241 717.251 5 9.77816 -106.982 -112.579
26 507.565 719.199 5 9.45733 -106.288 -169.92
27 507.839 718.78 5 9.37295 -97.2798 -38.3155
28 508.113 718.362 5 9.31469 -98.1457 116.151
29 508.386 717.943 5 9.28302 -109.615 139.975
30 508.66 717.525 5 9.27823 -100.516 -94.4744
31 507.984 719.472 5 8.9674 -93.0777 -170.372
32 508.258 719.054 5 8.87837 -95.5574 -108.603
33 508.531 718.635 5 8.81683 -121.306 74.3817
34 508.805 718.217 5 8.78337 -118.327 -17.8664
35 509.078 717.798 5 8.77831 -112.366 -55.9361
36 508.402 719.746 5 8.47865 -95.5665 69.3392
37 508.676 719.328 5 8.38443 -107.525 109.232
38 508.95 718.909 5 8.31924 -250 0
39 509.223 718.491 5 8.28377 -250 0
40 509.497 718.072 5 8.2784 -250 0
