1 505.473 717.831 5 12.1134 -99.0018 160.574
2 505.747 717.412 5 12.006 -108.407 -36.2417
3 506.02 716.994 5 11.9187 -84.4493 109.109
4 506.294 716.575 5 11.8519 -97.3905 152.428
5 506.567 716.157 5 11.8058 -121.778 -43.2979
6 505.891 718.104 5 11.6279 -104.805 131.175
7 506.165 717.686 5 11.516 -103.74 -52.0919
8 506.439 717.267 5 11.425 -94.3257 96.9223
9 506.712 716.849 5 11.3552 -100.735 -160.023
10 506.986 716.43 5 11.3072 -101.992 -33.4996
11 506.31 718.378 5 11.1437 -113.286 -179.87
12 506.584 717.96 5 11.0269 -90.8097 -0.438496
13 506.857 717.541 5 10.9318 -102.13 101.462
14 507.131 717.123 5 10.8589 -99.2024 -107.452
15 507.404 716.704 5 10.8086 -103.002 16.8377
16 506.728 718.652 5 10.6609 -105.468 -36.7013
17 507.002 718.233 5 10.5388 -97.7764 77.2344
18 507.276 717.815 5 10.4392 -102.173 80.1536
19 507.549 717.396 5 10.3629 -85.3521 -55.1384
20 507.823 716.978 5 10.3102 -100.773 51.4363
21 507.147 718.925 5 10.1799 -104.022 17.563
22 507.421 718.507 5 10.0519 -98.8507 -163.49
23 507.694 718.088 5 9.94745 -108.016 -3.63364
24 507.968 717.67 5 9.86727 -89.3293 -2.83447
25 508.241 717.251 5 9.81193 -99.0924 80.83
26 507.565 719.199 5 9.7007 -89.9396 25.405
27 507.839 718.78 5 9.56633 -104.623 -32.1184
28 508.113 718.362 5 9.45652 -101.13 3.82699
29 508.386 717.943 5 9.37214 -102.348 -140.694
30 508.66 717.525 5 9.31386 -104.686 57.7025
31 507.984 719.472 5 9.22375 -94.2807 18.1565
32 508.258 719.054 5 9.08233 -105.055 43.7756
33 508.531 718.635 5 8.96659 -96.5043 -9.9299
34 508.805 718.217 5 8.87755 -100.127 -154.588
35 509.078 717.798 5 8.81601 -96.8981 -94.4715
36 508.402 719.746 5 8.74938 -95.2481 -62.654
37 508.676 719.328 5 8.60016 -107.145 5.64761
38 508.95 718.909 5 8.47784 -158.758 -163.792
39 509.223 718.491 5 8.38361 -250 0
40 509.497 718.072 5 8.31842 -250 0
