1 505.473 717.831 5 12.2398 -105.415 15.3117
2 505.747 717.412 5 12.113 -105.769 35.627
3 506.02 716.994 5 12.0056 -112.298 -128.76
4 506.294 716.575 5 11.9183 -98.8198 -96.6839
5 506.567 716.157 5 11.8515 -109.216 36.0459
6 505.891 718.104 5 11.7596 -106.9 34.2472
7 506.165 717.686 5 11.6275 -112.004 -162.465
8 506.439 717.267 5 11.5156 -99.8003 -58.0064
9 506.712 716.849 5 11.4246 -106.006 41.995
10 506.986 716.43 5 11.3548 -107.439 -52.7814
11 506.31 718.378 5 11.281 -109.002 -86.4814
12 506.584 717.96 5 11.1433 -111.105 81.031
13 506.857 717.541 5 11.0265 -115.512 0.622443
14 507.131 717.123 5 10.9314 -102.902 34.4812
15 507.404 716.704 5 10.8585 -111.888 170.344
16 506.728 718.652 5 10.8044 -112.128 92.7443
17 507.002 718.233 5 10.6605 -110.314 -163.138
18 507.276 717.815 5 10.5384 -109.212 -141.976
19 507.549 717.396 5 10.4388 -100.44 1.62779
20 507.823 716.978 5 10.3625 -102.237 -104.827
21 507.147 718.925 5 10.3301 -102.164 29.2451
22 507.421 718.507 5 10.1795 -119.137 -3.05318
23 507.694 718.088 5 10.0515 -107.911 139.825
24 507.968 717.67 5 9.94705 -106.35 -88.6052
25 508.241 717.251 5 9.86686 -104.944 -86.2752
26 507.565 719.199 5 9.85824 -107.988 -66.9039
27 507.839 718.78 5 9.70031 -112.819 -132.161
28 508.113 718.362 5 9.56593 -110.443 -49.8121
29 508.386 717.943 5 9.45612 -126.255 -65.643
30 508.66 717.525 5 9.37173 -112.635 -48.0714
31 507.984 719.472 5 9.38931 -110.466 25.4199
32 508.258 719.054 5 9.22336 -107.473 -52.719
33 508.531 718.635 5 9.08193 -119.09 54.1141
34 508.805 718.217 5 8.96619 -110.41 108.805
35 509.078 717.798 5 8.87714 -117.392 -51.4443
36 508.402 719.746 5 8.92377 -96.6961 -63.9307
37 508.676 719.328 5 8.74899 -102.018 104.561
38 508.95 718.909 5 8.59976 -250 0
39 509.223 718.491 5 8.47744 -250 0
40 509.497 718.072 5 8.3832 -250 0
