1 514.644 719.84 5 2.06155 -48.8069 -174.233
2 514.371 720.259 5 2 -64.2341 32.0602
3 514.097 720.678 5 2.06155 -45.5687 134.74
4 513.824 721.096 5 2.23607 -49.4535 18.3768
5 513.551 721.515 5 2.5 -44.9865 -110.573
6 513.278 721.934 5 2.82843 -59.0651 173.141
7 513.004 722.353 5 3.20156 -52.2005 116.771
8 512.731 722.771 5 3.60555 -58.3819 53.2152
9 512.458 723.19 5 4.03113 -47.1526 151.42
10 512.185 723.609 5 4.47214 -49.3947 78.7994
11 515.063 720.113 5 1.58114 -42.1274 110.493
12 514.789 720.532 5 1.5 -53.1613 82.4098
13 514.516 720.951 5 1.58114 -41.3494 96.0979
14 514.243 721.37 5 1.80278 -45.4457 -160.125
15 513.97 721.788 5 2.12132 -44.6327 16.2561
16 513.696 722.207 5 2.5 -49.7963 17.9001
17 513.423 722.626 5 2.91548 -45.6477 -89.7152
18 513.15 723.045 5 3.3541 -47.2391 39.1307
19 512.877 723.463 5 3.80789 -49.1936 -171.673
20 512.603 723.882 5 4.272 -47.0502 -57.6014
21 515.481 720.387 5 1.11803 -45.31 38.8695
22 515.208 720.805 5 1 -43.832 24.4786
23 514.935 721.224 5 1.11803 -41.0305 22.4809
24 514.662 721.643 5 1.41421 -43.0215 -129.011
25 514.388 722.062 5 1.80278 -45.041 -168.349
26 514.115 722.48 5 2.23607 -43.0558 50.8381
27 513.842 722.899 5 2.69258 -51.6069 124.965
28 513.568 723.318 5 3.16228 -57.3202 -161.098
29 513.295 723.737 5 3.64005 -52.1333 -95.4872
30 513.022 724.155 5 4.12311 -53.9215 119.368
31 515.9 720.66 5 0.707107 -37.5834 115.142
32 515.627 721.079 5 0.5 -33.0541 -3.13445
33 515.353 721.497 5 0.707107 -38.3457 121.332
34 515.08 721.916 5 1.11803 -42.8097 -19.6854
35 514.807 722.335 5 1.58114 -51.0209 148.775
36 514.534 722.754 5 2.06155 -44.8948 -131.614
37 514.26 723.172 5 2.54951 -44.4936 -102.708
38 513.987 723.591 5 3.04138 -42.9515 -107.29
39 516.319 720.933 5 0.5 -31.3579 -3.00293
40 516.045 721.352 5 0 -48.2419 66.3464
41 515.772 721.771 5 0.5 -31.8913 -2.03546
42 515.499 722.189 5 1 -36.6526 -33.9176
43 515.226 722.608 5 1.5 -40.041 -25.5493
44 514.952 723.027 5 2 -41.6105 -40.793
45 514.679 723.446 5 2.5 -40.903 -37.7285
46 514.406 723.864 5 3 -44.8171 164.139
47 516.737 721.206 5 0.707107 -37.1378 119.26
48 516.464 721.625 5 0.5 -36.5654 -6.42656
49 516.191 722.044 5 0.707107 -36.3909 121.503
50 515.918 722.463 5 1.11803 -42.2718 -3.17547
51 515.644 722.881 5 1.58114 -43.8904 171.323
52 515.371 723.3 5 2.06155 -42.6314 -160.101
53 515.098 723.719 5 2.54951 -39.998 -143.803
54 514.825 724.138 5 3.04138 -46.8477 98.287
55 517.156 721.48 5 1.11803 -42.2214 26.9541
56 516.883 721.898 5 1 -40.8414 41.5008
57 516.61 722.317 5 1.11803 -43.1576 46.9718
58 516.336 722.736 5 1.41421 -45.1375 -109.022
59 516.063 723.155 5 1.80278 -64.1134 146.904
60 515.79 723.573 5 2.23607 -43.2797 25.2
61 515.517 723.992 5 2.69258 -47.2887 170.782
62 515.243 724.411 5 3.16228 -49.0302 42.8118
63 517.575 721.753 5 1.58114 -41.2385 86.0576
64 517.302 722.172 5 1.5 -53.0021 -19.1374
65 517.028 722.59 5 1.58114 -45.4894 80.9903
66 516.755 723.009 5 1.80278 -51.8925 -147.794
67 516.482 723.428 5 2.12132 -44.0798 -0.567866
68 516.209 723.847 5 2.5 -45.5588 -17.8231
69 515.935 724.265 5 2.91548 -48.1467 -77.0212
70 515.662 724.684 5 3.3541 -50.8564 67.9647
71 517.994 722.026 5 2.06155 -42.6451 75.1864
72 517.72 722.445 5 2 -48.6857 74.213
73 517.447 722.864 5 2.06155 -47.373 153.124
74 517.174 723.282 5 2.23607 -49.4166 44.7418
75 516.901 723.701 5 2.5 -43.5347 12.6708
76 516.627 724.12 5 2.82843 -44.7772 103.425
77 516.354 724.539 5 3.20156 -45.0495 164.904
78 516.081 724.957 5 3.60555 -52.6176 61.4114
