1 514.644 719.84 5 2.23607 -42.3411 18.4522
2 514.371 720.259 5 1.80278 -48.3978 -170.407
3 514.097 720.678 5 1.41421 -41.9009 -124.229
4 513.824 721.096 5 1.11803 -40.8837 109.164
5 513.551 721.515 5 1 -40.969 -100.652
6 513.278 721.934 5 1.11803 -38.7365 16.8756
7 513.004 722.353 5 1.41421 -39.767 -121.89
8 512.731 722.771 5 1.80278 -48.8616 -105.136
9 512.458 723.19 5 2.23607 -44.2525 -100.799
10 512.185 723.609 5 2.69258 -48.4428 -114.823
11 515.063 720.113 5 2.06155 -45.7231 135.657
12 514.789 720.532 5 1.58114 -46.2505 124.041
13 514.516 720.951 5 1.11803 -38.1039 14.4995
14 514.243 721.37 5 0.707107 -35.878 132.089
15 513.97 721.788 5 0.5 -34.9426 -1.97234
16 513.696 722.207 5 0.707107 -36.7757 113.659
17 513.423 722.626 5 1.11803 -35.8461 1.53402
18 513.15 723.045 5 1.58114 -40.3379 78.1983
19 512.877 723.463 5 2.06155 -49.3468 142.981
20 512.603 723.882 5 2.54951 -51.8165 -157.512
21 515.481 720.387 5 2 -41.5913 7.1344
22 515.208 720.805 5 1.5 -44.6779 10.2938
23 514.935 721.224 5 1 -40.3888 13.3556
24 514.662 721.643 5 0.5 -34.866 -9.09259
25 514.388 722.062 5 0 -46.5592 89.7299
26 514.115 722.48 5 0.5 -34.978 5.61295
27 513.842 722.899 5 1 -38.0656 15.1882
28 513.568 723.318 5 1.5 -44.081 11.3887
29 513.295 723.737 5 2 -41.0706 -15.0072
30 513.022 724.155 5 2.5 -44.8536 41.9094
31 515.9 720.66 5 2.06155 -47.0862 -152.435
32 515.627 721.079 5 1.58114 -44.8538 114.33
33 515.353 721.497 5 1.11803 -39.8421 7.77817
34 515.08 721.916 5 0.707107 -41.2341 122.582
35 514.807 722.335 5 0.5 -34.037 0.0144063
36 514.534 722.754 5 0.707107 -37.0311 124.818
37 514.26 723.172 5 1.11803 -44.7888 6.59216
38 513.987 723.591 5 1.58114 -46.5055 105.111
39 516.319 720.933 5 2.23607 -44.9761 1.15066
40 516.045 721.352 5 1.80278 -44.6857 -167.548
41 515.772 721.771 5 1.41421 -42.4471 -123.381
42 515.499 722.189 5 1.11803 -39.3438 1.4279
43 515.226 722.608 5 1 -37.8635 -5.63036
44 514.952 723.027 5 1.11803 -42.1915 8.80817
45 514.679 723.446 5 1.41421 -40.1029 -131.128
46 514.406 723.864 5 1.80278 -42.468 -83.3265
47 516.737 721.206 5 2.5 -50.8071 47.2095
48 516.464 721.625 5 2.12132 -51.889 -37.7344
49 516.191 722.044 5 1.80278 -49.71 -172.646
50 515.918 722.463 5 1.58114 -42.318 101.517
51 515.644 722.881 5 1.5 -40.9763 4.95705
52 515.371 723.3 5 1.58114 -44.8159 110.842
53 515.098 723.719 5 1.80278 -45.2542 -132.728
54 514.825 724.138 5 2.12132 -47.0099 -128.285
55 517.156 721.48 5 2.82843 -44.7617 144.605
56 516.883 721.898 5 2.5 -43.4715 -17.5686
57 516.61 722.317 5 2.23607 -45.0511 58.621
58 516.336 722.736 5 2.06155 -45.7416 -145.991
59 516.063 723.155 5 2 -41.5284 4.31614
60 515.79 723.573 5 2.06155 -43.6255 156.337
61 515.517 723.992 5 2.23607 -44.549 5.06257
62 515.243 724.411 5 2.5 -53.0839 -130.314
63 517.575 721.753 5 3.20156 -57.2088 88.5516
64 517.302 722.172 5 2.91548 -54.4911 152.43
65 517.028 722.59 5 2.69258 -44.604 147.504
66 516.755 723.009 5 2.54951 -53.7819 -79.7412
67 516.482 723.428 5 2.5 -45.4829 -12.176
68 516.209 723.847 5 2.54951 -42.9452 -148.176
69 515.935 724.265 5 2.69258 -60.5775 -141.525
70 515.662 724.684 5 2.91548 -55.287 -153.21
71 517.994 722.026 5 3.60555 -50.8716 6.97846
72 517.72 722.445 5 3.3541 -43.9123 65.593
73 517.447 722.864 5 3.16228 -47.6015 -157.596
74 517.174 723.282 5 3.04138 -54.1833 -18.709
75 516.901 723.701 5 3 -45.4814 -50.041
76 516.627 724.12 5 3.04138 -48.5526 170.896
77 516.354 724.539 5 3.16228 -48.51 -140.115
78 516.081 724.957 5 3.3541 -50.8109 -12.5777
