1 514.644 719.84 5 1.11803 -40.2783 -6.27564
2 514.371 720.259 5 1 -41.0086 -4.36689
3 514.097 720.678 5 1.11803 -37.9795 6.27623
4 513.824 721.096 5 1.41421 -39.9304 -134.366
5 513.551 721.515 5 1.80278 -65.358 144.717
6 513.278 721.934 5 2.23607 -45.873 -179.561
7 513.004 722.353 5 2.69258 -48.7399 158.577
8 512.731 722.771 5 3.16228 -48.5405 -78.0763
9 512.458 723.19 5 3.64005 -56.5546 -166.299
10 512.185 723.609 5 4.12311 -58.3078 142.567
11 515.063 720.113 5 0.707107 -37.0355 114.571
12 514.789 720.532 5 0.5 -34.3728 -9.23336
13 514.516 720.951 5 0.707107 -36.625 114.134
14 514.243 721.37 5 1.11803 -39.4727 3.32434
15 513.97 721.788 5 1.58114 -48.4634 146.015
16 513.696 722.207 5 2.06155 -44.381 -137.542
17 513.423 722.626 5 2.54951 -52.1484 -118.103
18 513.15 723.045 5 3.04138 -46.0667 -88.193
19 512.877 723.463 5 3.53553 -43.7352 -145.755
20 512.603 723.882 5 4.03113 -50.8475 -138.366
21 515.481 720.387 5 0.5 -33.0719 5.56419
22 515.208 720.805 5 0 -39.5753 165.831
23 514.935 721.224 5 0.5 -33.6015 8.84724
24 514.662 721.643 5 1 -37.4919 -1.58093
25 514.388 722.062 5 1.5 -44.4194 -4.23021
26 514.115 722.48 5 2 -41.708 26.1431
27 513.842 722.899 5 2.5 -43.4 15.5081
28 513.568 723.318 5 3 -46.159 52.6188
29 513.295 723.737 5 3.5 -43.281 41.6195
30 513.022 724.155 5 4 -45.252 12.9248
31 515.9 720.66 5 0.707107 -34.2171 122.028
32 515.627 721.079 5 0.5 -36.5808 -0.722777
33 515.353 721.497 5 0.707107 -35.6498 104.419
34 515.08 721.916 5 1.11803 -44.2675 34.1882
35 514.807 722.335 5 1.58114 -50.7033 107.073
36 514.534 722.754 5 2.06155 -44.1258 -173.923
37 514.26 723.172 5 2.54951 -50.7489 -117.834
38 513.987 723.591 5 3.04138 -46.3332 -168.271
39 516.319 720.933 5 1.11803 -40.7962 48.6736
40 516.045 721.352 5 1 -43.8365 -2.9961
41 515.772 721.771 5 1.11803 -41.0133 20.9494
42 515.499 722.189 5 1.41421 -40.5432 -137.496
43 515.226 722.608 5 1.80278 -46.2496 150.784
44 514.952 723.027 5 2.23607 -47.1012 49.7604
45 514.679 723.446 5 2.69258 -44.5635 139.483
46 514.406 723.864 5 3.16228 -50.1055 6.90742
47 516.737 721.206 5 1.58114 -39.8837 92.126
48 516.464 721.625 5 1.5 -43.9951 -4.15296
49 516.191 722.044 5 1.58114 -40.5973 107.737
50 515.918 722.463 5 1.80278 -41.891 -143.948
51 515.644 722.881 5 2.12132 -52.8446 30.6995
52 515.371 723.3 5 2.5 -45.8283 6.10686
53 515.098 723.719 5 2.91548 -60.8071 -135.272
54 514.825 724.138 5 3.3541 -57.5393 -157.328
55 517.156 721.48 5 2.06155 -43.9301 76.9618
56 516.883 721.898 5 2 -58.5435 -28.5568
57 516.61 722.317 5 2.06155 -43.9472 129.674
58 516.336 722.736 5 2.23607 -54.3905 -53.436
59 516.063 723.155 5 2.5 -52.4653 -9.25431
60 515.79 723.573 5 2.82843 -46.5676 144.5
61 515.517 723.992 5 3.20156 -53.3347 135.095
62 515.243 724.411 5 3.60555 -45.7039 -137.402
63 517.575 721.753 5 2.54951 -51.31 -11.3913
64 517.302 722.172 5 2.5 -50.3591 144.021
65 517.028 722.59 5 2.54951 -53.769 -153.561
66 516.755 723.009 5 2.69258 -45.9646 -143.463
67 516.482 723.428 5 2.91548 -47.4169 -102.156
68 516.209 723.847 5 3.20156 -44.9511 -178.131
69 515.935 724.265 5 3.53553 -54.6148 -110.301
70 515.662 724.684 5 3.90512 -53.8468 -84.6592
71 517.994 722.026 5 3.04138 -42.1199 149.382
72 517.72 722.445 5 3 -46.5505 84.8584
73 517.447 722.864 5 3.04138 -47.3187 -111.856
74 517.174 723.282 5 3.16228 -44.0921 -81.1402
75 516.901 723.701 5 3.3541 -47.521 11.2627
76 516.627 724.12 5 3.60555 -48.9065 -2.92428
77 516.354 724.539 5 3.90512 -55.7111 -111.642
78 516.081 724.957 5 4.24264 -51.1117 38.4499
