1 509.951 714.045 5 8.41406 -58.4734 60.0206
2 510.37 714.318 5 7.9344 -58.3133 161.475
3 510.79 714.59 5 7.4574 -63.6336 32.6075
4 511.209 714.862 5 6.98362 -59.6512 -9.80501
5 511.628 715.135 5 6.51377 -66.7979 140.184
6 512.048 715.407 5 6.04874 -63.8121 82.9213
7 512.467 715.679 5 5.58976 -56.0927 -37.8156
8 512.886 715.952 5 5.13845 -63.1918 -166.838
9 513.306 716.224 5 4.697 -61.1681 -48.8957
10 513.725 716.496 5 4.26849 -55.6716 51.2574
11 514.144 716.769 5 3.85722 -70.4519 146.982
12 514.564 717.041 5 3.46934 -86.8254 -169.592
13 514.983 717.313 5 3.1136 -92.5475 -107.214
14 509.679 714.465 5 8.29097 -59.5506 139.596
15 510.098 714.737 5 7.80374 -68.6148 -16.1479
16 510.517 715.009 5 7.31824 -64.8686 52.9187
17 510.937 715.282 5 6.83482 -56.5222 -34.6043
18 511.356 715.554 5 6.35397 -55.2923 -49.1379
19 511.775 715.826 5 5.87631 -57.4629 -118.884
20 512.195 716.099 5 5.40271 -58.6791 -145.994
21 512.614 716.371 5 4.93431 -59.5208 85.2844
22 513.033 716.643 5 4.47276 -56.0605 -40.7488
23 513.453 716.916 5 4.02042 -53.9886 170.066
24 513.872 717.188 5 3.58077 -66.8343 -162.82
25 514.291 717.46 5 3.15913 -71.4122 -22.847
26 514.711 717.733 5 2.76374 -66.9915 26.5868
27 509.406 714.884 5 8.19658 -61.2921 121.495
28 509.826 715.156 5 7.70339 -59.8445 -30.8054
29 510.245 715.429 5 7.21113 -60.648 58.2912
30 510.664 715.701 5 6.72001 -83.7544 -61.1661
31 511.084 715.973 5 6.2303 -58.3033 -114.805
32 511.503 716.246 5 5.74237 -58.7373 -73.0283
33 511.922 716.518 5 5.25671 -62.1488 -157.536
34 512.342 716.79 5 4.77401 -53.3399 162.573
35 512.761 717.063 5 4.29527 -55.9477 118.552
36 513.18 717.335 5 3.82198 -54.1686 68.3925
37 513.6 717.607 5 3.35644 -65.2448 -36.7466
38 514.019 717.88 5 2.90239 -52.5346 84.3962
39 514.438 718.152 5 2.46617 -55.1566 101.819
40 509.134 715.303 5 8.1319 -62.67 129.2
41 509.553 715.576 5 7.63452 -60.0021 -144.403
42 509.973 715.848 5 7.13751 -74.7357 -124.657
43 510.392 716.12 5 6.64095 -70.3096 -33.0248
44 510.811 716.393 5 6.14495 -61.1679 109.288
45 511.231 716.665 5 5.64965 -73.7009 -70.5512
46 511.65 716.937 5 5.15527 -78.6695 123.29
47 512.069 717.21 5 4.66207 -66.3628 33.1985
48 512.489 717.482 5 4.1705 -57.5508 75.4937
49 512.908 717.754 5 3.6812 -52.9604 49.0174
50 513.327 718.027 5 3.19522 -55.9533 36.8741
51 513.747 718.299 5 2.71433 -48.4856 -5.92537
52 514.166 718.571 5 2.24182 -55.3376 -25.7171
53 508.862 715.723 5 8.09762 -66.6706 1.34247
54 509.281 715.995 5 7.59801 -63.4484 97.032
55 509.7 716.267 5 7.09844 -61.3785 -160.295
56 510.12 716.54 5 6.59894 -61.1803 -158.379
57 510.539 716.812 5 6.09952 -66.5507 143.477
58 510.958 717.084 5 5.60021 -65.2833 -149.309
59 511.378 717.357 5 5.10103 -67.1318 151.664
60 511.797 717.629 5 4.60203 -62.0083 -96.5945
61 512.216 717.901 5 4.10328 -65.6579 174.196
62 512.636 718.174 5 3.60486 -59.2367 100.524
63 513.055 718.446 5 3.10696 -59.1595 90.1492
64 513.474 718.718 5 2.60986 -68.0809 -32.5465
65 513.894 718.991 5 2.11413 -64.1631 167.383
66 508.589 716.142 5 8.09415 -61.3302 -110.46
67 509.009 716.414 5 7.5943 -84.7446 7.76998
68 509.428 716.687 5 7.09448 -74.8859 -157.332
69 509.847 716.959 5 6.59468 -67.4663 82.0537
70 510.267 717.231 5 6.09491 -84.9646 71.2394
71 510.686 717.504 5 5.59519 -73.9799 125.701
72 511.105 717.776 5 5.09552 -64.5488 85.4697
73 511.525 718.048 5 4.59592 -71.2196 -178.242
74 511.944 718.321 5 4.09642 -63.6016 82.3001
75 512.363 718.593 5 3.59705 -54.3998 -148.376
76 512.783 718.865 5 3.0979 -59.6943 142.923
77 513.202 719.138 5 2.59906 -57.9153 -98.0604
78 513.621 719.41 5 2.10079 -62.9618 18.7048
79 510.414 717.923 5 5.6347 -59.6014 168.141
80 510.833 718.195 5 5.13888 -61.1151 -3.56295
81 511.672 718.74 5 4.15023 -59.3583 166.871
82 512.091 719.012 5 3.65822 -55.9707 50.5316
83 512.51 719.285 5 3.16871 -56.1198 113.233
84 512.93 719.557 5 2.68308 -54.3658 57.9547
85 513.349 719.829 5 2.20388 -49.7989 10.119
86 510.141 718.342 5 5.71784 -75.4115 57.0813
87 510.561 718.615 5 5.2299 -64.9467 54.3382
88 511.399 719.159 5 4.26241 -60.7761 161.987
89 511.819 719.432 5 3.78501 -58.8526 36.0541
90 512.238 719.704 5 3.31429 -51.1783 -22.9087
91 512.657 719.976 5 2.85354 -46.9301 -114.96
92 513.077 720.249 5 2.40849 -50.0308 107.318
93 509.869 718.762 5 5.84272 -80.5161 92.6276
94 510.288 719.034 5 5.36615 -79.5502 -103.649
95 511.127 719.579 5 4.42854 -57.7312 -93.4027
96 511.546 719.851 5 3.97116 -48.1261 -149.339
97 511.966 720.123 5 3.52537 -54.5137 137.732
98 512.385 720.396 5 3.0962 -62.0309 -175.952
99 512.804 720.668 5 2.69158 -49.4458 -28.5785
100 509.597 719.181 5 6.00676 -79.3014 150.709
101 510.016 719.453 5 5.54431 -81.649 172.414
102 509.324 719.6 5 6.20685 -92.5964 -21.663
103 509.744 719.873 5 5.76048 -79.9438 -176.901
104 509.052 720.02 5 6.43962 -90.778 -159
105 509.471 720.292 5 6.01057 -91.7854 -153.878
