1 505.473 717.831 5 8.85608 -132.762 -171.989
2 505.747 717.412 5 8.93554 -121.701 122.662
3 506.02 716.994 5 9.04198 -121.478 -42.587
4 506.294 716.575 5 9.17448 -149.768 -3.58958
5 506.567 716.157 5 9.33191 -149.886 120.293
6 505.891 718.104 5 8.36068 -138.444 85.9618
7 506.165 717.686 5 8.44479 -121.764 83.2535
8 506.439 717.267 5 8.55734 -122.578 43.047
9 506.712 716.849 5 8.69722 -134.308 147.081
10 506.986 716.43 5 8.86314 -129.906 -49.0615
11 506.31 718.378 5 7.86585 -145.935 89.1134
12 506.584 717.96 5 7.9552 -128.496 134.391
13 506.857 717.541 5 8.07458 -125.763 -2.73078
14 507.131 717.123 5 8.22267 -145.044 40.7693
15 507.404 716.704 5 8.39797 -148.159 172.664
16 506.728 718.652 5 7.37172 -115.566 -164.332
17 507.002 718.233 5 7.46699 -130.598 142.591
18 507.276 717.815 5 7.59404 -119.752 -15.5771
19 507.549 717.396 5 7.75133 -137.006 -135.249
20 507.823 716.978 5 7.93704 -142.224 154.532
21 507.147 718.925 5 6.87844 -121.001 106.015
22 507.421 718.507 5 6.98044 -136.929 78.6777
23 507.694 718.088 5 7.11619 -123.263 81.8989
24 507.968 717.67 5 7.2838 -120.7 -66.3729
25 508.241 717.251 5 7.48113 -132.428 175.89
26 507.565 719.199 5 6.38621 -134.16 -9.12712
27 507.839 718.78 5 6.49594 -132.931 56.0187
28 508.113 718.362 5 6.6416 -137.099 158.953
29 508.386 717.943 5 6.82088 -127.243 -74.8318
30 508.66 717.525 5 7.03122 -141.868 -35.9079
31 507.984 719.472 5 5.89528 -118.743 3.3375
32 508.258 719.054 5 6.01398 -132.128 -161.944
33 508.531 718.635 5 6.17102 -121.478 -151.246
34 508.805 718.217 5 6.36358 -134.701 55.2756
35 509.078 717.798 5 6.58853 -142.349 -39.9716
36 508.402 719.746 5 5.40602 -151.792 93.6888
37 508.676 719.328 5 5.53522 -121.648 -1.26931
38 508.95 718.909 5 5.70546 -250 0
39 509.223 718.491 5 5.91319 -250 0
40 509.497 718.072 5 6.15463 -250 0
