1 509.951 714.045 5 7.45672 -66.5878 -86.0185
2 510.37 714.318 5 6.9829 -60.6754 158.401
3 510.79 714.59 5 6.51299 -59.0934 65.9004
4 511.209 714.862 5 6.04791 -67.5658 -1.87559
5 511.628 715.135 5 5.58886 -70.5482 8.65466
6 512.048 715.407 5 5.13747 -76.4661 60.8619
7 512.467 715.679 5 4.69593 -59.9856 -96.5498
8 512.886 715.952 5 4.2673 -59.4626 151.78
9 513.306 716.224 5 3.85591 -67.2186 10.4374
10 513.725 716.496 5 3.46788 -61.2278 -31.3686
11 514.144 716.769 5 3.11197 -69.3339 124.22
12 514.564 717.041 5 2.80045 -91.5036 -93.9287
13 514.983 717.313 5 2.54965 -105.054 156.781
14 509.679 714.465 5 7.3177 -62.8971 92.6842
15 510.098 714.737 5 6.83424 -73.9847 -42.5494
16 510.517 715.009 5 6.35335 -70.7964 15.9243
17 510.937 715.282 5 5.87564 -71.3449 79.5521
18 511.356 715.554 5 5.40198 -61.101 -22.2144
19 511.775 715.826 5 4.93351 -66.4431 -19.4635
20 512.195 716.099 5 4.47188 -63.6181 -40.7765
21 512.614 716.371 5 4.01943 -67.7096 -28.0004
22 513.033 716.643 5 3.57967 -61.8034 -165.106
23 513.453 716.916 5 3.15787 -54.8509 102.403
24 513.872 717.188 5 2.76231 -69.8798 -48.1501
25 514.291 717.46 5 2.40593 -56.1751 -69.8164
26 514.711 717.733 5 2.10871 -57.0474 98.939
27 509.406 714.884 5 7.21073 -68.8102 -77.9426
28 509.826 715.156 5 6.71958 -64.423 -133.646
29 510.245 715.429 5 6.22985 -63.9495 12.5779
30 510.664 715.701 5 5.74188 -76.2437 -134.208
31 511.084 715.973 5 5.25617 -68.4167 -174.802
32 511.503 716.246 5 4.77341 -64.7391 141.853
33 511.922 716.518 5 4.2946 -71.4845 -174.177
34 512.342 716.79 5 3.82123 -69.0803 168.694
35 512.761 717.063 5 3.35559 -63.6716 139.765
36 513.18 717.335 5 2.9014 -72.7536 94.6447
37 513.6 717.607 5 2.46501 -63.1085 -144.84
38 514.019 717.88 5 2.05778 -59.5196 66.2264
39 514.438 718.152 5 1.70077 -57.68 -6.3664
40 509.134 715.303 5 7.13727 -65.8904 11.6016
41 509.553 715.576 5 6.64069 -67.1475 -0.0753767
42 509.973 715.848 5 6.14467 -71.3851 43.5255
43 510.392 716.12 5 5.64934 -68.491 -46.767
44 510.811 716.393 5 5.15493 -65.5667 -55.0669
45 511.231 716.665 5 4.6617 -67.8228 -21.6471
46 511.65 716.937 5 4.17008 -65.3525 0.681347
47 512.069 717.21 5 3.68073 -61.4579 15.513
48 512.489 717.482 5 3.19467 -59.898 29.8516
49 512.908 717.754 5 2.71369 -58.4715 -4.51095
50 513.327 718.027 5 2.24104 -58.4344 32.4627
51 513.747 718.299 5 1.78337 -60.9041 31.3568
52 514.166 718.571 5 1.35594 -59.3893 -63.6087
53 508.862 715.723 5 7.09835 -69.9324 92.2521
54 509.281 715.995 5 6.59884 -76.2971 42.7597
55 509.7 716.267 5 6.09942 -64.629 25.5926
56 510.12 716.54 5 5.60009 -64.5533 6.09751
57 510.539 716.812 5 5.1009 -67.5653 63.5228
58 510.958 717.084 5 4.60189 -69.4768 98.6706
59 511.378 717.357 5 4.10311 -59.6041 78.7364
60 511.797 717.629 5 3.60468 -76.7953 -59.0512
61 512.216 717.901 5 3.10675 -67.1769 37.4942
62 512.636 718.174 5 2.60961 -61.0653 3.28677
63 513.055 718.446 5 2.11381 -60.6581 -15.6318
64 513.474 718.718 5 1.62061 -62.4547 -3.43549
65 513.894 718.991 5 1.13338 -59.6874 108.329
66 508.589 716.142 5 7.09454 -66.0942 18.5524
67 509.009 716.414 5 6.59475 -67.0501 -2.66346
68 509.428 716.687 5 6.09499 -69.6754 118.822
69 509.847 716.959 5 5.59527 -70.7086 19.6426
70 510.267 717.231 5 5.0956 -75.8851 72.3371
71 510.686 717.504 5 4.59601 -69.9063 -89.3354
72 511.105 717.776 5 4.09652 -76.3587 -71.5265
73 511.525 718.048 5 3.59718 -64.7497 -168.55
74 511.944 718.321 5 3.09804 -69.8085 89.7453
75 512.363 718.593 5 2.59923 -73.2525 -177.163
76 512.783 718.865 5 2.10099 -81.1079 -133.36
77 513.202 719.138 5 1.60385 -56.2324 -12.1736
78 513.621 719.41 5 1.10928 -53.7879 -144.441
79 510.414 717.923 5 4.64428 -72.3958 50.3764
80 510.833 718.195 5 4.1506 -75.0621 33.3288
81 511.672 718.74 5 3.1692 -67.9075 -29.9673
82 512.091 719.012 5 2.68365 -67.3164 -6.0702
83 512.51 719.285 5 2.20457 -71.8078 118.584
84 512.93 719.557 5 1.73732 -60.0126 179.695
85 513.349 719.829 5 1.29478 -59.2616 56.118
86 510.141 718.342 5 4.74503 -76.4204 -130.634
87 510.561 718.615 5 4.26303 -88.4455 -8.34083
88 511.399 719.159 5 3.31508 -63.2553 110.858
89 511.819 719.432 5 2.85446 -60.3051 -131.571
90 512.238 719.704 5 2.40958 -56.8165 51.9944
91 512.657 719.976 5 1.99104 -53.0822 -79.0935
92 513.077 720.249 5 1.61939 -48.2413 -51.8804
93 509.869 718.762 5 4.89502 -81.6842 113.572
94 510.288 719.034 5 4.42938 -85.0825 91.9572
95 511.127 719.579 5 3.52643 -61.2751 -26.2634
96 511.546 719.851 5 3.0974 -60.8925 80.6487
97 511.966 720.123 5 2.69296 -48.7754 55.8585
98 512.385 720.396 5 2.32599 -59.1133 -10.8491
99 512.804 720.668 5 2.01702 -57.6952 14.2445
100 509.597 719.181 5 5.08991 -87.9153 -125.259
101 510.016 719.453 5 4.64385 -97.3581 -176.255
102 509.324 719.6 5 5.32477 -86.2648 -117.084
103 509.744 719.873 5 4.90013 -85.2501 108.88
104 509.052 720.02 5 5.59456 -84.2035 -64.2823
105 509.471 720.292 5 5.19204 -91.0021 -116.5
