1 509.951 714.045 5 9.51466 -68.9781 70.026
2 510.37 714.318 5 9.03814 -66.6094 42.2002
3 510.79 714.59 5 8.5643 -60.8361 -33.3374
4 511.209 714.862 5 8.09361 -59.1154 -48.5768
5 511.628 715.135 5 7.62665 -59.2466 -178.988
6 512.048 715.407 5 7.16415 -60.7812 -132.251
7 512.467 715.679 5 6.70703 -62.3434 49.5282
8 512.886 715.952 5 6.25648 -63.6738 -53.9414
9 513.306 716.224 5 5.81402 -55.2683 4.09636
10 513.725 716.496 5 5.38164 -67.8891 -83.2047
11 514.144 716.769 5 4.96199 -66.1765 -179.996
12 514.564 717.041 5 4.55858 -83.6494 56.5473
13 514.983 717.313 5 4.17611 -99.4795 15.6938
14 509.679 714.465 5 9.37925 -66.6079 -125.663
15 510.098 714.737 5 8.89548 -75.0787 69.386
16 510.517 715.009 5 8.41361 -69.7474 -161.818
17 510.937 715.282 5 7.93398 -75.5141 -111.672
18 511.356 715.554 5 7.45703 -64.167 -5.45634
19 511.775 715.826 5 6.98331 -63.0393 -149.64
20 512.195 716.099 5 6.51351 -54.4816 -172.671
21 512.614 716.371 5 6.04856 -58.1449 128.81
22 513.033 716.643 5 5.58967 -61.2045 25.3675
23 513.453 716.916 5 5.13845 -60.6369 -115
24 513.872 717.188 5 4.69712 -56.2511 -104.945
25 514.291 717.46 5 4.26875 -58.7798 -9.69652
26 514.711 717.733 5 3.85765 -58.9734 113.493
27 509.406 714.884 5 9.26886 -63.1379 -144.249
28 509.826 715.156 5 8.77901 -72.9844 -19.4139
29 510.245 715.429 5 8.29038 -61.7864 149.346
30 510.664 715.701 5 7.80318 -67.247 -101.665
31 511.084 715.973 5 7.31771 -62.5799 -43.4606
32 511.503 716.246 5 6.83434 -74.3003 -78.712
33 511.922 716.518 5 6.35354 -77.1687 150.66
34 512.342 716.79 5 5.87594 -62.5302 121.775
35 512.761 717.063 5 5.4024 -59.7522 108.031
36 513.18 717.335 5 4.93409 -51.2354 62.9094
37 513.6 717.607 5 4.47264 -61.2828 -1.49903
38 514.019 717.88 5 4.02042 -58.6988 62.9588
39 514.438 718.152 5 3.58093 -53.0749 -85.7567
40 509.134 715.303 5 9.18441 -64.2732 147.426
41 509.553 715.576 5 8.6898 -59.7046 -116.222
42 509.973 715.848 5 8.19585 -62.2323 -126.503
43 510.392 716.12 5 7.70268 -64.4491 -160.32
44 510.811 716.393 5 7.21044 -62.1544 -112.81
45 511.231 716.665 5 6.71936 -67.9696 -79.3947
46 511.65 716.937 5 6.22969 -70.458 -93.2156
47 512.069 717.21 5 5.7418 -68.0497 -23.132
48 512.489 717.482 5 5.25619 -77.3972 -58.6262
49 512.908 717.754 5 4.77355 -69.4147 -125.586
50 513.327 718.027 5 4.29489 -65.81 110.443
51 513.747 718.299 5 3.82169 -52.0627 19.2892
52 514.166 718.571 5 3.35628 -59.0315 0.325116
53 508.862 715.723 5 9.12661 -61.5602 44.2905
54 509.281 715.995 5 8.62869 -85.2086 -50.4487
55 509.7 716.267 5 8.13102 -65.5067 -117.263
56 510.12 716.54 5 7.63366 -68.8553 -86.6507
57 510.539 716.812 5 7.13667 -68.1317 9.86622
58 510.958 717.084 5 6.64013 -68.3164 81.1184
59 511.378 717.357 5 6.14415 -74.9349 14.6916
60 511.797 717.629 5 5.64888 -61.3117 0.289901
61 512.216 717.901 5 5.15452 -65.4539 -85.1265
62 512.636 718.174 5 4.66137 -68.6702 -78.7117
63 513.055 718.446 5 4.16985 -55.3036 -152.177
64 513.474 718.718 5 3.68061 -58.7836 47.7772
65 513.894 718.991 5 3.19471 -46.9466 158.762
66 508.589 716.142 5 9.09596 -65.431 -34.0171
67 509.009 716.414 5 8.59627 -62.8877 -43.0044
68 509.428 716.687 5 8.09661 -61.2909 -40.2179
69 509.847 716.959 5 7.597 -63.4055 13.6154
70 510.267 717.231 5 7.09744 -62.8491 -44.872
71 510.686 717.504 5 6.59795 -59.0931 -55.204
72 511.105 717.776 5 6.09854 -56.0564 -23.0016
73 511.525 718.048 5 5.59923 -56.2246 -6.76979
74 511.944 718.321 5 5.10007 -55.1662 -19.0819
75 512.363 718.593 5 4.60108 -51.9992 -21.7626
76 512.783 718.865 5 4.10234 -49.8372 -49.1358
77 513.202 719.138 5 3.60395 -54.2369 -6.62908
78 513.621 719.41 5 3.10608 -63.1415 -0.778958
79 510.414 717.923 5 6.59352 -66.0826 -77.432
80 510.833 718.195 5 6.09375 -63.6956 -117.079
81 511.672 718.74 5 5.09434 -65.7527 -40.6938
82 512.091 719.012 5 4.59473 -49.8687 2.49178
83 512.51 719.285 5 4.09522 -60.731 -39.6932
84 512.93 719.557 5 3.59584 -56.9798 -47.1864
85 513.349 719.829 5 3.09666 -63.105 -71.0199
86 510.141 718.342 5 6.62692 -82.4907 171.52
87 510.561 718.615 5 6.12987 -74.3941 -171.8
88 511.399 719.159 5 5.13749 -51.3479 -153.87
89 511.819 719.432 5 4.64253 -54.5524 -163.79
90 512.238 719.704 5 4.14878 -52.33 168.05
91 512.657 719.976 5 3.65672 -55.4301 168.398
92 513.077 720.249 5 3.16716 -49.0839 112.834
93 509.869 718.762 5 6.69758 -75.6568 -129.682
94 510.288 719.034 5 6.2062 -83.2722 -35.0655
95 511.127 719.579 5 5.22833 -62.6431 91.3218
96 511.546 719.851 5 4.74286 -62.6427 46.3986
97 511.966 720.123 5 4.26074 -72.7254 -109.052
98 512.385 720.396 5 3.78328 -61.8887 48.948
99 512.804 720.668 5 3.31247 -54.4533 -56.7951
100 509.597 719.181 5 6.80435 -87.0971 -141.537
101 510.016 719.453 5 6.32127 -81.1969 1.86967
102 509.324 719.6 5 6.94556 -88.3314 -47.3449
103 509.744 719.873 5 6.47302 -105.285 -19.0173
104 509.052 720.02 5 7.11915 -86.2342 -6.91301
105 509.471 720.292 5 6.65895 -87.0332 26.76
