1 509.951 714.045 5 10.9576 -60.9979 3.48461
2 510.37 714.318 5 10.523 -56.8774 145.628
3 510.79 714.59 5 10.0944 -57.0208 -89.1174
4 511.209 714.862 5 9.67276 -70.2965 13.3954
5 511.628 715.135 5 9.25889 -54.8687 -77.155
6 512.048 715.407 5 8.85391 -59.2151 -7.76927
7 512.467 715.679 5 8.45911 -58.3265 38.9032
8 512.886 715.952 5 8.07597 -74.4014 161.122
9 513.306 716.224 5 7.70623 -68.5669 84.9616
10 513.725 716.496 5 7.35192 -67.5451 -139.849
11 514.144 716.769 5 7.01537 -64.7463 -165.884
12 514.564 717.041 5 6.69927 -111.638 -8.8146
13 514.983 717.313 5 6.40664 -98.2711 -71.3265
14 509.679 714.465 5 10.7242 -63.3657 -49.7785
15 510.098 714.737 5 10.2797 -58.4095 49.9757
16 510.517 715.009 5 9.84063 -69.0414 72.3718
17 510.937 715.282 5 9.40759 -58.1649 101.35
18 511.356 715.554 5 8.98151 -59.5211 -81.697
19 511.775 715.826 5 8.56342 -60.9467 84.2294
20 512.195 716.099 5 8.15457 -58.0032 -169.167
21 512.614 716.371 5 7.7564 -56.0925 -117.397
22 513.033 716.643 5 7.37065 -59.1069 -100.729
23 513.453 716.916 5 6.99937 -73.4915 26.4043
24 513.872 717.188 5 6.64499 -67.9715 18.7597
25 514.291 717.46 5 6.31036 -55.3088 166.59
26 514.711 717.733 5 5.99879 -58.6402 73.5402
27 509.406 714.884 5 10.5095 -59.0642 142.412
28 509.826 715.156 5 10.0555 -63.8546 -137.442
29 510.245 715.429 5 9.60617 -59.5007 -126.84
30 510.664 715.701 5 9.16205 -71.9774 27.5135
31 511.084 715.973 5 8.72399 -72.3497 -37.307
32 511.503 716.246 5 8.29293 -71.5376 51.821
33 511.922 716.518 5 7.87003 -58.2494 -81.8967
34 512.342 716.79 5 7.45669 -54.49 8.38543
35 512.761 717.063 5 7.05457 -56.4617 107.409
36 513.18 717.335 5 6.66571 -56.6474 153.69
37 513.6 717.607 5 6.29257 -72.1085 179.668
38 514.019 717.88 5 5.93811 -74.9674 17.9015
39 514.438 718.152 5 5.60588 -62.3326 7.78339
40 509.134 715.303 5 10.3145 -60.7029 -20.7031
41 509.553 715.576 5 9.85161 -65.2 -11.5822
42 509.973 715.848 5 9.39249 -74.2462 162.918
43 510.392 716.12 5 8.93777 -74.2471 74.629
44 510.811 716.393 5 8.48813 -67.5514 177.004
45 511.231 716.665 5 8.04445 -68.5104 101.85
46 511.65 716.937 5 7.60775 -84.2956 47.0828
47 512.069 717.21 5 7.17932 -56.1465 81.6844
48 512.489 717.482 5 6.76073 -58.826 -107.539
49 512.908 717.754 5 6.35391 -54.4174 -42.8788
50 513.327 718.027 5 5.96128 -51.3005 -9.86898
51 513.747 718.299 5 5.58585 -81.7064 -139.305
52 514.166 718.571 5 5.23129 -71.6407 -142.374
53 508.862 715.723 5 10.1405 -69.8569 122.664
54 509.281 715.995 5 9.66926 -77.9713 -174.15
55 509.7 716.267 5 9.20105 -70.7125 -15.6867
56 510.12 716.54 5 8.73637 -69.9853 -12.0831
57 510.539 716.812 5 8.2758 -76.0833 -157.555
58 510.958 717.084 5 7.82008 -74.1501 56.4558
59 511.378 717.357 5 7.3701 -80.297 52.6115
60 511.797 717.629 5 6.92699 -68.8703 92.7767
61 512.216 717.901 5 6.49214 -81.9897 36.7446
62 512.636 718.174 5 6.06734 -56.4739 43.1042
63 513.055 718.446 5 5.65486 -52.6162 136.882
64 513.474 718.718 5 5.25758 -52.7546 -166.225
65 513.894 718.991 5 4.87923 -72.4754 5.71134
66 508.589 716.142 5 9.98851 -68.259 0.301165
67 509.009 716.414 5 9.50974 -70.5172 -35.7915
68 509.428 716.687 5 9.03326 -75.4089 -95.2779
69 509.847 716.959 5 8.55948 -83.6581 51.1723
70 510.267 717.231 5 8.08884 -83.9692 -97.6243
71 510.686 717.504 5 7.62195 -87.0238 -149.732
72 511.105 717.776 5 7.15953 -74.0889 -135.266
73 511.525 718.048 5 6.70251 -74.1384 21.4283
74 511.944 718.321 5 6.25207 -69.937 -172.784
75 512.363 718.593 5 5.80974 -67.2323 75.6143
76 512.783 718.865 5 5.37753 -57.9555 -177.243
77 513.202 719.138 5 4.95809 -56.674 -6.06095
78 513.621 719.41 5 4.55493 -51.5535 63.6289
79 510.414 717.923 5 7.45215 -81.3526 -58.9408
80 510.833 718.195 5 6.97849 -90.4845 -15.8803
81 511.672 718.74 5 6.04391 -68.6507 -57.0723
82 512.091 719.012 5 5.58512 -67.868 34.1791
83 512.51 719.285 5 5.13404 -72.845 14.7436
84 512.93 719.557 5 4.69288 -66.1689 -11.5566
85 513.349 719.829 5 4.26472 -58.8356 105.241
86 510.141 718.342 5 7.31267 -80.2655 -157.184
87 510.561 718.615 5 6.82934 -86.4411 -38.1612
88 511.399 719.159 5 5.87106 -76.6839 162.472
89 511.819 719.432 5 5.3976 -68.7984 -168.461
90 512.238 719.704 5 4.92939 -74.7224 68.0975
91 512.657 719.976 5 4.46806 -56.6165 152.192
92 513.077 720.249 5 4.01601 -72.0659 67.0161
93 509.869 718.762 5 7.20525 -99.2384 -64.7977
94 510.288 719.034 5 6.71419 -90.3244 -42.1568
95 511.127 719.579 5 5.73671 -74.6743 140.013
96 511.546 719.851 5 5.25115 -61.294 -113.523
97 511.966 720.123 5 4.76858 -50.9456 -57.1279
98 512.385 720.396 5 4.29 -78.7578 147.418
99 512.804 720.668 5 3.81691 -57.4955 -169.63
100 509.597 719.181 5 7.13134 -83.8143 -1.31861
101 510.016 719.453 5 6.63482 -99.4665 171.283
102 509.324 719.6 5 7.092 -88.4899 110.655
103 509.744 719.873 5 6.59252 -82.2374 54.7285
104 509.052 720.02 5 7.08781 -91.9608 155.794
105 509.471 720.292 5 6.588 -92.5599 26.2878
