1 514.644 719.84 5 0.5 -35.9972 17.6528
2 514.371 720.259 5 0.707107 -36.8024 121.969
3 514.097 720.678 5 1.11803 -38.0346 10.1236
4 513.824 721.096 5 1.58114 -46.5546 163.143
5 513.551 721.515 5 2.06155 -38.6215 112.09
6 513.278 721.934 5 2.54951 -50.4933 -75.0227
7 513.004 722.353 5 3.04138 -49.1023 -47.354
8 512.731 722.771 5 3.53553 -46.1527 16.6658
9 512.458 723.19 5 4.03113 -64.3426 -179.395
10 512.185 723.609 5 4.52769 -57.5069 170.35
11 515.063 720.113 5 0 -41.6044 -165.263
12 514.789 720.532 5 0.5 -32.5536 -11.7419
13 514.516 720.951 5 1 -38.7924 -23.5817
14 514.243 721.37 5 1.5 -39.8371 -19.2523
15 513.97 721.788 5 2 -44.6345 -33.2305
16 513.696 722.207 5 2.5 -46.3853 20.6283
17 513.423 722.626 5 3 -38.9436 17.9119
18 513.15 723.045 5 3.5 -46.9907 -57.3841
19 512.877 723.463 5 4 -43.5937 -15.3228
20 512.603 723.882 5 4.5 -45.3852 -5.28771
21 515.481 720.387 5 0.5 -34.0698 12.2383
22 515.208 720.805 5 0.707107 -38.6763 116.654
23 514.935 721.224 5 1.11803 -36.3295 -19.066
24 514.662 721.643 5 1.58114 -44.1269 84.8665
25 514.388 722.062 5 2.06155 -45.4595 138.726
26 514.115 722.48 5 2.54951 -52.4683 -119.6
27 513.842 722.899 5 3.04138 -45.023 -78.923
28 513.568 723.318 5 3.53553 -45.3049 -100.818
29 513.295 723.737 5 4.03113 -50.747 -57.6175
30 513.022 724.155 5 4.52769 -41.1912 -113.679
31 515.9 720.66 5 1 -45.5633 25.3634
32 515.627 721.079 5 1.11803 -40.035 -8.38809
33 515.353 721.497 5 1.41421 -41.253 -124.667
34 515.08 721.916 5 1.80278 -41.1773 -160.067
35 514.807 722.335 5 2.23607 -49.317 -2.27215
36 514.534 722.754 5 2.69258 -45.7889 147.54
37 514.26 723.172 5 3.16228 -57.5292 135.755
38 513.987 723.591 5 3.64005 -50.4534 21.9026
39 516.319 720.933 5 1.5 -52.4974 -13.5318
40 516.045 721.352 5 1.58114 -41.6603 105.673
41 515.772 721.771 5 1.80278 -45.1919 -164.626
42 515.499 722.189 5 2.12132 -41.3274 12.9698
43 515.226 722.608 5 2.5 -46.967 9.96894
44 514.952 723.027 5 2.91548 -48.0928 -124.814
45 514.679 723.446 5 3.3541 -44.3419 20.7036
46 514.406 723.864 5 3.80789 -53.0559 -82.9471
47 516.737 721.206 5 2 -53.5822 -54.5278
48 516.464 721.625 5 2.06155 -45.9662 138.069
49 516.191 722.044 5 2.23607 -47.9835 14.1493
50 515.918 722.463 5 2.5 -48.2005 39.4426
51 515.644 722.881 5 2.82843 -50.6492 164.256
52 515.371 723.3 5 3.20156 -52.4554 141.89
53 515.098 723.719 5 3.60555 -48.6525 33.7018
54 514.825 724.138 5 4.03113 -50.1425 3.34914
55 517.156 721.48 5 2.5 -48.2648 15.6307
56 516.883 721.898 5 2.54951 -56.869 163.223
57 516.61 722.317 5 2.69258 -47.8554 129.707
58 516.336 722.736 5 2.91548 -45.1191 169.994
59 516.063 723.155 5 3.20156 -55.0999 91.7144
60 515.79 723.573 5 3.53553 -56.5951 -85.8171
61 515.517 723.992 5 3.90512 -48.4291 -147.124
62 515.243 724.411 5 4.30116 -46.4549 24.9653
63 517.575 721.753 5 3 -42.6784 29.79
64 517.302 722.172 5 3.04138 -53.3394 80.439
65 517.028 722.59 5 3.16228 -44.3585 -130.178
66 516.755 723.009 5 3.3541 -50.9769 -39.9479
67 516.482 723.428 5 3.60555 -52.6456 99.0531
68 516.209 723.847 5 3.90512 -46.8303 -74.11
69 515.935 724.265 5 4.24264 -48.6817 -15.61
70 515.662 724.684 5 4.60977 -57.1938 48.3334
71 517.994 722.026 5 3.5 -54.69 32.204
72 517.72 722.445 5 3.53553 -48.0029 -50.6236
73 517.447 722.864 5 3.64006 -48.5257 -45.7091
74 517.174 723.282 5 3.80789 -52.4715 -179.445
75 516.901 723.701 5 4.03113 -53.3905 -127.948
76 516.627 724.12 5 4.30116 -63.4314 -164.836
77 516.354 724.539 5 4.60977 -50.9117 59.9766
78 516.081 724.957 5 4.94975 -49.6562 117.463
