1 509.951 714.045 5 10.353 -60.3263 177.818
2 510.37 714.318 5 9.86621 -66.6751 -106.871
3 510.79 714.59 5 9.38085 -71.2309 57.1069
4 511.209 714.862 5 8.8971 -64.2324 -32.8769
5 511.628 715.135 5 8.41526 -80.7931 73.429
6 512.048 715.407 5 7.93567 -65.0635 -64.3878
7 512.467 715.679 5 7.45875 -65.8415 -153.875
8 512.886 715.952 5 6.98507 -71.5137 39.2946
9 513.306 716.224 5 6.51532 -64.2358 -15.3636
10 513.725 716.496 5 6.05041 -59.7055 -113.042
11 514.144 716.769 5 5.59157 -73.9637 66.4936
12 514.564 717.041 5 5.14041 -107.628 153.508
13 514.983 717.313 5 4.69915 -107.037 99.2684
14 509.679 714.465 5 10.253 -65.8364 29.3595
15 510.098 714.737 5 9.76122 -75.1091 50.0801
16 510.517 715.009 5 9.27037 -62.4085 -126.804
17 510.937 715.282 5 8.78054 -57.5199 100.807
18 511.356 715.554 5 8.29193 -74.4655 46.058
19 511.775 715.826 5 7.80475 -70.8835 39.0583
20 512.195 716.099 5 7.31931 -77.2379 -72.6555
21 512.614 716.371 5 6.83597 -78.495 -70.7496
22 513.033 716.643 5 6.35521 -63.004 10.3628
23 513.453 716.916 5 5.87766 -76.9253 71.1972
24 513.872 717.188 5 5.40417 -62.0591 -65.7976
25 514.291 717.46 5 4.93591 -66.1844 -143.771
26 514.711 717.733 5 4.47453 -57.9936 116.802
27 509.406 714.884 5 10.1766 -60.604 123.163
28 509.826 715.156 5 9.68095 -64.4736 105.191
29 510.245 715.429 5 9.18581 -66.9509 6.63977
30 510.664 715.701 5 8.69122 -71.1142 51.9971
31 511.084 715.973 5 8.19728 -65.0137 -148.713
32 511.503 716.246 5 7.70413 -69.8596 164.138
33 511.922 716.518 5 7.21192 -79.5072 179.197
34 512.342 716.79 5 6.72086 -73.9584 -151.172
35 512.761 717.063 5 6.23122 -55.8769 -104.114
36 513.18 717.335 5 5.74337 -65.9001 176.021
37 513.6 717.607 5 5.2578 -69.4771 173.578
38 514.019 717.88 5 4.77521 -63.375 170.02
39 514.438 718.152 5 4.2966 -66.0191 -45.7281
40 509.134 715.303 5 10.1243 -59.202 -154.081
41 509.553 715.576 5 9.62602 -58.631 -173.476
42 509.973 715.848 5 9.12789 -62.7679 165.342
43 510.392 716.12 5 8.62998 -55.7876 167.894
44 510.811 716.393 5 8.13233 -59.376 -170.103
45 511.231 716.665 5 7.63498 -58.7848 -178.24
46 511.65 716.937 5 7.13801 -51.9312 -161.464
47 512.069 717.21 5 6.64148 -51.0143 -158.506
48 512.489 717.482 5 6.14552 -50.1872 -164.566
49 512.908 717.754 5 5.65028 -50.721 164.34
50 513.327 718.027 5 5.15595 -59.5922 -174.313
51 513.747 718.299 5 4.66283 -58.4096 147.967
52 514.166 718.571 5 4.17135 -67.2973 69.8547
53 508.862 715.723 5 10.0966 -62.9675 -124.184
54 509.281 715.995 5 9.59686 -60.4333 -113.092
55 509.7 716.267 5 9.09713 -57.1394 -95.1988
56 510.12 716.54 5 8.59744 -57.8497 -133.909
57 510.539 716.812 5 8.09779 -57.9447 -153.271
58 510.958 717.084 5 7.59818 -56.7145 -158.398
59 511.378 717.357 5 7.09863 -50.8473 -137.607
60 511.797 717.629 5 6.59914 -55.8828 -127.902
61 512.216 717.901 5 6.09974 -63.1638 -115.427
62 512.636 718.174 5 5.60045 -62.3203 179.194
63 513.055 718.446 5 5.10129 -56.1092 -46.2533
64 513.474 718.718 5 4.60232 -56.7922 -50.4949
65 513.894 718.991 5 4.1036 -64.9553 -41.2086
66 508.589 716.142 5 10.0936 -65.7995 106.346
67 509.009 716.414 5 9.5937 -79.4003 -110.802
68 509.428 716.687 5 9.0938 -65.5608 62.6398
69 509.847 716.959 5 8.59391 -67.8223 -114.884
70 510.267 717.231 5 8.09404 -60.7663 -15.5578
71 510.686 717.504 5 7.59419 -59.0433 -159.322
72 511.105 717.776 5 7.09436 -67.8781 -140.471
73 511.525 718.048 5 6.59455 -57.4564 172.499
74 511.944 718.321 5 6.09477 -68.7621 26.2747
75 512.363 718.593 5 5.59503 -70.7862 118.232
76 512.783 718.865 5 5.09535 -76.839 -29.9283
77 513.202 719.138 5 4.59573 -92.584 -41.2372
78 513.621 719.41 5 4.09621 -91.6236 -72.2883
79 510.414 717.923 5 7.62306 -72.6252 -80.5799
80 510.833 718.195 5 7.12525 -75.6867 -59.7179
81 511.672 718.74 5 6.13071 -70.7345 -57.5827
82 512.091 719.012 5 5.63416 -68.3957 -91.9146
83 512.51 719.285 5 5.13828 -58.7684 -165.254
84 512.93 719.557 5 4.64329 -61.1104 -179.883
85 513.349 719.829 5 4.14949 -57.113 97.3175
86 510.141 718.342 5 7.68443 -87.7552 -131.207
87 510.561 718.615 5 7.19087 -82.2951 -134.742
88 511.399 719.159 5 6.20685 -56.4474 -10.0744
89 511.819 719.432 5 5.71692 -60.6821 -36.4955
90 512.238 719.704 5 5.22889 -54.9352 -90.0082
91 512.657 719.976 5 4.74336 -59.0878 50.9961
92 513.077 720.249 5 4.26118 -48.9781 -121.436
93 509.869 718.762 5 7.77752 -102.627 38.7318
94 510.288 719.034 5 7.29027 -95.1275 -54.6995
95 511.127 719.579 5 6.32174 -72.3792 140.48
96 511.546 719.851 5 5.84145 -53.6303 -5.61826
97 511.966 720.123 5 5.36476 -53.1128 -57.22
98 512.385 720.396 5 4.89274 -55.2612 64.4901
99 512.804 720.668 5 4.42686 -54.1812 123.355
100 509.597 719.181 5 7.90122 -90.3615 37.2591
101 510.016 719.453 5 7.42209 -92.2062 -162.504
102 509.324 719.6 5 8.0541 -94.6764 -52.1055
103 509.744 719.873 5 7.58464 -92.8624 -114.782
104 509.052 720.02 5 8.23456 -99.1993 -174.32
105 509.471 720.292 5 7.776 -97.2114 -55.2928
