1 509.951 714.045 5 10.7252 -63.2968 -34.9774
2 510.37 714.318 5 10.2807 -53.3324 179.877
3 510.79 714.59 5 9.84158 -52.1508 -39.7089
4 511.209 714.862 5 9.40853 -59.5544 162.32
5 511.628 715.135 5 8.98243 -55.8279 -80.8386
6 512.048 715.407 5 8.56433 -58.7279 29.9368
7 512.467 715.679 5 8.15545 -71.3795 166.797
8 512.886 715.952 5 7.75726 -73.5547 -151.142
9 513.306 716.224 5 7.37148 -66.785 167.661
10 513.725 716.496 5 7.00017 -65.6415 -146.053
11 514.144 716.769 5 6.64575 -60.4948 -43.8332
12 514.564 717.041 5 6.31108 -112.263 111.182
13 514.983 717.313 5 5.99944 -100.325 -129.397
14 509.679 714.465 5 10.5105 -72.9871 19.4311
15 510.098 714.737 5 10.0565 -55.9026 80.5777
16 510.517 715.009 5 9.60715 -56.9574 -86.3899
17 510.937 715.282 5 9.16302 -57.8692 139.865
18 511.356 715.554 5 8.72494 -55.5443 -73.1643
19 511.775 715.826 5 8.29387 -59.1864 99.7944
20 512.195 716.099 5 7.87095 -56.5677 -99.5392
21 512.614 716.371 5 7.45758 -54.6187 -27.0426
22 513.033 716.643 5 7.05544 -67.0074 97.8697
23 513.453 716.916 5 6.66655 -68.9589 1.394
24 513.872 717.188 5 6.29337 -66.5025 95.6669
25 514.291 717.46 5 5.93887 -56.2234 176.67
26 514.711 717.733 5 5.60659 -56.1492 156.451
27 509.406 714.884 5 10.3155 -73.8229 169.768
28 509.826 715.156 5 9.85262 -68.4459 14.0377
29 510.245 715.429 5 9.39349 -64.1112 -164.922
30 510.664 715.701 5 8.93876 -57.3219 30.7005
31 511.084 715.973 5 8.48911 -57.4675 -108.308
32 511.503 716.246 5 8.04542 -55.9557 117.658
33 511.922 716.518 5 7.6087 -57.5571 -55.5999
34 512.342 716.79 5 7.18025 -56.522 75.4437
35 512.761 717.063 5 6.76163 -58.6563 -156.546
36 513.18 717.335 5 6.35479 -69.9159 158.858
37 513.6 717.607 5 5.96213 -71.1316 151.318
38 514.019 717.88 5 5.58665 -74.108 176.715
39 514.438 718.152 5 5.23205 -62.5152 -61.3039
40 509.134 715.303 5 10.1415 -67.8095 -51.6671
41 509.553 715.576 5 9.67029 -74.1363 -41.5975
42 509.973 715.848 5 9.20208 -66.4389 163.951
43 510.392 716.12 5 8.73738 -66.206 -115.659
44 510.811 716.393 5 8.27681 -57.0504 166.306
45 511.231 716.665 5 7.82107 -63.3096 37.9056
46 511.65 716.937 5 7.37108 -58.866 -113.607
47 512.069 717.21 5 6.92795 -52.2766 82.2264
48 512.489 717.482 5 6.49309 -51.61 -108.999
49 512.908 717.754 5 6.06826 -52.7336 36.0404
50 513.327 718.027 5 5.65575 -78.6471 118.714
51 513.747 718.299 5 5.25843 -63.6885 -115.19
52 514.166 718.571 5 4.88004 -72.2314 175.688
53 508.862 715.723 5 9.98956 -73.8059 144.254
54 509.281 715.995 5 9.51079 -69.387 -62.4873
55 509.7 716.267 5 9.03431 -75.1517 -10.9909
56 510.12 716.54 5 8.56051 -75.9147 -26.6909
57 510.539 716.812 5 8.08987 -68.1929 -16.275
58 510.958 717.084 5 7.62297 -69.0851 54.6457
59 511.378 717.357 5 7.16054 -58.3406 122.402
60 511.797 717.629 5 6.70351 -56.7751 -12.4194
61 512.216 717.901 5 6.25305 -56.0702 -119.182
62 512.636 718.174 5 5.8107 -54.9541 59.9452
63 513.055 718.446 5 5.37847 -49.1202 -151.377
64 513.474 718.718 5 4.95899 -52.2391 -16.6347
65 513.894 718.991 5 4.55579 -72.6946 -132.505
66 508.589 716.142 5 9.86062 -71.6018 9.51306
67 509.009 716.414 5 9.37526 -73.1981 48.382
68 509.428 716.687 5 8.89152 -72.9531 58.8817
69 509.847 716.959 5 8.40969 -70.6962 120.686
70 510.267 717.231 5 7.9301 -78.015 104.609
71 510.686 717.504 5 7.4532 -87.9496 84.0421
72 511.105 717.776 5 6.97953 -75.7431 65.0531
73 511.525 718.048 5 6.5098 -71.0155 77.8887
74 511.944 718.321 5 6.04492 -61.6496 163.854
75 512.363 718.593 5 5.58612 -58.9344 20.1221
76 512.783 718.865 5 5.13502 -50.1469 -173.595
77 513.202 719.138 5 4.69383 -49.7994 -3.45737
78 513.621 719.41 5 4.26565 -50.9606 151.085
79 510.414 717.923 5 7.31373 -97.7079 139.15
80 510.833 718.195 5 6.83039 -80.7917 -115.253
81 511.672 718.74 5 5.8721 -70.2825 -82.7653
82 512.091 719.012 5 5.39863 -71.1699 82.3898
83 512.51 719.285 5 4.93041 -68.1122 -81.2129
84 512.93 719.557 5 4.46907 -55.6195 -46.7169
85 513.349 719.829 5 4.01699 -45.9142 178.197
86 510.141 718.342 5 7.20632 -76.0288 165.158
87 510.561 718.615 5 6.71526 -89.9874 -66.0676
88 511.399 719.159 5 5.73778 -74.139 167.567
89 511.819 719.432 5 5.25221 -70.2697 98.7541
90 512.238 719.704 5 4.76963 -73.4986 -75.5466
91 512.657 719.976 5 4.29104 -56.9693 -11.1968
92 513.077 720.249 5 3.81794 -78.6584 -5.06316
93 509.869 718.762 5 7.13243 -89.558 -62.962
94 510.288 719.034 5 6.63591 -87.3504 -49.6009
95 511.127 719.579 5 5.64469 -71.8573 -136.641
96 511.546 719.851 5 5.15036 -59.9246 -37.2603
97 511.966 720.123 5 4.65724 -57.3369 112.697
98 512.385 720.396 5 4.16576 -70.3889 135.624
99 512.804 720.668 5 3.67657 -72.2014 -123.951
100 509.597 719.181 5 7.0931 -82.7192 67.018
101 510.016 719.453 5 6.59361 -103.142 -128.088
102 509.324 719.6 5 7.0889 -92.1791 76.6634
103 509.744 719.873 5 6.5891 -84.4217 134.634
104 509.052 720.02 5 7.1199 -95.208 -112.138
105 509.471 720.292 5 6.62244 -87.1688 -26.4528
