1 509.951 714.045 5 9.25637 -80.7628 -47.4759
2 510.37 714.318 5 8.85128 -70.4285 98.8525
3 510.79 714.59 5 8.45636 -72.8346 132.722
4 511.209 714.862 5 8.07308 -75.0493 95.4424
5 511.628 715.135 5 7.70321 -85.5107 -76.5054
6 512.048 715.407 5 7.34875 -70.505 71.4945
7 512.467 715.679 5 7.01206 -83.403 -122.207
8 512.886 715.952 5 6.6958 -69.9504 -162.954
9 513.306 716.224 5 6.403 -74.4368 -139.432
10 513.725 716.496 5 6.13703 -73.7052 44.1759
11 514.144 716.769 5 5.90152 -77.6619 35.1219
12 514.564 717.041 5 5.70024 -114.118 58.6103
13 514.983 717.313 5 5.53692 -108.851 102.472
14 509.679 714.465 5 8.97916 -77.7393 -143.91
15 510.098 714.737 5 8.56096 -79.5734 31.3926
16 510.517 715.009 5 8.15198 -68.2737 -80.0612
17 510.937 715.282 5 7.75368 -73.1521 -61.3399
18 511.356 715.554 5 7.36779 -80.3756 -82.2273
19 511.775 715.826 5 6.99636 -80.4419 30.6595
20 512.195 716.099 5 6.64182 -70.69 -145.484
21 512.614 716.371 5 6.30702 -72.8807 93.4713
22 513.033 716.643 5 5.99527 -74.5163 82.908
23 513.453 716.916 5 5.71035 -79.7 -112.757
24 513.872 717.188 5 5.45645 -71.7106 155.59
25 514.291 717.46 5 5.23809 -79.5061 47.2406
26 514.711 717.733 5 5.05987 -79.491 -166.662
27 509.406 714.884 5 8.72182 -71.6504 14.7051
28 509.826 715.156 5 8.29065 -78.0491 31.8161
29 510.245 715.429 5 7.86764 -80.6821 82.8955
30 510.664 715.701 5 7.45416 -79.9738 -45.9834
31 511.084 715.973 5 7.05189 -68.9753 166.214
32 511.503 716.246 5 6.66288 -87.4309 33.5841
33 511.922 716.518 5 6.28957 -78.3271 -24.4684
34 512.342 716.79 5 5.93493 -76.8395 -99.5301
35 512.761 717.063 5 5.60252 -79.8286 46.6502
36 513.18 717.335 5 5.2965 -73.8247 -14.9289
37 513.6 717.607 5 5.02172 -72.353 65.6839
38 514.019 717.88 5 4.78356 -77.9048 92.9183
39 514.438 718.152 5 4.58772 -75.3172 19.3513
40 509.134 715.303 5 8.48617 -78.3001 44.0374
41 509.553 715.576 5 8.04238 -83.0956 37.541
42 509.973 715.848 5 7.60556 -76.6836 32.9453
43 510.392 716.12 5 7.177 -89.0383 -11.7222
44 510.811 716.393 5 6.75826 -72.3016 68.7456
45 511.231 716.665 5 6.35128 -69.8508 12.7987
46 511.65 716.937 5 5.95849 -75.2611 33.2533
47 512.069 717.21 5 5.58286 -90.136 -53.5978
48 512.489 717.482 5 5.2281 -73.8072 -152.119
49 512.908 717.754 5 4.89875 -77.7883 163.324
50 513.327 718.027 5 4.60028 -68.5652 106.718
51 513.747 718.299 5 4.33904 -67.9135 9.16713
52 514.166 718.571 5 4.12214 -73.7153 30.3059
53 508.862 715.723 5 8.27405 -82.2643 -49.7982
54 509.281 715.995 5 7.81823 -78.5639 -138.454
55 509.7 716.267 5 7.36814 -97.7306 -118.149
56 510.12 716.54 5 6.9249 -80.7597 179.542
57 510.539 716.812 5 6.48991 -81.703 -155.11
58 510.958 717.084 5 6.06495 -77.561 -95.959
59 511.378 717.357 5 5.65229 -77.5725 -174.124
60 511.797 717.629 5 5.25482 -78.9082 0.0629395
61 512.216 717.901 5 4.87626 -76.2718 4.77431
62 512.636 718.174 5 4.52136 -67.5064 -4.41539
63 513.055 718.446 5 4.19612 -68.3021 59.0787
64 513.474 718.718 5 3.90796 -73.217 29.1853
65 513.894 718.991 5 3.66564 -71.048 163.53
66 508.589 716.142 5 8.08732 -73.9321 -28.3924
67 509.009 716.414 5 7.62034 -97.336 -51.0083
68 509.428 716.687 5 7.15781 -79.0011 -10.7689
69 509.847 716.959 5 6.70068 -74.4553 55.9269
70 510.267 717.231 5 6.2501 -85.5917 -160.972
71 510.686 717.504 5 5.80763 -79.3403 175.794
72 511.105 717.776 5 5.37525 -81.6519 -20.3851
73 511.525 718.048 5 4.95561 -73.766 156.617
74 511.944 718.321 5 4.55223 -75.7349 36.8714
75 512.363 718.593 5 4.16984 -64.9743 -100.125
76 512.783 718.865 5 3.81475 -70.9182 141.245
77 513.202 719.138 5 3.49529 -63.1982 -80.6756
78 513.621 719.41 5 3.22208 -72.083 -31.736
79 510.414 717.923 5 5.58332 -83.0033 -41.0041
80 510.833 718.195 5 5.13207 -72.3342 53.1688
81 511.672 718.74 5 4.26235 -81.1139 100.42
82 512.091 719.012 5 3.85129 -71.6485 -93.645
83 512.51 719.285 5 3.46369 -66.7208 -11.7236
84 512.93 719.557 5 3.10836 -91.628 -68.5703
85 513.349 719.829 5 2.79761 -70.2243 -113.376
86 510.141 718.342 5 5.39614 -88.2761 -20.1706
87 510.561 718.615 5 4.92778 -89.2863 6.90561
88 511.399 719.159 5 4.01404 -72.1973 90.9883
89 511.819 719.432 5 3.57453 -68.3335 -62.351
90 512.238 719.704 5 3.1531 -77.5175 -83.7963
91 512.657 719.976 5 2.75804 -70.5096 158.116
92 513.077 720.249 5 2.4024 -67.0227 36.1336
93 509.869 718.762 5 5.25006 -83.3364 173.669
94 510.288 719.034 5 4.76738 -85.0677 -176.551
95 511.127 719.579 5 3.81542 -83.7398 15.1024
96 511.546 719.851 5 3.34995 -75.123 -158.131
97 511.966 720.123 5 2.89601 -59.4739 50.3997
98 512.385 720.396 5 2.46001 -59.9198 -46.2602
99 512.804 720.668 5 2.05338 -46.0878 -47.3339
100 509.597 719.181 5 5.14859 -77.2353 -120.173
101 510.016 719.453 5 4.6554 -87.306 -148.651
102 509.324 719.6 5 5.0944 -83.9887 -76.1002
103 509.744 719.873 5 4.59539 -81.3309 -117.25
104 509.052 720.02 5 5.08898 -87.7188 7.48102
105 509.471 720.292 5 4.58939 -92.4768 -5.14743
