1 505.473 717.831 5 10.0519 -131.142 146.629
2 505.747 717.412 5 9.94755 -119.62 92.0809
3 506.02 716.994 5 9.86745 -112.456 -48.2354
4 506.294 716.575 5 9.81221 -121.781 -2.18443
5 506.567 716.157 5 9.78224 -128.987 -83.4458
6 505.891 718.104 5 9.56633 -111.062 57.0619
7 506.165 717.686 5 9.45661 -110.785 -57.6901
8 506.439 717.267 5 9.37231 -113.293 84.7972
9 506.712 716.849 5 9.31413 -118.009 176.869
10 506.986 716.43 5 9.28255 -112.828 -74.6309
11 506.31 718.378 5 9.0823 -131.94 -178.35
12 506.584 717.96 5 8.96666 -109.716 -93.5499
13 506.857 717.541 5 8.87771 -118.832 110.191
14 507.131 717.123 5 8.81626 -109.279 -149.586
15 507.404 716.704 5 8.7829 -108.836 -10.2552
16 506.728 718.652 5 8.60011 -117.837 -20.2963
17 507.002 718.233 5 8.47789 -118.798 -94.4575
18 507.276 717.815 5 8.38375 -110.4 110.824
19 507.549 717.396 5 8.31866 -115.417 -142.024
20 507.823 716.978 5 8.28329 -116.275 -77.4498
21 507.147 718.925 5 8.12006 -120.939 -169.49
22 507.421 718.507 5 7.9905 -125.448 -90.7736
23 507.694 718.088 5 7.89056 -107.22 122.396
24 507.968 717.67 5 7.82136 -113.345 -54.7681
25 508.241 717.251 5 7.78373 -116.929 -93.0872
26 507.565 719.199 5 7.64258 -127.301 23.9782
27 507.839 718.78 5 7.50478 -114.578 -18.5713
28 508.113 718.362 5 7.39828 -114.297 84.445
29 508.386 717.943 5 7.32443 -140.991 136.928
30 508.66 717.525 5 7.28423 -117.736 161.746
31 507.984 719.472 5 7.16816 -120.532 -152.49
32 508.258 719.054 5 7.02106 -120.075 -50.4834
33 508.531 718.635 5 6.9071 -111.544 -160.453
34 508.805 718.217 5 6.82795 -117.587 -147.679
35 509.078 717.798 5 6.78481 -107.659 -162.152
36 508.402 719.746 5 6.69747 -109.69 141.501
37 508.676 719.328 5 6.53979 -126.88 114.999
38 508.95 718.909 5 6.41729 -126.978 -34.6654
39 509.223 718.491 5 6.33202 -127.433 18.7838
40 509.497 718.072 5 6.28547 -143.466 -10.8409
