1 505.473 717.831 5 12.7217 -105.24 75.0831
2 505.747 717.412 5 12.5997 -125.23 -153.59
3 506.02 716.994 5 12.4965 -117.11 -31.3209
4 506.294 716.575 5 12.4126 -104.312 113.047
5 506.567 716.157 5 12.3484 -104.082 126.857
6 505.891 718.104 5 12.2399 -108.286 17.4301
7 506.165 717.686 5 12.1131 -109.097 -94.7938
8 506.439 717.267 5 12.0057 -110.146 46.7107
9 506.712 716.849 5 11.9184 -102.941 -178.973
10 506.986 716.43 5 11.8515 -113.04 75.8398
11 506.31 718.378 5 11.7597 -114.216 66.3525
12 506.584 717.96 5 11.6276 -108.51 -172.128
13 506.857 717.541 5 11.5157 -111.759 87.8296
14 507.131 717.123 5 11.4246 -108.886 -133.142
15 507.404 716.704 5 11.3549 -124.413 -141.733
16 506.728 718.652 5 11.2812 -123.114 137.106
17 507.002 718.233 5 11.1434 -116.666 -144.723
18 507.276 717.815 5 11.0266 -109.332 97.7709
19 507.549 717.396 5 10.9314 -105.979 -85.5577
20 507.823 716.978 5 10.8585 -105.795 124.655
21 507.147 718.925 5 10.8046 -115.518 95.5452
22 507.421 718.507 5 10.6607 -119.769 174.085
23 507.694 718.088 5 10.5385 -105.044 -110.932
24 507.968 717.67 5 10.4389 -107.188 -126.847
25 508.241 717.251 5 10.3625 -110.081 89.7651
26 507.565 719.199 5 10.3302 -104.279 -49.0889
27 507.839 718.78 5 10.1796 -111.187 35.7933
28 508.113 718.362 5 10.0516 -115.086 -51.0374
29 508.386 717.943 5 9.94712 -113.714 67.3954
30 508.66 717.525 5 9.86691 -105.29 12.9194
31 507.984 719.472 5 9.85838 -105.886 -26.2873
32 508.258 719.054 5 9.70043 -112.909 -165.369
33 508.531 718.635 5 9.56603 -106.902 -33.8388
34 508.805 718.217 5 9.4562 -105.583 -129.929
35 509.078 717.798 5 9.37179 -107.636 177.239
36 508.402 719.746 5 9.38946 -109.889 -21.3538
37 508.676 719.328 5 9.22349 -113.75 47.9424
38 508.95 718.909 5 9.08204 -158.457 -131.116
39 509.223 718.491 5 8.96627 -250 0
40 509.497 718.072 5 8.87721 -250 0
