1 509.951 714.045 5 11.5739 -71.6713 -17.9265
2 510.37 714.318 5 11.0957 -70.177 171.669
3 510.79 714.59 5 10.6196 -60.1681 -126.653
4 511.209 714.862 5 10.1457 -60.3267 -121.42
5 511.628 715.135 5 9.67451 -62.9685 71.2176
6 512.048 715.407 5 9.20633 -59.6841 -121.555
7 512.467 715.679 5 8.74167 -56.8461 78.283
8 512.886 715.952 5 8.28114 -72.5757 129.022
9 513.306 716.224 5 7.82545 -67.4896 -115.496
10 513.725 716.496 5 7.3755 -56.0051 112.749
11 514.144 716.769 5 6.93241 -58.2059 -51.3113
12 514.564 717.041 5 6.49759 -101.783 82.4618
13 514.983 717.313 5 6.07281 -107.842 28.0953
14 509.679 714.465 5 11.4408 -63.5879 -55.8688
15 510.098 714.737 5 10.9568 -62.8635 -58.8752
16 510.517 715.009 5 10.4744 -73.1985 -54.2512
17 510.937 715.282 5 9.99365 -53.9677 -103.614
18 511.356 715.554 5 9.5149 -63.5116 120.459
19 511.775 715.826 5 9.03846 -58.039 119.631
20 512.195 716.099 5 8.5647 -60.041 150.262
21 512.614 716.371 5 8.0941 -67.9079 -59.7605
22 513.033 716.643 5 7.62724 -62.0657 36.6197
23 513.453 716.916 5 7.16486 -71.092 131.672
24 513.872 717.188 5 6.70787 -59.3188 -120.344
25 514.291 717.46 5 6.25747 -52.1973 89.0755
26 514.711 717.733 5 5.81518 -55.93 -57.6679
27 509.406 714.884 5 11.3282 -75.3775 -154.606
28 509.826 715.156 5 10.8393 -54.4479 -86.6138
29 510.245 715.429 5 10.3513 -59.5695 129.519
30 510.664 715.701 5 9.86459 -62.6375 -85.2773
31 511.084 715.973 5 9.37926 -63.8117 38.8046
32 511.503 716.246 5 8.89555 -72.7192 66.1501
33 511.922 716.518 5 8.41375 -72.6486 -14.697
34 512.342 716.79 5 7.9342 -65.053 -11.3274
35 512.761 717.063 5 7.45734 -55.2853 63.3218
36 513.18 717.335 5 6.98372 -78.6846 106.21
37 513.6 717.607 5 6.51404 -71.3261 -163.818
38 514.019 717.88 5 6.04922 -62.6443 60.7064
39 514.438 718.152 5 5.59048 -74.1297 -48.3272
40 509.134 715.303 5 11.2368 -66.2659 126.547
41 509.553 715.576 5 10.7437 -61.1816 -24.3001
42 509.973 715.848 5 10.2512 -68.2822 -8.5278
43 510.392 716.12 5 9.75947 -75.4912 -38.728
44 510.811 716.393 5 9.26864 -67.7364 -89.7954
45 511.231 716.665 5 8.77884 -72.7197 29.8665
46 511.65 716.937 5 8.29026 -65.5109 -43.1613
47 512.069 717.21 5 7.80313 -70.3285 26.962
48 512.489 717.482 5 7.31773 -64.1516 -14.9317
49 512.908 717.754 5 6.83444 -61.5248 -2.41155
50 513.327 718.027 5 6.35373 -59.1556 -60.9653
51 513.747 718.299 5 5.87625 -58.8723 -87.3519
52 514.166 718.571 5 5.40284 -60.4246 47.2571
53 508.862 715.723 5 11.1671 -66.5538 50.4876
54 509.281 715.995 5 10.6707 -66.0973 57.7447
55 509.7 716.267 5 10.1747 -60.764 22.2499
56 510.12 716.54 5 9.67908 -66.5684 66.5002
57 510.539 716.812 5 9.18395 -60.5393 10.0222
58 510.958 717.084 5 8.68938 -58.653 44.5861
59 511.378 717.357 5 8.19546 -63.7055 55.6243
60 511.797 717.629 5 7.70234 -65.5628 70.504
61 512.216 717.901 5 7.21016 -61.6502 5.43693
62 512.636 718.174 5 6.71913 -59.2216 39.3488
63 513.055 718.446 5 6.22953 -59.4316 -23.9156
64 513.474 718.718 5 5.74173 -57.605 -30.9123
65 513.894 718.991 5 5.25622 -70.7249 -168.205
66 508.589 716.142 5 11.1194 -64.7224 -83.2543
67 509.009 716.414 5 10.6208 -64.8658 -81.2412
68 509.428 716.687 5 10.1223 -62.401 -88.9212
69 509.847 716.959 5 9.62402 -63.7088 -86.9962
70 510.267 717.231 5 9.1259 -62.2864 -143.731
71 510.686 717.504 5 8.628 -58.7058 -107.032
72 511.105 717.776 5 8.13036 -60.1251 -143.72
73 511.525 718.048 5 7.63303 -61.0295 178.844
74 511.944 718.321 5 7.13607 -59.5741 135.994
75 512.363 718.593 5 6.63957 -63.9491 -39.4268
76 512.783 718.865 5 6.14364 -60.8434 179.75
77 513.202 719.138 5 5.64842 -62.183 166.674
78 513.621 719.41 5 5.15413 -70.2524 -54.496
79 510.414 717.923 5 8.59533 -73.783 102.591
80 510.833 718.195 5 8.09568 -64.9442 39.4435
81 511.672 718.74 5 7.09653 -59.8545 -106.59
82 512.091 719.012 5 6.59705 -59.4348 -29.6047
83 512.51 719.285 5 6.09766 -59.5025 -57.7377
84 512.93 719.557 5 5.59838 -61.9228 -41.6362
85 513.349 719.829 5 5.09923 -54.8434 -70.8422
86 510.141 718.342 5 8.59167 -69.1882 98.7533
87 510.561 718.615 5 8.0918 -64.3454 81.026
88 511.399 719.159 5 7.0921 -61.9878 -13.3908
89 511.819 719.432 5 6.59229 -72.7484 27.918
90 512.238 719.704 5 6.09251 -61.2622 45.0875
91 512.657 719.976 5 5.59276 -56.2484 98.7533
92 513.077 720.249 5 5.09307 -52.3122 -13.3375
93 509.869 718.762 5 8.61708 -73.8359 -138.825
94 510.288 719.034 5 8.11877 -89.4192 -37.4708
95 511.127 719.579 5 7.12286 -77.721 -19.1717
96 511.546 719.851 5 6.62537 -57.8537 62.431
97 511.966 720.123 5 6.12828 -58.9504 38.601
98 512.385 720.396 5 5.63171 -68.8743 -12.0068
99 512.804 720.668 5 5.13581 -53.6531 101.119
100 509.597 719.181 5 8.67128 -80.4585 109.056
101 510.016 719.453 5 8.17628 -85.2835 -58.5297
102 509.324 719.6 5 8.75376 -89.5119 5.48809
103 509.744 719.873 5 8.2637 -88.4078 -137.732
104 509.052 720.02 5 8.86372 -86.0798 53.4547
105 509.471 720.292 5 8.38009 -96.254 106.75
