1 514.644 719.84 5 2.82843 -46.8448 160.904
2 514.371 720.259 5 2.5 -56.1696 -8.00743
3 514.097 720.678 5 2.23607 -41.009 30.8112
4 513.824 721.096 5 2.06155 -46.4186 -161.469
5 513.551 721.515 5 2 -48.3389 -92.9088
6 513.278 721.934 5 2.06155 -45.2718 149.148
7 513.004 722.353 5 2.23607 -44.5502 65.5185
8 512.731 722.771 5 2.5 -47.8701 -21.2036
9 512.458 723.19 5 2.82843 -55.089 77.0952
10 512.185 723.609 5 3.20156 -48.6802 163.67
11 515.063 720.113 5 2.5 -48.548 10.6928
12 514.789 720.532 5 2.12132 -40.3847 10.6061
13 514.516 720.951 5 1.80278 -47.0681 -177.226
14 514.243 721.37 5 1.58114 -49.0894 122.831
15 513.97 721.788 5 1.5 -44.2229 3.71074
16 513.696 722.207 5 1.58114 -44.2304 132.424
17 513.423 722.626 5 1.80278 -46.3421 -165.127
18 513.15 723.045 5 2.12132 -40.2039 4.63449
19 512.877 723.463 5 2.5 -51.9953 -1.35592
20 512.603 723.882 5 2.91548 -50.3577 -153.87
21 515.481 720.387 5 2.23607 -49.5217 34.613
22 515.208 720.805 5 1.80278 -44.89 142.688
23 514.935 721.224 5 1.41421 -43.0454 -134.5
24 514.662 721.643 5 1.11803 -39.7773 21.7151
25 514.388 722.062 5 1 -38.0575 -7.93937
26 514.115 722.48 5 1.11803 -42.3369 5.02248
27 513.842 722.899 5 1.41421 -41.1283 -135.881
28 513.568 723.318 5 1.80278 -48.4397 165.348
29 513.295 723.737 5 2.23607 -46.7607 25.6571
30 513.022 724.155 5 2.69258 -55.8521 87.5341
31 515.9 720.66 5 2.06155 -46.092 110.703
32 515.627 721.079 5 1.58114 -41.987 115.777
33 515.353 721.497 5 1.11803 -41.3479 14.5709
34 515.08 721.916 5 0.707107 -37.4299 111.421
35 514.807 722.335 5 0.5 -33.8608 0.73903
36 514.534 722.754 5 0.707107 -37.0264 114.37
37 514.26 723.172 5 1.11803 -40.6514 -5.58302
38 513.987 723.591 5 1.58114 -43.0333 154.426
39 516.319 720.933 5 2 -40.4306 -16.9128
40 516.045 721.352 5 1.5 -38.949 -17.8461
41 515.772 721.771 5 1 -35.7844 -11.5516
42 515.499 722.189 5 0.5 -32.9121 -7.92161
43 515.226 722.608 5 0 -48.4643 -22.5692
44 514.952 723.027 5 0.5 -32.941 -3.68441
45 514.679 723.446 5 1 -37.034 -23.3816
46 514.406 723.864 5 1.5 -40.937 169.858
47 516.737 721.206 5 2.06155 -42.6561 -124.065
48 516.464 721.625 5 1.58114 -47.4515 152.158
49 516.191 722.044 5 1.11803 -42.3319 -4.98267
50 515.918 722.463 5 0.707107 -39.0752 127.047
51 515.644 722.881 5 0.5 -34.8013 -9.50086
52 515.371 723.3 5 0.707107 -35.8736 126.229
53 515.098 723.719 5 1.11803 -40.8516 -2.88777
54 514.825 724.138 5 1.58114 -48.2993 90.0578
55 517.156 721.48 5 2.23607 -43.4805 46.2009
56 516.883 721.898 5 1.80278 -71.0895 -159.257
57 516.61 722.317 5 1.41421 -43.4045 -122.172
58 516.336 722.736 5 1.11803 -40.7339 24.8468
59 516.063 723.155 5 1 -41.9872 13.9778
60 515.79 723.573 5 1.11803 -41.604 40.9665
61 515.517 723.992 5 1.41421 -42.1166 -110.134
62 515.243 724.411 5 1.80278 -43.4633 21.4506
63 517.575 721.753 5 2.5 -46.9171 43.9266
64 517.302 722.172 5 2.12132 -42.7182 -5.87579
65 517.028 722.59 5 1.80278 -44.5653 -154.141
66 516.755 723.009 5 1.58114 -42.9941 88.6421
67 516.482 723.428 5 1.5 -42.2189 -6.10248
68 516.209 723.847 5 1.58114 -41.3991 132.013
69 515.935 724.265 5 1.80278 -50.7597 -100.921
70 515.662 724.684 5 2.12132 -49.4587 17.4577
71 517.994 722.026 5 2.82843 -48.2404 123.132
72 517.72 722.445 5 2.5 -53.9189 70.2499
73 517.447 722.864 5 2.23607 -49.0996 73.151
74 517.174 723.282 5 2.06155 -43.1624 -172.369
75 516.901 723.701 5 2 -43.9213 -7.4865
76 516.627 724.12 5 2.06155 -44.3411 157.463
77 516.354 724.539 5 2.23607 -42.9448 42.7517
78 516.081 724.957 5 2.5 -51.4738 27.8231
