1 514.644 719.84 5 1 -47.832 -57.8474
2 514.371 720.259 5 0.5 -33.0924 -6.70977
3 514.097 720.678 5 0 -43.504 -167.31
4 513.824 721.096 5 0.5 -35.1633 -9.10484
5 513.551 721.515 5 1 -43.9299 -83.8324
6 513.278 721.934 5 1.5 -36.2543 161.999
7 513.004 722.353 5 2 -44.0861 131.602
8 512.731 722.771 5 2.5 -44.4862 118.647
9 512.458 723.19 5 3 -61.8537 -38.7418
10 512.185 723.609 5 3.5 -61.8085 -53.0704
11 515.063 720.113 5 1.11803 -38.0842 11.2828
12 514.789 720.532 5 0.707107 -40.5976 108.839
13 514.516 720.951 5 0.5 -37.8719 -15.457
14 514.243 721.37 5 0.707107 -43.0521 126.667
15 513.97 721.788 5 1.11803 -44.2149 17.0927
16 513.696 722.207 5 1.58114 -73.8967 105.906
17 513.423 722.626 5 2.06155 -48.1099 -38.1999
18 513.15 723.045 5 2.54951 -48.582 -101.226
19 512.877 723.463 5 3.04138 -42.5916 -19.9816
20 512.603 723.882 5 3.53553 -46.3608 10.4598
21 515.481 720.387 5 1.41421 -38.4907 -121.712
22 515.208 720.805 5 1.11803 -37.2098 4.63879
23 514.935 721.224 5 1 -42.668 -5.52277
24 514.662 721.643 5 1.11803 -36.8751 15.4877
25 514.388 722.062 5 1.41421 -41.2394 -124.532
26 514.115 722.48 5 1.80278 -52.96 -122.937
27 513.842 722.899 5 2.23607 -63.0077 35.6041
28 513.568 723.318 5 2.69258 -50.0696 146.942
29 513.295 723.737 5 3.16228 -52.4162 -57.7621
30 513.022 724.155 5 3.64005 -46.7184 -162.106
31 515.9 720.66 5 1.80278 -41.9947 -120.027
32 515.627 721.079 5 1.58114 -40.5302 114.463
33 515.353 721.497 5 1.5 -45.3961 26.0942
34 515.08 721.916 5 1.58114 -42.274 99.647
35 514.807 722.335 5 1.80278 -56.6602 -64.5682
36 514.534 722.754 5 2.12132 -49.4444 25.6695
37 514.26 723.172 5 2.5 -49.0859 -18.6772
38 513.987 723.591 5 2.91548 -51.7313 -98.0544
39 516.319 720.933 5 2.23607 -46.6182 6.23985
40 516.045 721.352 5 2.06155 -44.2894 136.695
41 515.772 721.771 5 2 -44.8029 -14.0141
42 515.499 722.189 5 2.06155 -44.1765 136.759
43 515.226 722.608 5 2.23607 -43.8392 33.5208
44 514.952 723.027 5 2.5 -57.4369 -8.15858
45 514.679 723.446 5 2.82843 -49.3012 118.239
46 514.406 723.864 5 3.20156 -48.3309 -104.123
47 516.737 721.206 5 2.69258 -40.5717 160.397
48 516.464 721.625 5 2.54951 -50.6454 57.5989
49 516.191 722.044 5 2.5 -54.9051 -88.6461
50 515.918 722.463 5 2.54951 -53.3088 -175.444
51 515.644 722.881 5 2.69258 -45.1639 140.62
52 515.371 723.3 5 2.91548 -51.077 -120.825
53 515.098 723.719 5 3.20156 -59.0806 135.532
54 514.825 724.138 5 3.53553 -49.2896 53.1277
55 517.156 721.48 5 3.16228 -50.0011 162.682
56 516.883 721.898 5 3.04138 -50.5515 -77.5433
57 516.61 722.317 5 3 -57.9959 155.217
58 516.336 722.736 5 3.04138 -50.7875 -160.139
59 516.063 723.155 5 3.16228 -46.5995 -134.566
60 515.79 723.573 5 3.3541 -46.9003 42.4015
61 515.517 723.992 5 3.60555 -52.748 20.2085
62 515.243 724.411 5 3.90512 -52.9332 114.263
63 517.575 721.753 5 3.64006 -46.7105 -30.4954
64 517.302 722.172 5 3.53553 -45.8738 -133.387
65 517.028 722.59 5 3.5 -53.7824 -15.3656
66 516.755 723.009 5 3.53553 -50.04 -106.269
67 516.482 723.428 5 3.64006 -48.0662 -122.565
68 516.209 723.847 5 3.80789 -49.3326 135.608
69 515.935 724.265 5 4.03113 -47.9597 -83.5789
70 515.662 724.684 5 4.30116 -57.8843 -179.714
71 517.994 722.026 5 4.12311 -42.1172 -119.354
72 517.72 722.445 5 4.03113 -51.2835 130.687
73 517.447 722.864 5 4 -49.254 9.42642
74 517.174 723.282 5 4.03113 -46.8126 -100.044
75 516.901 723.701 5 4.12311 -62.2106 -113.812
76 516.627 724.12 5 4.272 -48.0588 -76.0036
77 516.354 724.539 5 4.47214 -48.5765 90.4798
78 516.081 724.957 5 4.71699 -59.1838 94.1399
