1 505.473 717.831 5 13.0878 -105.847 127.167
2 505.747 717.412 5 12.9885 -109.468 -94.3192
3 506.02 716.994 5 12.9078 -107.143 24.9074
4 506.294 716.575 5 12.8461 -99.7703 138.768
5 506.567 716.157 5 12.8036 -115.552 178.34
6 505.891 718.104 5 12.6002 -107.038 73.2811
7 506.165 717.686 5 12.497 -109.513 -98.2806
8 506.439 717.267 5 12.4131 -107.265 76.4176
9 506.712 716.849 5 12.3489 -107.507 175.516
10 506.986 716.43 5 12.3047 -111.441 -115.705
11 506.31 718.378 5 12.1136 -123.28 -70.3487
12 506.584 717.96 5 12.0062 -110.18 -96.1995
13 506.857 717.541 5 11.9188 -107.553 87.3869
14 507.131 717.123 5 11.852 -112.317 -34.9613
15 507.404 716.704 5 11.8059 -121.616 -30.5939
16 506.728 718.652 5 11.6281 -123.044 -162.274
17 507.002 718.233 5 11.5162 -113.634 150.427
18 507.276 717.815 5 11.4251 -113.302 34.7885
19 507.549 717.396 5 11.3553 -110.754 -59.3038
20 507.823 716.978 5 11.3072 -106.41 26.6639
21 507.147 718.925 5 11.1439 -108.991 117.936
22 507.421 718.507 5 11.0271 -113.781 13.8524
23 507.694 718.088 5 10.9319 -114.24 -20.1733
24 507.968 717.67 5 10.859 -109.612 -119.521
25 508.241 717.251 5 10.8087 -110.995 63.6123
26 507.565 719.199 5 10.6612 -114.948 89.9464
27 507.839 718.78 5 10.539 -117.653 -145.421
28 508.113 718.362 5 10.4394 -118.002 139.997
29 508.386 717.943 5 10.363 -130.939 -66.8891
30 508.66 717.525 5 10.3103 -116.806 81.1575
31 507.984 719.472 5 10.1801 -96.0699 76.9747
32 508.258 719.054 5 10.0521 -113.28 77.873
33 508.531 718.635 5 9.94761 -124.457 138.774
34 508.805 718.217 5 9.86738 -132.234 49.766
35 509.078 717.798 5 9.812 -123.58 171.374
36 508.402 719.746 5 9.70094 -102.63 -161.137
37 508.676 719.328 5 9.56653 -109.032 -14.6805
38 508.95 718.909 5 9.45668 -250 0
39 509.223 718.491 5 9.37225 -250 0
40 509.497 718.072 5 9.31394 -250 0
