1 509.951 714.045 5 8.89625 -66.1815 168.288
2 510.37 714.318 5 8.41436 -62.1902 -134.132
3 510.79 714.59 5 7.93471 -60.9367 46.9549
4 511.209 714.862 5 7.45774 -55.0429 31.9982
5 511.628 715.135 5 6.98398 -62.133 -25.4139
6 512.048 715.407 5 6.51415 -66.4328 -37.4516
7 512.467 715.679 5 6.04916 -57.6495 -164.277
8 512.886 715.952 5 5.59022 -64.5299 -76.9783
9 513.306 716.224 5 5.13894 -61.9475 77.0828
10 513.725 716.496 5 4.69754 -69.0168 -85.1205
11 514.144 716.769 5 4.26908 -59.9495 11.1848
12 514.564 717.041 5 3.85787 -77.9763 0.76699
13 514.983 717.313 5 3.47007 -85.0867 90.9108
14 509.679 714.465 5 8.77986 -71.9423 36.6264
15 510.098 714.737 5 8.29121 -60.2328 116.231
16 510.517 715.009 5 7.804 -56.4191 102.55
17 510.937 715.282 5 7.3185 -56.9968 100.66
18 511.356 715.554 5 6.83511 -60.0054 83.4102
19 511.775 715.826 5 6.35428 -60.7762 20.3423
20 512.195 716.099 5 5.87665 -68.3911 66.3216
21 512.614 716.371 5 5.40307 -68.3565 98.402
22 513.033 716.643 5 4.93471 -58.5211 -159.964
23 513.453 716.916 5 4.4732 -58.879 42.4446
24 513.872 717.188 5 4.02091 -56.6642 -10.2561
25 514.291 717.46 5 3.58132 -58.9595 -123.188
26 514.711 717.733 5 3.15975 -59.0948 -23.0807
27 509.406 714.884 5 8.69072 -61.3419 70.5518
28 509.826 715.156 5 8.19676 -65.0349 121.219
29 510.245 715.429 5 7.70357 -72.3048 -29.1741
30 510.664 715.701 5 7.21132 -63.4348 3.35857
31 511.084 715.973 5 6.72022 -58.9975 -33.281
32 511.503 716.246 5 6.23053 -59.7146 -91.9869
33 511.922 716.518 5 5.74262 -59.4455 -80.0232
34 512.342 716.79 5 5.25698 -63.6238 -109.108
35 512.761 717.063 5 4.77431 -54.3596 -121.301
36 513.18 717.335 5 4.2956 -60.8734 -87.5818
37 513.6 717.607 5 3.82235 -54.0504 -160.955
38 514.019 717.88 5 3.35686 -55.584 10.9922
39 514.438 718.152 5 2.90288 -56.8525 170.858
40 509.134 715.303 5 8.62968 -62.0326 -127.552
41 509.553 715.576 5 8.13201 -69.4891 -39.8577
42 509.973 715.848 5 7.63464 -60.0445 -165.762
43 510.392 716.12 5 7.13764 -65.8204 136.672
44 510.811 716.393 5 6.64109 -75.1419 -107.357
45 511.231 716.665 5 6.14509 -57.836 169.471
46 511.65 716.937 5 5.64981 -70.314 65.2704
47 512.069 717.21 5 5.15544 -62.1882 170.055
48 512.489 717.482 5 4.66226 -64.1206 126.872
49 512.908 717.754 5 4.17071 -53.053 108.657
50 513.327 718.027 5 3.68144 -51.8214 89.6154
51 513.747 718.299 5 3.1955 -70.8769 18.0694
52 514.166 718.571 5 2.71466 -54.1323 166.342
53 508.862 715.723 5 8.59733 -65.9273 -102.864
54 509.281 715.995 5 8.09767 -64.647 45.1979
55 509.7 716.267 5 7.59805 -65.867 140.859
56 510.12 716.54 5 7.09849 -81.5513 168.279
57 510.539 716.812 5 6.59899 -69.6086 -153.801
58 510.958 717.084 5 6.09958 -69.3008 -84.5202
59 511.378 717.357 5 5.60027 -68.5411 61.1196
60 511.797 717.629 5 5.1011 -61.7203 -96.0879
61 512.216 717.901 5 4.6021 -71.9016 -122.801
62 512.636 718.174 5 4.10336 -63.2297 125.583
63 513.055 718.446 5 3.60495 -55.9883 53.8202
64 513.474 718.718 5 3.10707 -67.2483 18.4078
65 513.894 718.991 5 2.60999 -57.4827 31.1542
66 508.589 716.142 5 8.59399 -59.897 -113.974
67 509.009 716.414 5 8.09412 -68.1607 17.4665
68 509.428 716.687 5 7.59428 -72.3529 -30.148
69 509.847 716.959 5 7.09445 -71.8522 71.8564
70 510.267 717.231 5 6.59465 -71.9487 139.833
71 510.686 717.504 5 6.09488 -63.9327 -167.152
72 511.105 717.776 5 5.59515 -56.7707 -138.985
73 511.525 718.048 5 5.09547 -61.6468 -49.1894
74 511.944 718.321 5 4.59587 -56.4991 -163.075
75 512.363 718.593 5 4.09636 -56.3181 126.118
76 512.783 718.865 5 3.59699 -60.5476 87.7023
77 513.202 719.138 5 3.09783 -59.2076 49.0843
78 513.621 719.41 5 2.59898 -66.2462 -177.901
79 510.414 717.923 5 6.13108 -61.1709 164.688
80 510.833 718.195 5 5.63457 -65.3822 142.472
81 511.672 718.74 5 4.64378 -58.794 141.148
82 512.091 719.012 5 4.15004 -52.6446 148.664
83 512.51 719.285 5 3.65801 -57.8104 -170.187
84 512.93 719.557 5 3.16847 -52.4655 130.305
85 513.349 719.829 5 2.68279 -48.3997 45.863
86 510.141 718.342 5 6.20748 -74.4522 12.2246
87 510.561 718.615 5 5.71761 -67.5415 167.729
88 511.399 719.159 5 4.74419 -56.6877 -90.2797
89 511.819 719.432 5 4.2621 -67.2096 -92.8039
90 512.238 719.704 5 3.78467 -48.2128 36.7184
91 512.657 719.976 5 3.31389 -51.8355 -31.2185
92 513.077 720.249 5 2.85308 -48.4406 -98.5803
93 509.869 718.762 5 6.32262 -82.1689 125.723
94 510.288 719.034 5 5.84241 -81.7394 -79.9054
95 511.127 719.579 5 4.89388 -61.131 76.9666
96 511.546 719.851 5 4.42812 -50.0955 -73.2221
97 511.966 720.123 5 3.97069 -63.6431 -0.877748
98 512.385 720.396 5 3.52485 -60.8531 -67.0363
99 512.804 720.668 5 3.0956 -47.3245 -142.502
100 509.597 719.181 5 6.47443 -81.8558 -58.2323
101 510.016 719.453 5 6.00636 -77.4537 -90.062
102 509.324 719.6 5 6.6604 -87.2488 33.7714
103 509.744 719.873 5 6.20637 -84.6447 -111.941
104 509.052 720.02 5 6.87776 -85.1606 72.921
105 509.471 720.292 5 6.43908 -107.297 -90.7361
