1 514.644 719.84 5 2.54951 -43.6537 -135.182
2 514.371 720.259 5 2.06155 -52.6317 -67.4966
3 514.097 720.678 5 1.58114 -55.9933 44.8684
4 513.824 721.096 5 1.11803 -41.2896 110.133
5 513.551 721.515 5 0.707107 -40.1462 21.5607
6 513.278 721.934 5 0.5 -35.8382 1.70662
7 513.004 722.353 5 0.707107 -38.4774 118.93
8 512.731 722.771 5 1.11803 -38.3385 77.3914
9 512.458 723.19 5 1.58114 -46.1278 -89.0019
10 512.185 723.609 5 2.06155 -46.2867 69.2701
11 515.063 720.113 5 2.5 -48.4994 11.2281
12 514.789 720.532 5 2 -48.0676 9.364
13 514.516 720.951 5 1.5 -43.7168 -11.8988
14 514.243 721.37 5 1 -38.9523 1.32109
15 513.97 721.788 5 0.5 -34.9375 -3.17525
16 513.696 722.207 5 0 -48.196 166.282
17 513.423 722.626 5 0.5 -32.0868 -4.32976
18 513.15 723.045 5 1 -42.3783 -38.7242
19 512.877 723.463 5 1.5 -42.0961 -0.125219
20 512.603 723.882 5 2 -39.345 -28.8934
21 515.481 720.387 5 2.54951 -45.8494 -111.435
22 515.208 720.805 5 2.06155 -43.9268 -137.625
23 514.935 721.224 5 1.58114 -47.7826 112.583
24 514.662 721.643 5 1.11803 -38.0841 22.6273
25 514.388 722.062 5 0.707107 -37.4234 106.922
26 514.115 722.48 5 0.5 -34.494 -8.61122
27 513.842 722.899 5 0.707107 -37.6015 86.1921
28 513.568 723.318 5 1.11803 -38.2308 -5.3461
29 513.295 723.737 5 1.58114 -44.1406 50.1169
30 513.022 724.155 5 2.06155 -63.9552 -71.5665
31 515.9 720.66 5 2.69258 -54.7806 169.036
32 515.627 721.079 5 2.23607 -57.1114 -11.5106
33 515.353 721.497 5 1.80278 -43.9574 -144.832
34 515.08 721.916 5 1.41421 -39.3769 -136.403
35 514.807 722.335 5 1.11803 -41.3804 26.6665
36 514.534 722.754 5 1 -46.7338 -2.74584
37 514.26 723.172 5 1.11803 -40.9813 38.2974
38 513.987 723.591 5 1.41421 -43.1414 -118.61
39 516.319 720.933 5 2.91548 -47.103 -77.8802
40 516.045 721.352 5 2.5 -51.013 41.4677
41 515.772 721.771 5 2.12132 -46.6635 -14.817
42 515.499 722.189 5 1.80278 -43.6505 -141.474
43 515.226 722.608 5 1.58114 -44.8842 119.53
44 514.952 723.027 5 1.5 -45.3951 -44.623
45 514.679 723.446 5 1.58114 -43.0322 90.1701
46 514.406 723.864 5 1.80278 -40.5103 -15.3604
47 516.737 721.206 5 3.20156 -54.9999 114.261
48 516.464 721.625 5 2.82843 -42.4196 106.656
49 516.191 722.044 5 2.5 -46.5197 4.75253
50 515.918 722.463 5 2.23607 -47.8096 31.8024
51 515.644 722.881 5 2.06155 -43.1329 166.205
52 515.371 723.3 5 2 -45.5659 -15.4144
53 515.098 723.719 5 2.06155 -44.1728 156.827
54 514.825 724.138 5 2.23607 -40.4939 -70.1668
55 517.156 721.48 5 3.53553 -48.8839 -91.6753
56 516.883 721.898 5 3.20156 -43.4583 167.998
57 516.61 722.317 5 2.91548 -50.1944 -85.6358
58 516.336 722.736 5 2.69258 -48.6618 147.456
59 516.063 723.155 5 2.54951 -49.0734 174.234
60 515.79 723.573 5 2.5 -55.3745 5.68601
61 515.517 723.992 5 2.54951 -51.7527 -155.726
62 515.243 724.411 5 2.69258 -56.9036 59.5762
63 517.575 721.753 5 3.90512 -51.2209 -89.543
64 517.302 722.172 5 3.60555 -59.2877 -154.594
65 517.028 722.59 5 3.3541 -48.5179 8.97281
66 516.755 723.009 5 3.16228 -44.103 -106.171
67 516.482 723.428 5 3.04138 -53.7729 -142.128
68 516.209 723.847 5 3 -57.1393 -172.576
69 515.935 724.265 5 3.04138 -53.458 133.125
70 515.662 724.684 5 3.16228 -60.4938 165.556
71 517.994 722.026 5 4.30116 -46.5041 135.338
72 517.72 722.445 5 4.03113 -50.2631 -79.8886
73 517.447 722.864 5 3.80789 -52.6426 149.573
74 517.174 723.282 5 3.64006 -47.3965 -67.9355
75 516.901 723.701 5 3.53553 -57.8404 -149.245
76 516.627 724.12 5 3.5 -48.2462 -29.6486
77 516.354 724.539 5 3.53553 -51.4966 138.427
78 516.081 724.957 5 3.64006 -55.0148 -113.135
