1 505.473 717.831 5 8.8784 -118.519 103.103
2 505.747 717.412 5 8.81701 -114.854 0.37702
3 506.02 716.994 5 8.78369 -115.248 114.913
4 506.294 716.575 5 8.77877 -128.569 -14.3132
5 506.567 716.157 5 8.8023 -115.736 177.005
6 505.891 718.104 5 8.38444 -111.845 -144.247
7 506.165 717.686 5 8.3194 -134.675 -162.466
8 506.439 717.267 5 8.28408 -119.346 -104.343
9 506.712 716.849 5 8.27886 -122.455 -112.841
10 506.986 716.43 5 8.3038 -121.743 164.381
11 506.31 718.378 5 7.89123 -131.48 -63.0118
12 506.584 717.96 5 7.82209 -131.281 152.638
13 506.857 717.541 5 7.78452 -119.87 70.8515
14 507.131 717.123 5 7.77897 -120.018 6.32728
15 507.404 716.704 5 7.80551 -130.275 121.319
16 506.728 718.652 5 7.39894 -120.067 -131.112
17 507.002 718.233 5 7.32516 -123.497 107.98
18 507.276 717.815 5 7.28502 -140.454 81.8323
19 507.549 717.396 5 7.27909 -129.983 -46.7437
20 507.823 716.978 5 7.30744 -120.813 -37.0485
21 507.147 718.925 5 6.90775 -132.426 -118.719
22 507.421 718.507 5 6.82866 -117.583 -171.33
23 507.694 718.088 5 6.78559 -123.122 57.7621
24 507.968 717.67 5 6.77922 -137.297 -144.22
25 508.241 717.251 5 6.80966 -121.611 178.978
26 507.565 719.199 5 6.41793 -121.985 144.7
27 507.839 718.78 5 6.33273 -129.992 -94.4629
28 508.113 718.362 5 6.28625 -120.208 -1.08937
29 508.386 717.943 5 6.27938 -123.701 76.3769
30 508.66 717.525 5 6.31222 -128.803 91.4077
31 507.984 719.472 5 5.9298 -125.549 30.7741
32 508.258 719.054 5 5.83748 -130.008 18.46
33 508.531 718.635 5 5.78703 -121.895 -14.5658
34 508.805 718.217 5 5.77956 -131.497 -93.9917
35 509.078 717.798 5 5.81523 -131.856 9.55827
36 508.402 719.746 5 5.44383 -152.304 -95.3812
37 508.676 719.328 5 5.34312 -125.632 -108.516
38 508.95 718.909 5 5.28796 -250 0
39 509.223 718.491 5 5.27978 -250 0
40 509.497 718.072 5 5.3188 -250 0
