1 505.473 717.831 5 11.5163 -95.6468 60.0418
2 505.747 717.412 5 11.4253 -109.498 -29.9352
3 506.02 716.994 5 11.3556 -101.844 112.643
4 506.294 716.575 5 11.3076 -106.512 144.668
5 506.567 716.157 5 11.2815 -119.865 -135.8
6 505.891 718.104 5 11.0272 -92.9811 60.9243
7 506.165 717.686 5 10.9321 -90.5018 -127.006
8 506.439 717.267 5 10.8592 -101.731 -26.8771
9 506.712 716.849 5 10.809 -107.152 -179.233
10 506.986 716.43 5 10.7817 -107.155 -98.3206
11 506.31 718.378 5 10.5391 -100.925 61.326
12 506.584 717.96 5 10.4396 -90.8214 -154.401
13 506.857 717.541 5 10.3632 -91.486 43.8311
14 507.131 717.123 5 10.3106 -99.1362 137.561
15 507.404 716.704 5 10.282 -112.288 81.3277
16 506.728 718.652 5 10.0522 -110.459 -105.822
17 507.002 718.233 5 9.94778 -115.953 -55.1747
18 507.276 717.815 5 9.86762 -91.497 41.1947
19 507.549 717.396 5 9.81231 -91.6586 -157.616
20 507.823 716.978 5 9.78228 -102.317 -67.885
21 507.147 718.925 5 9.56663 -116.348 42.5253
22 507.421 718.507 5 9.45685 -103.94 -132.482
23 507.694 718.088 5 9.37249 -99.0508 -69.2687
24 507.968 717.67 5 9.31424 -93.3879 -164.586
25 508.241 717.251 5 9.28259 -91.3188 -0.231722
26 507.565 719.199 5 9.08262 -111.983 -3.99976
27 507.839 718.78 5 8.96691 -107.308 70.3544
28 508.113 718.362 5 8.8779 -100.479 2.93172
29 508.386 717.943 5 8.81638 -110.92 -53.1167
30 508.66 717.525 5 8.78294 -91.8241 -17.6537
31 507.984 719.472 5 8.60044 -94.3985 -1.04726
32 508.258 719.054 5 8.47816 -99.7529 173.572
33 508.531 718.635 5 8.38395 -121.052 139.46
34 508.805 718.217 5 8.31878 -115.695 -143.821
35 509.078 717.798 5 8.28334 -111.75 150.804
36 508.402 719.746 5 8.12042 -103.814 51.9012
37 508.676 719.328 5 7.99079 -103.093 -13.9293
38 508.95 718.909 5 7.89077 -250 0
39 509.223 718.491 5 7.82149 -250 0
40 509.497 718.072 5 7.78378 -250 0
