1 509.951 714.045 5 11.8432 -65.7775 -2.80522
2 510.37 714.318 5 11.3985 -56.2497 -160.328
3 510.79 714.59 5 10.9586 -68.3092 -33.1116
4 511.209 714.862 5 10.5241 -60.4038 -163.061
5 511.628 715.135 5 10.0956 -60.8687 -51.66
6 512.048 715.407 5 9.67396 -65.5019 59.4228
7 512.467 715.679 5 9.26014 -64.0079 -28.6036
8 512.886 715.952 5 8.85522 -76.1428 69.4638
9 513.306 716.224 5 8.46048 -72.5659 -102.354
10 513.725 716.496 5 8.07741 -58.3195 53.5518
11 514.144 716.769 5 7.70774 -69.4522 -106.946
12 514.564 717.041 5 7.3535 -97.6527 165.823
13 514.983 717.313 5 7.01703 -98.1845 -20.1948
14 509.679 714.465 5 11.6276 -65.1369 49.8974
15 510.098 714.737 5 11.1743 -62.2727 67.2388
16 510.517 715.009 5 10.7252 -58.681 -52.2149
17 510.937 715.282 5 10.2808 -60.4088 163.02
18 511.356 715.554 5 9.8417 -56.0927 -44.289
19 511.775 715.826 5 9.40871 -68.5921 88.8358
20 512.195 716.099 5 8.98268 -61.7418 -127.744
21 512.614 716.371 5 8.56465 -70.5197 -170.101
22 513.033 716.643 5 8.15586 -75.9921 161.238
23 513.453 716.916 5 7.75776 -72.2625 117.004
24 513.872 717.188 5 7.37208 -62.5935 -100.667
25 514.291 717.46 5 7.00088 -71.6069 117.637
26 514.711 717.733 5 6.64658 -60.4749 15.0973
27 509.406 714.884 5 11.4297 -75.8023 136.412
28 509.826 715.156 5 10.9683 -66.7762 -68.6545
29 510.245 715.429 5 10.5104 -78.5041 -129.037
30 510.664 715.701 5 10.0565 -60.8698 33.4166
31 511.084 715.973 5 9.60715 -61.4158 -107.353
32 511.503 716.246 5 9.16308 -59.2668 91.4027
33 511.922 716.518 5 8.72507 -54.3922 -71.4616
34 512.342 716.79 5 8.29407 -61.8914 91.9519
35 512.761 717.063 5 7.87123 -59.8337 -148.558
36 513.18 717.335 5 7.45795 -90.5088 -133.146
37 513.6 717.607 5 7.05591 -69.8986 -164.102
38 514.019 717.88 5 6.66713 -65.4133 107.337
39 514.438 718.152 5 6.29407 -65.5565 10.9013
40 509.134 715.303 5 11.2506 -74.0074 94.4645
41 509.553 715.576 5 10.7815 -70.328 -103.639
42 509.973 715.848 5 10.3153 -79.4291 -92.8798
43 510.392 716.12 5 9.85245 -94.2557 -136.38
44 510.811 716.393 5 9.39338 -63.3188 -110.277
45 511.231 716.665 5 8.9387 -60.9729 34.6777
46 511.65 716.937 5 8.48912 -67.1051 -88.7325
47 512.069 717.21 5 8.04549 -63.8525 138.354
48 512.489 717.482 5 7.60885 -55.3175 -103.404
49 512.908 717.754 5 7.18048 -52.412 51.7287
50 513.327 718.027 5 6.76196 -81.5997 175.644
51 513.747 718.299 5 6.35522 -81.7233 -121.049
52 514.166 718.571 5 5.96269 -72.4668 -113.585
53 508.862 715.723 5 11.0912 -83.9658 -12.3861
54 509.281 715.995 5 10.6151 -89.4471 -57.0958
55 509.7 716.267 5 10.1412 -79.567 146.687
56 510.12 716.54 5 9.67001 -74.9288 -12.6995
57 510.539 716.812 5 9.20184 -80.9289 -61.7736
58 510.958 717.084 5 8.7372 -85.6482 30.0715
59 511.378 717.357 5 8.27668 -66.5099 -118.284
60 511.797 717.629 5 7.82101 -65.6483 51.987
61 512.216 717.901 5 7.37108 -55.9639 -139.498
62 512.636 718.174 5 6.92803 -52.64 53.9365
63 513.055 718.446 5 6.49326 -51.5775 -139.356
64 513.474 718.718 5 6.06854 -54.6927 16.1234
65 513.894 718.991 5 5.65614 -58.9296 -1.35834
66 508.589 716.142 5 10.9523 -72.042 143.735
67 509.009 716.414 5 10.4699 -69.9525 -89.6063
68 509.428 716.687 5 9.98913 -82.4539 -151.36
69 509.847 716.959 5 9.51038 -81.9551 19.302
70 510.267 717.231 5 9.03394 -77.9669 -39.2351
71 510.686 717.504 5 8.56019 -75.8781 -153.641
72 511.105 717.776 5 8.0896 -75.2585 -33.3534
73 511.525 718.048 5 7.62276 -78.8463 147.83
74 511.944 718.321 5 7.16039 -64.3484 74.7601
75 512.363 718.593 5 6.70343 -57.9501 -13.7991
76 512.783 718.865 5 6.25305 -51.5739 -164.152
77 513.202 719.138 5 5.8108 -52.1703 12.7306
78 513.621 719.41 5 5.37868 -53.419 -174.371
79 510.414 717.923 5 8.40923 -77.4043 -102.596
80 510.833 718.195 5 7.92969 -77.2591 -95.4477
81 511.672 718.74 5 6.97922 -72.2253 174.925
82 512.091 719.012 5 6.50955 -72.3957 -170.995
83 512.51 719.285 5 6.04475 -69.4435 -90.7333
84 512.93 719.557 5 5.58603 -61.161 -49.8188
85 513.349 719.829 5 5.13502 -50.1167 -160.026
86 510.141 718.342 5 8.28574 -75.4693 48.0798
87 510.561 718.615 5 7.7986 -93.0372 -61.114
88 511.399 719.159 5 6.82992 -70.1422 102.448
89 511.819 719.432 5 6.34921 -74.0063 -102.072
90 512.238 719.704 5 5.87173 -64.9317 39.9812
91 512.657 719.976 5 5.39833 -68.2001 43.6749
92 513.077 720.249 5 4.93019 -69.2814 15.5475
93 509.869 718.762 5 8.19096 -78.7688 -115.663
94 510.288 719.034 5 7.69783 -85.2497 -51.5827
95 511.127 719.579 5 6.71461 -65.8684 95.6388
96 511.546 719.851 5 6.22501 -62.2494 80.757
97 511.966 720.123 5 5.73721 -70.0536 -124.716
98 512.385 720.396 5 5.25169 -62.7076 115.472
99 512.804 720.668 5 4.76918 -70.8339 -100.985
100 509.597 719.181 5 8.12589 -87.7385 66.8501
101 510.016 719.453 5 7.62855 -81.5847 -2.27658
102 509.324 719.6 5 8.09125 -87.3349 -45.4184
103 509.744 719.873 5 7.59165 -90.7928 -9.03787
104 509.052 720.02 5 8.08744 -87.16 -38.6072
105 509.471 720.292 5 7.58758 -89.058 71.2048
