1 509.951 714.045 5 9.85422 -59.7636 -47.369
2 510.37 714.318 5 9.39506 -57.4102 -177.291
3 510.79 714.59 5 8.94028 -70.6512 -53.1389
4 511.209 714.862 5 8.49058 -64.9533 -93.1302
5 511.628 715.135 5 8.04683 -65.7111 -43.0948
6 512.048 715.407 5 7.61006 -67.6015 161.287
7 512.467 715.679 5 7.18153 -60.0233 -49.4849
8 512.886 715.952 5 6.76283 -65.7914 170.18
9 513.306 716.224 5 6.35589 -75.5745 -104.456
10 513.725 716.496 5 5.96312 -54.8022 79.1349
11 514.144 716.769 5 5.58751 -66.8221 95.377
12 514.564 717.041 5 5.23275 -103.817 -29
13 514.983 717.313 5 4.90338 -103.66 5.49031
14 509.679 714.465 5 9.67198 -59.4014 64.4199
15 510.098 714.737 5 9.20373 -63.8732 -18.4235
16 510.517 715.009 5 8.739 -58.7278 -124.736
17 510.937 715.282 5 8.27838 -65.3868 118.432
18 511.356 715.554 5 7.8226 -61.4215 -6.06505
19 511.775 715.826 5 7.37255 -61.298 139.207
20 512.195 716.099 5 6.92936 -74.1899 89.7434
21 512.614 716.371 5 6.49442 -67.1577 65.2131
22 513.033 716.643 5 6.06951 -73.1406 43.5485
23 513.453 716.916 5 5.65689 -67.7127 63.0767
24 513.872 717.188 5 5.25945 -55.8661 -102.512
25 514.291 717.46 5 4.88091 -62.9632 37.8266
26 514.711 717.733 5 4.52601 -55.3403 55.8089
27 509.406 714.884 5 9.51256 -73.6684 162.382
28 509.826 715.156 5 9.03605 -64.0025 152.268
29 510.245 715.429 5 8.56223 -60.8866 60.8773
30 510.664 715.701 5 8.09155 -64.0252 -66.8384
31 511.084 715.973 5 7.62461 -55.2864 -136.037
32 511.503 716.246 5 7.16213 -54.459 122.914
33 511.922 716.518 5 6.70504 -54.6555 -1.75148
34 512.342 716.79 5 6.25452 -65.1919 4.52881
35 512.761 717.063 5 5.8121 -70.3632 148.744
36 513.18 717.335 5 5.37977 -69.1913 33.702
37 513.6 717.607 5 4.96018 -64.399 -79.3389
38 514.019 717.88 5 4.55685 -57.8302 145.402
39 514.438 718.152 5 4.17448 -63.7145 -117.351
40 509.134 715.303 5 9.37712 -61.4434 -145.67
41 509.553 715.576 5 8.89336 -59.9972 176.971
42 509.973 715.848 5 8.4115 -68.0338 159.695
43 510.392 716.12 5 7.93188 -62.3057 94.4653
44 510.811 716.393 5 7.45495 -60.7017 21.6107
45 511.231 716.665 5 6.98124 -58.7824 -96.8821
46 511.65 716.937 5 6.51146 -56.9879 -167.292
47 512.069 717.21 5 6.04654 -56.8603 75.5506
48 512.489 717.482 5 5.58767 -53.9311 -30.061
49 512.908 717.754 5 5.13649 -73.6215 -39.1892
50 513.327 718.027 5 4.69521 -67.9632 171.193
51 513.747 718.299 5 4.2669 -68.0363 -143.219
52 514.166 718.571 5 3.85589 -59.3038 -44.7677
53 508.862 715.723 5 9.26671 -63.5727 -174.525
54 509.281 715.995 5 8.77687 -60.2347 128.037
55 509.7 716.267 5 8.28824 -59.4997 -177.285
56 510.12 716.54 5 7.80105 -60.6884 119.629
57 510.539 716.812 5 7.31559 -63.0305 19.9551
58 510.958 717.084 5 6.83222 -61.7647 -1.3893
59 511.378 717.357 5 6.35143 -55.195 -44.6771
60 511.797 717.629 5 5.87385 -55.5343 -94.4657
61 512.216 717.901 5 5.40034 -59.1494 141.666
62 512.636 718.174 5 4.93205 -57.143 15.0513
63 513.055 718.446 5 4.47063 -51.3462 -67.2526
64 513.474 718.718 5 4.01846 -70.4926 -72.5287
65 513.894 718.991 5 3.57903 -56.0688 1.06461
66 508.589 716.142 5 9.18224 -64.1372 171.997
67 509.009 716.414 5 8.68763 -68.4773 -156.385
68 509.428 716.687 5 8.19368 -68.9258 35.306
69 509.847 716.959 5 7.70051 -60.3425 29.2145
70 510.267 717.231 5 7.20828 -59.2337 13.3669
71 510.686 717.504 5 6.7172 -56.4469 -37.5362
72 511.105 717.776 5 6.22754 -58.7012 -38.3817
73 511.525 718.048 5 5.73966 -60.7266 -61.0959
74 511.944 718.321 5 5.25407 -59.1477 -121.263
75 512.363 718.593 5 4.77144 -57.066 -161.481
76 512.783 718.865 5 4.2928 -58.2578 94.7233
77 513.202 719.138 5 3.81963 -53.9387 -28.8438
78 513.621 719.41 5 3.35426 -51.6312 -123.789
79 510.414 717.923 5 6.63795 -64.0203 47.1218
80 510.833 718.195 5 6.14198 -73.8992 134.408
81 511.672 718.74 5 5.15236 -61.3011 139.908
82 512.091 719.012 5 4.65921 -61.7562 -126.435
83 512.51 719.285 5 4.1677 -54.1091 158.257
84 512.93 719.557 5 3.67847 -53.1774 50.9091
85 513.349 719.829 5 3.19259 -50.9673 4.02324
86 510.141 718.342 5 6.59575 -90.3806 25.7852
87 510.561 718.615 5 6.09635 -77.4686 120.497
88 511.399 719.159 5 5.09788 -63.8124 99.1621
89 511.819 719.432 5 4.59889 -55.9629 -41.072
90 512.238 719.704 5 4.10016 -58.4585 6.00604
91 512.657 719.976 5 3.60177 -56.7443 178.574
92 513.077 720.249 5 3.1039 -57.533 34.8893
93 509.869 718.762 5 6.59132 -77.8139 -159.423
94 510.288 719.034 5 6.09155 -80.2481 134.044
95 511.127 719.579 5 5.09214 -55.6526 109.833
96 511.546 719.851 5 4.59254 -66.4474 137.252
97 511.966 720.123 5 4.09302 -66.8749 -127.906
98 512.385 720.396 5 3.59365 -65.1289 11.7227
99 512.804 720.668 5 3.09447 -64.9009 -5.23124
100 509.597 719.181 5 6.62474 -80.9896 -6.8123
101 510.016 719.453 5 6.12769 -86.4275 61.932
102 509.324 719.6 5 6.69542 -91.8293 31.74
103 509.744 719.873 5 6.20404 -96.7574 -112.238
104 509.052 720.02 5 6.80223 -83.1928 40.1464
105 509.471 720.292 5 6.31916 -89.9749 91.9146
