1 509.951 714.045 5 10.252 -61.3427 78.7773
2 510.37 714.318 5 9.86262 -66.672 -109.213
3 510.79 714.59 5 9.48357 -70.9782 -123.908
4 511.209 714.862 5 9.1162 -66.1229 68.8269
5 511.628 715.135 5 8.76197 -83.3575 -10.9152
6 512.048 715.407 5 8.42253 -82.2429 155.749
7 512.467 715.679 5 8.09975 -80.5696 -25.2826
8 512.886 715.952 5 7.7957 -75.6691 116.871
9 513.306 716.224 5 7.51264 -71.4855 179.128
10 513.725 716.496 5 7.25305 -65.3489 121.314
11 514.144 716.769 5 7.01952 -90.1556 -3.05869
12 514.564 717.041 5 6.81474 -99.8776 -35.09
13 514.983 717.313 5 6.64135 -126.059 129.309
14 509.679 714.465 5 9.95229 -88.5614 83.9303
15 510.098 714.737 5 9.55065 -65.018 -51.4235
16 510.517 715.009 5 9.15871 -65.7743 138.712
17 510.937 715.282 5 8.77775 -77.0782 122.592
18 511.356 715.554 5 8.40927 -68.7841 1.38952
19 511.775 715.826 5 8.05498 -72.9679 100.348
20 512.195 716.099 5 7.71685 -71.3341 178.883
21 512.614 716.371 5 7.39707 -72.8659 134.24
22 513.033 716.643 5 7.09814 -73.3054 -50.9681
23 513.453 716.916 5 6.8228 -74.2527 -138.806
24 513.872 717.188 5 6.574 -75.8603 -104.458
25 514.291 717.46 5 6.35487 -88.2098 173.55
26 514.711 717.733 5 6.16858 -73.755 -1.28549
27 509.406 714.884 5 9.66912 -81.1614 29.4531
28 509.826 715.156 5 9.2552 -94.4056 163.171
29 510.245 715.429 5 8.85018 -64.7659 130.821
30 510.664 715.701 5 8.45533 -64.8513 9.79343
31 511.084 715.973 5 8.07215 -72.2658 -66.5647
32 511.503 716.246 5 7.70237 -72.0914 -114.812
33 511.922 716.518 5 7.34803 -74.3562 5.84595
34 512.342 716.79 5 7.01145 -74.6338 -5.76349
35 512.761 717.063 5 6.69532 -79.1914 -173.811
36 513.18 717.335 5 6.40268 -71.4834 64.9286
37 513.6 717.607 5 6.13688 -78.2429 80.1218
38 514.019 717.88 5 5.90154 -76.3891 -84.0011
39 514.438 718.152 5 5.70045 -69.8163 149.045
40 509.134 715.303 5 9.40402 -77.9491 143.829
41 509.553 715.576 5 8.97789 -82.1227 28.8913
42 509.973 715.848 5 8.55976 -77.0854 -63.5371
43 510.392 716.12 5 8.15085 -85.6246 173.9
44 510.811 716.393 5 7.75264 -67.6292 -176.57
45 511.231 716.665 5 7.36684 -68.9752 -167.816
46 511.65 716.937 5 6.99552 -69.3147 115.238
47 512.069 717.21 5 6.6411 -76.59 168.441
48 512.489 717.482 5 6.30644 -70.1413 59.4931
49 512.908 717.754 5 5.99484 -75.0991 128.155
50 513.327 718.027 5 5.71008 -78.7673 -92.5035
51 513.747 718.299 5 5.45637 -65.9877 -36.967
52 514.166 718.571 5 5.23822 -80.7872 -45.5903
53 508.862 715.723 5 9.15857 -82.009 -61.8976
54 509.281 715.995 5 8.72045 -92.3302 -129.205
55 509.7 716.267 5 8.28935 -77.8378 -79.7405
56 510.12 716.54 5 7.8664 -80.0021 -110.292
57 510.539 716.812 5 7.453 -74.8172 -59.1693
58 510.958 717.084 5 7.05082 -59.9856 -44.7251
59 511.378 717.357 5 6.66191 -67.6811 78.6194
60 511.797 717.629 5 6.28872 -70.2441 -61.128
61 512.216 717.901 5 5.93422 -89.9389 67.8729
62 512.636 718.174 5 5.60195 -76.1426 48.4329
63 513.055 718.446 5 5.29611 -70.2945 20.4874
64 513.474 718.718 5 5.02153 -71.1069 96.6189
65 513.894 718.991 5 4.78359 -66.8916 141.348
66 508.589 716.142 5 8.93438 -81.127 -112.863
67 509.009 716.414 5 8.4847 -85.9202 158.843
68 509.428 716.687 5 8.04096 -88.7261 69.4943
69 509.847 716.959 5 7.60421 -80.7102 124.812
70 510.267 717.231 5 7.17572 -75.6355 89.3795
71 510.686 717.504 5 6.75706 -84.8356 -166.716
72 511.105 717.776 5 6.35018 -81.7592 134.313
73 511.525 718.048 5 5.9575 -66.2428 -42.2887
74 511.944 718.321 5 5.582 -71.2807 159.459
75 512.363 718.593 5 5.22739 -69.547 18.5326
76 512.783 718.865 5 4.89822 -67.012 139.25
77 513.202 719.138 5 4.59995 -64.5273 -78.2557
78 513.621 719.41 5 4.33895 -67.7525 -59.6596
79 510.414 717.923 5 6.48858 -79.8936 166.369
80 510.833 718.195 5 6.06371 -76.7003 -69.3968
81 511.672 718.74 5 5.25381 -62.626 -164.783
82 512.091 719.012 5 4.87539 -65.6597 -77.9222
83 512.51 719.285 5 4.52066 -71.0603 74.2968
84 512.93 719.557 5 4.19563 -73.345 13.2099
85 513.349 719.829 5 3.90772 -63.0642 173.493
86 510.141 718.342 5 6.24863 -88.5811 147.748
87 510.561 718.615 5 5.80624 -82.6829 -65.6829
88 511.399 719.159 5 4.95442 -70.3524 97.8819
89 511.819 719.432 5 4.55117 -54.2082 -37.2851
90 512.238 719.704 5 4.16895 -69.9832 147.034
91 512.657 719.976 5 3.81406 -72.1607 78.6411
92 513.077 720.249 5 3.49486 -69.6523 25.854
93 509.869 718.762 5 6.04063 -85.2998 -34.5463
94 510.288 719.034 5 5.58177 -80.5499 -43.336
95 511.127 719.579 5 4.68935 -85.5954 72.4028
96 511.546 719.851 5 4.2611 -82.0818 -93.5999
97 511.966 720.123 5 3.85018 -48.5566 169.356
98 512.385 720.396 5 3.46278 -68.2875 12.9797
99 512.804 720.668 5 3.1077 -77.1209 -20.8169
100 509.597 719.181 5 5.86796 -79.1189 24.6142
101 510.016 719.453 5 5.39443 -79.9222 -3.78392
102 509.324 719.6 5 5.73382 -82.845 85.3591
103 509.744 719.873 5 5.24821 -90.7576 -28.8241
104 509.052 720.02 5 5.64097 -81.4295 89.9491
105 509.471 720.292 5 5.1466 -82.4679 72.8983
