1 509.951 714.045 5 10.2802 -58.999 172.639
2 510.37 714.318 5 9.84105 -50.8371 -22.6568
3 510.79 714.59 5 9.40797 -50.9797 105.004
4 511.209 714.862 5 8.98185 -69.1896 125.278
5 511.628 715.135 5 8.56371 -55.5413 113.923
6 512.048 715.407 5 8.15481 -56.2393 164.921
7 512.467 715.679 5 7.75658 -55.4391 -123.464
8 512.886 715.952 5 7.37077 -69.9839 147.138
9 513.306 716.224 5 6.99942 -67.8469 -35.079
10 513.725 716.496 5 6.64496 -69.35 127.173
11 514.144 716.769 5 6.31024 -65.1003 60.0826
12 514.564 717.041 5 5.99857 -99.8785 -54.5207
13 514.983 717.313 5 5.71371 -106.394 -150.909
14 509.679 714.465 5 10.0561 -62.4811 141.133
15 510.098 714.737 5 9.60666 -54.3265 -147.343
16 510.517 715.009 5 9.1625 -79.1127 127.008
17 510.937 715.282 5 8.7244 -52.0325 -49.0539
18 511.356 715.554 5 8.2933 -52.645 114.788
19 511.775 715.826 5 7.87035 -56.2865 -98.9652
20 512.195 716.099 5 7.45695 -54.5268 37.5625
21 512.614 716.371 5 7.05477 -53.1298 100.31
22 513.033 716.643 5 6.66584 -66.5936 -123.65
23 513.453 716.916 5 6.29262 -76.8444 -97.2989
24 513.872 717.188 5 5.93807 -76.1062 -60.9452
25 514.291 717.46 5 5.60574 -68.4135 -30.4769
26 514.711 717.733 5 5.29981 -59.1243 -46.8339
27 509.406 714.884 5 9.8522 -58.388 -9.90361
28 509.826 715.156 5 9.39305 -60.6592 71.5491
29 510.245 715.429 5 8.93829 -63.9607 -3.50243
30 510.664 715.701 5 8.48862 -61.2145 -141.925
31 511.084 715.973 5 8.0449 -59.418 77.2981
32 511.503 716.246 5 7.60816 -53.8605 -74.8624
33 511.922 716.518 5 7.17967 -55.3068 93.2109
34 512.342 716.79 5 6.76102 -53.2103 -143.329
35 512.761 717.063 5 6.35413 -53.0732 -49.6288
36 513.18 717.335 5 5.96143 -53.6534 4.05646
37 513.6 717.607 5 5.5859 -68.2212 60.4715
38 514.019 717.88 5 5.23125 -74.6378 -141.565
39 514.438 718.152 5 4.902 -70.9432 -132.795
40 509.134 715.303 5 9.66992 -60.4419 -159.669
41 509.553 715.576 5 9.20168 -72.1791 97.1045
42 509.973 715.848 5 8.73697 -68.6667 1.78324
43 510.392 716.12 5 8.27637 -78.4876 99.1091
44 510.811 716.393 5 7.82061 -63.0697 14.952
45 511.231 716.665 5 7.37059 -61.9559 -134.824
46 511.65 716.937 5 6.92743 -61.5352 120.723
47 512.069 717.21 5 6.49253 -54.0941 -56.8031
48 512.489 717.482 5 6.06767 -50.4058 41.4996
49 512.908 717.754 5 5.65511 -52.9107 170.401
50 513.327 718.027 5 5.25774 -53.5624 -128.987
51 513.747 718.299 5 4.8793 -65.2498 20.1534
52 514.166 718.571 5 4.52451 -59.8687 26.8085
53 508.862 715.723 5 9.51046 -76.1641 -16.9178
54 509.281 715.995 5 9.03397 -74.9663 65.3876
55 509.7 716.267 5 8.56015 -78.619 104.478
56 510.12 716.54 5 8.08949 -73.4242 87.8197
57 510.539 716.812 5 7.62257 -67.2886 80.9916
58 510.958 717.084 5 7.16011 -76.0367 -155.283
59 511.378 717.357 5 6.70305 -64.4573 54.7776
60 511.797 717.629 5 6.25256 -71.7397 -125.971
61 512.216 717.901 5 5.81018 -54.5858 59.3768
62 512.636 718.174 5 5.3779 -55.2769 -108.701
63 513.055 718.446 5 4.95837 -51.3591 -9.91267
64 513.474 718.718 5 4.55512 -49.6384 55.7249
65 513.894 718.991 5 4.17286 -76.5107 -32.8439
66 508.589 716.142 5 9.37499 -71.8992 -107.228
67 509.009 716.414 5 8.89124 -74.9852 -173.666
68 509.428 716.687 5 8.40939 -73.0543 132.78
69 509.847 716.959 5 7.92978 -79.3856 -115.949
70 510.267 717.231 5 7.45286 -74.0117 29.4864
71 510.686 717.504 5 6.97917 -74.6353 -60.4358
72 511.105 717.776 5 6.50941 -74.4146 -67.8733
73 511.525 718.048 5 6.04451 -65.6869 -87.9097
74 511.944 718.321 5 5.58567 -67.7854 -95.1587
75 512.363 718.593 5 5.13453 -66.7648 -151.965
76 512.783 718.865 5 4.6933 -54.2732 56.1316
77 513.202 719.138 5 4.26505 -54.8492 139.748
78 513.621 719.41 5 3.85413 -48.8453 -97.562
79 510.414 717.923 5 6.83011 -86.3802 -155.593
80 510.833 718.195 5 6.34933 -84.5448 -96.4236
81 511.672 718.74 5 5.39827 -73.7958 176.189
82 512.091 719.012 5 4.93001 -65.9689 -97.4772
83 512.51 719.285 5 4.46862 -62.5201 -148.301
84 512.93 719.557 5 4.0165 -55.179 158.401
85 513.349 719.829 5 3.57714 -51.4971 -49.9166
86 510.141 718.342 5 6.71505 -81.9402 -40.8299
87 510.561 718.615 5 6.2254 -83.4169 -93.9187
88 511.399 719.159 5 5.25194 -65.1611 178.629
89 511.819 719.432 5 4.76933 -68.7577 87.2193
90 512.238 719.704 5 4.29071 -67.2013 69.8532
91 512.657 719.976 5 3.81757 -55.0033 12.7109
92 513.077 720.249 5 3.35224 -70.8922 -43.9505
93 509.869 718.762 5 6.63577 -81.7372 73.5858
94 510.288 719.034 5 6.1398 -88.6154 11.4898
95 511.127 719.579 5 5.15019 -78.4541 18.1282
96 511.546 719.851 5 4.65705 -59.1193 88.9288
97 511.966 720.123 5 4.16554 -59.1356 167.627
98 512.385 720.396 5 3.67633 -67.1837 72.0264
99 512.804 720.668 5 3.19047 -61.2802 106.711
100 509.597 719.181 5 6.59356 -82.5474 168.969
101 510.016 719.453 5 6.09415 -84.2966 -25.9456
102 509.324 719.6 5 6.58913 -87.1047 -3.39502
103 509.744 719.873 5 6.08936 -79.4476 -33.5587
104 509.052 720.02 5 6.62255 -84.2018 159.609
105 509.471 720.292 5 6.12551 -82.2902 -117.146
