1 505.473 717.831 5 9.56623 -114.095 95.204
2 505.747 717.412 5 9.45653 -110.729 154.147
3 506.02 716.994 5 9.37225 -108.44 -92.8421
4 506.294 716.575 5 9.31409 -108.691 -163.704
5 506.567 716.157 5 9.28253 -122.987 -149.843
6 505.891 718.104 5 9.0822 -114.03 8.07909
7 506.165 717.686 5 8.96658 -109.876 -131.34
8 506.439 717.267 5 8.87765 -110.146 -0.101705
9 506.712 716.849 5 8.81623 -112.653 53.8316
10 506.986 716.43 5 8.78288 -109.577 65.9502
11 506.31 718.378 5 8.59999 -131.197 -161.911
12 506.584 717.96 5 8.4778 -113.678 166.587
13 506.857 717.541 5 8.38369 -113.137 1.5371
14 507.131 717.123 5 8.31862 -110.98 168.448
15 507.404 716.704 5 8.28327 -102.474 -179.197
16 506.728 718.652 5 8.11994 -133.293 127.636
17 507.002 718.233 5 7.99041 -123.486 -38.1322
18 507.276 717.815 5 7.89049 -114.7 -5.58423
19 507.549 717.396 5 7.82132 -99.1585 69.2807
20 507.823 716.978 5 7.78371 -109.879 48.9523
21 507.147 718.925 5 7.64245 -121.459 133.34
22 507.421 718.507 5 7.50468 -121.182 153.363
23 507.694 718.088 5 7.3982 -99.539 -53.8996
24 507.968 717.67 5 7.32438 -106.664 -66.1205
25 508.241 717.251 5 7.28421 -110.878 -58.7811
26 507.565 719.199 5 7.16803 -118.51 -137.161
27 507.839 718.78 5 7.02095 -98.9167 172.632
28 508.113 718.362 5 6.90702 -123.519 -141.379
29 508.386 717.943 5 6.8279 -126.507 163.642
30 508.66 717.525 5 6.78479 -127.732 -112.826
31 507.984 719.472 5 6.69733 -101.775 45.4939
32 508.258 719.054 5 6.53968 -116.798 105.87
33 508.531 718.635 5 6.41721 -117.72 30.969
34 508.805 718.217 5 6.33196 -118.161 -63.1633
35 509.078 717.798 5 6.28545 -134.088 -95.0089
36 508.402 719.746 5 6.23119 -113.532 -25.7033
37 508.676 719.328 5 6.06143 -109.687 17.0599
38 508.95 718.909 5 5.92909 -129.463 14.3438
39 509.223 718.491 5 5.83672 -131.388 61.9043
40 509.497 718.072 5 5.78623 -125.854 93.1556
