1 514.644 719.84 5 3 -38.6681 125.32
2 514.371 720.259 5 2.5 -38.1819 130.941
3 514.097 720.678 5 2 -42.5641 132.031
4 513.824 721.096 5 1.5 -37.1461 152.574
5 513.551 721.515 5 1 -55.5918 -63.1209
6 513.278 721.934 5 0.5 -34.8955 0.850831
7 513.004 722.353 5 0 -49.3535 155.642
8 512.731 722.771 5 0.5 -31.3647 2.42429
9 512.458 723.19 5 1 -47.2574 164.077
10 512.185 723.609 5 1.5 -36.497 -126.124
11 515.063 720.113 5 3.04138 -50.3274 -45.0399
12 514.789 720.532 5 2.54951 -50.8822 -93.0903
13 514.516 720.951 5 2.06155 -42.8849 -41.5108
14 514.243 721.37 5 1.58114 -45.7086 95.0095
15 513.97 721.788 5 1.11803 -39.9536 21.0223
16 513.696 722.207 5 0.707107 -39.7587 122.278
17 513.423 722.626 5 0.5 -37.176 5.91706
18 513.15 723.045 5 0.707107 -37.9529 110.019
19 512.877 723.463 5 1.11803 -39.774 42.9552
20 512.603 723.882 5 1.58114 -44.5483 170.102
21 515.481 720.387 5 3.16228 -48.0826 69.1552
22 515.208 720.805 5 2.69258 -47.815 171.706
23 514.935 721.224 5 2.23607 -52.8107 77.6766
24 514.662 721.643 5 1.80278 -44.7106 -163.285
25 514.388 722.062 5 1.41421 -39.4247 -118.3
26 514.115 722.48 5 1.11803 -38.7736 10.4947
27 513.842 722.899 5 1 -43.852 -41.2375
28 513.568 723.318 5 1.11803 -36.9566 5.57978
29 513.295 723.737 5 1.41421 -40.6562 -117.785
30 513.022 724.155 5 1.80278 -41.3037 -145.848
31 515.9 720.66 5 3.3541 -49.7412 13.4717
32 515.627 721.079 5 2.91548 -47.789 -100.769
33 515.353 721.497 5 2.5 -50.9898 41.8884
34 515.08 721.916 5 2.12132 -45.104 -0.529619
35 514.807 722.335 5 1.80278 -58.9012 -113.595
36 514.534 722.754 5 1.58114 -41.1831 88.5228
37 514.26 723.172 5 1.5 -51.4463 -16.4061
38 513.987 723.591 5 1.58114 -42.0909 89.5886
39 516.319 720.933 5 3.60555 -46.3296 56.4828
40 516.045 721.352 5 3.20156 -56.0205 107.669
41 515.772 721.771 5 2.82843 -44.9625 131.364
42 515.499 722.189 5 2.5 -58.4265 -41.3455
43 515.226 722.608 5 2.23607 -44.7494 59.9307
44 514.952 723.027 5 2.06155 -45.3896 142.355
45 514.679 723.446 5 2 -53.2009 -15.8151
46 514.406 723.864 5 2.06155 -45.0564 35.3493
47 516.737 721.206 5 3.90512 -53.7109 165.139
48 516.464 721.625 5 3.53553 -46.405 -69.955
49 516.191 722.044 5 3.20156 -48.9954 156.775
50 515.918 722.463 5 2.91548 -50.4083 -71.5214
51 515.644 722.881 5 2.69258 -48.1207 151.578
52 515.371 723.3 5 2.54951 -47.3671 -152.898
53 515.098 723.719 5 2.5 -49.2931 -87.1946
54 514.825 724.138 5 2.54951 -41.2913 -20.632
55 517.156 721.48 5 4.24264 -57.2668 -44.5952
56 516.883 721.898 5 3.90512 -57.1135 -25.7346
57 516.61 722.317 5 3.60555 -56.3216 57.5622
58 516.336 722.736 5 3.3541 -45.7833 78.1327
59 516.063 723.155 5 3.16228 -47.4507 -115.403
60 515.79 723.573 5 3.04138 -50.7944 -131.84
61 515.517 723.992 5 3 -57.5093 -48.9402
62 515.243 724.411 5 3.04138 -39.9664 23.9956
63 517.575 721.753 5 4.60977 -70.7462 21.6369
64 517.302 722.172 5 4.30116 -49.7658 103.877
65 517.028 722.59 5 4.03113 -53.0311 -47.4084
66 516.755 723.009 5 3.80789 -46.0878 158.086
67 516.482 723.428 5 3.64006 -49.5624 -56.7195
68 516.209 723.847 5 3.53553 -52.2179 -129.733
69 515.935 724.265 5 3.5 -51.9709 -18.9252
70 515.662 724.684 5 3.53553 -69.5298 122.924
71 517.994 722.026 5 5 -47.1748 -90.8589
72 517.72 722.445 5 4.71699 -55.0419 -143.202
73 517.447 722.864 5 4.47214 -56.6885 94.1068
74 517.174 723.282 5 4.272 -49.6531 -100.749
75 516.901 723.701 5 4.12311 -49.6236 1.07901
76 516.627 724.12 5 4.03113 -55.9605 -124.961
77 516.354 724.539 5 4 -49.3393 -41.2626
78 516.081 724.957 5 4.03113 -58.6839 -168.629
