1 509.951 714.045 5 8.73919 -57.5812 -129.719
2 510.37 714.318 5 8.27851 -60.2902 129.656
3 510.79 714.59 5 7.82267 -62.9968 -67.695
4 511.209 714.862 5 7.37255 -70.4141 -146.778
5 511.628 715.135 5 6.92928 -77.7605 6.2023
6 512.048 715.407 5 6.49425 -69.5575 60.9444
7 512.467 715.679 5 6.06923 -63.0888 128.176
8 512.886 715.952 5 5.6565 -71.4999 -163.439
9 513.306 716.224 5 5.25893 -64.2149 174.026
10 513.725 716.496 5 4.88023 -60.9645 167.191
11 514.144 716.769 5 4.52516 -57.7438 -57.3517
12 514.564 717.041 5 4.19969 -89.0248 32.2547
13 514.983 717.313 5 3.91123 -115.077 10.7119
14 509.679 714.465 5 8.56255 -58.8838 -7.20863
15 510.098 714.737 5 8.09182 -62.2556 -55.1028
16 510.517 715.009 5 7.62482 -55.8171 -158.094
17 510.937 715.282 5 7.16228 -55.8383 86.7326
18 511.356 715.554 5 6.70512 -66.4543 -113.39
19 511.775 715.826 5 6.25452 -61.5669 -80.6759
20 512.195 716.099 5 5.812 -65.2516 -54.1895
21 512.614 716.371 5 5.37956 -64.5899 -39.8656
22 513.033 716.643 5 4.95985 -69.0167 -7.64513
23 513.453 716.916 5 4.55636 -61.0567 -77.2247
24 513.872 717.188 5 4.17382 -66.1916 58.289
25 514.291 717.46 5 3.81853 -55.1794 131.673
26 514.711 717.733 5 3.49879 -51.4117 98.2978
27 509.406 714.884 5 8.41195 -61.0682 85.3697
28 509.826 715.156 5 7.9323 -58.5989 28.1058
29 510.245 715.429 5 7.45531 -57.4559 -65.2218
30 510.664 715.701 5 6.98155 -59.5897 -59.9214
31 511.084 715.973 5 6.51171 -57.6176 143.051
32 511.503 716.246 5 6.04672 -51.9142 57.2087
33 511.922 716.518 5 5.58777 -68.2445 98.3875
34 512.342 716.79 5 5.13649 -78.9324 4.88734
35 512.761 717.063 5 4.69509 -66.6425 149.442
36 513.18 717.335 5 4.26664 -66.622 152.258
37 513.6 717.607 5 3.85546 -69.0676 -127.832
38 514.019 717.88 5 3.4677 -64.1719 -70.1688
39 514.438 718.152 5 3.11212 -67.5075 30.8777
40 509.134 715.303 5 8.28883 -61.6328 129.104
41 509.553 715.576 5 7.80161 -61.0703 59.2444
42 509.973 715.848 5 7.31611 -57.6121 59.3456
43 510.392 716.12 5 6.8327 -62.2324 23.4213
44 510.811 716.393 5 6.35186 -58.2035 -91.7881
45 511.231 716.665 5 5.87423 -59.2663 -157.977
46 511.65 716.937 5 5.40064 -56.6838 119.509
47 512.069 717.21 5 4.93227 -50.9324 38.896
48 512.489 717.482 5 4.47075 -67.7568 70.5561
49 512.908 717.754 5 4.01845 -57.8411 92.6518
50 513.327 718.027 5 3.57887 -63.0706 105.412
51 513.747 718.299 5 3.15732 -64.3085 86.6527
52 514.166 718.571 5 2.76208 -59.3777 164.843
53 508.862 715.723 5 8.19442 -59.9147 58.3851
54 509.281 715.995 5 7.70122 -59.0341 0.105695
55 509.7 716.267 5 7.20897 -57.9588 -30.5505
56 510.12 716.54 5 6.71785 -56.6586 -71.9481
57 510.539 716.812 5 6.22816 -57.2463 -66.9147
58 510.958 717.084 5 5.74024 -63.1317 -113.699
59 511.378 717.357 5 5.25458 -55.0629 -156.34
60 511.797 717.629 5 4.7719 -55.5632 146.214
61 512.216 717.901 5 4.29318 -56.6019 72.8162
62 512.636 718.174 5 3.81991 -50.6664 -6.33617
63 513.055 718.446 5 3.35442 -49.9646 -112.424
64 513.474 718.718 5 2.90043 -60.9181 172.984
65 513.894 718.991 5 2.46431 -60.5196 179.068
66 508.589 716.142 5 8.12971 -71.4252 -91.9556
67 509.009 716.414 5 7.63234 -71.2472 -162.004
68 509.428 716.687 5 7.13533 -66.7378 -118.301
69 509.847 716.959 5 6.63878 -61.9609 157.554
70 510.267 717.231 5 6.14278 -55.6338 169.853
71 510.686 717.504 5 5.64748 -53.2015 153.907
72 511.105 717.776 5 5.1531 -55.8361 129.516
73 511.525 718.048 5 4.65991 -52.6998 107.657
74 511.944 718.321 5 4.16835 -54.1789 116.351
75 512.363 718.593 5 3.67906 -53.7142 71.7624
76 512.783 718.865 5 3.1931 -54.9452 19.3516
77 513.202 719.138 5 2.71224 -52.1696 -83.4864
78 513.621 719.41 5 2.23978 -53.0988 -138.821
79 510.414 717.923 5 5.59802 -70.2787 93.5256
80 510.833 718.195 5 5.09884 -77.1742 -36.6547
81 511.672 718.74 5 4.10109 -52.4898 -14.2904
82 512.091 719.012 5 3.60268 -47.7498 20.6425
83 512.51 719.285 5 3.10478 -52.2703 -13.3894
84 512.93 719.557 5 2.60768 -56.4806 -11.3723
85 513.349 719.829 5 2.11196 -58.3885 -58.7564
86 510.141 718.342 5 5.593 -78.7906 128.507
87 510.561 718.615 5 5.09333 -85.1917 2.74694
88 511.399 719.159 5 4.09423 -51.8945 19.9968
89 511.819 719.432 5 3.59486 -63.4119 2.22124
90 512.238 719.704 5 3.09571 -57.6773 12.3949
91 512.657 719.976 5 2.59688 -55.067 84.711
92 513.077 720.249 5 2.0986 -49.5016 -7.76067
93 509.869 718.762 5 5.63253 -81.8294 80.4195
94 510.288 719.034 5 5.1367 -94.7813 160.239
95 511.127 719.579 5 4.14807 -61.9937 57.7283
96 511.546 719.851 5 3.65607 -58.0349 134.065
97 511.966 720.123 5 3.16657 -63.5574 -118.279
98 512.385 720.396 5 2.68096 -58.4964 59.6343
99 512.804 720.668 5 2.2018 -51.292 -62.0477
100 509.597 719.181 5 5.71569 -82.1596 -37.7976
101 510.016 719.453 5 5.22776 -87.62 -80.6824
102 509.324 719.6 5 5.84063 -91.1915 107.17
103 509.744 719.873 5 5.36407 -85.9813 146.506
104 509.052 720.02 5 6.00472 -92.601 -150.005
105 509.471 720.292 5 5.5423 -91.3 11.9794
