1 509.951 714.045 5 10.5224 -64.7651 40.0295
2 510.37 714.318 5 10.0939 -62.7326 174.504
3 510.79 714.59 5 9.67215 -66.3842 -92.562
4 511.209 714.862 5 9.25826 -64.6783 18.468
5 511.628 715.135 5 8.85325 -58.7851 -70.7089
6 512.048 715.407 5 8.45842 -57.6538 -15.882
7 512.467 715.679 5 8.07524 -62.7173 68.6412
8 512.886 715.952 5 7.70547 -58.6699 53.8932
9 513.306 716.224 5 7.35113 -76.666 160.537
10 513.725 716.496 5 7.01454 -79.1179 13.827
11 514.144 716.769 5 6.6984 -69.4955 -45.0157
12 514.564 717.041 5 6.40573 -96.2153 -122.954
13 514.983 717.313 5 6.13988 -109.274 -28.2459
14 509.679 714.465 5 10.2792 -67.7964 -64.3688
15 510.098 714.737 5 9.84009 -60.0035 78.8611
16 510.517 715.009 5 9.40703 -63.3474 117.514
17 510.937 715.282 5 8.98092 -59.273 81.065
18 511.356 715.554 5 8.56281 -66.5118 46.9854
19 511.775 715.826 5 8.15392 -65.1154 73.7211
20 512.195 716.099 5 7.75572 -71.5139 -65.2174
21 512.614 716.371 5 7.36993 -57.7265 -73.145
22 513.033 716.643 5 6.99862 -57.3745 -78.2127
23 513.453 716.916 5 6.6442 -70.1902 -167.265
24 513.872 717.188 5 6.30953 -86.4921 -81.678
25 514.291 717.46 5 5.99791 -66.6171 -145.019
26 514.711 717.733 5 5.71311 -64.7947 -164.066
27 509.406 714.884 5 10.0551 -62.7859 -145.118
28 509.826 715.156 5 9.60567 -65.2406 -108.95
29 510.245 715.429 5 9.16154 -60.3468 -124.268
30 510.664 715.701 5 8.72344 -66.6423 -173.107
31 511.084 715.973 5 8.29236 -75.3606 -34.0283
32 511.503 716.246 5 7.86943 -67.004 143.785
33 511.922 716.518 5 7.45605 -69.6452 -78.6469
34 512.342 716.79 5 7.0539 -62.5604 32.5686
35 512.761 717.063 5 6.665 -54.2542 131.741
36 513.18 717.335 5 6.29182 -57.5954 156.115
37 513.6 717.607 5 5.93732 -71.2815 -100.52
38 514.019 717.88 5 5.60504 -76.4479 119.375
39 514.438 718.152 5 5.29917 -69.7307 -16.5046
40 509.134 715.303 5 9.85118 -63.7958 9.11392
41 509.553 715.576 5 9.39205 -65.525 7.90996
42 509.973 715.848 5 8.9373 -68.361 -20.8048
43 510.392 716.12 5 8.48764 -82.6096 -70.1181
44 510.811 716.393 5 8.04393 -68.5967 -101.922
45 511.231 716.665 5 7.6072 -72.5184 173.942
46 511.65 716.937 5 7.17874 -77.5501 57.3459
47 512.069 717.21 5 6.76011 -70.8836 100.061
48 512.489 717.482 5 6.35325 -65.2573 -125.02
49 512.908 717.754 5 5.96058 -57.0686 47.3193
50 513.327 718.027 5 5.5851 -56.1555 25.35
51 513.747 718.299 5 5.23049 -71.7042 76.2953
52 514.166 718.571 5 4.90131 -66.6169 -99.7282
53 508.862 715.723 5 9.66889 -64.0487 138.661
54 509.281 715.995 5 9.20066 -63.756 93.6357
55 509.7 716.267 5 8.73595 -67.2442 53.0733
56 510.12 716.54 5 8.27536 -69.8948 45.258
57 510.539 716.812 5 7.81962 -77.9512 31.1545
58 510.958 717.084 5 7.36961 -79.7867 19.2681
59 511.378 717.357 5 6.92646 -81.4549 -128.49
60 511.797 717.629 5 6.49158 -67.8571 101.399
61 512.216 717.901 5 6.06675 -72.3038 -79.6093
62 512.636 718.174 5 5.65422 -66.5626 93.8815
63 513.055 718.446 5 5.25689 -58.9926 -130.19
64 513.474 718.718 5 4.87849 -54.0954 -150.692
65 513.894 718.991 5 4.52376 -71.316 116.903
66 508.589 716.142 5 9.50941 -78.4265 -122.764
67 509.009 716.414 5 9.03292 -97.8841 17.9896
68 509.428 716.687 5 8.55912 -72.8146 -95.9756
69 509.847 716.959 5 8.08846 -78.9766 179.112
70 510.267 717.231 5 7.62155 -86.7219 -141.549
71 510.686 717.504 5 7.1591 -84.6677 56.4302
72 511.105 717.776 5 6.70205 -74.4803 -133.64
73 511.525 718.048 5 6.25158 -73.0293 -104.721
74 511.944 718.321 5 5.80921 -65.9281 -143.875
75 512.363 718.593 5 5.37696 -80.7108 -109.767
76 512.783 718.865 5 4.95747 -66.1047 -90.9835
77 513.202 719.138 5 4.55425 -59.7915 34.2206
78 513.621 719.41 5 4.17205 -52.9503 100.645
79 510.414 717.923 5 6.97813 -92.684 139.1
80 510.833 718.195 5 6.50838 -79.7335 37.0985
81 511.672 718.74 5 5.58467 -74.9719 -97.939
82 512.091 719.012 5 5.13355 -61.4743 4.63596
83 512.51 719.285 5 4.69234 -80.3294 116.687
84 512.93 719.557 5 4.26413 -64.0515 62.2127
85 513.349 719.829 5 3.85325 -59.9178 -100.893
86 510.141 718.342 5 6.82905 -81.6737 -104.526
87 510.561 718.615 5 6.34828 -83.5378 -11.5969
88 511.399 719.159 5 5.39723 -62.53 -24.9501
89 511.819 719.432 5 4.92898 -65.7166 47.5695
90 512.238 719.704 5 4.46762 -68.4624 -121.098
91 512.657 719.976 5 4.01552 -62.8162 -161.754
92 513.077 720.249 5 3.57619 -66.0047 48.8669
93 509.869 718.762 5 6.71398 -85.5306 56.2316
94 510.288 719.034 5 6.22432 -85.2225 45.103
95 511.127 719.579 5 5.25088 -77.9081 65.3421
96 511.546 719.851 5 4.76828 -60.9998 172.284
97 511.966 720.123 5 4.28966 -59.2782 -96.9927
98 512.385 720.396 5 3.81654 -55.1025 -0.626589
99 512.804 720.668 5 3.35123 -56.7569 101.967
100 509.597 719.181 5 6.63468 -80.1956 -172.681
101 510.016 719.453 5 6.13871 -95.3022 -118.801
102 509.324 719.6 5 6.59247 -95.9488 -65.1427
103 509.744 719.873 5 6.09306 -88.0172 -100.657
104 509.052 720.02 5 6.58803 -92.2893 -1.31141
105 509.471 720.292 5 6.08826 -82.3198 -36.099
