1 505.473 717.831 5 10.7834 -110.976 117.282
2 505.747 717.412 5 10.7793 -114.969 -82.0492
3 506.02 716.994 5 10.7984 -113.169 67.3753
4 506.294 716.575 5 10.8405 -110.1 83.0346
5 506.567 716.157 5 10.9055 -113.311 -8.73331
6 505.891 718.104 5 10.2836 -110.387 107.497
7 506.165 717.686 5 10.2793 -110.559 -67.6204
8 506.439 717.267 5 10.2994 -113.61 94.6416
9 506.712 716.849 5 10.3435 -112.883 124.198
10 506.986 716.43 5 10.4116 -113.397 -60.8094
11 506.31 718.378 5 9.78391 -120.268 116.945
12 506.584 717.96 5 9.77941 -114.631 -64.5313
13 506.857 717.541 5 9.80045 -113.743 120.792
14 507.131 717.123 5 9.84687 -126.229 98.8986
15 507.404 716.704 5 9.9183 -105.919 149.718
16 506.728 718.652 5 9.28423 -116.239 -65.348
17 507.002 718.233 5 9.27948 -124.331 -76.6496
18 507.276 717.815 5 9.30165 -113.124 -93.0525
19 507.549 717.396 5 9.35055 -131.583 -118.185
20 507.823 716.978 5 9.42574 -126 -117.444
21 507.147 718.925 5 8.78458 -122.038 170.387
22 507.421 718.507 5 8.77957 -117.968 113.697
23 507.694 718.088 5 8.80299 -123.454 -123.685
24 507.968 717.67 5 8.85464 -124.187 -119.814
25 508.241 717.251 5 8.93401 -126.991 -108.895
26 507.565 719.199 5 8.28497 -128.272 -96.4467
27 507.839 718.78 5 8.27966 -131.946 31.5466
28 508.113 718.362 5 8.30449 -126.534 -175.778
29 508.386 717.943 5 8.35922 -143.849 -137.108
30 508.66 717.525 5 8.44325 -133.016 148.83
31 507.984 719.472 5 7.78542 -128.779 -36.7242
32 508.258 719.054 5 7.77976 -138.111 114.439
33 508.531 718.635 5 7.80619 -124.497 68.4047
34 508.805 718.217 5 7.86438 -124.344 28.9443
35 509.078 717.798 5 7.95364 -123.911 -148.671
36 508.402 719.746 5 7.28592 -109.879 -145.211
37 508.676 719.328 5 7.27987 -114.068 108.445
38 508.95 718.909 5 7.30811 -144.573 -71.7977
39 509.223 718.491 5 7.37024 -139.81 -161.764
40 509.497 718.072 5 7.46541 -250 0
