1 505.473 717.831 5 11.3564 -107.72 -133.36
2 505.747 717.412 5 11.3084 -112.567 90.3318
3 506.02 716.994 5 11.2823 -107.087 -174.952
4 506.294 716.575 5 11.2784 -100.318 -79.9487
5 506.567 716.157 5 11.2966 -114.131 -72.9077
6 505.891 718.104 5 10.86 -108.21 -179.411
7 506.165 717.686 5 10.8098 -110.428 0.470672
8 506.439 717.267 5 10.7826 -102.98 139.525
9 506.712 716.849 5 10.7785 -113.379 -90.8568
10 506.986 716.43 5 10.7975 -113.384 51.2584
11 506.31 718.378 5 10.364 -124.88 71.7275
12 506.584 717.96 5 10.3114 -105.293 -50.4275
13 506.857 717.541 5 10.2828 -111.135 179.953
14 507.131 717.123 5 10.2785 -112.201 -28.9745
15 507.404 716.704 5 10.2985 -109.769 152.303
16 506.728 718.652 5 9.86844 -106.767 0.448936
17 507.002 718.233 5 9.81313 -124.291 -11.3052
18 507.276 717.815 5 9.7831 -109.552 -176.106
19 507.549 717.396 5 9.77858 -102.85 62.5037
20 507.823 716.978 5 9.7996 -106.36 99.8656
21 507.147 718.925 5 9.3733 -114.177 138.897
22 507.421 718.507 5 9.31506 -129.383 15.5813
23 507.694 718.088 5 9.28342 -102.669 13.904
24 507.968 717.67 5 9.27865 -102.859 -18.8602
25 508.241 717.251 5 9.3008 -114.081 165.064
26 507.565 719.199 5 8.87871 -117.386 -10.3092
27 507.839 718.78 5 8.8172 -103.651 -127.218
28 508.113 718.362 5 8.78377 -115.521 106.453
29 508.386 717.943 5 8.77873 -122.67 162.887
30 508.66 717.525 5 8.80214 -107.152 157.519
31 507.984 719.472 5 8.38477 -102.618 99.0869
32 508.258 719.054 5 8.31961 -117.685 144.115
33 508.531 718.635 5 8.28416 -114.244 -98.7382
34 508.805 718.217 5 8.27882 -123.078 -161.12
35 509.078 717.798 5 8.30364 -121.312 -177.862
36 508.402 719.746 5 7.89158 -101.633 -49.2084
37 508.676 719.328 5 7.82231 -109.585 122.476
38 508.95 718.909 5 7.78461 -250 0
39 509.223 718.491 5 7.77892 -166.334 52.9989
40 509.497 718.072 5 7.80533 -250 0
