1 505.473 717.831 5 12.4138 -91.9447 -63.836
2 505.747 717.412 5 12.3497 -91.2959 113.242
3 506.02 716.994 5 12.3055 -91.3551 -145.972
4 506.294 716.575 5 12.2815 -104.176 -125.353
5 506.567 716.157 5 12.2779 -102.321 -101.391
6 505.891 718.104 5 11.9196 -94.0426 -137.833
7 506.165 717.686 5 11.8527 -99.3013 143.756
8 506.439 717.267 5 11.8067 -94.1134 -99.903
9 506.712 716.849 5 11.7817 -91.622 1.77788
10 506.986 716.43 5 11.7779 -95.8923 -135.55
11 506.31 718.378 5 11.4258 -113.389 73.8807
12 506.584 717.96 5 11.3561 -95.0868 57.5181
13 506.857 717.541 5 11.308 -97.5516 -59.0751
14 507.131 717.123 5 11.2819 -92.6395 65.7728
15 507.404 716.704 5 11.278 -110.929 -131.121
16 506.728 718.652 5 10.9327 -105.087 -58.3169
17 507.002 718.233 5 10.8597 -107.058 140.222
18 507.276 717.815 5 10.8095 -94.7173 -106.369
19 507.549 717.396 5 10.7822 -96.4429 88.4412
20 507.823 716.978 5 10.778 -95.625 -52.1479
21 507.147 718.925 5 10.4401 -110.69 -3.83477
22 507.421 718.507 5 10.3637 -113.465 22.1824
23 507.694 718.088 5 10.311 -117.696 -134.817
24 507.968 717.67 5 10.2824 -94.3939 60.3764
25 508.241 717.251 5 10.2781 -95.114 -15.5569
26 507.565 719.199 5 9.94834 -121.091 -59.5167
27 507.839 718.78 5 9.86814 -112.881 59.5135
28 508.113 718.362 5 9.81279 -115.6 155.939
29 508.386 717.943 5 9.78272 -140.332 -68.0222
30 508.66 717.525 5 9.77815 -91.8226 -23.1326
31 507.984 719.472 5 9.45741 -91.3146 51.1285
32 508.258 719.054 5 9.37301 -120.387 45.0396
33 508.531 718.635 5 9.31472 -116.959 -152.087
34 508.805 718.217 5 9.28304 -110.128 42.8559
35 509.078 717.798 5 9.27822 -106.361 -98.2301
36 508.402 719.746 5 8.96749 -107.143 167.012
37 508.676 719.328 5 8.87843 -113.616 -165.838
38 508.95 718.909 5 8.81687 -250 0
39 509.223 718.491 5 8.78339 -250 0
40 509.497 718.072 5 8.7783 -250 0
