1 509.951 714.045 5 8.09247 -77.5451 50.588
2 510.37 714.318 5 7.62544 -67.5103 -7.04307
3 510.79 714.59 5 7.16286 -78.2246 149.926
4 511.209 714.862 5 6.70566 -68.6065 -35.1867
5 511.628 715.135 5 6.25501 -72.2225 172.622
6 512.048 715.407 5 5.81243 -65.0902 -163.467
7 512.467 715.679 5 5.37993 -64.3087 17.248
8 512.886 715.952 5 4.96013 -64.5026 30.6407
9 513.306 716.224 5 4.55655 -60.8609 9.56035
10 513.725 716.496 5 4.1739 -64.9809 81.8692
11 514.144 716.769 5 3.81847 -56.8856 153.994
12 514.564 717.041 5 3.49857 -97.0385 131.285
13 514.983 717.313 5 3.22478 -113.811 -24.3721
14 509.679 714.465 5 7.93303 -71.4121 42.7908
15 510.098 714.737 5 7.45602 -67.4718 -89.818
16 510.517 715.009 5 6.98222 -66.6235 176.505
17 510.937 715.282 5 6.51235 -86.1889 -125.814
18 511.356 715.554 5 6.04731 -68.3135 43.894
19 511.775 715.826 5 5.58831 -63.1126 120.491
20 512.195 716.099 5 5.13698 -61.4435 168.391
21 512.614 716.371 5 4.69551 -63.903 161.916
22 513.033 716.643 5 4.26697 -67.0357 46.0268
23 513.453 716.916 5 3.85568 -66.0484 176.727
24 513.872 717.188 5 3.46779 -60.1437 -65.7922
25 514.291 717.46 5 3.11205 -57.2652 8.3757
26 514.711 717.733 5 2.80073 -53.2522 -74.6776
27 509.406 714.884 5 7.80242 -69.6608 -161.436
28 509.826 715.156 5 7.3169 -71.0685 84.7576
29 510.245 715.429 5 6.83347 -67.9597 44.5768
30 510.664 715.701 5 6.3526 -69.3404 -164.101
31 511.084 715.973 5 5.87493 -70.6081 -77.2998
32 511.503 716.246 5 5.40131 -65.916 -95.1861
33 511.922 716.518 5 4.93289 -62.4274 -23.5833
34 512.342 716.79 5 4.47131 -65.8065 -33.9697
35 512.761 717.063 5 4.01894 -77.6052 -34.3899
36 513.18 717.335 5 3.57927 -81.0289 -163.472
37 513.6 717.607 5 3.1576 -64.6201 33.9646
38 514.019 717.88 5 2.76219 -60.5896 169.311
39 514.438 718.152 5 2.40603 -55.3426 -132.774
40 509.134 715.303 5 7.70212 -56.45 1.00454
41 509.553 715.576 5 7.20985 -54.762 -48.6337
42 509.973 715.848 5 6.71872 -67.0136 -40.8464
43 510.392 716.12 5 6.229 -72.8888 35.2378
44 510.811 716.393 5 5.74106 -61.5229 1.99372
45 511.231 716.665 5 5.25538 -65.1579 10.2859
46 511.65 716.937 5 4.77266 -65.401 -17.4471
47 512.069 717.21 5 4.29389 -68.1845 -94.8928
48 512.489 717.482 5 3.82057 -67.8934 7.21548
49 512.908 717.754 5 3.355 -61.982 -52.208
50 513.327 718.027 5 2.90091 -66.5517 -13.7318
51 513.747 718.299 5 2.46466 -67.4337 -60.1339
52 514.166 718.571 5 2.05763 -53.3301 -32.8591
53 508.862 715.723 5 7.63332 -75.2321 -141.616
54 509.281 715.995 5 7.1363 -61.3459 142.403
55 509.7 716.267 5 6.63973 -66.211 -179.949
56 510.12 716.54 5 6.14372 -59.9988 -168.181
57 510.539 716.812 5 5.64841 -59.312 162.644
58 510.958 717.084 5 5.15401 -54.1364 98.9286
59 511.378 717.357 5 4.66081 -57.4705 88.4766
60 511.797 717.629 5 4.16922 -68.045 -39.0695
61 512.216 717.901 5 3.6799 -71.471 47.2645
62 512.636 718.174 5 3.19388 -71.6748 -39.057
63 513.055 718.446 5 2.71296 -60.324 113.607
64 513.474 718.718 5 2.24041 -66.5254 117.562
65 513.894 718.991 5 1.78289 -59.1195 93.0872
66 508.589 716.142 5 7.59687 -58.9249 -51.4977
67 509.009 716.414 5 7.0973 -60.754 -77.9485
68 509.428 716.687 5 6.5978 -57.383 -47.4252
69 509.847 716.959 5 6.09838 -59.4173 -50.8805
70 510.267 717.231 5 5.59906 -59.3076 -32.3939
71 510.686 717.504 5 5.09987 -55.0065 -49.4329
72 511.105 717.776 5 4.60087 -58.0116 -30.6301
73 511.525 718.048 5 4.1021 -54.2824 -20.782
74 511.944 718.321 5 3.60368 -52.0799 -46.1798
75 512.363 718.593 5 3.10576 -52.7913 -59.7445
76 512.783 718.865 5 2.60864 -59.6455 -72.641
77 513.202 719.138 5 2.11289 -52.237 -42.9576
78 513.621 719.41 5 1.61974 -60.4351 54.034
79 510.414 717.923 5 5.09446 -71.3888 -108.123
80 510.833 718.195 5 4.59487 -67.9164 -10.7706
81 511.672 718.74 5 3.59602 -59.6793 -63.0675
82 512.091 719.012 5 3.09687 -49.5485 -16.8892
83 512.51 719.285 5 2.59805 -50.8216 -64.2238
84 512.93 719.557 5 2.0998 -56.0552 -68.4179
85 513.349 719.829 5 1.60263 -51.2027 -31.2619
86 510.141 718.342 5 5.13794 -81.8186 84.3225
87 510.561 718.615 5 4.64303 -85.9074 162.431
88 511.399 719.159 5 3.65735 -55.8993 162.472
89 511.819 719.432 5 3.16788 -55.7663 132.832
90 512.238 719.704 5 2.6823 -47.7509 35.4328
91 512.657 719.976 5 2.20318 -48.265 -39.7251
92 513.077 720.249 5 1.73588 -48.3891 -103.451
93 509.869 718.762 5 5.22908 -92.0402 20.8265
94 510.288 719.034 5 4.74369 -87.0849 91.0473
95 511.127 719.579 5 3.78432 -61.5417 -20.647
96 511.546 719.851 5 3.31366 -46.2462 -113.333
97 511.966 720.123 5 2.853 -58.5466 -164.466
98 512.385 720.396 5 2.40809 -66.6922 151.7
99 512.804 720.668 5 1.98951 -43.5325 -161.32
100 509.597 719.181 5 5.36546 -80.9041 -122.263
101 510.016 719.453 5 4.89361 -92.0191 -87.6116
102 509.324 719.6 5 5.54374 -84.4696 171.846
103 509.744 719.873 5 5.08845 -85.2449 -52.4628
104 509.052 720.02 5 5.76003 -87.2095 -59.7983
105 509.471 720.292 5 5.32327 -100.884 -175.12
