1 509.951 714.045 5 9.55086 -71.934 41.049
2 510.37 714.318 5 9.15886 -67.4158 119.254
3 510.79 714.59 5 8.77785 -67.0093 55.7693
4 511.209 714.862 5 8.40931 -69.1937 -34.1887
5 511.628 715.135 5 8.05496 -79.6984 123.761
6 512.048 715.407 5 7.71675 -75.7356 -64.4972
7 512.467 715.679 5 7.39689 -72.4793 -100.838
8 512.886 715.952 5 7.09788 -77.9973 -134.397
9 513.306 716.224 5 6.82244 -74.0427 62.0897
10 513.725 716.496 5 6.57355 -67.4531 -12.918
11 514.144 716.769 5 6.35432 -85.4043 -104.344
12 514.564 717.041 5 6.16792 -110.199 56.9151
13 514.983 717.313 5 6.0174 -133.918 54.8793
14 509.679 714.465 5 9.25547 -89.5475 -120.821
15 510.098 714.737 5 8.8504 -65.3542 -70.7476
16 510.517 715.009 5 8.4555 -68.1065 -52.5048
17 510.937 715.282 5 8.07226 -68.4747 -75.6418
18 511.356 715.554 5 7.70241 -68.2465 -114.527
19 511.775 715.826 5 7.34799 -74.7327 21.16
20 512.195 716.099 5 7.01134 -72.2191 40.0312
21 512.614 716.371 5 6.69513 -71.4374 -49.2798
22 513.033 716.643 5 6.40239 -74.1939 -143.344
23 513.453 716.916 5 6.13648 -70.7365 152.004
24 513.872 717.188 5 5.90104 -74.0091 176.735
25 514.291 717.46 5 5.69983 -73.9261 64.1728
26 514.711 717.733 5 5.5366 -75.7307 99.1085
27 509.406 714.884 5 8.97823 -74.3503 5.53008
28 509.826 715.156 5 8.56005 -75.3761 -43.1113
29 510.245 715.429 5 8.1511 -63.4565 -1.12294
30 510.664 715.701 5 7.75282 -68.8588 177.841
31 511.084 715.973 5 7.36696 -64.6539 142.458
32 511.503 716.246 5 6.99556 -69.6267 75.618
33 511.922 716.518 5 6.64106 -72.2655 -96.2016
34 512.342 716.79 5 6.30631 -73.5585 -149.468
35 512.761 717.063 5 5.99462 -84.5017 -151.441
36 513.18 717.335 5 5.70975 -75.473 74.3838
37 513.6 717.607 5 5.45593 -69.2257 -33.0944
38 514.019 717.88 5 5.23765 -71.6749 107.655
39 514.438 718.152 5 5.05953 -67.1326 28.8045
40 509.134 715.303 5 8.72087 -72.9975 8.30134
41 509.553 715.576 5 8.28972 -79.1213 80.8995
42 509.973 715.848 5 7.86672 -82.5155 146.298
43 510.392 716.12 5 7.45326 -75.4527 175.804
44 510.811 716.393 5 7.05102 -63.589 101.647
45 511.231 716.665 5 6.66204 -62.6363 60.5891
46 511.65 716.937 5 6.28877 -65.7352 -8.24785
47 512.069 717.21 5 5.93418 -69.9327 32.0408
48 512.489 717.482 5 5.60181 -79.6952 179.933
49 512.908 717.754 5 5.29586 -84.1827 167.471
50 513.327 718.027 5 5.02115 -72.8545 99.3559
51 513.747 718.299 5 4.78308 -73.8615 149.456
52 514.166 718.571 5 4.58734 -79.1514 94.6156
53 508.862 715.723 5 8.48519 -93.4521 172.463
54 509.281 715.995 5 8.04141 -87.5487 -154.898
55 509.7 716.267 5 7.60461 -78.4633 -140.704
56 510.12 716.54 5 7.17607 -78.304 -148.122
57 510.539 716.812 5 6.75735 -71.2166 -175.923
58 510.958 717.084 5 6.3504 -64.7768 -47.3327
59 511.378 717.357 5 5.95764 -64.809 -106.694
60 511.797 717.629 5 5.58205 -69.6208 158.488
61 512.216 717.901 5 5.22735 -69.9373 177.678
62 512.636 718.174 5 4.89806 -68.5293 -109.336
63 513.055 718.446 5 4.59966 -74.3419 102.824
64 513.474 718.718 5 4.33851 -69.5153 -140.22
65 513.894 718.991 5 4.12172 -62.8333 12.8756
66 508.589 716.142 5 8.27305 -76.2702 39.769
67 509.009 716.414 5 7.81723 -85.5809 -17.9803
68 509.428 716.687 5 7.36716 -94.3031 123.756
69 509.847 716.959 5 6.92393 -78.4917 -38.9962
70 510.267 717.231 5 6.48896 -75.8103 -76.3456
71 510.686 717.504 5 6.06403 -88.2375 110.678
72 511.105 717.776 5 5.6514 -76.4005 59.3558
73 511.525 718.048 5 5.25397 -62.752 156.116
74 511.944 718.321 5 4.87545 -66.2589 28.8372
75 512.363 718.593 5 4.52061 -67.6339 -96.1784
76 512.783 718.865 5 4.19544 -67.9895 -31.1171
77 513.202 719.138 5 3.90738 -68.9268 158.379
78 513.621 719.41 5 3.66516 -64.3713 97.551
79 510.414 717.923 5 5.80667 -89.4048 59.2578
80 510.833 718.195 5 5.37431 -80.8494 138.22
81 511.672 718.74 5 4.55136 -56.1102 29.298
82 512.091 719.012 5 4.16902 -69.9669 140.022
83 512.51 719.285 5 3.814 -74.2482 -80.3007
84 512.93 719.557 5 3.49463 -75.7182 -53.1657
85 513.349 719.829 5 3.22154 -74.2603 36.5572
86 510.141 718.342 5 5.58232 -85.6114 8.34107
87 510.561 718.615 5 5.13109 -90.7798 168.792
88 511.399 719.159 5 4.26143 -67.5403 -46.6141
89 511.819 719.432 5 3.85041 -59.3246 -65.0444
90 512.238 719.704 5 3.46287 -71.4702 -143.714
91 512.657 719.976 5 3.10762 -72.4277 -77.7668
92 513.077 720.249 5 2.79699 -63.7251 162.319
93 509.869 718.762 5 5.3951 -85.171 153.788
94 510.288 719.034 5 4.92676 -88.618 141.394
95 511.127 719.579 5 4.01306 -83.3255 -153.794
96 511.546 719.851 5 3.57358 -70.8745 -99.8647
97 511.966 720.123 5 3.1522 -48.9632 20.1932
98 512.385 720.396 5 2.75721 -70.1615 -98.9698
99 512.804 720.668 5 2.40167 -68.6445 -86.8981
100 509.597 719.181 5 5.249 -86.8257 -35.5373
101 510.016 719.453 5 4.76632 -87.4517 -168.18
102 509.324 719.6 5 5.14751 -73.3929 -34.0461
103 509.744 719.873 5 4.65432 -76.2242 133.507
104 509.052 720.02 5 5.0933 -88.4044 5.46442
105 509.471 720.292 5 4.5943 -87.1207 -16.3657
