1 505.473 717.831 5 10.3117 -107.382 -50.441
2 505.747 717.412 5 10.2832 -114.232 145.605
3 506.02 716.994 5 10.2789 -108.838 -46.1561
4 506.294 716.575 5 10.299 -108.602 -89.7582
5 506.567 716.157 5 10.3432 -111.882 135.036
6 505.891 718.104 5 9.81347 -110.603 -52.1594
7 506.165 717.686 5 9.78349 -110.44 81.8568
8 506.439 717.267 5 9.77901 -112.29 -124.976
9 506.712 716.849 5 9.80007 -114.95 -36.0329
10 506.986 716.43 5 9.84651 -116.685 105.722
11 506.31 718.378 5 9.3154 -116.365 -18.2911
12 506.584 717.96 5 9.2838 -117.743 82.7102
13 506.857 717.541 5 9.27908 -107.364 -108.615
14 507.131 717.123 5 9.30127 -111.363 33.8534
15 507.404 716.704 5 9.35019 -108.403 -128.413
16 506.728 718.652 5 8.81754 -120.981 156.871
17 507.002 718.233 5 8.78415 -122.634 126.217
18 507.276 717.815 5 8.77916 -118.889 -107.693
19 507.549 717.396 5 8.80261 -104.451 75.7132
20 507.823 716.978 5 8.85428 -110.992 145.773
21 507.147 718.925 5 8.31993 -122.73 53.6891
22 507.421 718.507 5 8.28454 -120.861 -70.5492
23 507.694 718.088 5 8.27925 -114.956 -31.5712
24 507.968 717.67 5 8.30412 -112.32 46.6985
25 508.241 717.251 5 8.35887 -114.845 -154.909
26 507.565 719.199 5 7.82264 -124.419 -88.8711
27 507.839 718.78 5 7.78498 -109.399 -173.349
28 508.113 718.362 5 7.77935 -127.894 -4.38858
29 508.386 717.943 5 7.80581 -117.106 -116.951
30 508.66 717.525 5 7.86403 -108.87 -157.82
31 507.984 719.472 5 7.32571 -110.745 106.381
32 508.258 719.054 5 7.28549 -124.179 84.0724
33 508.531 718.635 5 7.27947 -127.953 -156.571
34 508.805 718.217 5 7.30774 -124.908 -54.7767
35 509.078 717.798 5 7.3699 -111.614 -23.828
36 508.402 719.746 5 6.82923 -110.236 11.1931
37 508.676 719.328 5 6.78606 -112.162 -45.0446
38 508.95 718.909 5 6.7796 -250 0
39 509.223 718.491 5 6.80995 -250 0
40 509.497 718.072 5 6.87661 -250 0
