1 505.473 717.831 5 8.78452 -110.731 46.3225
2 505.747 717.412 5 8.7796 -115.251 -153.49
3 506.02 716.994 5 8.80312 -116.812 -23.7723
4 506.294 716.575 5 8.85486 -128.806 127.887
5 506.567 716.157 5 8.93432 -121.092 21.5846
6 505.891 718.104 5 8.28491 -109.863 20.6803
7 506.165 717.686 5 8.27969 -111.585 -152.7
8 506.439 717.267 5 8.30463 -114.822 -0.499391
9 506.712 716.849 5 8.35945 -118.38 -110.819
10 506.986 716.43 5 8.44358 -129.211 -8.09358
11 506.31 718.378 5 7.78534 -116.166 -38.031
12 506.584 717.96 5 7.77979 -108.925 -145.627
13 506.857 717.541 5 7.80633 -125.605 140.619
14 507.131 717.123 5 7.86463 -129.273 -42.7131
15 507.404 716.704 5 7.95399 -128.915 -3.15976
16 506.728 718.652 5 7.28584 -121.627 73.6722
17 507.002 718.233 5 7.27991 -113.289 127.244
18 507.276 717.815 5 7.30826 -121.185 -18.4124
19 507.549 717.396 5 7.3705 -118.759 -164.309
20 507.823 716.978 5 7.46578 -124.467 98.557
21 507.147 718.925 5 6.78642 -121.212 151.742
22 507.421 718.507 5 6.78005 -118.057 29.4468
23 507.694 718.088 5 6.81048 -122.929 20.3727
24 507.968 717.67 5 6.87722 -116.845 160.378
25 508.241 717.251 5 6.97924 -113.802 47.0145
26 507.565 719.199 5 6.28708 -111.862 -129.152
27 507.839 718.78 5 6.2802 -123.368 -177.18
28 508.113 718.362 5 6.31305 -117.475 73.4473
29 508.386 717.943 5 6.38499 -113.194 -109.194
30 508.66 717.525 5 6.49475 -116.944 161.191
31 507.984 719.472 5 5.78786 -113.627 -122.543
32 508.258 719.054 5 5.78039 -114.35 -146.222
33 508.531 718.635 5 5.81605 -113.155 54.4933
34 508.805 718.217 5 5.89407 -123.39 31.9534
35 509.078 717.798 5 6.01279 -128.292 -172.912
36 508.402 719.746 5 5.28878 -106.5 32.0344
37 508.676 719.328 5 5.28061 -109.732 -154.478
38 508.95 718.909 5 5.31962 -250 0
39 509.223 718.491 5 5.40481 -250 0
40 509.497 718.072 5 5.53404 -250 0
