1 509.951 714.045 5 9.84051 -63.2477 -72.9024
2 510.37 714.318 5 9.40741 -60.549 60.0548
3 510.79 714.59 5 8.98126 -58.6558 -172.529
4 511.209 714.862 5 8.5631 -62.7967 -141.981
5 511.628 715.135 5 8.15416 -53.2272 171.299
6 512.048 715.407 5 7.7559 -56.7085 -153.304
7 512.467 715.679 5 7.37005 -58.622 -79.1375
8 512.886 715.952 5 6.99866 -56.6921 -73.7583
9 513.306 716.224 5 6.64417 -90.413 66.8236
10 513.725 716.496 5 6.30941 -69.4591 -13.2299
11 514.144 716.769 5 5.99769 -74.3201 -138.429
12 514.564 717.041 5 5.71278 -95.301 -23.6456
13 514.983 717.313 5 5.4589 -135.18 74.0024
14 509.679 714.465 5 9.60616 -59.366 -145.747
15 510.098 714.737 5 9.16199 -61.2359 -24.5983
16 510.517 715.009 5 8.72386 -60.6452 -40.8147
17 510.937 715.282 5 8.29273 -60.2566 -25.8328
18 511.356 715.554 5 7.86975 -61.0359 -105.266
19 511.775 715.826 5 7.45632 -61.2101 -1.53396
20 512.195 716.099 5 7.0541 -56.4082 109.94
21 512.614 716.371 5 6.66513 -55.4893 167.234
22 513.033 716.643 5 6.29187 -54.2863 150.765
23 513.453 716.916 5 5.93728 -78.283 87.3814
24 513.872 717.188 5 5.6049 -70.0794 159.372
25 514.291 717.46 5 5.29892 -63.4522 18.322
26 514.711 717.733 5 5.02417 -60.7367 -37.2002
27 509.406 714.884 5 9.39261 -60.9518 69.2768
28 509.826 715.156 5 8.93783 -61.0012 114.674
29 510.245 715.429 5 8.48813 -58.4781 109.027
30 510.664 715.701 5 8.04438 -61.0742 45.3363
31 511.084 715.973 5 7.60761 -74.2486 -100.831
32 511.503 716.246 5 7.17909 -65.4286 18.8136
33 511.922 716.518 5 6.7604 -64.3023 169.36
34 512.342 716.79 5 6.35348 -53.6628 -53.1988
35 512.761 717.063 5 5.96073 -53.9836 9.33152
36 513.18 717.335 5 5.58515 -54.353 21.3634
37 513.6 717.607 5 5.23045 -69.5002 -74.1352
38 514.019 717.88 5 4.90115 -74.9062 -107.425
39 514.438 718.152 5 4.60271 -65.3456 -142.464
40 509.134 715.303 5 9.20129 -60.4585 -136.666
41 509.553 715.576 5 8.73656 -60.1984 -131.608
42 509.973 715.848 5 8.27593 -61.9428 -172.228
43 510.392 716.12 5 7.82015 -68.5447 129.439
44 510.811 716.393 5 7.3701 -68.421 115.578
45 511.231 716.665 5 6.9269 -68.1129 -13.3708
46 511.65 716.937 5 6.49197 -64.64 -136.039
47 512.069 717.21 5 6.06707 -77.8335 -22.6449
48 512.489 717.482 5 5.65446 -54.841 -136.05
49 512.908 717.754 5 5.25705 -51.0882 -143.632
50 513.327 718.027 5 4.87855 -51.8499 -100.817
51 513.747 718.299 5 4.52371 -73.2134 40.7743
52 514.166 718.571 5 4.19852 -64.5733 5.3676
53 508.862 715.723 5 9.03363 -62.2349 -3.99398
54 509.281 715.995 5 8.55979 -62.4215 -47.3871
55 509.7 716.267 5 8.08911 -65.9204 -120.755
56 510.12 716.54 5 7.62216 -78.9328 -142.319
57 510.539 716.812 5 7.15968 -74.8795 -129.709
58 510.958 717.084 5 6.70259 -76.9377 25.3768
59 511.378 717.357 5 6.25207 -69.0649 122.931
60 511.797 717.629 5 5.80965 -80.357 94.1282
61 512.216 717.901 5 5.37733 -68.0621 -146.449
62 512.636 718.174 5 4.95775 -61.0572 -64.2579
63 513.055 718.446 5 4.55444 -56.1186 119.292
64 513.474 718.718 5 4.17212 -53.6868 125.639
65 513.894 718.991 5 3.8171 -65.572 136.617
66 508.589 716.142 5 8.89096 -68.0506 122.574
67 509.009 716.414 5 8.40909 -73.3608 -36.3554
68 509.428 716.687 5 7.92946 -71.4132 -176.667
69 509.847 716.959 5 7.45252 -76.1921 78.0752
70 510.267 717.231 5 6.9788 -78.4855 57.6137
71 510.686 717.504 5 6.50902 -75.1005 26.7718
72 511.105 717.776 5 6.04409 -78.6744 -67.5952
73 511.525 718.048 5 5.58522 -70.8251 26.1221
74 511.944 718.321 5 5.13404 -67.0747 -3.98182
75 512.363 718.593 5 4.69276 -66.412 -71.5811
76 512.783 718.865 5 4.26446 -65.4511 157.646
77 513.202 719.138 5 3.85348 -57.1408 -30.8477
78 513.621 719.41 5 3.46597 -54.1054 -37.3037
79 510.414 717.923 5 6.34902 -78.1887 -178.736
80 510.833 718.195 5 5.87143 -75.0976 -0.629864
81 511.672 718.74 5 4.9296 -65.3893 -92.5112
82 512.091 719.012 5 4.46818 -71.9896 -91.613
83 512.51 719.285 5 4.01601 -67.9677 -88.9356
84 512.93 719.557 5 3.57658 -68.2779 59.9337
85 513.349 719.829 5 3.15525 -55.5799 146.909
86 510.141 718.342 5 6.22517 -85.4742 57.501
87 510.561 718.615 5 5.73728 -93.1876 -92.5077
88 511.399 719.159 5 4.76903 -65.1154 107.287
89 511.819 719.432 5 4.29038 -58.1691 65.5685
90 512.238 719.704 5 3.8172 -70.2076 66.8121
91 512.657 719.976 5 3.35181 -64.2276 44.0013
92 513.077 720.249 5 2.89798 -66.1754 -55.2189
93 509.869 718.762 5 6.13966 -85.0608 -116.566
94 510.288 719.034 5 5.64438 -96.6525 -13.3646
95 511.127 719.579 5 4.65686 -73.0183 -110.978
96 511.546 719.851 5 4.16533 -56.4746 43.1862
97 511.966 720.123 5 3.67609 -66.3603 36.6526
98 512.385 720.396 5 3.19019 -69.6381 -152.846
99 512.804 720.668 5 2.70942 -63.7888 163.684
100 509.597 719.181 5 6.0941 -85.3783 -129.571
101 510.016 719.453 5 5.59479 -86.8257 -116.5
102 509.324 719.6 5 6.0894 -100.211 100.179
103 509.744 719.873 5 5.58967 -83.8565 -103.676
104 509.052 720.02 5 6.12564 -87.8943 63.8008
105 509.471 720.292 5 5.62913 -89.8304 156.851
