1 509.951 714.045 5 10.4748 -69.5398 -3.00468
2 510.37 714.318 5 9.99408 -61.3945 6.51495
3 510.79 714.59 5 9.5153 -60.6853 -136.716
4 511.209 714.862 5 9.03882 -63.3961 169.132
5 511.628 715.135 5 8.56502 -68.2845 -28.6918
6 512.048 715.407 5 8.09437 -54.3471 176.509
7 512.467 715.679 5 7.62745 -53.9134 60.7976
8 512.886 715.952 5 7.16501 -66.8358 -34.0234
9 513.306 716.224 5 6.70795 -69.4872 -114.479
10 513.725 716.496 5 6.25746 -55.9433 86.9442
11 514.144 716.769 5 5.81508 -56.4404 -109.604
12 514.564 717.041 5 5.38279 -92.9289 -137.139
13 514.983 717.313 5 4.96323 -105.024 43.8361
14 509.679 714.465 5 10.3519 -59.6728 -149.234
15 510.098 714.737 5 9.86514 -68.9377 -125.19
16 510.517 715.009 5 9.37978 -64.2847 176.978
17 510.937 715.282 5 8.89605 -54.2506 -141.583
18 511.356 715.554 5 8.41421 -55.4748 82.2467
19 511.775 715.826 5 7.93462 -58.7155 -159.826
20 512.195 716.099 5 7.45771 -67.745 -122.143
21 512.614 716.371 5 6.98403 -63.205 103.422
22 513.033 716.643 5 6.51429 -58.3251 45.9074
23 513.453 716.916 5 6.0494 -62.8175 -35.3768
24 513.872 717.188 5 5.59057 -77.2627 -21.5504
25 514.291 717.46 5 5.13943 -54.2728 65.653
26 514.711 717.733 5 4.6982 -55.1501 -106.01
27 509.406 714.884 5 10.2519 -68.2952 -179.626
28 509.826 715.156 5 9.76015 -54.6264 -146.02
29 510.245 715.429 5 9.26929 -56.1582 108.445
30 510.664 715.701 5 8.77946 -59.5944 -105.058
31 511.084 715.973 5 8.29085 -92.9225 56.5831
32 511.503 716.246 5 7.80369 -66.6689 30.9907
33 511.922 716.518 5 7.31825 -66.4016 -31.7351
34 512.342 716.79 5 6.83492 -54.7071 9.57876
35 512.761 717.063 5 6.35416 -55.4977 50.1328
36 513.18 717.335 5 5.87662 -74.6014 -38.9523
37 513.6 717.607 5 5.40314 -63.8109 80.5526
38 514.019 717.88 5 4.93489 -63.6414 -46.9604
39 514.438 718.152 5 4.47352 -66.3935 -69.5129
40 509.134 715.303 5 10.1755 -59.827 101.538
41 509.553 715.576 5 9.67987 -57.3948 -87.7531
42 509.973 715.848 5 9.18472 -65.2186 -108.616
43 510.392 716.12 5 8.69013 -64.378 -114.702
44 510.811 716.393 5 8.1962 -66.2693 -121.587
45 511.231 716.665 5 7.70305 -62.4212 -91.5261
46 511.65 716.937 5 7.21084 -57.9928 -125.394
47 512.069 717.21 5 6.71978 -62.1761 -78.765
48 512.489 717.482 5 6.23015 -55.4034 -82.5542
49 512.908 717.754 5 5.7423 -60.2435 -96.9813
50 513.327 718.027 5 5.25673 -53.8952 -129.196
51 513.747 718.299 5 4.77415 -53.1767 -174.176
52 514.166 718.571 5 4.29556 -66.4262 -77.3991
53 508.862 715.723 5 10.1232 -66.1033 -59.8481
54 509.281 715.995 5 9.62493 -69.937 -0.748995
55 509.7 716.267 5 9.1268 -62.4347 -20.1672
56 510.12 716.54 5 8.62889 -62.9792 -45.9457
57 510.539 716.812 5 8.13124 -62.1425 -38.9557
58 510.958 717.084 5 7.63389 -61.1761 -1.52996
59 511.378 717.357 5 7.13692 -59.3498 -2.11277
60 511.797 717.629 5 6.64039 -61.6924 24.194
61 512.216 717.901 5 6.14444 -59.3966 -45.8659
62 512.636 718.174 5 5.64919 -61.0143 -8.97379
63 513.055 718.446 5 5.15487 -62.2906 -115.419
64 513.474 718.718 5 4.66175 -62.5654 6.76076
65 513.894 718.991 5 4.17027 -58.1867 -66.351
66 508.589 716.142 5 10.0955 -71.6133 9.81353
67 509.009 716.414 5 9.59576 -79.0215 59.6281
68 509.428 716.687 5 9.09604 -67.636 -98.921
69 509.847 716.959 5 8.59634 -64.7422 -31.3429
70 510.267 717.231 5 8.09669 -56.2433 -27.3524
71 510.686 717.504 5 7.59708 -54.2881 -40.2587
72 511.105 717.776 5 7.09753 -66.8173 -7.75755
73 511.525 718.048 5 6.59805 -66.1364 11.7686
74 511.944 718.321 5 6.09865 -71.5298 -1.77715
75 512.363 718.593 5 5.59935 -52.4155 2.72129
76 512.783 718.865 5 5.1002 -56.5601 -83.2806
77 513.202 719.138 5 4.60123 -78.4371 -139.778
78 513.621 719.41 5 4.10251 -62.4789 -50.3466
79 510.414 717.923 5 7.59309 -65.0048 33.2841
80 510.833 718.195 5 7.09326 -59.9748 -111.031
81 511.672 718.74 5 6.09367 -70.8797 112.968
82 512.091 719.012 5 5.59394 -73.8341 -4.83667
83 512.51 719.285 5 5.09425 -58.6611 -57.8149
84 512.93 719.557 5 4.59463 -68.0459 -7.10848
85 513.349 719.829 5 4.09511 -58.4588 -27.5128
86 510.141 718.342 5 7.62197 -66.2837 16.8557
87 510.561 718.615 5 7.12416 -69.9155 -136.689
88 511.399 719.159 5 6.12962 -63.3386 -91.1796
89 511.819 719.432 5 5.63307 -83.5524 105.237
90 512.238 719.704 5 5.1372 -60.8973 177.405
91 512.657 719.976 5 4.6422 -61.513 110.618
92 513.077 720.249 5 4.14841 -54.5207 -131.915
93 509.869 718.762 5 7.68335 -80.9385 108.518
94 510.288 719.034 5 7.18979 -74.8385 77.4771
95 511.127 719.579 5 6.20577 -75.7046 46.1442
96 511.546 719.851 5 5.71585 -59.8018 9.563
97 511.966 720.123 5 5.22783 -56.5704 -26.0184
98 512.385 720.396 5 4.7423 -62.6773 -60.2061
99 512.804 720.668 5 4.26013 -58.4429 87.4798
100 509.597 719.181 5 7.77645 -92.8154 87.6165
101 510.016 719.453 5 7.2892 -83.7959 22.373
102 509.324 719.6 5 7.90016 -87.0066 -126.435
103 509.744 719.873 5 7.42104 -88.6315 10.4155
104 509.052 720.02 5 8.05307 -85.9415 -30.1801
105 509.471 720.292 5 7.58362 -95.9787 33.4881
