1 509.951 714.045 5 9.38031 -60.3021 -44.3614
2 510.37 714.318 5 8.89654 -54.3394 -55.0741
3 510.79 714.59 5 8.41466 -58.4802 168.905
4 511.209 714.862 5 7.93503 -64.8095 69.1849
5 511.628 715.135 5 7.45808 -69.8952 -94.695
6 512.048 715.407 5 6.98434 -56.5823 -169.933
7 512.467 715.679 5 6.51454 -51.6136 34.9106
8 512.886 715.952 5 6.04958 -63.6754 -87.2016
9 513.306 716.224 5 5.59067 -62.8055 -145.487
10 513.725 716.496 5 5.13943 -53.4515 87.299
11 514.144 716.769 5 4.69808 -57.842 -96.4768
12 514.564 717.041 5 4.26967 -85.5824 -112.134
13 514.983 717.313 5 3.85853 -90.307 -104.952
14 509.679 714.465 5 9.26994 -55.7743 165.673
15 510.098 714.737 5 8.78009 -61.4313 -176.925
16 510.517 715.009 5 8.29145 -66.6868 -177.414
17 510.937 715.282 5 7.80425 -53.2105 -139.16
18 511.356 715.554 5 7.31877 -59.9955 74.8518
19 511.775 715.826 5 6.8354 -57.9576 -138.695
20 512.195 716.099 5 6.35459 -73.3142 173.555
21 512.614 716.371 5 5.87699 -56.0854 118.528
22 513.033 716.643 5 5.40344 -55.5077 19.2658
23 513.453 716.916 5 4.93511 -68.3495 -133.181
24 513.872 717.188 5 4.47364 -64.0145 -135.038
25 514.291 717.46 5 4.0214 -50.4072 48.8386
26 514.711 717.733 5 3.58187 -53.61 -97.9086
27 509.406 714.884 5 9.1855 -64.4829 34.7574
28 509.826 715.156 5 8.69089 -56.2435 -75.4954
29 510.245 715.429 5 8.19693 -53.2876 57.3739
30 510.664 715.701 5 7.70376 -61.7965 -70.2924
31 511.084 715.973 5 7.21152 -63.5987 -13.6823
32 511.503 716.246 5 6.72043 -58.7215 -49.0929
33 511.922 716.518 5 6.23076 -54.2279 74.7944
34 512.342 716.79 5 5.74287 -60.5663 20.7644
35 512.761 717.063 5 5.25725 -67.7121 -71.5942
36 513.18 717.335 5 4.77461 -64.4255 152.165
37 513.6 717.607 5 4.29593 -52.6894 -38.5235
38 514.019 717.88 5 3.82272 -66.7218 -177.952
39 514.438 718.152 5 3.35729 -58.4998 171.829
40 509.134 715.303 5 9.1277 -60.2523 158.535
41 509.553 715.576 5 8.62978 -58.8273 -93.9231
42 509.973 715.848 5 8.13211 -65.7835 -116.956
43 510.392 716.12 5 7.63475 -63.0228 -118.126
44 510.811 716.393 5 7.13776 -62.7846 -153.681
45 511.231 716.665 5 6.64122 -67.3514 -169.504
46 511.65 716.937 5 6.14524 -59.5054 -168.279
47 512.069 717.21 5 5.64997 -58.1389 -163.477
48 512.489 717.482 5 5.15561 -51.2921 170.549
49 512.908 717.754 5 4.66245 -54.7528 140.425
50 513.327 718.027 5 4.17093 -64.4631 130.368
51 513.747 718.299 5 3.68168 -58.324 96.4213
52 514.166 718.571 5 3.19577 -58.4317 -71.3703
53 508.862 715.723 5 9.09706 -63.1069 116.799
54 509.281 715.995 5 8.59736 -80.1715 63.1542
55 509.7 716.267 5 8.09771 -66.0508 -107.758
56 510.12 716.54 5 7.59809 -62.2863 -170.288
57 510.539 716.812 5 7.09853 -63.8008 -91.9394
58 510.958 717.084 5 6.59904 -61.3455 -176.647
59 511.378 717.357 5 6.09963 -64.889 -164.892
60 511.797 717.629 5 5.60033 -64.8424 -122.843
61 512.216 717.901 5 5.10116 -61.6061 -128.821
62 512.636 718.174 5 4.60218 -61.5787 -31.6801
63 513.055 718.446 5 4.10344 -60.6125 -159.563
64 513.474 718.718 5 3.60505 -50.199 -131.268
65 513.894 718.991 5 3.10718 -52.792 -131.578
66 508.589 716.142 5 9.09385 -72.0454 -95.9514
67 509.009 716.414 5 8.59397 -67.2077 -65.6134
68 509.428 716.687 5 8.0941 -77.8486 -8.18589
69 509.847 716.959 5 7.59425 -65.4388 21.1905
70 510.267 717.231 5 7.09442 -66.7688 73.5723
71 510.686 717.504 5 6.59461 -58.5287 85.5229
72 511.105 717.776 5 6.09484 -53.758 137.132
73 511.525 718.048 5 5.59511 -58.9865 112.286
74 511.944 718.321 5 5.09543 -53.6643 68.7083
75 512.363 718.593 5 4.59582 -56.3311 -82.5692
76 512.783 718.865 5 4.09631 -66.548 24.8078
77 513.202 719.138 5 3.59693 -78.5497 59.5915
78 513.621 719.41 5 3.09776 -72.1006 -132.734
79 510.414 717.923 5 6.62801 -56.1793 139.644
80 510.833 718.195 5 6.13096 -59.9887 43.4772
81 511.672 718.74 5 5.13858 -60.7687 -130.793
82 512.091 719.012 5 4.64362 -59.594 -128.843
83 512.51 719.285 5 4.14986 -54.8638 -158.274
84 512.93 719.557 5 3.6578 -55.0244 142.918
85 513.349 719.829 5 3.16823 -50.1458 112.058
86 510.141 718.342 5 6.69866 -64.0035 -30.6338
87 510.561 718.615 5 6.20727 -76.4512 134.484
88 511.399 719.159 5 5.2294 -55.993 -66.8797
89 511.819 719.432 5 4.74392 -50.9553 -116.393
90 512.238 719.704 5 4.2618 -51.257 -174.306
91 512.657 719.976 5 3.78432 -58.0989 93.8544
92 513.077 720.249 5 3.3135 -60.1529 27.9315
93 509.869 718.762 5 6.80541 -76.0265 138.076
94 510.288 719.034 5 6.32233 -84.7707 146.128
95 511.127 719.579 5 5.36546 -60.8193 136.926
96 511.546 719.851 5 4.8935 -53.0439 41.1063
97 511.966 720.123 5 4.4277 -64.0053 140.201
98 512.385 720.396 5 3.97022 -58.038 107.92
99 512.804 720.668 5 3.52432 -47.8714 32.9645
100 509.597 719.181 5 6.9466 -76.8774 -80.0517
101 510.016 719.453 5 6.47405 -79.2226 -139.839
102 509.324 719.6 5 7.12017 -79.0573 155.804
103 509.744 719.873 5 6.65995 -89.4614 -98.4524
104 509.052 720.02 5 7.32382 -90.95 -98.2583
105 509.471 720.292 5 6.87725 -86.3089 -153.732
