1 509.951 714.045 5 8.56126 -76.0562 -162.801
2 510.37 714.318 5 8.15222 -71.3591 113.408
3 510.79 714.59 5 7.75386 -69.4344 -167.652
4 511.209 714.862 5 7.36791 -89.0593 -157.887
5 511.628 715.135 5 6.99641 -66.3265 17.4605
6 512.048 715.407 5 6.64179 -83.2946 -77.658
7 512.467 715.679 5 6.3069 -80.9863 125.935
8 512.886 715.952 5 5.99505 -66.3328 76.6036
9 513.306 716.224 5 5.71002 -66.5336 -119.016
10 513.725 716.496 5 5.456 -81.1291 -48.0101
11 514.144 716.769 5 5.23752 -89.498 18.9391
12 514.564 717.041 5 5.05918 -120.223 -47.1615
13 514.983 717.313 5 4.92533 -124.849 -49.2254
14 509.679 714.465 5 8.29102 -71.6738 -92.4441
15 510.098 714.737 5 7.86796 -74.7522 129.697
16 510.517 715.009 5 7.45442 -75.0957 -28.4453
17 510.937 715.282 5 7.05209 -83.5889 -48.4854
18 511.356 715.554 5 6.66301 -82.7995 82.9247
19 511.775 715.826 5 6.28962 -75.3772 -158.568
20 512.195 716.099 5 5.93489 -76.7409 -138.327
21 512.614 716.371 5 5.60238 -71.6398 121.216
22 513.033 716.643 5 5.29625 -71.3893 -29.0978
23 513.453 716.916 5 5.02135 -73.2609 58.9265
24 513.872 717.188 5 4.78305 -64.2677 -164.362
25 514.291 717.46 5 4.58707 -72.9862 45.8965
26 514.711 717.733 5 4.43902 -76.6824 -142.498
27 509.406 714.884 5 8.04283 -91.0252 -11.0085
28 509.826 715.156 5 7.60596 -76.2122 -135.773
29 510.245 715.429 5 7.17735 -76.0638 34.0992
30 510.664 715.701 5 6.75855 -76.4545 -161.555
31 511.084 715.973 5 6.35151 -80.8652 -133.705
32 511.503 716.246 5 5.95863 -88.9882 79.1633
33 511.922 716.518 5 5.58291 -92.4361 -134.243
34 512.342 716.79 5 5.22806 -72.1813 -175.638
35 512.761 717.063 5 4.8986 -82.6848 140.635
36 513.18 717.335 5 4.59999 -73.4515 -155.653
37 513.6 717.607 5 4.33861 -77.1954 146.322
38 514.019 717.88 5 4.12155 -79.769 -20.425
39 514.438 718.152 5 3.95611 -76.6556 61.0659
40 509.134 715.303 5 7.81876 -75.627 33.1689
41 509.553 715.576 5 7.36863 -73.2319 -30.7365
42 509.973 715.848 5 6.92534 -76.7526 10.2508
43 510.392 716.12 5 6.4903 -77.1587 -22.7508
44 510.811 716.393 5 6.06528 -75.6799 29.7728
45 511.231 716.665 5 5.65254 -74.6634 7.2873
46 511.65 716.937 5 5.25499 -67.7919 -35.2354
47 512.069 717.21 5 4.87633 -71.4935 -27.083
48 512.489 717.482 5 4.52131 -70.4063 -7.08005
49 512.908 717.754 5 4.19593 -72.9524 14.6525
50 513.327 718.027 5 3.90762 -67.3314 46.0535
51 513.747 718.299 5 3.66513 -67.4481 1.39441
52 514.166 718.571 5 3.47805 -68.9923 -7.55523
53 508.862 715.723 5 7.62096 -90.68 153.375
54 509.281 715.995 5 7.15839 -80.3648 92.7795
55 509.7 716.267 5 6.70121 -83.7079 125.715
56 510.12 716.54 5 6.25059 -79.6698 57.8932
57 510.539 716.812 5 5.80806 -75.5219 86.0238
58 510.958 717.084 5 5.37561 -79.6915 159.8
59 511.378 717.357 5 4.95589 -78.7393 51.2798
60 511.797 717.629 5 4.55242 -75.1747 73.9474
61 512.216 717.901 5 4.16991 -77.1245 33.4712
62 512.636 718.174 5 3.81468 -75.2494 25.7955
63 513.055 718.446 5 3.49506 -66.189 -14.0544
64 513.474 718.718 5 3.22166 -63.1159 -45.8212
65 513.894 718.991 5 3.00712 -74.4488 -21.6762
66 508.589 716.142 5 7.45151 -69.8682 -61.1958
67 509.009 716.414 5 6.97772 -75.8625 -47.5351
68 509.428 716.687 5 6.50786 -75.7323 -63.101
69 509.847 716.959 5 6.04284 -82.2254 -86.5483
70 510.267 717.231 5 5.58386 -78.8954 -160.166
71 510.686 717.504 5 5.13256 -87.8953 -123.677
72 511.105 717.776 5 4.69114 -78.9589 -14.5445
73 511.525 718.048 5 4.26268 -85.8271 158.727
74 511.944 718.321 5 3.85151 -80.5192 -21.0867
75 512.363 718.593 5 3.46378 -71.7434 -65.0409
76 512.783 718.865 5 3.10828 -67.2997 -73.6504
77 513.202 719.138 5 2.79733 -70.7734 -170.206
78 513.621 719.41 5 2.5473 -68.0659 -178.545
79 510.414 717.923 5 4.9284 -87.583 85.3811
80 510.833 718.195 5 4.46686 -68.0189 93.3973
81 511.672 718.74 5 3.57493 -68.1964 -24.8043
82 512.091 719.012 5 3.15337 -74.5783 18.7014
83 512.51 719.285 5 2.75815 -73.9559 -115.937
84 512.93 719.557 5 2.4023 -87.3979 -166.261
85 513.349 719.829 5 2.10587 -64.5891 79.7771
86 510.141 718.342 5 4.76814 -86.1754 66.4226
87 510.561 718.615 5 4.28938 -82.1045 68.0832
88 511.399 719.159 5 3.35053 -69.7058 -51.5648
89 511.819 719.432 5 2.8965 -66.9367 105.632
90 512.238 719.704 5 2.46036 -64.3777 20.9799
91 512.657 719.976 5 2.05354 -62.6942 -131.91
92 513.077 720.249 5 1.69725 -62.9778 86.3481
93 509.869 718.762 5 4.65629 -79.1231 115.219
94 510.288 719.034 5 4.1647 -90.2353 157.217
95 511.127 719.579 5 3.18936 -82.1038 19.2238
96 511.546 719.851 5 2.70845 -60.1296 148.108
97 511.966 720.123 5 2.23592 -86.315 156.705
98 512.385 720.396 5 1.77848 -63.3539 67.9286
99 512.804 720.668 5 1.35153 -41.5082 171.784
100 509.597 719.181 5 4.59642 -85.4491 -178.527
101 510.016 719.453 5 4.09764 -97.0647 166.504
102 509.324 719.6 5 4.59053 -77.8518 -95.1761
103 509.744 719.873 5 4.09105 -69.5474 -8.6258
104 509.052 720.02 5 4.63885 -84.2426 -152.316
105 509.471 720.292 5 4.14519 -74.7102 135.198
