1 514.644 719.84 5 1.5 -48.0358 30.3049
2 514.371 720.259 5 1.58114 -40.7632 96.4861
3 514.097 720.678 5 1.80278 -43.1537 -125.438
4 513.824 721.096 5 2.12132 -49.0331 52.9708
5 513.551 721.515 5 2.5 -45.8535 -68.9797
6 513.278 721.934 5 2.91548 -44.8708 -61.5497
7 513.004 722.353 5 3.3541 -48.7775 8.53619
8 512.731 722.771 5 3.80789 -46.8626 157.184
9 512.458 723.19 5 4.272 -50.9453 157.98
10 512.185 723.609 5 4.74342 -49.3078 -2.22888
11 515.063 720.113 5 1 -43.6313 4.07346
12 514.789 720.532 5 1.11803 -40.2607 17.1455
13 514.516 720.951 5 1.41421 -41.9771 -108.513
14 514.243 721.37 5 1.80278 -42.235 -144.403
15 513.97 721.788 5 2.23607 -43.4454 -20.1264
16 513.696 722.207 5 2.69258 -52.5903 91.1708
17 513.423 722.626 5 3.16228 -53.7607 -133.871
18 513.15 723.045 5 3.64005 -58.802 19.4722
19 512.877 723.463 5 4.12311 -50.5132 -17.2682
20 512.603 723.882 5 4.60977 -54.6661 63.4135
21 515.481 720.387 5 0.5 -34.5834 10.1529
22 515.208 720.805 5 0.707107 -35.0417 125.912
23 514.935 721.224 5 1.11803 -46.1782 -12.7319
24 514.662 721.643 5 1.58114 -45.2915 31.3332
25 514.388 722.062 5 2.06155 -49.1643 -154.686
26 514.115 722.48 5 2.54951 -49.4693 -92.27
27 513.842 722.899 5 3.04138 -53.0713 -107.362
28 513.568 723.318 5 3.53553 -46.9597 -81.6626
29 513.295 723.737 5 4.03113 -49.3607 -76.3289
30 513.022 724.155 5 4.52769 -65.2907 -100.104
31 515.9 720.66 5 0 -45.6006 -167.036
32 515.627 721.079 5 0.5 -36.1199 14.35
33 515.353 721.497 5 1 -44.3729 -18.3065
34 515.08 721.916 5 1.5 -41.4474 8.95134
35 514.807 722.335 5 2 -46.3315 -40.6639
36 514.534 722.754 5 2.5 -47.4204 -12.4286
37 514.26 723.172 5 3 -50.4916 3.31918
38 513.987 723.591 5 3.5 -52.8283 -35.2276
39 516.319 720.933 5 0.5 -33.424 7.31627
40 516.045 721.352 5 0.707107 -38.1102 115.527
41 515.772 721.771 5 1.11803 -36.6231 -9.91488
42 515.499 722.189 5 1.58114 -43.0521 92.4239
43 515.226 722.608 5 2.06155 -49.2673 104.567
44 514.952 723.027 5 2.54951 -48.7196 129.834
45 514.679 723.446 5 3.04138 -49.8019 -106.784
46 514.406 723.864 5 3.53553 -55.7868 -14.2538
47 516.737 721.206 5 1 -40.7078 -28.7649
48 516.464 721.625 5 1.11803 -36.7879 23.2227
49 516.191 722.044 5 1.41421 -37.5446 -121.06
50 515.918 722.463 5 1.80278 -42.699 -134.11
51 515.644 722.881 5 2.23607 -45.0851 41.6542
52 515.371 723.3 5 2.69258 -47.6747 163.161
53 515.098 723.719 5 3.16228 -47.7009 -111.517
54 514.825 724.138 5 3.64006 -57.6867 136.726
55 517.156 721.48 5 1.5 -41.1263 -42.1527
56 516.883 721.898 5 1.58114 -38.7927 78.4398
57 516.61 722.317 5 1.80278 -41.8375 -155.336
58 516.336 722.736 5 2.12132 -40.6546 5.80045
59 516.063 723.155 5 2.5 -50.7078 -6.85441
60 515.79 723.573 5 2.91548 -52.5966 -96.7257
61 515.517 723.992 5 3.3541 -45.4099 97.3715
62 515.243 724.411 5 3.80789 -47.0704 -42.2483
63 517.575 721.753 5 2 -50.6452 62.9771
64 517.302 722.172 5 2.06155 -44.5302 118.66
65 517.028 722.59 5 2.23607 -46.5914 57.0264
66 516.755 723.009 5 2.5 -43.5396 -12.9396
67 516.482 723.428 5 2.82843 -47.8293 -168.138
68 516.209 723.847 5 3.20156 -47.1062 145.459
69 515.935 724.265 5 3.60555 -54.7015 66.7509
70 515.662 724.684 5 4.03113 -48.468 -73.5794
71 517.994 722.026 5 2.5 -51.5903 7.7286
72 517.72 722.445 5 2.54951 -47.8745 122.021
73 517.447 722.864 5 2.69258 -38.8697 143.111
74 517.174 723.282 5 2.91548 -57.7611 -148.573
75 516.901 723.701 5 3.20156 -51.9993 115.311
76 516.627 724.12 5 3.53553 -46.7211 -103.633
77 516.354 724.539 5 3.90512 -57.9385 -135.796
78 516.081 724.957 5 4.30116 -54.4944 179.497
