1 505.473 717.831 5 9.27992 -111.974 130.756
2 505.747 717.412 5 9.30215 -135.974 -149.643
3 506.02 716.994 5 9.35111 -129.291 44.1399
4 506.294 716.575 5 9.42637 -138.966 79.3832
5 506.567 716.157 5 9.52731 -134.085 -119.471
6 505.891 718.104 5 8.78 -121.415 55.274
7 506.165 717.686 5 8.8035 -122.281 15.1689
8 506.439 717.267 5 8.85521 -131.969 -141.299
9 506.712 716.849 5 8.93465 -145.119 -120.207
10 506.986 716.43 5 9.04108 -130.445 -165.191
11 506.31 718.378 5 8.28009 -126.031 -7.37799
12 506.584 717.96 5 8.30501 -127.175 -73.6968
13 506.857 717.541 5 8.3598 -122.031 -132.816
14 507.131 717.123 5 8.4439 -130.896 24.8206
15 507.404 716.704 5 8.55644 -137.69 150.959
16 506.728 718.652 5 7.7802 -137.919 -48.0863
17 507.002 718.233 5 7.8067 -127.373 -108.984
18 507.276 717.815 5 7.86497 -122.186 128.36
19 507.549 717.396 5 7.95431 -117.682 74.9525
20 507.823 716.978 5 8.07367 -134.211 -145.678
21 507.147 718.925 5 7.28031 -118.976 -150.524
22 507.421 718.507 5 7.30864 -133.309 60.2803
23 507.694 718.088 5 7.37084 -125.186 92.1105
24 507.968 717.67 5 7.46609 -124.572 134.67
25 508.241 717.251 5 7.59313 -135.363 120.799
26 507.565 719.199 5 6.78045 -115.748 -169.344
27 507.839 718.78 5 6.81085 -126.099 -176.571
28 508.113 718.362 5 6.87756 -126.104 116.542
29 508.386 717.943 5 6.97954 -126.476 -40.2278
30 508.66 717.525 5 7.11528 -133.636 -4.6764
31 507.984 719.472 5 6.28061 -126.213 27.6743
32 508.258 719.054 5 6.31341 -133.932 117.176
33 508.531 718.635 5 6.38532 -126.404 67.0312
34 508.805 718.217 5 6.49504 -124.597 -9.89293
35 509.078 717.798 5 6.64069 -126.403 -35.465
36 508.402 719.746 5 5.78079 -117.127 31.7106
37 508.676 719.328 5 5.81642 -120.558 -127.807
38 508.95 718.909 5 5.89439 -135.101 -39.3352
39 509.223 718.491 5 6.01307 -135.09 -128.589
40 509.497 718.072 5 6.17011 -250 0
