1 509.951 714.045 5 10.5661 -72.22 113.041
2 510.37 714.318 5 10.1888 -79.1049 -110.857
3 510.79 714.59 5 9.82236 -67.4279 -96.8096
4 511.209 714.862 5 9.4682 -70.9173 -5.69456
5 511.628 715.135 5 9.1277 -76.2611 -57.6341
6 512.048 715.407 5 8.80244 -83.9274 -63.3852
7 512.467 715.679 5 8.49417 -77.9671 82.0223
8 512.886 715.952 5 8.20482 -79.4555 -131.527
9 513.306 716.224 5 7.93644 -74.8167 172.984
10 513.725 716.496 5 7.69124 -75.1719 44.5557
11 514.144 716.769 5 7.47149 -77.7321 -28.4326
12 514.564 717.041 5 7.27951 -103.939 35.5521
13 514.983 717.313 5 7.11753 -120.746 35.7042
14 509.679 714.465 5 10.2512 -75.1882 -13.8123
15 510.098 714.737 5 9.86177 -81.2239 -152.801
16 510.517 715.009 5 9.48275 -80.6574 62.5813
17 510.937 715.282 5 9.11541 -67.5132 138.639
18 511.356 715.554 5 8.7612 -84.8852 89.0812
19 511.775 715.826 5 8.4218 -84.7632 147.185
20 512.195 716.099 5 8.09906 -76.4599 156.216
21 512.614 716.371 5 7.79505 -89.396 83.1604
22 513.033 716.643 5 7.51205 -82.0252 97.4654
23 513.453 716.916 5 7.25251 -73.9087 -132.174
24 513.872 717.188 5 7.01904 -68.1815 -137.853
25 514.291 717.46 5 6.81432 -75.6918 35.249
26 514.711 717.733 5 6.64101 -79.7505 -113.755
27 509.406 714.884 5 9.9514 -82.4833 147.665
28 509.826 715.156 5 9.54978 -89.9323 -107.834
29 510.245 715.429 5 9.15786 -80.1085 129.527
30 510.664 715.701 5 8.77693 -89.2189 83.1034
31 511.084 715.973 5 8.40848 -66.9564 15.5426
32 511.503 716.246 5 8.05422 -98.3105 153.213
33 511.922 716.518 5 7.71612 -81.069 -90.4403
34 512.342 716.79 5 7.39639 -85.3055 19.3353
35 512.761 717.063 5 7.09751 -76.2389 106.704
36 513.18 717.335 5 6.82222 -77.319 130.374
37 513.6 717.607 5 6.57349 -75.1451 12.2748
38 514.019 717.88 5 6.35443 -70.5807 -48.9209
39 514.438 718.152 5 6.16821 -74.3954 -176.364
40 509.134 715.303 5 9.6682 -88.7535 -135.45
41 509.553 715.576 5 9.2543 -79.3053 -62.7355
42 509.973 715.848 5 8.8493 -84.5957 -109.351
43 510.392 716.12 5 8.45448 -91.4376 47.2357
44 510.811 716.393 5 8.07132 -80.0785 -87.3955
45 511.231 716.665 5 7.70158 -66.7692 -117.893
46 511.65 716.937 5 7.34727 -85.3945 -54.843
47 512.069 717.21 5 7.01073 -74.9793 161.286
48 512.489 717.482 5 6.69465 -97.8744 135.107
49 512.908 717.754 5 6.40207 -83.0698 -2.46202
50 513.327 718.027 5 6.13632 -76.3329 -13.7483
51 513.747 718.299 5 5.90106 -72.081 178.53
52 514.166 718.571 5 5.70005 -86.903 -147.824
53 508.862 715.723 5 9.40308 -104.491 -98.9187
54 509.281 715.995 5 8.97697 -84.7783 -3.40419
55 509.7 716.267 5 8.55885 -87.1111 -1.61379
56 510.12 716.54 5 8.14997 -83.9082 -4.66274
57 510.539 716.812 5 7.75178 -92.7185 -21.8346
58 510.958 717.084 5 7.36601 -76.993 -70.292
59 511.378 717.357 5 6.99472 -64.7316 103.94
60 511.797 717.629 5 6.64034 -87.6108 -171.254
61 512.216 717.901 5 6.30573 -83.4912 -22.8433
62 512.636 718.174 5 5.99418 -80.4396 -178.548
63 513.055 718.446 5 5.70949 -76.592 -174.299
64 513.474 718.718 5 5.45585 -75.9452 -2.10577
65 513.894 718.991 5 5.23778 -68.259 -0.139631
66 508.589 716.142 5 9.1576 -78.7262 166.628
67 509.009 716.414 5 8.7195 -86.8352 -86.96
68 509.428 716.687 5 8.28841 -89.1971 -151.919
69 509.847 716.959 5 7.86548 -81.0972 148.866
70 510.267 717.231 5 7.4521 -78.5722 111.945
71 510.686 717.504 5 7.04995 -80.8484 60.5726
72 511.105 717.776 5 6.66107 -84.1922 -47.3047
73 511.525 718.048 5 6.28792 -66.7226 -20.3981
74 511.944 718.321 5 5.93346 -88.0451 61.3336
75 512.363 718.593 5 5.60125 -78.3952 104.505
76 512.783 718.865 5 5.29547 -79.5062 -22.5415
77 513.202 719.138 5 5.02096 -84.1003 -15.7291
78 513.621 719.41 5 4.78311 -74.4309 87.9631
79 510.414 717.923 5 6.75615 -83.3998 -159.525
80 510.833 718.195 5 6.3493 -86.3912 -63.9611
81 511.672 718.74 5 5.58119 -65.4649 -150.103
82 512.091 719.012 5 5.22664 -76.9033 -97.2343
83 512.51 719.285 5 4.89753 -84.1521 30.135
84 512.93 719.557 5 4.59933 -77.2687 49.1248
85 513.349 719.829 5 4.33842 -69.6873 15.9704
86 510.141 718.342 5 6.48763 -77.7275 48.7356
87 510.561 718.615 5 6.06279 -85.9022 58.6127
88 511.399 719.159 5 5.25295 -74.3936 7.69043
89 511.819 719.432 5 4.87458 -70.5712 -96.063
90 512.238 719.704 5 4.51991 -81.0257 -115.827
91 512.657 719.976 5 4.19495 -87.7195 -149.353
92 513.077 720.249 5 3.90713 -68.0244 105.073
93 509.869 718.762 5 6.24765 -95.8222 168.905
94 510.288 719.034 5 5.80527 -87.9027 30.7063
95 511.127 719.579 5 4.95351 -92.6709 74.5904
96 511.546 719.851 5 4.55031 -71.1254 -149.155
97 511.966 720.123 5 4.16814 -67.8342 -10.9007
98 512.385 720.396 5 3.81332 -65.4971 -115.436
99 512.804 720.668 5 3.4942 -70.7878 -37.8725
100 509.597 719.181 5 6.03961 -90.4757 57.408
101 510.016 719.453 5 5.58077 -83.192 38.7971
102 509.324 719.6 5 5.86692 -95.0069 -26.4223
103 509.744 719.873 5 5.3934 -99.2082 124.806
104 509.052 720.02 5 5.73276 -93.0448 92.4311
105 509.471 720.292 5 5.24715 -92.7449 77.1024
