1 514.644 719.84 5 4.24264 -51.7795 29.99
2 514.371 720.259 5 3.90512 -49.3175 -90.7162
3 514.097 720.678 5 3.60555 -54.8773 -21.707
4 513.824 721.096 5 3.3541 -53.6063 129.17
5 513.551 721.515 5 3.16228 -42.231 61.9396
6 513.278 721.934 5 3.04138 -57.9692 113.448
7 513.004 722.353 5 3 -56.723 -70.9958
8 512.731 722.771 5 3.04138 -53.0533 -131.628
9 512.458 723.19 5 3.16228 -57.8833 150.556
10 512.185 723.609 5 3.3541 -63.568 49.6965
11 515.063 720.113 5 3.90512 -47.1276 -141.938
12 514.789 720.532 5 3.53553 -48.0252 -99.9419
13 514.516 720.951 5 3.20156 -52.3333 143.13
14 514.243 721.37 5 2.91548 -55.7173 -137.148
15 513.97 721.788 5 2.69258 -58.5031 34.2699
16 513.696 722.207 5 2.54951 -47.0546 -139.201
17 513.423 722.626 5 2.5 -47.3882 -13.8585
18 513.15 723.045 5 2.54951 -51.1862 -132.984
19 512.877 723.463 5 2.69258 -57.4742 62.7595
20 512.603 723.882 5 2.91548 -56.1953 -60.1826
21 515.481 720.387 5 3.60555 -60.1081 29.5154
22 515.208 720.805 5 3.20156 -50.4174 126.132
23 514.935 721.224 5 2.82843 -48.6318 152.657
24 514.662 721.643 5 2.5 -48.2302 20.8804
25 514.388 722.062 5 2.23607 -45.6616 40.0368
26 514.115 722.48 5 2.06155 -38.8648 165.496
27 513.842 722.899 5 2 -46.3685 -50.2906
28 513.568 723.318 5 2.06155 -45.9835 178.637
29 513.295 723.737 5 2.23607 -55.6386 79.4065
30 513.022 724.155 5 2.5 -55.7875 59.2263
31 515.9 720.66 5 3.3541 -45.1952 82.7623
32 515.627 721.079 5 2.91548 -56.0009 120.888
33 515.353 721.497 5 2.5 -45.852 33.5793
34 515.08 721.916 5 2.12132 -45.2258 50.7802
35 514.807 722.335 5 1.80278 -47.7985 -133.73
36 514.534 722.754 5 1.58114 -44.1443 164.828
37 514.26 723.172 5 1.5 -44.8834 -66.5463
38 513.987 723.591 5 1.58114 -50.6667 126.593
39 516.319 720.933 5 3.16228 -47.3228 -72.1092
40 516.045 721.352 5 2.69258 -46.1135 153.528
41 515.772 721.771 5 2.23607 -44.197 64.5955
42 515.499 722.189 5 1.80278 -41.4897 168.345
43 515.226 722.608 5 1.41421 -41.3268 -117.424
44 514.952 723.027 5 1.11803 -48.0929 22.1159
45 514.679 723.446 5 1 -40.8583 63.5809
46 514.406 723.864 5 1.11803 -46.6741 -40.9493
47 516.737 721.206 5 3.04138 -43.1005 -118.686
48 516.464 721.625 5 2.54951 -43.1655 -146.723
49 516.191 722.044 5 2.06155 -40.6975 -168.208
50 515.918 722.463 5 1.58114 -42.0639 167.208
51 515.644 722.881 5 1.11803 -40.2621 18.3879
52 515.371 723.3 5 0.707107 -36.1096 116.399
53 515.098 723.719 5 0.5 -33.2991 -12.6271
54 514.825 724.138 5 0.707107 -36.0345 -54.2821
55 517.156 721.48 5 3 -42.6045 -18.4266
56 516.883 721.898 5 2.5 -41.7121 -25.5319
57 516.61 722.317 5 2 -39.4819 -22.1189
58 516.336 722.736 5 1.5 -40.4677 -5.15177
59 516.063 723.155 5 1 -35.1456 -13.8829
60 515.79 723.573 5 0.5 -31.4889 -5.4727
61 515.517 723.992 5 0 -39.771 4.93474
62 515.243 724.411 5 0.5 -40.4681 -177.873
63 517.575 721.753 5 3.04138 -43.1632 -86.439
64 517.302 722.172 5 2.54951 -42.497 -133.353
65 517.028 722.59 5 2.06155 -42.5357 -131.296
66 516.755 723.009 5 1.58114 -41.385 129.746
67 516.482 723.428 5 1.11803 -41.0351 26.521
68 516.209 723.847 5 0.707107 -36.1218 113.191
69 515.935 724.265 5 0.5 -33.8169 0.122031
70 515.662 724.684 5 0.707107 -41.838 114.503
71 517.994 722.026 5 3.16228 -42.2831 -95.5332
72 517.72 722.445 5 2.69258 -48.6888 -110.39
73 517.447 722.864 5 2.23607 -47.2773 26.8653
74 517.174 723.282 5 1.80278 -42.6038 163.418
75 516.901 723.701 5 1.41421 -43.6825 -115.312
76 516.627 724.12 5 1.11803 -41.4137 50.1627
77 516.354 724.539 5 1 -41.5243 -9.75482
78 516.081 724.957 5 1.11803 -41.6641 19.9883
