1 505.473 717.831 5 12.9086 -96.0171 -171.9
2 505.747 717.412 5 12.8469 -95.708 -1.2372
3 506.02 716.994 5 12.8044 -98.2468 157.82
4 506.294 716.575 5 12.7813 -95.6185 -131.825
5 506.567 716.157 5 12.7778 -97.2946 -120.68
6 505.891 718.104 5 12.4139 -98.8993 166.837
7 506.165 717.686 5 12.3497 -98.9159 9.69027
8 506.439 717.267 5 12.3055 -96.4596 176.883
9 506.712 716.849 5 12.2815 -96.2743 -28.4267
10 506.986 716.43 5 12.2779 -104.527 174.864
11 506.31 718.378 5 11.9197 -110.342 126.431
12 506.584 717.96 5 11.8528 -100.992 20.6835
13 506.857 717.541 5 11.8067 -96.9115 -165.632
14 507.131 717.123 5 11.7817 -97.142 15.5412
15 507.404 716.704 5 11.7779 -96.2643 -122.933
16 506.728 718.652 5 11.4259 -114.045 -39.8573
17 507.002 718.233 5 11.3561 -110.013 -6.08425
18 507.276 717.815 5 11.3081 -100.76 -166.078
19 507.549 717.396 5 11.2819 -98.0033 10.139
20 507.823 716.978 5 11.278 -106.911 -106.572
21 507.147 718.925 5 10.9327 -113.853 129.607
22 507.421 718.507 5 10.8598 -122.464 -26.9397
23 507.694 718.088 5 10.8095 -116.277 -164.484
24 507.968 717.67 5 10.7822 -115.507 138.041
25 508.241 717.251 5 10.778 -124.434 77.1385
26 507.565 719.199 5 10.4402 -103.898 92.427
27 507.839 718.78 5 10.3638 -107.304 10.0369
28 508.113 718.362 5 10.3111 -110.954 47.8582
29 508.386 717.943 5 10.2824 -125.578 172.879
30 508.66 717.525 5 10.2781 -116.829 70.1012
31 507.984 719.472 5 9.94842 -106.947 3.13185
32 508.258 719.054 5 9.8682 -107.696 -89.0094
33 508.531 718.635 5 9.81283 -106.366 179.1
34 508.805 718.217 5 9.78273 -114.991 103.796
35 509.078 717.798 5 9.77815 -118.93 102.485
36 508.402 719.746 5 9.45749 -108.109 -12.1902
37 508.676 719.328 5 9.37307 -110.581 -51.4719
38 508.95 718.909 5 9.31476 -250 0
39 509.223 718.491 5 9.28305 -250 0
40 509.497 718.072 5 9.27822 -250 0
