1 505.473 717.831 5 12.9889 -103.178 -134.07
2 505.747 717.412 5 12.9082 -104.698 77.2588
3 506.02 716.994 5 12.8465 -101.559 139.27
4 506.294 716.575 5 12.804 -99.1116 -124.198
5 506.567 716.157 5 12.7809 -120.909 -123.528
6 505.891 718.104 5 12.4974 -106.349 -124.32
7 506.165 717.686 5 12.4135 -101.808 -0.185866
8 506.439 717.267 5 12.3493 -90.9175 -92.4658
9 506.712 716.849 5 12.3051 -103.757 -34.8129
10 506.986 716.43 5 12.2811 -100.549 35.785
11 506.31 718.378 5 12.0066 -116.228 98.7915
12 506.584 717.96 5 11.9193 -103.686 -32.4133
13 506.857 717.541 5 11.8524 -105.622 -125.59
14 507.131 717.123 5 11.8063 -105.974 32.5189
15 507.404 716.704 5 11.7813 -101.174 138.241
16 506.728 718.652 5 11.5166 -106.41 -45.9981
17 507.002 718.233 5 11.4255 -104.325 -96.6024
18 507.276 717.815 5 11.3557 -101.439 -143.105
19 507.549 717.396 5 11.3076 -95.1156 35.3775
20 507.823 716.978 5 11.2815 -105.706 109.962
21 507.147 718.925 5 11.0275 -113.341 -168.345
22 507.421 718.507 5 10.9323 -108.941 -78.8466
23 507.694 718.088 5 10.8594 -103.299 -17.8071
24 507.968 717.67 5 10.8091 -92.5695 5.36253
25 508.241 717.251 5 10.7818 -106.762 179.067
26 507.565 719.199 5 10.5394 -96.3068 169.616
27 507.839 718.78 5 10.4398 -99.7172 176.057
28 508.113 718.362 5 10.3634 -113.437 -52.908
29 508.386 717.943 5 10.3107 -108.254 78.5446
30 508.66 717.525 5 10.282 -104.558 -172.354
31 507.984 719.472 5 10.0525 -97.5203 64.215
32 508.258 719.054 5 9.94801 -112.472 132.778
33 508.531 718.635 5 9.86779 -107.296 137.791
34 508.805 718.217 5 9.81242 -102.752 91.1036
35 509.078 717.798 5 9.78232 -126.975 -44.1265
36 508.402 719.746 5 9.56693 -100.037 -101.505
37 508.676 719.328 5 9.45709 -109.858 71.6085
38 508.95 718.909 5 9.37266 -250 0
39 509.223 718.491 5 9.31435 -250 0
40 509.497 718.072 5 9.28264 -250 0
