1 505.473 717.831 5 12.2828 -108.058 -82.9241
2 505.747 717.412 5 12.2791 -121.711 -116.272
3 506.02 716.994 5 12.2958 -114.209 -48.9884
4 506.294 716.575 5 12.3328 -107.054 -99.4253
5 506.567 716.157 5 12.3899 -118.393 -114.91
6 505.891 718.104 5 11.783 -111.394 -151.302
7 506.165 717.686 5 11.7792 -121.701 146.741
8 506.439 717.267 5 11.7966 -105.973 28.5205
9 506.712 716.849 5 11.8351 -120.869 -72.2805
10 506.986 716.43 5 11.8946 -118.383 121.542
11 506.31 718.378 5 11.2832 -109.14 42.1884
12 506.584 717.96 5 11.2792 -110.818 162.878
13 506.857 717.541 5 11.2974 -119.538 -114.396
14 507.131 717.123 5 11.3376 -124.051 13.6593
15 507.404 716.704 5 11.3997 -106.85 -99.6297
16 506.728 718.652 5 10.7834 -106.081 -23.4959
17 507.002 718.233 5 10.7793 -120.762 -21.6997
18 507.276 717.815 5 10.7983 -120.698 151.204
19 507.549 717.396 5 10.8404 -106.936 174.697
20 507.823 716.978 5 10.9053 -99.4665 163.556
21 507.147 718.925 5 10.2837 -121.986 -139.881
22 507.421 718.507 5 10.2793 -117.34 97.8863
23 507.694 718.088 5 10.2993 -106.379 72.313
24 507.968 717.67 5 10.3434 -98.2079 23.8827
25 508.241 717.251 5 10.4114 -101.669 69.5748
26 507.565 719.199 5 9.78396 -122.523 57.6571
27 507.839 718.78 5 9.77939 -106.017 -36.5581
28 508.113 718.362 5 9.80037 -138.939 -89.8986
29 508.386 717.943 5 9.84672 -115.361 29.8566
30 508.66 717.525 5 9.91809 -121.107 136.059
31 507.984 719.472 5 9.28427 -101.896 -147.15
32 508.258 719.054 5 9.27946 -112.77 -141.198
33 508.531 718.635 5 9.30157 -121.206 -58.9744
34 508.805 718.217 5 9.35039 -120.139 -27.9345
35 509.078 717.798 5 9.42553 -112.922 -147.089
36 508.402 719.746 5 8.78463 -120.03 -82.8963
37 508.676 719.328 5 8.77954 -109.067 -67.6057
38 508.95 718.909 5 8.8029 -141.186 -63.7201
39 509.223 718.491 5 8.85448 -146.657 42.9552
40 509.497 718.072 5 8.93378 -144.57 -157.155
