1 505.473 717.831 5 12.7826 -110.354 -19.7107
2 505.747 717.412 5 12.7791 -115.512 91.276
3 506.02 716.994 5 12.7951 -100.352 114.785
4 506.294 716.575 5 12.8306 -91.9677 135.2
5 506.567 716.157 5 12.8855 -103.234 125.993
6 505.891 718.104 5 12.2828 -109.699 63.3827
7 506.165 717.686 5 12.2791 -98.365 -78.5265
8 506.439 717.267 5 12.2958 -92.0951 -63.9054
9 506.712 716.849 5 12.3328 -103.776 34.2391
10 506.986 716.43 5 12.3898 -95.6405 15.9572
11 506.31 718.378 5 11.783 -99.833 43.9684
12 506.584 717.96 5 11.7792 -94.2552 90.5144
13 506.857 717.541 5 11.7966 -100.921 79.3717
14 507.131 717.123 5 11.8351 -109.159 56.2401
15 507.404 716.704 5 11.8945 -107.789 -133.031
16 506.728 718.652 5 11.2832 -104.857 -175.404
17 507.002 718.233 5 11.2792 -99.7532 156.803
18 507.276 717.815 5 11.2974 -108.873 115.511
19 507.549 717.396 5 11.3376 -98.0528 -31.1382
20 507.823 716.978 5 11.3996 -98.7826 -61.2172
21 507.147 718.925 5 10.7834 -101.904 -144.846
22 507.421 718.507 5 10.7793 -106.105 -156.579
23 507.694 718.088 5 10.7983 -95.3671 58.1358
24 507.968 717.67 5 10.8403 -97.2562 51.2295
25 508.241 717.251 5 10.9052 -101.061 -33.4657
26 507.565 719.199 5 10.2837 -107.099 -161.102
27 507.839 718.78 5 10.2793 -93.7024 -32.9388
28 508.113 718.362 5 10.2993 -122.6 100.559
29 508.386 717.943 5 10.3434 -104.02 100.778
30 508.66 717.525 5 10.4113 -115.832 51.0988
31 507.984 719.472 5 9.78397 -95.8059 -170.737
32 508.258 719.054 5 9.77938 -101.347 -40.2452
33 508.531 718.635 5 9.80034 -112.632 -83.7798
34 508.805 718.217 5 9.84667 -121.136 -102.877
35 509.078 717.798 5 9.91803 -134.153 172.981
36 508.402 719.746 5 9.28429 -108.281 89.8445
37 508.676 719.328 5 9.27946 -123.812 40.7053
38 508.95 718.909 5 9.30154 -131.074 28.8832
39 509.223 718.491 5 9.35034 -120.159 68.3208
40 509.497 718.072 5 9.42545 -162.532 -5.4446
