1 514.644 719.84 5 4.12311 -56.9043 -99.8738
2 514.371 720.259 5 4.03113 -52.377 -107.191
3 514.097 720.678 5 4 -48.1669 10.1769
4 513.824 721.096 5 4.03113 -45.9518 -152.78
5 513.551 721.515 5 4.12311 -47.556 -160.987
6 513.278 721.934 5 4.272 -47.826 -71.0576
7 513.004 722.353 5 4.47214 -52.505 96.746
8 512.731 722.771 5 4.71699 -56.1941 122.327
9 512.458 723.19 5 5 -65.8122 -120.382
10 512.185 723.609 5 5.31507 -52.3969 158.174
11 515.063 720.113 5 3.64006 -51.0059 -47.065
12 514.789 720.532 5 3.53553 -48.4019 -116
13 514.516 720.951 5 3.5 -50.3872 16.0696
14 514.243 721.37 5 3.53553 -46.3066 163.587
15 513.97 721.788 5 3.64006 -63.2541 -142.366
16 513.696 722.207 5 3.80789 -49.9255 162.293
17 513.423 722.626 5 4.03113 -45.3379 -106.034
18 513.15 723.045 5 4.30116 -53.7401 91.557
19 512.877 723.463 5 4.60977 -63.1828 -4.30449
20 512.603 723.882 5 4.94975 -66.658 -16.2023
21 515.481 720.387 5 3.16228 -48.951 -84.2916
22 515.208 720.805 5 3.04138 -47.0496 -119.933
23 514.935 721.224 5 3 -44.53 -27.4565
24 514.662 721.643 5 3.04138 -45.7947 -174.113
25 514.388 722.062 5 3.16228 -46.6899 -147.388
26 514.115 722.48 5 3.3541 -46.431 63.9711
27 513.842 722.899 5 3.60555 -49.9875 -23.5092
28 513.568 723.318 5 3.90512 -47.491 -108.82
29 513.295 723.737 5 4.24264 -57.1829 47.1833
30 513.022 724.155 5 4.60977 -60.8203 -74.3495
31 515.9 720.66 5 2.69258 -39.9706 146.391
32 515.627 721.079 5 2.54951 -45.8201 -161.878
33 515.353 721.497 5 2.5 -47.19 -30.2454
34 515.08 721.916 5 2.54951 -45.5599 -157.251
35 514.807 722.335 5 2.69258 -41.9425 162.918
36 514.534 722.754 5 2.91548 -50.4224 -112.025
37 514.26 723.172 5 3.20156 -43.7774 103.004
38 513.987 723.591 5 3.53553 -45.2781 -99.2729
39 516.319 720.933 5 2.23607 -44.1162 54.5993
40 516.045 721.352 5 2.06155 -46.69 153.139
41 515.772 721.771 5 2 -52.4643 -26.1224
42 515.499 722.189 5 2.06155 -44.5528 -177.343
43 515.226 722.608 5 2.23607 -50.2602 98.3106
44 514.952 723.027 5 2.5 -48.5179 -85.9521
45 514.679 723.446 5 2.82843 -52.9495 133.344
46 514.406 723.864 5 3.20156 -47.9028 -91.5222
47 516.737 721.206 5 1.80278 -49.0755 -158.452
48 516.464 721.625 5 1.58114 -44.6943 90.508
49 516.191 722.044 5 1.5 -41.5497 18.745
50 515.918 722.463 5 1.58114 -40.2747 144.703
51 515.644 722.881 5 1.80278 -44.2863 -134.577
52 515.371 723.3 5 2.12132 -42.5626 34.2031
53 515.098 723.719 5 2.5 -49.9963 -11.1724
54 514.825 724.138 5 2.91548 -52.9425 5.26774
55 517.156 721.48 5 1.41421 -42.5663 -112.889
56 516.883 721.898 5 1.11803 -44.8104 -1.22367
57 516.61 722.317 5 1 -40.55 -30.8012
58 516.336 722.736 5 1.11803 -43.1042 33.8414
59 516.063 723.155 5 1.41421 -40.8867 -118.953
60 515.79 723.573 5 1.80278 -46.2318 -131.527
61 515.517 723.992 5 2.23607 -46.4162 49.008
62 515.243 724.411 5 2.69258 -43.9273 -54.0238
63 517.575 721.753 5 1.11803 -40.1707 13.0928
64 517.302 722.172 5 0.707107 -37.6486 106.075
65 517.028 722.59 5 0.5 -34.1323 0.108506
66 516.755 723.009 5 0.707107 -37.8359 109.735
67 516.482 723.428 5 1.11803 -37.7128 12.9207
68 516.209 723.847 5 1.58114 -45.7692 50.8537
69 515.935 724.265 5 2.06155 -49.984 123.065
70 515.662 724.684 5 2.54951 -47.7726 -86.6599
71 517.994 722.026 5 1 -44.9976 65.2773
72 517.72 722.445 5 0.5 -35.7462 6.60394
73 517.447 722.864 5 0 -54.3278 -78.5349
74 517.174 723.282 5 0.5 -33.0016 0.200701
75 516.901 723.701 5 1 -37.1588 14.8473
76 516.627 724.12 5 1.5 -39.922 20.1229
77 516.354 724.539 5 2 -41.4307 33.9618
78 516.081 724.957 5 2.5 -44.0774 62.3869
