1 505.473 717.831 5 9.7001 -116.722 -96.9988
2 505.747 717.412 5 9.56583 -107.637 33.7427
3 506.02 716.994 5 9.45612 -113.907 -94.1226
4 506.294 716.575 5 9.37184 -115.542 80.2575
5 506.567 716.157 5 9.31368 -123.182 -83.2103
6 505.891 718.104 5 9.22312 -110.503 135.038
7 506.165 717.686 5 9.0818 -112.307 -8.85949
8 506.439 717.267 5 8.96617 -111.863 86.8467
9 506.712 716.849 5 8.87724 -120.043 97.1458
10 506.986 716.43 5 8.81581 -113.382 -147.938
11 506.31 718.378 5 8.74871 -120.363 -94.5099
12 506.584 717.96 5 8.5996 -115.475 -147.377
13 506.857 717.541 5 8.4774 -112.76 -169.856
14 507.131 717.123 5 8.38328 -110.37 -153.347
15 507.404 716.704 5 8.31821 -116.254 -58.2079
16 506.728 718.652 5 8.27731 -116.864 -127.903
17 507.002 718.233 5 8.11955 -116.45 148.518
18 507.276 717.815 5 7.99001 -106.219 83.9055
19 507.549 717.396 5 7.89008 -104.072 -53.8326
20 507.823 716.978 5 7.82091 -111.343 -5.40277
21 507.147 718.925 5 7.80947 -121.733 95.5848
22 507.421 718.507 5 7.64206 -118.803 106.978
23 507.694 718.088 5 7.50428 -116.771 79.6304
24 507.968 717.67 5 7.3978 -106.238 -77.4507
25 508.241 717.251 5 7.32397 -108.365 91.1793
26 507.565 719.199 5 7.34587 -112.79 172.414
27 507.839 718.78 5 7.16764 -109.163 98.7063
28 508.113 718.362 5 7.02056 -119.853 136.129
29 508.386 717.943 5 6.90662 -109.622 135.356
30 508.66 717.525 5 6.82749 -109.316 60.0421
31 507.984 719.472 5 6.88737 -114.413 -8.51477
32 508.258 719.054 5 6.69694 -121.44 133.677
33 508.531 718.635 5 6.53928 -112.388 -65.3634
34 508.805 718.217 5 6.4168 -133.94 -60.2262
35 509.078 717.798 5 6.33155 -103.257 98.3661
36 508.402 719.746 5 6.43505 -108.596 -69.6395
37 508.676 719.328 5 6.23081 -106.82 -35.9576
38 508.95 718.909 5 6.06104 -133.094 150.041
39 509.223 718.491 5 5.92869 -130.379 -164.292
40 509.497 718.072 5 5.83631 -250 0
