1 514.644 719.84 5 4.30116 -52.7967 -167.695
2 514.371 720.259 5 4.03113 -55.9814 -79.8073
3 514.097 720.678 5 3.80789 -47.9787 149.948
4 513.824 721.096 5 3.64006 -49.7279 -23.0218
5 513.551 721.515 5 3.53553 -46.9631 172.555
6 513.278 721.934 5 3.5 -53.2059 -18.599
7 513.004 722.353 5 3.53553 -51.3603 -130.704
8 512.731 722.771 5 3.64006 -52.6493 -88.8636
9 512.458 723.19 5 3.80789 -55.6099 -179.626
10 512.185 723.609 5 4.03113 -60.8827 -82.1488
11 515.063 720.113 5 3.90512 -46.3442 -84.9692
12 514.789 720.532 5 3.60555 -48.2004 99.004
13 514.516 720.951 5 3.3541 -50.75 8.61898
14 514.243 721.37 5 3.16228 -48.8145 -65.695
15 513.97 721.788 5 3.04138 -52.1084 -175.58
16 513.696 722.207 5 3 -50.5324 150.781
17 513.423 722.626 5 3.04138 -49.0437 -130.426
18 513.15 723.045 5 3.16228 -49.6586 -142.671
19 512.877 723.463 5 3.3541 -52.0225 108.078
20 512.603 723.882 5 3.60555 -53.8296 -169.735
21 515.481 720.387 5 3.53553 -53.2128 -108.265
22 515.208 720.805 5 3.20156 -45.0552 -178.151
23 514.935 721.224 5 2.91548 -53.6716 -95.7233
24 514.662 721.643 5 2.69258 -41.5956 153.888
25 514.388 722.062 5 2.54951 -41.7058 -145.005
26 514.115 722.48 5 2.5 -45.3581 -26.9947
27 513.842 722.899 5 2.54951 -45.1665 154.601
28 513.568 723.318 5 2.69258 -45.3879 169.215
29 513.295 723.737 5 2.91548 -59.4443 -132.859
30 513.022 724.155 5 3.20156 -54.4547 -19.0775
31 515.9 720.66 5 3.20156 -47.7485 138.238
32 515.627 721.079 5 2.82843 -48.1842 106.234
33 515.353 721.497 5 2.5 -48.7321 -2.56777
34 515.08 721.916 5 2.23607 -46.7065 48.1017
35 514.807 722.335 5 2.06155 -41.9335 145.757
36 514.534 722.754 5 2 -42.1757 28.452
37 514.26 723.172 5 2.06155 -39.6437 158.446
38 513.987 723.591 5 2.23607 -47.8042 0.374535
39 516.319 720.933 5 2.91548 -49.1518 -115.008
40 516.045 721.352 5 2.5 -46.8067 0.43626
41 515.772 721.771 5 2.12132 -45.9534 27.931
42 515.499 722.189 5 1.80278 -45.4656 -154.73
43 515.226 722.608 5 1.58114 -40.5111 136.704
44 514.952 723.027 5 1.5 -44.1747 -10.2446
45 514.679 723.446 5 1.58114 -46.1352 163.42
46 514.406 723.864 5 1.80278 -48.2384 54.6778
47 516.737 721.206 5 2.69258 -50.3277 160.501
48 516.464 721.625 5 2.23607 -50.0149 31.8858
49 516.191 722.044 5 1.80278 -44.7934 -140.063
50 515.918 722.463 5 1.41421 -40.9346 -123.967
51 515.644 722.881 5 1.11803 -43.4194 32.2846
52 515.371 723.3 5 1 -41.865 -28.0525
53 515.098 723.719 5 1.11803 -41.9291 19.9699
54 514.825 724.138 5 1.41421 -46.4956 93.5582
55 517.156 721.48 5 2.54951 -51.2943 -96.9151
56 516.883 721.898 5 2.06155 -63.868 125.041
57 516.61 722.317 5 1.58114 -46.1097 85.0881
58 516.336 722.736 5 1.11803 -40.4018 -3.74197
59 516.063 723.155 5 0.707107 -37.2762 109.755
60 515.79 723.573 5 0.5 -34.6982 -1.31542
61 515.517 723.992 5 0.707107 -36.0762 113.158
62 515.243 724.411 5 1.11803 -38.7986 -169.426
63 517.575 721.753 5 2.5 -46.2181 35.5171
64 517.302 722.172 5 2 -44.6299 16.5492
65 517.028 722.59 5 1.5 -39.66 13.9161
66 516.755 723.009 5 1 -39.4706 16.0704
67 516.482 723.428 5 0.5 -36.6875 26.2078
68 516.209 723.847 5 0 -47.2252 102.873
69 515.935 724.265 5 0.5 -33.875 17.5341
70 515.662 724.684 5 1 -39.0582 31.3077
71 517.994 722.026 5 2.54951 -60.8951 122.711
72 517.72 722.445 5 2.06155 -51.6244 -167.458
73 517.447 722.864 5 1.58114 -46.7761 55.8646
74 517.174 723.282 5 1.11803 -40.1203 13.1207
75 516.901 723.701 5 0.707107 -35.526 106.065
76 516.627 724.12 5 0.5 -34.1817 -5.37
77 516.354 724.539 5 0.707107 -38.6353 124.12
78 516.081 724.957 5 1.11803 -42.3154 0.734712
