1 514.644 719.84 5 2.5 -57.4846 40.9642
2 514.371 720.259 5 2.23607 -43.6841 39.696
3 514.097 720.678 5 2.06155 -44.7001 125.152
4 513.824 721.096 5 2 -45.404 3.97093
5 513.551 721.515 5 2.06155 -43.7078 66.9538
6 513.278 721.934 5 2.23607 -51.589 40.6719
7 513.004 722.353 5 2.5 -64.0459 -112.241
8 512.731 722.771 5 2.82843 -50.3051 129.617
9 512.458 723.19 5 3.20156 -54.4009 7.34096
10 512.185 723.609 5 3.60555 -46.437 128.336
11 515.063 720.113 5 2.12132 -41.9865 9.41667
12 514.789 720.532 5 1.80278 -43.7211 -163.965
13 514.516 720.951 5 1.58114 -42.9989 101.908
14 514.243 721.37 5 1.5 -41.7795 -3.75764
15 513.97 721.788 5 1.58114 -56.1902 103.649
16 513.696 722.207 5 1.80278 -42.7615 -139.645
17 513.423 722.626 5 2.12132 -43.1285 -16.3349
18 513.15 723.045 5 2.5 -47.3254 26.8112
19 512.877 723.463 5 2.91548 -48.7042 -122.945
20 512.603 723.882 5 3.3541 -47.154 61.2883
21 515.481 720.387 5 1.80278 -43.719 166.202
22 515.208 720.805 5 1.41421 -40.6149 -136.612
23 514.935 721.224 5 1.11803 -39.7314 51.3526
24 514.662 721.643 5 1 -43.6488 -1.70546
25 514.388 722.062 5 1.11803 -38.8695 9.51146
26 514.115 722.48 5 1.41421 -41.5277 -102.282
27 513.842 722.899 5 1.80278 -43.3055 -170.558
28 513.568 723.318 5 2.23607 -48.4771 -0.548046
29 513.295 723.737 5 2.69258 -48.751 137.828
30 513.022 724.155 5 3.16228 -53.9853 -28.0521
31 515.9 720.66 5 1.58114 -43.7408 105.294
32 515.627 721.079 5 1.11803 -39.3904 10.2983
33 515.353 721.497 5 0.707107 -36.568 120.425
34 515.08 721.916 5 0.5 -33.2889 -2.02081
35 514.807 722.335 5 0.707107 -38.8869 106.053
36 514.534 722.754 5 1.11803 -38.4298 4.16683
37 514.26 723.172 5 1.58114 -45.2456 134.252
38 513.987 723.591 5 2.06155 -45.5344 -146.473
39 516.319 720.933 5 1.5 -37.1683 -22.7753
40 516.045 721.352 5 1 -36.3398 -29.319
41 515.772 721.771 5 0.5 -34.1338 -7.09101
42 515.499 722.189 5 0 -47.3515 -27.4354
43 515.226 722.608 5 0.5 -32.3053 -9.52383
44 514.952 723.027 5 1 -36.627 -10.4926
45 514.679 723.446 5 1.5 -38.0346 -8.18174
46 514.406 723.864 5 2 -48.7714 -179.279
47 516.737 721.206 5 1.58114 -49.7764 -175.123
48 516.464 721.625 5 1.11803 -41.6073 -32.2362
49 516.191 722.044 5 0.707107 -37.3449 136.117
50 515.918 722.463 5 0.5 -35.156 -16.0604
51 515.644 722.881 5 0.707107 -37.6598 140.612
52 515.371 723.3 5 1.11803 -47.3204 5.89397
53 515.098 723.719 5 1.58114 -42.3061 152.208
54 514.825 724.138 5 2.06155 -52.7858 75.227
55 517.156 721.48 5 1.80278 -43.1443 175.897
56 516.883 721.898 5 1.41421 -40.244 -121.782
57 516.61 722.317 5 1.11803 -40.1055 21.3608
58 516.336 722.736 5 1 -38.3707 -3.60979
59 516.063 723.155 5 1.11803 -39.7079 21.7328
60 515.79 723.573 5 1.41421 -43.0307 -161.422
61 515.517 723.992 5 1.80278 -44.0918 176.925
62 515.243 724.411 5 2.23607 -43.7762 -179.499
63 517.575 721.753 5 2.12132 -40.6164 1.80457
64 517.302 722.172 5 1.80278 -46.5042 154.573
65 517.028 722.59 5 1.58114 -46.1114 157.672
66 516.755 723.009 5 1.5 -42.1823 -33.2559
67 516.482 723.428 5 1.58114 -44.3654 92.7102
68 516.209 723.847 5 1.80278 -45.7606 -153.627
69 515.935 724.265 5 2.12132 -46.3882 -18.8961
70 515.662 724.684 5 2.5 -49.5938 13.8922
71 517.994 722.026 5 2.5 -52.6023 -2.69275
72 517.72 722.445 5 2.23607 -46.5181 67.2874
73 517.447 722.864 5 2.06155 -44.941 173.826
74 517.174 723.282 5 2 -45.3676 -8.1483
75 516.901 723.701 5 2.06155 -47.346 -174.709
76 516.627 724.12 5 2.23607 -47.1071 8.87933
77 516.354 724.539 5 2.5 -47.7542 1.43156
78 516.081 724.957 5 2.82843 -42.459 128.683
