1 505.473 717.831 5 9.45693 -106.145 157.381
2 505.747 717.412 5 9.37266 -105.832 -144.31
3 506.02 716.994 5 9.3145 -116.305 -139.986
4 506.294 716.575 5 9.28295 -100.545 -77.6781
5 506.567 716.157 5 9.27827 -105.044 -110.444
6 505.891 718.104 5 8.96698 -118.807 120.202
7 506.165 717.686 5 8.87806 -103.68 -54.2085
8 506.439 717.267 5 8.81664 -104.87 64.8412
9 506.712 716.849 5 8.78329 -106.7 76.9765
10 506.986 716.43 5 8.77835 -110.079 142.751
11 506.31 718.378 5 8.4782 -109.722 -148.829
12 506.584 717.96 5 8.3841 -102.621 8.84584
13 506.857 717.541 5 8.31903 -104.837 120.734
14 507.131 717.123 5 8.28368 -108.323 -120.972
15 507.404 716.704 5 8.27844 -103.062 -116.216
16 506.728 718.652 5 7.99081 -103.716 -17.6064
17 507.002 718.233 5 7.8909 -118.014 136.377
18 507.276 717.815 5 7.82173 -106.94 -151.362
19 507.549 717.396 5 7.78412 -98.126 151.265
20 507.823 716.978 5 7.77855 -104.77 149.403
21 507.147 718.925 5 7.50508 -111.348 -21.9458
22 507.421 718.507 5 7.39861 -122.969 -113.625
23 507.694 718.088 5 7.32479 -98.1651 11.8562
24 507.968 717.67 5 7.28463 -101.252 30.1307
25 508.241 717.251 5 7.27866 -113.814 48.6136
26 507.565 719.199 5 7.02135 -118.421 -104.893
27 507.839 718.78 5 6.90743 -98.1515 -114.375
28 508.113 718.362 5 6.82831 -101.136 7.58452
29 508.386 717.943 5 6.7852 -114.169 102.229
30 508.66 717.525 5 6.7788 -113.126 123.001
31 507.984 719.472 5 6.54007 -101.21 128.882
32 508.258 719.054 5 6.41761 -115.157 126.727
33 508.531 718.635 5 6.33237 -117.547 25.6594
34 508.805 718.217 5 6.28586 -101.04 -164.769
35 509.078 717.798 5 6.27895 -113.418 -65.1842
36 508.402 719.746 5 6.06183 -119.14 150.778
37 508.676 719.328 5 5.92949 -128.202 -120.394
38 508.95 718.909 5 5.83713 -128.221 100.275
39 509.223 718.491 5 5.78664 -127.302 129.793
40 509.497 718.072 5 5.77914 -128.085 160.926
