1 509.951 714.045 5 12.0748 -69.2303 -28.4031
2 510.37 714.318 5 11.639 -62.2601 93.8052
3 510.79 714.59 5 11.2086 -62.7157 -121.072
4 511.209 714.862 5 10.7841 -64.8384 -25.7816
5 511.628 715.135 5 10.3665 -66.9618 173.755
6 512.048 715.407 5 9.95638 -63.5628 -78.2071
7 512.467 715.679 5 9.55486 -61.2786 33.7872
8 512.886 715.952 5 9.16303 -75.0039 125.829
9 513.306 716.224 5 8.7822 -69.086 10.4528
10 513.725 716.496 5 8.41385 -66.8689 118.594
11 514.144 716.769 5 8.0597 -61.534 -166.566
12 514.564 717.041 5 7.72169 -100.046 56.3117
13 514.983 717.313 5 7.40205 -98.0067 -39.2193
14 509.679 714.465 5 11.8422 -76.0611 -113.605
15 510.098 714.737 5 11.3976 -64.5307 -4.87253
16 510.517 715.009 5 10.9577 -66.5337 127.982
17 510.937 715.282 5 10.5231 -79.6933 -20.8343
18 511.356 715.554 5 10.0946 -67.283 -160.733
19 511.775 715.826 5 9.67304 -63.0582 50.5324
20 512.195 716.099 5 9.25924 -61.8131 175.021
21 512.614 716.371 5 8.85434 -60.2825 -118.428
22 513.033 716.643 5 8.45963 -84.1628 71.1083
23 513.453 716.916 5 8.07658 -74.201 159.49
24 513.872 717.188 5 7.70694 -67.6934 -3.11143
25 514.291 717.46 5 7.35274 -69.3285 133.261
26 514.711 717.733 5 7.01632 -63.0908 96.5449
27 509.406 714.884 5 11.6266 -65.4635 161.905
28 509.826 715.156 5 11.1733 -74.9427 33.0303
29 510.245 715.429 5 10.7242 -72.4729 64.2203
30 510.664 715.701 5 10.2798 -71.2523 -112.99
31 511.084 715.973 5 9.84074 -71.3985 -85.121
32 511.503 716.246 5 9.40776 -60.8455 32.1266
33 511.922 716.518 5 8.98175 -68.7898 -118.761
34 512.342 716.79 5 8.56374 -66.0471 -13.3077
35 512.761 717.063 5 8.15497 -64.7565 92.585
36 513.18 717.335 5 7.75689 -82.1764 119.691
37 513.6 717.607 5 7.37125 -76.904 4.73397
38 514.019 717.88 5 7.00008 -71.4565 176.029
39 514.438 718.152 5 6.64582 -65.6774 -128.218
40 509.134 715.303 5 11.4287 -75.6124 -154.766
41 509.553 715.576 5 10.9673 -77.3424 -123.008
42 509.973 715.848 5 10.5094 -71.7842 54.6478
43 510.392 716.12 5 10.0555 -74.0389 90.2196
44 510.811 716.393 5 9.60617 -74.1064 84.7583
45 511.231 716.665 5 9.16211 -72.1374 38.5416
46 511.65 716.937 5 8.72411 -68.1391 145.703
47 512.069 717.21 5 8.29313 -67.3925 5.63988
48 512.489 717.482 5 7.87031 -59.8269 178.41
49 512.908 717.754 5 7.45706 -61.5145 -50.5501
50 513.327 718.027 5 7.05504 -62.1649 56.2463
51 513.747 718.299 5 6.66629 -73.3577 128.84
52 514.166 718.571 5 6.29327 -70.3433 6.37972
53 508.862 715.723 5 11.2496 -72.6026 76.638
54 509.281 715.995 5 10.7805 -72.0107 144.309
55 509.7 716.267 5 10.3143 -75.3838 -105.988
56 510.12 716.54 5 9.85144 -79.5411 -112.863
57 510.539 716.812 5 9.39238 -70.0249 -135.005
58 510.958 717.084 5 8.93771 -72.8366 -50.8031
59 511.378 717.357 5 8.48814 -77.1281 -29.0553
60 511.797 717.629 5 8.04452 -71.095 -79.6898
61 512.216 717.901 5 7.6079 -62.9158 169.475
62 512.636 718.174 5 7.17955 -59.8568 -24.5887
63 513.055 718.446 5 6.76105 -57.7868 137.627
64 513.474 718.718 5 6.35434 -62.2727 -78.9933
65 513.894 718.991 5 5.96184 -71.5233 122.387
66 508.589 716.142 5 11.0902 -72.5298 -82.2361
67 509.009 716.414 5 10.614 -70.7479 -48.3576
68 509.428 716.687 5 10.1402 -77.3884 -21.6063
69 509.847 716.959 5 9.66898 -69.4703 -0.355103
70 510.267 717.231 5 9.20082 -74.689 64.4603
71 510.686 717.504 5 8.73618 -78.3865 -18.9249
72 511.105 717.776 5 8.27567 -83.3687 -114.922
73 511.525 718.048 5 7.82001 -74.1078 -59.6155
74 511.944 718.321 5 7.3701 -78.4732 121.022
75 512.363 718.593 5 6.92707 -82.1557 -108.911
76 512.783 718.865 5 6.49231 -60.2323 160.33
77 513.202 719.138 5 6.06762 -57.9275 -41.4476
78 513.621 719.41 5 5.65525 -58.243 112.058
79 510.414 717.923 5 8.55916 -88.8256 -66.5296
80 510.833 718.195 5 8.08857 -73.172 123.177
81 511.672 718.74 5 7.15938 -70.6444 175.87
82 512.091 719.012 5 6.70243 -89.2619 -130.911
83 512.51 719.285 5 6.25207 -72.7136 131.247
84 512.93 719.557 5 5.80984 -76.0365 -81.539
85 513.349 719.829 5 5.37774 -57.7278 141.672
86 510.141 718.342 5 8.40818 -78.7651 -116.641
87 510.561 718.615 5 7.92864 -94.8988 -102.722
88 511.399 719.159 5 6.97818 -72.6193 173.885
89 511.819 719.432 5 6.50852 -73.157 -11.2348
90 512.238 719.704 5 6.04373 -67.2232 -90.2191
91 512.657 719.976 5 5.58503 -73.2937 -81.6647
92 513.077 720.249 5 5.13404 -75.3792 -154.359
93 509.869 718.762 5 8.28467 -90.8968 143.042
94 510.288 719.034 5 7.79754 -89.7223 -21.2579
95 511.127 719.579 5 6.82886 -70.7267 102.621
96 511.546 719.851 5 6.34816 -68.7826 -8.68871
97 511.966 720.123 5 5.87069 -65.3766 11.5959
98 512.385 720.396 5 5.3973 -62.498 38.5212
99 512.804 720.668 5 4.92917 -70.4311 14.854
100 509.597 719.181 5 8.18987 -86.9977 74.4007
101 510.016 719.453 5 7.69674 -97.9812 -38.7812
102 509.324 719.6 5 8.1248 -110.595 61.6032
103 509.744 719.873 5 7.62746 -85.4665 124.007
104 509.052 720.02 5 8.09016 -88.1145 -88.8989
105 509.471 720.292 5 7.59055 -97.9165 33.8811
