1 505.473 717.831 5 10.9325 -108.439 -126.415
2 505.747 717.412 5 10.8596 -106.496 -103.041
3 506.02 716.994 5 10.8094 -114.843 -64.3196
4 506.294 716.575 5 10.7821 -110.209 -62.4642
5 506.567 716.157 5 10.778 -118.518 -163.963
6 505.891 718.104 5 10.4399 -106.867 -124.131
7 506.165 717.686 5 10.3636 -111.547 42.6288
8 506.439 717.267 5 10.3109 -112.437 156.693
9 506.712 716.849 5 10.2824 -113.645 -14.7095
10 506.986 716.43 5 10.2781 -111.532 -32.3334
11 506.31 718.378 5 9.94811 -121.378 50.5635
12 506.584 717.96 5 9.86797 -109.75 22.4534
13 506.857 717.541 5 9.81269 -120.004 -145.831
14 507.131 717.123 5 9.78268 -117.825 71.835
15 507.404 716.704 5 9.77817 -108.085 103.98
16 506.728 718.652 5 9.45717 -131.461 -102.476
17 507.002 718.233 5 9.37284 -112.868 46.1008
18 507.276 717.815 5 9.31461 -105.702 -140.528
19 507.549 717.396 5 9.28299 -108.939 -65.5655
20 507.823 716.978 5 9.27825 -110.575 -104.058
21 507.147 718.925 5 8.96723 -112.769 -23.546
22 507.421 718.507 5 8.87824 -119.047 79.5597
23 507.694 718.088 5 8.81675 -106.24 -164.767
24 507.968 717.67 5 8.78334 -111.188 29.2289
25 508.241 717.251 5 8.77833 -123.469 161.393
26 507.565 719.199 5 8.47847 -117.362 120.484
27 507.839 718.78 5 8.38429 -105.749 64.1714
28 508.113 718.362 5 8.31915 -117.52 149.396
29 508.386 717.943 5 8.28373 -117.66 -98.6501
30 508.66 717.525 5 8.27842 -115.265 128.769
31 507.984 719.472 5 7.9911 -104.452 -89.8988
32 508.258 719.054 5 7.89111 -111.886 -9.1327
33 508.531 718.635 5 7.82186 -115.813 3.55591
34 508.805 718.217 5 7.78418 -120.887 57.6785
35 509.078 717.798 5 7.77852 -122.51 -55.726
36 508.402 719.746 5 7.50538 -109.824 64.5756
37 508.676 719.328 5 7.39883 -110.133 57.7853
38 508.95 718.909 5 7.32493 -149.429 -67.8599
39 509.223 718.491 5 7.28468 -133.866 -158.325
40 509.497 718.072 5 7.27864 -250 0
