1 505.473 717.831 5 13.2049 -109.861 117.466
2 505.747 717.412 5 13.0874 -120.485 153.838
3 506.02 716.994 5 12.9881 -110.63 38.1871
4 506.294 716.575 5 12.9074 -110.839 -178.994
5 506.567 716.157 5 12.8456 -117.882 134.662
6 505.891 718.104 5 12.7218 -112.119 61.1573
7 506.165 717.686 5 12.5998 -114.568 -62.9663
8 506.439 717.267 5 12.4966 -119.818 26.1315
9 506.712 716.849 5 12.4127 -114.404 102.725
10 506.986 716.43 5 12.3485 -109.664 -79.0246
11 506.31 718.378 5 12.24 -118.977 -151.496
12 506.584 717.96 5 12.1132 -117.304 -84.9061
13 506.857 717.541 5 12.0058 -119.007 92.1248
14 507.131 717.123 5 11.9184 -112.005 16.7184
15 507.404 716.704 5 11.8516 -117.223 -91.8901
16 506.728 718.652 5 11.7598 -121.217 -137.878
17 507.002 718.233 5 11.6277 -117.055 97.8192
18 507.276 717.815 5 11.5158 -111.661 95.8636
19 507.549 717.396 5 11.4247 -114.654 -94.8842
20 507.823 716.978 5 11.3549 -114.301 13.437
21 507.147 718.925 5 11.2813 -122.489 24.2689
22 507.421 718.507 5 11.1435 -115.46 71.1562
23 507.694 718.088 5 11.0267 -135.017 77.0903
24 507.968 717.67 5 10.9315 -122.468 -95.5873
25 508.241 717.251 5 10.8586 -125.947 -103.095
26 507.565 719.199 5 10.8047 -111.713 17.9958
27 507.839 718.78 5 10.6608 -117.098 23.0066
28 508.113 718.362 5 10.5386 -117.923 -46.484
29 508.386 717.943 5 10.439 -126.145 143.249
30 508.66 717.525 5 10.3626 -117.26 64.6298
31 507.984 719.472 5 10.3303 -114.069 -114.134
32 508.258 719.054 5 10.1797 -121.556 107.763
33 508.531 718.635 5 10.0517 -116.421 -6.4568
34 508.805 718.217 5 9.9472 -136.309 10.382
35 509.078 717.798 5 9.86697 -127.441 50.0905
36 508.402 719.746 5 9.85852 -110.758 24.6535
37 508.676 719.328 5 9.70055 -123.582 -170.713
38 508.95 718.909 5 9.56613 -250 0
39 509.223 718.491 5 9.45628 -250 0
40 509.497 718.072 5 9.37185 -250 0
