1 509.951 714.045 5 10.7824 -118.237 -100.899
2 510.37 714.318 5 10.3646 -119.627 76.301
3 510.79 714.59 5 9.95446 -114.431 115.858
4 511.209 714.862 5 9.55286 -124.496 70.4652
5 511.628 715.135 5 9.16095 -127.784 -140.708
6 512.048 715.407 5 8.78002 -133.38 116.569
7 512.467 715.679 5 8.41158 -118.9 85.9829
8 512.886 715.952 5 8.05733 -112.85 -54.255
9 513.306 716.224 5 7.71922 -122.504 -59.0405
10 513.725 716.496 5 7.39947 -92.4324 -119.11
11 514.144 716.769 5 7.10057 -102.481 -109.024
12 514.564 717.041 5 6.82524 -250 0
13 514.983 717.313 5 6.57645 -250 0
14 509.679 714.465 5 10.5215 -118.851 -124.489
15 510.098 714.737 5 10.0929 -117.182 55.2807
16 510.517 715.009 5 9.67124 -127.117 -127.594
17 510.937 715.282 5 9.25736 -123.779 61.5159
18 511.356 715.554 5 8.85237 -126.594 -94.6548
19 511.775 715.826 5 8.45756 -135.434 52.0412
20 512.195 716.099 5 8.07442 -122.047 -102.242
21 512.614 716.371 5 7.70468 -107.938 76.0695
22 513.033 716.643 5 7.35037 -123.193 -34.8069
23 513.453 716.916 5 7.01383 -100.471 67.4538
24 513.872 717.188 5 6.69773 -102.561 -94.6696
25 514.291 717.46 5 6.40511 -100.036 25.8522
26 514.711 717.733 5 6.13932 -114.255 -48.9236
27 509.406 714.884 5 10.2783 -118.09 129.304
28 509.826 715.156 5 9.83913 -116.333 -27.9263
29 510.245 715.429 5 9.40608 -129.256 175.479
30 510.664 715.701 5 8.97999 -125.656 34.0005
31 511.084 715.973 5 8.5619 -126.03 -89.4754
32 511.503 716.246 5 8.15303 -128.663 -1.59659
33 511.922 716.518 5 7.75486 -124.227 -52.6685
34 512.342 716.79 5 7.3691 -123.191 -155.917
35 512.761 717.063 5 6.99782 -110.359 178.274
36 513.18 717.335 5 6.64344 -96.0217 -45.7949
37 513.6 717.607 5 6.30882 -106.751 -110.019
38 514.019 717.88 5 5.99725 -105.69 -54.6129
39 514.438 718.152 5 5.71252 -122.908 -58.4561
40 509.134 715.303 5 10.0541 -122.11 -90.6841
41 509.553 715.576 5 9.60469 -127.384 43.8674
42 509.973 715.848 5 9.16057 -134.724 -18.8028
43 510.392 716.12 5 8.72249 -119.743 -125.21
44 510.811 716.393 5 8.29142 -138.213 -153.746
45 511.231 716.665 5 7.86852 -127.535 -166.471
46 511.65 716.937 5 7.45516 -125.943 91.5224
47 512.069 717.21 5 7.05303 -95.4978 66.0217
48 512.489 717.482 5 6.66416 -96.282 171.318
49 512.908 717.754 5 6.29102 -110.698 64.7602
50 513.327 718.027 5 5.93656 -92.6646 -132.417
51 513.747 718.299 5 5.60434 -104.698 -84.4646
52 514.166 718.571 5 5.29853 -118.56 -135.812
53 508.862 715.723 5 9.85017 -126.916 102.981
54 509.281 715.995 5 9.39104 -123.808 71.6485
55 509.7 716.267 5 8.93631 -136.779 -56.053
56 510.12 716.54 5 8.48666 -136.501 -50.5318
57 510.539 716.812 5 8.04296 -133.351 -11.2458
58 510.958 717.084 5 7.60625 -133.294 106.143
59 511.378 717.357 5 7.17781 -121.341 -126.342
60 511.797 717.629 5 6.7592 -95.0278 39.674
61 512.216 717.901 5 6.35237 -88.6466 -148.653
62 512.636 718.174 5 5.95974 -91.0249 67.5532
63 513.055 718.446 5 5.5843 -112.342 -179.207
64 513.474 718.718 5 5.22974 -122.016 10.5207
65 513.894 718.991 5 4.90062 -120.804 27.2563
66 508.589 716.142 5 9.66786 -129.214 -6.09348
67 509.009 716.414 5 9.19964 -135.708 164.171
68 509.428 716.687 5 8.73494 -142.686 -72.5515
69 509.847 716.959 5 8.27436 -130.541 43.277
70 510.267 717.231 5 7.81862 -129.944 18.8476
71 510.686 717.504 5 7.36863 -156.547 92.591
72 511.105 717.776 5 6.9255 -132.354 -66.4157
73 511.525 718.048 5 6.49064 -124.258 -149.481
74 511.944 718.321 5 6.06583 -88.2442 -55.7774
75 512.363 718.593 5 5.65333 -106.637 165.339
76 512.783 718.865 5 5.25604 -104.132 -79.1532
77 513.202 719.138 5 4.87768 -129.685 -85.1242
78 513.621 719.41 5 4.52301 -107.541 -13.7947
79 510.414 717.923 5 7.15809 -148.533 130.544
80 510.833 718.195 5 6.70105 -126.813 -128.387
81 511.672 718.74 5 5.80825 -96.3364 70.7847
82 512.091 719.012 5 5.37603 -121.73 -34.1535
83 512.51 719.285 5 4.95656 -124.263 43.1399
84 512.93 719.557 5 4.55339 -121.342 -78.8767
85 513.349 719.829 5 4.17124 -119.466 -29.8947
86 510.141 718.342 5 6.97709 -139.465 57.9768
87 510.561 718.615 5 6.50736 -122.947 -87.0648
88 511.399 719.159 5 5.58367 -93.4473 -60.0956
89 511.819 719.432 5 5.13257 -123.717 56.0991
90 512.238 719.704 5 4.69139 -137.562 23.2466
91 512.657 719.976 5 4.26321 -130.955 132.578
92 513.077 720.249 5 3.85237 -123.157 -50.5108
93 509.869 718.762 5 6.82799 -138.4 120.199
94 510.288 719.034 5 6.34723 -122.154 -48.284
95 511.127 719.579 5 5.3962 -88.9602 30.3891
96 511.546 719.851 5 4.92796 -250 0
97 511.966 720.123 5 4.46662 -129.773 42.4711
98 512.385 720.396 5 4.01454 -92.4802 -131.962
99 512.804 720.668 5 3.57524 -250 0
100 509.597 719.181 5 6.7129 -145.427 124.332
101 510.016 719.453 5 6.22325 -250 0
102 509.324 719.6 5 6.6336 -124.856 41.0085
103 509.744 719.873 5 6.13763 -157.898 116.998
104 509.052 720.02 5 6.59137 -123.56 91.7204
105 509.471 720.292 5 6.09196 -250 0
