1 514.644 719.84 5 2.54951 -48.5579 173.912
2 514.371 720.259 5 2.5 -51.3838 112.869
3 514.097 720.678 5 2.54951 -54.9682 53.3037
4 513.824 721.096 5 2.69258 -42.9518 138.896
5 513.551 721.515 5 2.91548 -50.0395 133.247
6 513.278 721.934 5 3.20156 -47.4428 172.356
7 513.004 722.353 5 3.53553 -46.5402 -67.3519
8 512.731 722.771 5 3.90512 -47.6867 -100.283
9 512.458 723.19 5 4.30116 -52.334 64.2603
10 512.185 723.609 5 4.71699 -62.1197 -118.471
11 515.063 720.113 5 2.06155 -44.6245 140.421
12 514.789 720.532 5 2 -51.0137 52.2302
13 514.516 720.951 5 2.06155 -46.6164 153.287
14 514.243 721.37 5 2.23607 -51.1441 44.113
15 513.97 721.788 5 2.5 -44.9441 -20.8313
16 513.696 722.207 5 2.82843 -41.9691 109.745
17 513.423 722.626 5 3.20156 -45.6409 120.21
18 513.15 723.045 5 3.60555 -47.6304 32.3473
19 512.877 723.463 5 4.03113 -51.1875 -80.6674
20 512.603 723.882 5 4.47214 -45.9853 109.142
21 515.481 720.387 5 1.58114 -40.5321 87.9958
22 515.208 720.805 5 1.5 -45.2191 -2.89132
23 514.935 721.224 5 1.58114 -41.6278 104.043
24 514.662 721.643 5 1.80278 -42.0399 -174.188
25 514.388 722.062 5 2.12132 -57.378 -40.3464
26 514.115 722.48 5 2.5 -47.4536 -31.2199
27 513.842 722.899 5 2.91548 -50.2985 -127.155
28 513.568 723.318 5 3.3541 -45.7365 69.8172
29 513.295 723.737 5 3.80789 -43.0818 151.506
30 513.022 724.155 5 4.272 -54.7784 -148
31 515.9 720.66 5 1.11803 -37.1899 23.1379
32 515.627 721.079 5 1 -42.7436 22.911
33 515.353 721.497 5 1.11803 -45.0968 25.2686
34 515.08 721.916 5 1.41421 -37.33 -122.433
35 514.807 722.335 5 1.80278 -44.6499 -149.717
36 514.534 722.754 5 2.23607 -45.995 20.5586
37 514.26 723.172 5 2.69258 -45.8524 120.148
38 513.987 723.591 5 3.16228 -51.9206 -59.0768
39 516.319 720.933 5 0.707107 -35.7715 118.734
40 516.045 721.352 5 0.5 -36.4532 -7.69239
41 515.772 721.771 5 0.707107 -36.317 124.454
42 515.499 722.189 5 1.11803 -42.9813 -20.0318
43 515.226 722.608 5 1.58114 -46.199 166.013
44 514.952 723.027 5 2.06155 -42.5773 -174.261
45 514.679 723.446 5 2.54951 -40.7035 -149.628
46 514.406 723.864 5 3.04138 -46.4352 118.827
47 516.737 721.206 5 0.5 -31.7808 -3.22257
48 516.464 721.625 5 0 -44.4545 -30.3796
49 516.191 722.044 5 0.5 -32.3207 -4.33623
50 515.918 722.463 5 1 -37.317 -14.8594
51 515.644 722.881 5 1.5 -39.1231 -6.85834
52 515.371 723.3 5 2 -41.4084 -17.3757
53 515.098 723.719 5 2.5 -40.9112 -38.1802
54 514.825 724.138 5 3 -47.5837 -140.965
55 517.156 721.48 5 0.707107 -34.689 123.109
56 516.883 721.898 5 0.5 -37.8954 -15.2587
57 516.61 722.317 5 0.707107 -37.7053 141.356
58 516.336 722.736 5 1.11803 -42.9064 -18.9974
59 516.063 723.155 5 1.58114 -54.9938 121.536
60 515.79 723.573 5 2.06155 -43.5204 -168.952
61 515.517 723.992 5 2.54951 -43.0482 -145.568
62 515.243 724.411 5 3.04138 -48.5665 52.0621
63 517.575 721.753 5 1.11803 -39.668 10.8993
64 517.302 722.172 5 1 -40.2944 45.1045
65 517.028 722.59 5 1.11803 -39.9946 52.7455
66 516.755 723.009 5 1.41421 -41.0598 -113.285
67 516.482 723.428 5 1.80278 -50.7351 -136.649
68 516.209 723.847 5 2.23607 -50.3556 35.8704
69 515.935 724.265 5 2.69258 -49.755 140.351
70 515.662 724.684 5 3.16228 -51.1767 -106.624
71 517.994 722.026 5 1.58114 -42.0853 68.3838
72 517.72 722.445 5 1.5 -59.8414 4.2969
73 517.447 722.864 5 1.58114 -46.1184 98.8232
74 517.174 723.282 5 1.80278 -49.9947 158.205
75 516.901 723.701 5 2.12132 -47.7913 24.3626
76 516.627 724.12 5 2.5 -45.9587 -11.3095
77 516.354 724.539 5 2.91548 -54.7056 -95.5591
78 516.081 724.957 5 3.3541 -47.3184 45.5578
