1 505.473 717.831 5 10.3295 -112.138 -86.4546
2 505.747 717.412 5 10.179 -102.414 7.17624
3 506.02 716.994 5 10.0511 -85.4821 41.1166
4 506.294 716.575 5 9.94674 -97.1676 123.543
5 506.567 716.157 5 9.86663 -107.397 -56.8442
6 505.891 718.104 5 9.85768 -105.301 -158.692
7 506.165 717.686 5 9.69982 -98.5595 -108.38
8 506.439 717.267 5 9.56553 -98.0674 -138.541
9 506.712 716.849 5 9.4558 -102.069 88.6421
10 506.986 716.43 5 9.37149 -107.487 -149.13
11 506.31 718.378 5 9.38873 -104.497 176.179
12 506.584 717.96 5 9.22285 -104.243 43.6315
13 506.857 717.541 5 9.08151 -103.976 174.213
14 507.131 717.123 5 8.96585 -103.722 -54.7191
15 507.404 716.704 5 8.8769 -109.517 62.2929
16 506.728 718.652 5 8.92315 -100.683 55.1827
17 507.002 718.233 5 8.74845 -121.589 34.0379
18 507.276 717.815 5 8.59931 -101.1 -108.954
19 507.549 717.396 5 8.47708 -101.434 11.68
20 507.823 716.978 5 8.38294 -104.382 -144.576
21 507.147 718.925 5 8.4615 -103.908 -42.7001
22 507.421 718.507 5 8.27706 -108.213 -137.113
23 507.694 718.088 5 8.11927 -98.4256 -0.163824
24 507.968 717.67 5 7.9897 -108.002 117.469
25 508.241 717.251 5 7.88975 -104.46 143.429
26 507.565 719.199 5 8.00446 -83.5067 138.689
27 507.839 718.78 5 7.80924 -105.535 -147.663
28 508.113 718.362 5 7.64179 -103.033 -20.7664
29 508.386 717.943 5 7.50398 -104.251 -155.284
30 508.66 717.525 5 7.39746 -102.222 -23.0962
31 507.984 719.472 5 7.55287 -109.047 -127.527
32 508.258 719.054 5 7.34565 -117.918 -78.5254
33 508.531 718.635 5 7.16738 -105.66 85.6039
34 508.805 718.217 5 7.02027 -114.337 86.1718
35 509.078 717.798 5 6.90629 -114.231 44.8952
36 508.402 719.746 5 7.10776 -111.839 140.243
37 508.676 719.328 5 6.88716 -105.695 -77.3355
38 508.95 718.909 5 6.6967 -142.739 37.4727
39 509.223 718.491 5 6.539 -137.641 97.157
40 509.497 718.072 5 6.41649 -141.729 -67.0296
