1 514.644 719.84 5 3.16228 -48.3315 -133.195
2 514.371 720.259 5 3.04138 -49.9869 -74.5438
3 514.097 720.678 5 3 -56.4453 52.4155
4 513.824 721.096 5 3.04138 -46.838 -163.214
5 513.551 721.515 5 3.16228 -45.4613 124.296
6 513.278 721.934 5 3.3541 -44.1167 55.2026
7 513.004 722.353 5 3.60555 -56.4607 62.1781
8 512.731 722.771 5 3.90512 -46.4862 -107.744
9 512.458 723.19 5 4.24264 -53.1431 -75.4986
10 512.185 723.609 5 4.60977 -54.4027 14.2474
11 515.063 720.113 5 2.69258 -47.8336 123.691
12 514.789 720.532 5 2.54951 -60.2239 126.283
13 514.516 720.951 5 2.5 -51.1589 -34.0285
14 514.243 721.37 5 2.54951 -49.9605 175.977
15 513.97 721.788 5 2.69258 -47.6311 132.938
16 513.696 722.207 5 2.91548 -52.1583 -77.8343
17 513.423 722.626 5 3.20156 -47.3841 96.6525
18 513.15 723.045 5 3.53553 -55.9738 -126.553
19 512.877 723.463 5 3.90512 -52.339 -40.8081
20 512.603 723.882 5 4.30116 -53.8973 153.013
21 515.481 720.387 5 2.23607 -50.3389 -105.998
22 515.208 720.805 5 2.06155 -45.8802 155.622
23 514.935 721.224 5 2 -59.8493 -16.806
24 514.662 721.643 5 2.06155 -43.1197 158.655
25 514.388 722.062 5 2.23607 -44.0464 57.5213
26 514.115 722.48 5 2.5 -48.2863 -12.8866
27 513.842 722.899 5 2.82843 -53.9008 151.052
28 513.568 723.318 5 3.20156 -58.678 105.926
29 513.295 723.737 5 3.60555 -48.5085 63.8733
30 513.022 724.155 5 4.03113 -50.7685 -146.653
31 515.9 720.66 5 1.80278 -41.5602 -170.703
32 515.627 721.079 5 1.58114 -41.7136 105.127
33 515.353 721.497 5 1.5 -43.1376 6.53146
34 515.08 721.916 5 1.58114 -43.741 145.736
35 514.807 722.335 5 1.80278 -43.8758 -153.621
36 514.534 722.754 5 2.12132 -45.8915 2.61631
37 514.26 723.172 5 2.5 -44.9423 -22.8156
38 513.987 723.591 5 2.91548 -57.3619 136.85
39 516.319 720.933 5 1.41421 -48.1522 -145.339
40 516.045 721.352 5 1.11803 -43.4336 68.0792
41 515.772 721.771 5 1 -42.8051 1.40069
42 515.499 722.189 5 1.11803 -39.3629 17.6138
43 515.226 722.608 5 1.41421 -44.5402 -110.739
44 514.952 723.027 5 1.80278 -42.0228 -165.506
45 514.679 723.446 5 2.23607 -46.116 65.3579
46 514.406 723.864 5 2.69258 -45.3891 -22.6123
47 516.737 721.206 5 1.11803 -43.4919 -3.17082
48 516.464 721.625 5 0.707107 -36.2232 138.208
49 516.191 722.044 5 0.5 -36.5632 -14.1736
50 515.918 722.463 5 0.707107 -37.1388 139.696
51 515.644 722.881 5 1.11803 -41.8623 -17.1862
52 515.371 723.3 5 1.58114 -45.3848 168.279
53 515.098 723.719 5 2.06155 -42.7042 -172.409
54 514.825 724.138 5 2.54951 -58.2305 123.129
55 517.156 721.48 5 1 -35.8784 -9.69886
56 516.883 721.898 5 0.5 -32.0338 0.364682
57 516.61 722.317 5 0 -43.3971 -69.8154
58 516.336 722.736 5 0.5 -32.7723 -7.36057
59 516.063 723.155 5 1 -35.8006 -0.567349
60 515.79 723.573 5 1.5 -40.0318 -22.067
61 515.517 723.992 5 2 -39.2341 -21.2298
62 515.243 724.411 5 2.5 -54.8038 178.33
63 517.575 721.753 5 1.11803 -38.5138 -8.89688
64 517.302 722.172 5 0.707107 -35.4186 111.975
65 517.028 722.59 5 0.5 -33.6108 -4.20527
66 516.755 723.009 5 0.707107 -36.8408 130.201
67 516.482 723.428 5 1.11803 -38.1399 8.95527
68 516.209 723.847 5 1.58114 -48.1642 81.2153
69 515.935 724.265 5 2.06155 -51.7839 -140.059
70 515.662 724.684 5 2.54951 -48.7722 -62.7783
71 517.994 722.026 5 1.41421 -40.4159 -94.3026
72 517.72 722.445 5 1.11803 -43.3742 21.397
73 517.447 722.864 5 1 -39.927 -30.2809
74 517.174 723.282 5 1.11803 -41.9079 10.9012
75 516.901 723.701 5 1.41421 -40.589 -125.844
76 516.627 724.12 5 1.80278 -46.014 -171.82
77 516.354 724.539 5 2.23607 -42.2166 32.9014
78 516.081 724.957 5 2.69258 -54.1114 137.29
