1 505.473 717.831 5 9.30257 -118.187 125.985
2 505.747 717.412 5 9.35152 -123.434 -77.7584
3 506.02 716.994 5 9.42678 -128.323 17.4827
4 506.294 716.575 5 9.52771 -115.014 -83.6351
5 506.567 716.157 5 9.65352 -123.31 46.3627
6 505.891 718.104 5 8.80391 -114.825 61.7813
7 506.165 717.686 5 8.85562 -128.495 11.7812
8 506.439 717.267 5 8.93505 -117.859 115.974
9 506.712 716.849 5 9.04148 -124.648 -89.0377
10 506.986 716.43 5 9.17396 -130.748 -141.647
11 506.31 718.378 5 8.30542 -116.174 50.4829
12 506.584 717.96 5 8.36021 -111.753 -104.402
13 506.857 717.541 5 8.44431 -116.167 -144.818
14 507.131 717.123 5 8.55684 -121.851 -14.8233
15 507.404 716.704 5 8.6967 -123.463 5.91915
16 506.728 718.652 5 7.80712 -115.41 72.5757
17 507.002 718.233 5 7.86538 -118.975 -153.384
18 507.276 717.815 5 7.95471 -120.488 110.19
19 507.549 717.396 5 8.07407 -118.271 -94.6168
20 507.823 716.978 5 8.22215 -129.56 103.831
21 507.147 718.925 5 7.30905 -139.564 -160.575
22 507.421 718.507 5 7.37125 -123.03 102.692
23 507.694 718.088 5 7.46649 -115.326 71.7232
24 507.968 717.67 5 7.59353 -117.004 -63.3174
25 508.241 717.251 5 7.7508 -113.328 49.785
26 507.565 719.199 5 6.81126 -116.011 -17.9516
27 507.839 718.78 5 6.87797 -128.866 -16.8287
28 508.113 718.362 5 6.97994 -127.642 114.412
29 508.386 717.943 5 7.11567 -113.653 -90.274
30 508.66 717.525 5 7.28327 -104.923 41.6936
31 507.984 719.472 5 6.31382 -122.208 140.676
32 508.258 719.054 5 6.38573 -114.062 -119.081
33 508.531 718.635 5 6.49544 -100.496 60.444
34 508.805 718.217 5 6.64108 -134.717 -15.7771
35 509.078 717.798 5 6.82034 -125.09 -64.7458
36 508.402 719.746 5 5.81683 -97.3648 53.5309
37 508.676 719.328 5 5.8948 -110.238 -125.026
38 508.95 718.909 5 6.01347 -154.042 16.1948
39 509.223 718.491 5 6.17049 -250 0
40 509.497 718.072 5 6.36303 -250 0
