1 509.951 714.045 5 11.398 -61.2356 -176.851
2 510.37 714.318 5 10.9581 -52.607 11.5858
3 510.79 714.59 5 10.5235 -54.9544 161.209
4 511.209 714.862 5 10.095 -61.5144 -80.4802
5 511.628 715.135 5 9.67336 -55.8671 104.746
6 512.048 715.407 5 9.25951 -59.0585 -155.107
7 512.467 715.679 5 8.85457 -56.6343 -82.8595
8 512.886 715.952 5 8.45979 -73.7419 103.566
9 513.306 716.224 5 8.07669 -70.5792 -91.6417
10 513.725 716.496 5 7.70698 -67.5126 -13.4431
11 514.144 716.769 5 7.35271 -63.149 74.71
12 514.564 717.041 5 7.0162 -101.322 101.574
13 514.983 717.313 5 6.70014 -99.5499 -167.23
14 509.679 714.465 5 11.1738 -62.9811 -150.977
15 510.098 714.737 5 10.7247 -57.5565 -104.975
16 510.517 715.009 5 10.2803 -57.9641 120.168
17 510.937 715.282 5 9.84116 -56.6776 -27.2314
18 511.356 715.554 5 9.40815 -59.2471 147.175
19 511.775 715.826 5 8.98209 -59.3028 -30.3976
20 512.195 716.099 5 8.56404 -59.3428 90.39
21 512.614 716.371 5 8.15521 -58.7935 153
22 513.033 716.643 5 7.75708 -68.0701 -17.1466
23 513.453 716.916 5 7.37136 -85.4758 21.9343
24 513.872 717.188 5 7.00012 -63.6984 -175.891
25 514.291 717.46 5 6.64579 -65.0732 4.89489
26 514.711 717.733 5 6.3112 -56.3571 -48.204
27 509.406 714.884 5 10.9678 -59.1598 50.6577
28 509.826 715.156 5 10.5099 -71.8259 -146.661
29 510.245 715.429 5 10.056 -62.5796 -6.2308
30 510.664 715.701 5 9.60666 -69.6771 -138.637
31 511.084 715.973 5 9.16257 -59.2913 118.339
32 511.503 716.246 5 8.72453 -56.6869 -18.9352
33 511.922 716.518 5 8.2935 -53.7267 124.846
34 512.342 716.79 5 7.87063 -55.1199 -98.8449
35 512.761 717.063 5 7.45732 -56.7545 15.7833
36 513.18 717.335 5 7.05524 -73.6536 -17.1528
37 513.6 717.607 5 6.66642 -72.2316 113.073
38 514.019 717.88 5 6.29332 -69.9456 21.0921
39 514.438 718.152 5 5.93891 -63.0169 66.1943
40 509.134 715.303 5 10.7811 -67.9561 146.802
41 509.553 715.576 5 10.3149 -66.4279 144.895
42 509.973 715.848 5 9.85203 -76.3779 95.1641
43 510.392 716.12 5 9.39294 -74.7391 -90.241
44 510.811 716.393 5 8.93823 -67.6152 -5.97473
45 511.231 716.665 5 8.48862 -67.5349 -79.0657
46 511.65 716.937 5 8.04497 -60.571 115.374
47 512.069 717.21 5 7.6083 -53.9239 -26.6184
48 512.489 717.482 5 7.1799 -59.0501 116.129
49 512.908 717.754 5 6.76134 -51.1962 -161.169
50 513.327 718.027 5 6.35457 -52.9474 -67.1317
51 513.747 718.299 5 5.96198 -71.4558 37.0911
52 514.166 718.571 5 5.58659 -63.4156 -145.477
53 508.862 715.723 5 10.6147 -66.7932 -82.5461
54 509.281 715.995 5 10.1409 -72.1219 7.9936
55 509.7 716.267 5 9.66964 -78.9209 67.6245
56 510.12 716.54 5 9.20145 -72.3558 135.584
57 510.539 716.812 5 8.73678 -67.0244 84.879
58 510.958 717.084 5 8.27624 -70.2162 -103.066
59 511.378 717.357 5 7.82054 -67.4319 -108.659
60 511.797 717.629 5 7.37059 -69.753 -139.702
61 512.216 717.901 5 6.92751 -61.9572 139.924
62 512.636 718.174 5 6.4927 -57.1862 -110.321
63 513.055 718.446 5 6.06794 -51.3487 31.6237
64 513.474 718.718 5 5.6555 -51.8279 134.706
65 513.894 718.991 5 5.25827 -68.643 -66.3193
66 508.589 716.142 5 10.4696 -69.0982 135.534
67 509.009 716.414 5 9.98882 -70.0541 146.755
68 509.428 716.687 5 9.51006 -71.1282 -178.775
69 509.847 716.959 5 9.0336 -97.534 -87.1919
70 510.267 717.231 5 8.55983 -70.1507 -42.6201
71 510.686 717.504 5 8.08922 -73.2644 -40.8655
72 511.105 717.776 5 7.62235 -71.9597 -157.764
73 511.525 718.048 5 7.15996 -77.0065 161.667
74 511.944 718.321 5 6.70297 -75.1185 158.696
75 512.363 718.593 5 6.25256 -61.5613 -166.439
76 512.783 718.865 5 5.81027 -53.9862 38.0419
77 513.202 719.138 5 5.37811 -53.0429 -138.893
78 513.621 719.41 5 4.95871 -51.9943 -51.4918
79 510.414 717.923 5 7.92937 -77.1961 71.7223
80 510.833 718.195 5 7.45249 -80.0107 -37.2827
81 511.672 718.74 5 6.50916 -67.5553 21.9028
82 512.091 719.012 5 6.04433 -68.5497 76.067
83 512.51 719.285 5 5.58558 -67.5985 43.1656
84 512.93 719.557 5 5.13453 -61.514 148.49
85 513.349 719.829 5 4.69342 -47.8317 0.0848969
86 510.141 718.342 5 7.79835 -76.6776 4.20176
87 510.561 718.615 5 7.31294 -84.4727 -130.357
88 511.399 719.159 5 6.3489 -66.4333 -84.0003
89 511.819 719.432 5 5.8714 -64.3995 156.892
90 512.238 719.704 5 5.39797 -69.8373 124.91
91 512.657 719.976 5 4.92979 -58.7056 140.313
92 513.077 720.249 5 4.46851 -65.7593 83.5934
93 509.869 718.762 5 7.69764 -91.5928 -158.006
94 510.288 719.034 5 7.20544 -85.0844 145.035
95 511.127 719.579 5 6.22478 -76.1073 6.95232
96 511.546 719.851 5 5.73696 -68.7119 -129.738
97 511.966 720.123 5 5.25142 -61.4774 -131.62
98 512.385 720.396 5 4.76888 -67.3781 -161.426
99 512.804 720.668 5 4.29033 -67.1035 -161.656
100 509.597 719.181 5 7.62844 -83.2068 -130.428
101 510.016 719.453 5 7.13147 -100.21 -86.7483
102 509.324 719.6 5 7.5916 -103.296 -12.2719
103 509.744 719.873 5 7.09205 -83.8289 -8.56539
104 509.052 720.02 5 7.58761 -89.9047 78.5672
105 509.471 720.292 5 7.08778 -98.5748 164.897
