1 509.951 714.045 5 11.1748 -64.8324 66.0966
2 510.37 714.318 5 10.7257 -60.7321 -53.89
3 510.79 714.59 5 10.2812 -63.8844 106.91
4 511.209 714.862 5 9.84212 -63.3417 -10.6464
5 511.628 715.135 5 9.40909 -58.6521 126.961
6 512.048 715.407 5 8.98302 -63.1178 41.9754
7 512.467 715.679 5 8.56494 -67.6174 170.407
8 512.886 715.952 5 8.1561 -67.1902 -21.3408
9 513.306 716.224 5 7.75794 -73.7578 161.148
10 513.725 716.496 5 7.37219 -56.3675 -89.5237
11 514.144 716.769 5 7.00092 -68.4704 96.1288
12 514.564 717.041 5 6.64655 -91.9485 55.8101
13 514.983 717.313 5 6.31191 -105.066 117.675
14 509.679 714.465 5 10.9689 -58.1577 -15.6291
15 510.098 714.737 5 10.5109 -58.1254 -176.877
16 510.517 715.009 5 10.057 -57.8641 48.4325
17 510.937 715.282 5 9.60764 -61.5577 -39.9996
18 511.356 715.554 5 9.16353 -59.7247 100.798
19 511.775 715.826 5 8.72548 -60.0397 -77.6348
20 512.195 716.099 5 8.29444 -62.0284 88.9125
21 512.614 716.371 5 7.87155 -78.3093 -78.9526
22 513.033 716.643 5 7.45822 -77.451 134.523
23 513.453 716.916 5 7.05611 -70.2055 -35.5057
24 513.872 717.188 5 6.66726 -59.7954 159.439
25 514.291 717.46 5 6.29412 -76.8272 1.15267
26 514.711 717.733 5 5.93966 -59.0958 -65.9865
27 509.406 714.884 5 10.7822 -67.8866 151.485
28 509.826 715.156 5 10.3159 -65.3777 72.0278
29 510.245 715.429 5 9.85304 -59.5822 -90.4112
30 510.664 715.701 5 9.39394 -57.3706 168.402
31 511.084 715.973 5 8.93922 -60.1197 59.2536
32 511.503 716.246 5 8.4896 -56.8063 -133.093
33 511.922 716.518 5 8.04593 -55.2931 89.2425
34 512.342 716.79 5 7.60925 -59.0159 -115.983
35 512.761 717.063 5 7.18083 -70.6396 -102.355
36 513.18 717.335 5 6.76225 -71.2958 -33.9539
37 513.6 717.607 5 6.35544 -68.4086 111.971
38 514.019 717.88 5 5.96283 -65.2344 13.391
39 514.438 718.152 5 5.5874 -64.1358 -26.5159
40 509.134 715.303 5 10.6158 -72.6829 -29.8133
41 509.553 715.576 5 10.1419 -75.0022 89.4608
42 509.973 715.848 5 9.67067 -65.6459 101.632
43 510.392 716.12 5 9.20247 -66.0778 -42.2315
44 510.811 716.393 5 8.7378 -72.8885 -24.8711
45 511.231 716.665 5 8.27724 -60.4982 -177.235
46 511.65 716.937 5 7.82154 -53.3458 3.73058
47 512.069 717.21 5 7.37157 -55.6722 -147.026
48 512.489 717.482 5 6.92847 -57.4107 72.3409
49 512.908 717.754 5 6.49364 -54.9873 -123.307
50 513.327 718.027 5 6.06886 -68.1402 -67.7468
51 513.747 718.299 5 5.65639 -73.7838 54.1652
52 514.166 718.571 5 5.25912 -68.6214 129.686
53 508.862 715.723 5 10.4706 -77.7957 91.6758
54 509.281 715.995 5 9.98987 -76.4399 155.944
55 509.7 716.267 5 9.51111 -66.944 -20.8406
56 510.12 716.54 5 9.03465 -71.1725 -99.6124
57 510.539 716.812 5 8.56087 -74.3817 -51.2082
58 510.958 717.084 5 8.09025 -56.9941 -37.882
59 511.378 717.357 5 7.62337 -59.9159 -149.677
60 511.797 717.629 5 7.16097 -62.6846 171.577
61 512.216 717.901 5 6.70396 -59.2626 3.81631
62 512.636 718.174 5 6.25354 -51.848 -170.551
63 513.055 718.446 5 5.81123 -51.0032 26.0962
64 513.474 718.718 5 5.37904 -68.3577 -140.745
65 513.894 718.991 5 4.95961 -56.5667 -87.3491
66 508.589 716.142 5 10.3476 -80.3067 -144.655
67 509.009 716.414 5 9.86088 -75.7351 -133.391
68 509.428 716.687 5 9.37553 -73.7559 73.2273
69 509.847 716.959 5 8.89181 -76.0972 8.37431
70 510.267 717.231 5 8.40999 -99.539 112.794
71 510.686 717.504 5 7.93042 -77.2447 38.0372
72 511.105 717.776 5 7.45354 -80.5593 -166.697
73 511.525 718.048 5 6.97989 -61.9161 -88.0871
74 511.944 718.321 5 6.51019 -61.6125 -149.508
75 512.363 718.593 5 6.04534 -57.7154 78.6727
76 512.783 718.865 5 5.58658 -52.8092 -35.3663
77 513.202 719.138 5 5.13551 -51.526 138.203
78 513.621 719.41 5 4.69437 -53.0178 -0.585084
79 510.414 717.923 5 7.79942 -91.5028 102.745
80 510.833 718.195 5 7.314 -79.6692 57.2952
81 511.672 718.74 5 6.34995 -75.9905 101.188
82 512.091 719.012 5 5.87244 -67.1029 119.867
83 512.51 719.285 5 5.399 -52.4151 122.432
84 512.93 719.557 5 4.93081 -54.2372 45.4671
85 513.349 719.829 5 4.46951 -55.8394 -57.7501
86 510.141 718.342 5 7.69872 -79.1033 -104.238
87 510.561 718.615 5 7.20652 -82.0419 -106.168
88 511.399 719.159 5 6.22586 -75.2609 -4.32572
89 511.819 719.432 5 5.73803 -78.9751 140.473
90 512.238 719.704 5 5.25248 -55.5266 145.233
91 512.657 719.976 5 4.76993 -64.7616 -143.734
92 513.077 720.249 5 4.29138 -67.2686 173.682
93 509.869 718.762 5 7.62953 -82.3304 95.3244
94 510.288 719.034 5 7.13256 -83.6513 111.949
95 511.127 719.579 5 6.14009 -59.9911 58.0829
96 511.546 719.851 5 5.64485 -75.0094 83.8184
97 511.966 720.123 5 5.15053 -76.1387 -85.9604
98 512.385 720.396 5 4.65743 -72.6787 131.498
99 512.804 720.668 5 4.16597 -67.0562 -10.5696
100 509.597 719.181 5 7.5927 -85.9331 -85.4695
101 510.016 719.453 5 7.09315 -88.3981 -179.861
102 509.324 719.6 5 7.58871 -91.0187 174.45
103 509.744 719.873 5 7.08887 -86.269 160.442
104 509.052 720.02 5 7.6176 -96.5203 -64.6712
105 509.471 720.292 5 7.1198 -90.2136 28.8522
