1 514.644 719.84 5 5.31507 -55.8294 -177.584
2 514.371 720.259 5 5 -50.3665 -29.3452
3 514.097 720.678 5 4.71699 -59.7815 167.894
4 513.824 721.096 5 4.47214 -56.0436 172.165
5 513.551 721.515 5 4.272 -64.5953 158.766
6 513.278 721.934 5 4.12311 -52.0441 13.0557
7 513.004 722.353 5 4.03113 -60.8271 -146.599
8 512.731 722.771 5 4 -65.2084 -99.0762
9 512.458 723.19 5 4.03113 -68.4916 -169.319
10 512.185 723.609 5 4.12311 -66.2379 104.596
11 515.063 720.113 5 4.94975 -49.4821 125.211
12 514.789 720.532 5 4.60977 -47.3035 59.5739
13 514.516 720.951 5 4.30116 -51.7191 165.882
14 514.243 721.37 5 4.03113 -49.879 -55.7978
15 513.97 721.788 5 3.80789 -59.3425 167.495
16 513.696 722.207 5 3.64006 -52.8231 -120.46
17 513.423 722.626 5 3.53553 -52.7697 -112.197
18 513.15 723.045 5 3.5 -49.1368 26.6632
19 512.877 723.463 5 3.53553 -59.3714 133.012
20 512.603 723.882 5 3.64006 -55.936 -156.72
21 515.481 720.387 5 4.60977 -47.7671 14.036
22 515.208 720.805 5 4.24264 -50.5916 25.529
23 514.935 721.224 5 3.90512 -48.7866 -76.7117
24 514.662 721.643 5 3.60555 -45.7603 68.5737
25 514.388 722.062 5 3.3541 -55.3754 65.0843
26 514.115 722.48 5 3.16228 -53.479 -64.2192
27 513.842 722.899 5 3.04138 -57.0435 162.641
28 513.568 723.318 5 3 -47.9437 179.747
29 513.295 723.737 5 3.04138 -55.869 -47.2383
30 513.022 724.155 5 3.16228 -53.0188 16.1555
31 515.9 720.66 5 4.30116 -56.021 160.919
32 515.627 721.079 5 3.90512 -50.4802 -131.865
33 515.353 721.497 5 3.53553 -45.7605 -107.831
34 515.08 721.916 5 3.20156 -49.7596 119.411
35 514.807 722.335 5 2.91548 -57.1898 0.383222
36 514.534 722.754 5 2.69258 -51.7374 -173.925
37 514.26 723.172 5 2.54951 -51.6038 -176.455
38 513.987 723.591 5 2.5 -54.456 -142.396
39 516.319 720.933 5 4.03113 -49.7387 -99.0511
40 516.045 721.352 5 3.60555 -54.5096 56.6372
41 515.772 721.771 5 3.20156 -44.9018 111.658
42 515.499 722.189 5 2.82843 -42.8974 136.463
43 515.226 722.608 5 2.5 -49.7338 21.874
44 514.952 723.027 5 2.23607 -46.1587 43.2243
45 514.679 723.446 5 2.06155 -47.2499 -171.894
46 514.406 723.864 5 2 -42.219 -76.5688
47 516.737 721.206 5 3.80789 -58.0409 83.0851
48 516.464 721.625 5 3.3541 -46.2827 46.3624
49 516.191 722.044 5 2.91548 -48.5851 -118.276
50 515.918 722.463 5 2.5 -51.0916 30.2455
51 515.644 722.881 5 2.12132 -42.8595 16.251
52 515.371 723.3 5 1.80278 -48.1505 -114.716
53 515.098 723.719 5 1.58114 -54.2884 118.625
54 514.825 724.138 5 1.5 -42.6689 -162.078
55 517.156 721.48 5 3.64005 -52.1965 -19.806
56 516.883 721.898 5 3.16228 -56.4309 -164.218
57 516.61 722.317 5 2.69258 -51.5669 155.324
58 516.336 722.736 5 2.23607 -53.092 -9.10334
59 516.063 723.155 5 1.80278 -41.3899 -161.722
60 515.79 723.573 5 1.41421 -39.0274 -122.573
61 515.517 723.992 5 1.11803 -40.1191 33.0184
62 515.243 724.411 5 1 -34.3681 149.061
63 517.575 721.753 5 3.53553 -47.964 -86.2605
64 517.302 722.172 5 3.04138 -50.1145 -34.9401
65 517.028 722.59 5 2.54951 -52.2564 -69.2539
66 516.755 723.009 5 2.06155 -52.153 179.966
67 516.482 723.428 5 1.58114 -44.4366 125.433
68 516.209 723.847 5 1.11803 -42.7812 -0.182878
69 515.935 724.265 5 0.707107 -35.722 120.408
70 515.662 724.684 5 0.5 -34.3262 -15.4533
71 517.994 722.026 5 3.5 -45.2996 11.1952
72 517.72 722.445 5 3 -49.4473 39.6699
73 517.447 722.864 5 2.5 -45.6911 53.8766
74 517.174 723.282 5 2 -42.4596 41.9731
75 516.901 723.701 5 1.5 -43.5919 39.0975
76 516.627 724.12 5 1 -39.4367 34.4542
77 516.354 724.539 5 0.5 -34.1913 32.3656
78 516.081 724.957 5 0 -37.3174 94.87
