1 509.951 714.045 5 8.85063 -82.422 -91.5396
2 510.37 714.318 5 8.45567 -75.5538 -55.857
3 510.79 714.59 5 8.07236 -79.2219 -86.0091
4 511.209 714.862 5 7.70246 -75.6677 -13.9635
5 511.628 715.135 5 7.34796 -76.7863 -107.176
6 512.048 715.407 5 7.01123 -81.4175 2.91333
7 512.467 715.679 5 6.69493 -93.4953 8.30219
8 512.886 715.952 5 6.40209 -75.3535 -168.489
9 513.306 716.224 5 6.13609 -76.0544 32.5964
10 513.725 716.496 5 5.90053 -66.579 -160.479
11 514.144 716.769 5 5.69921 -78.3309 108.845
12 514.564 717.041 5 5.53586 -108.673 142.597
13 514.983 717.313 5 5.41392 -134.473 62.6084
14 509.679 714.465 5 8.56035 -80.6783 -33.7614
15 510.098 714.737 5 8.15134 -77.7495 -54.817
16 510.517 715.009 5 7.753 -77.8081 -143.659
17 510.937 715.282 5 7.36707 -85.1835 161.336
18 511.356 715.554 5 6.99561 -78.0029 -130.179
19 511.775 715.826 5 6.64103 -87.3444 99.8513
20 512.195 716.099 5 6.30619 -76.7053 -18.7919
21 512.614 716.371 5 5.9944 -80.8769 153.316
22 513.033 716.643 5 5.70942 -86.7493 78.4144
23 513.453 716.916 5 5.45548 -71.6637 44.3921
24 513.872 717.188 5 5.23708 -74.8466 11.1538
25 514.291 717.46 5 5.05883 -79.897 -159.123
26 514.711 717.733 5 4.92509 -88.5107 -133.732
27 509.406 714.884 5 8.29009 -72.7022 120.105
28 509.826 715.156 5 7.86704 -82.4768 50.7997
29 510.245 715.429 5 7.45352 -81.2582 -35.3372
30 510.664 715.701 5 7.05122 -103.013 32.2141
31 511.084 715.973 5 6.66217 -80.4194 47.4785
32 511.503 716.246 5 6.28882 -87.6764 162.033
33 511.922 716.518 5 5.93414 -77.0167 50.5081
34 512.342 716.79 5 5.60167 -72.3234 11.258
35 512.761 717.063 5 5.29561 -82.1384 -26.913
36 513.18 717.335 5 5.02078 -76.5683 -57.5425
37 513.6 717.607 5 4.78257 -72.5057 177.121
38 514.019 717.88 5 4.58669 -73.502 -169.531
39 514.438 718.152 5 4.43875 -83.331 28.7314
40 509.134 715.303 5 8.04186 -81.0732 -9.00157
41 509.553 715.576 5 7.60501 -81.1085 -148.795
42 509.973 715.848 5 7.17642 -78.2582 37.3342
43 510.392 716.12 5 6.75764 -80.0491 -173.244
44 510.811 716.393 5 6.35063 -78.1643 -83.1246
45 511.231 716.665 5 5.95779 -81.4359 -88.0279
46 511.65 716.937 5 5.58211 -76.705 93.1581
47 512.069 717.21 5 5.2273 -80.443 -45.9509
48 512.489 717.482 5 4.8979 -84.3188 93.7566
49 512.908 717.754 5 4.59937 -95.1836 150.315
50 513.327 718.027 5 4.33808 -69.3487 154.841
51 513.747 718.299 5 4.12113 -74.693 -106.909
52 514.166 718.571 5 3.95581 -85.0067 -161.94
53 508.862 715.723 5 7.81776 -87.4575 35.3668
54 509.281 715.995 5 7.36765 -88.3218 142.336
55 509.7 716.267 5 6.92437 -80.964 50.3104
56 510.12 716.54 5 6.48935 -87.2523 127.016
57 510.539 716.812 5 6.06436 -83.5827 -133.5
58 510.958 717.084 5 5.65165 -76.7141 44.9008
59 511.378 717.357 5 5.25413 -92.2434 159.317
60 511.797 717.629 5 4.87552 -83.3364 -34.9861
61 512.216 717.901 5 4.52056 -77.91 24.6016
62 512.636 718.174 5 4.19526 -85.787 -79.6058
63 513.055 718.446 5 3.90703 -74.4568 130.753
64 513.474 718.718 5 3.66465 -65.5352 116.614
65 513.894 718.991 5 3.4777 -70.7786 158.334
66 508.589 716.142 5 7.61994 -87.2269 -74.9201
67 509.009 716.414 5 7.15739 -81.5259 -176.805
68 509.428 716.687 5 6.70022 -78.208 179.481
69 509.847 716.959 5 6.24961 -85.3673 134.31
70 510.267 717.231 5 5.8071 -80.2919 -149.62
71 510.686 717.504 5 5.37468 -74.1773 -160.304
72 511.105 717.776 5 4.95499 -78.4021 152.698
73 511.525 718.048 5 4.55155 -70.2281 76.6033
74 511.944 718.321 5 4.1691 -74.5675 140.356
75 512.363 718.593 5 3.81394 -77.2744 34.3895
76 512.783 718.865 5 3.49441 -82.0445 -84.1645
77 513.202 719.138 5 3.22112 -67.5304 -23.1748
78 513.621 719.41 5 3.00672 -65.8909 -67.435
79 510.414 717.923 5 5.13158 -94.518 84.682
80 510.833 718.195 5 4.69019 -82.1766 -157.355
81 511.672 718.74 5 3.85063 -74.6471 -61.5424
82 512.091 719.012 5 3.46296 -73.664 1.05688
83 512.51 719.285 5 3.10755 -75.7986 -62.2442
84 512.93 719.557 5 2.79671 -82.1898 -104.513
85 513.349 719.829 5 2.54683 -62.4312 -131.868
86 510.141 718.342 5 4.92738 -83.1581 -137.304
87 510.561 718.615 5 4.46585 -87.2448 151.009
88 511.399 719.159 5 3.57398 -78.6289 177.883
89 511.819 719.432 5 3.15247 -69.4552 87.8825
90 512.238 719.704 5 2.75732 -77.7451 -84.5915
91 512.657 719.976 5 2.40158 -71.6529 32.7598
92 513.077 720.249 5 2.10531 -71.956 -135.562
93 509.869 718.762 5 4.76708 -84.1801 -56.7299
94 510.288 719.034 5 4.28833 -81.6451 -144.979
95 511.127 719.579 5 3.34952 -82.0205 -131.693
96 511.546 719.851 5 2.89552 -67.7067 12.5695
97 511.966 720.123 5 2.45943 -47.7884 -157.475
98 512.385 720.396 5 2.05269 -72.3049 -9.67321
99 512.804 720.668 5 1.69655 -62.8177 122.673
100 509.597 719.181 5 4.65521 -90.6425 -16.9848
101 510.016 719.453 5 4.16362 -82.9023 -32.7067
102 509.324 719.6 5 4.59532 -77.7371 -124.121
103 509.744 719.873 5 4.09655 -80.2492 112.457
104 509.052 720.02 5 4.58944 -77.7263 -97.5002
105 509.471 720.292 5 4.08995 -82.9392 66.129
