1 505.473 717.831 5 9.94796 -106.753 -155.436
2 505.747 717.412 5 9.86786 -115.159 104.415
3 506.02 716.994 5 9.81262 -112.096 47.0713
4 506.294 716.575 5 9.78265 -113.541 69.81
5 506.567 716.157 5 9.77819 -114.694 -88.3701
6 505.891 718.104 5 9.45701 -108.436 126.285
7 506.165 717.686 5 9.37272 -109.546 18.5867
8 506.439 717.267 5 9.31454 -110.309 130.091
9 506.712 716.849 5 9.28296 -112.912 -155.927
10 506.986 716.43 5 9.27826 -106.303 -63.1087
11 506.31 718.378 5 8.96706 -120.462 169.633
12 506.584 717.96 5 8.87812 -110.672 -20.8169
13 506.857 717.541 5 8.81668 -115.735 -151.699
14 507.131 717.123 5 8.78331 -113.418 -69.2225
15 507.404 716.704 5 8.77834 -103.838 36.108
16 506.728 718.652 5 8.47829 -118.836 -177.817
17 507.002 718.233 5 8.38416 -121.191 48.5143
18 507.276 717.815 5 8.31907 -114.073 165.942
19 507.549 717.396 5 8.2837 -101.926 -51.7647
20 507.823 716.978 5 8.27843 -107.153 -43.83
21 507.147 718.925 5 7.99091 -124.444 0.0718529
22 507.421 718.507 5 7.89097 -116.577 94.8664
23 507.694 718.088 5 7.82177 -101.605 -170.237
24 507.968 717.67 5 7.78414 -103.636 -133.669
25 508.241 717.251 5 7.77854 -128.116 71.2134
26 507.565 719.199 5 7.50518 -123.019 -167.183
27 507.839 718.78 5 7.39868 -102.771 42.8888
28 508.113 718.362 5 7.32484 -112.395 149.951
29 508.386 717.943 5 7.28464 -134.905 27.9783
30 508.66 717.525 5 7.27865 -120.234 -95.8742
31 507.984 719.472 5 7.02146 -108.826 -95.8789
32 508.258 719.054 5 6.90751 -119.494 -3.95683
33 508.531 718.635 5 6.82836 -115.098 -59.2482
34 508.805 718.217 5 6.78522 -122.273 -16.5671
35 509.078 717.798 5 6.77879 -119.537 112.694
36 508.402 719.746 5 6.54019 -105.887 -94.3021
37 508.676 719.328 5 6.4177 -114.578 -102.446
38 508.95 718.909 5 6.33243 -127.195 -4.16525
39 509.223 718.491 5 6.28589 -127.129 43.9144
40 509.497 718.072 5 6.27894 -250 0
