1 505.473 717.831 5 11.2796 -250 0
2 505.747 717.412 5 11.2979 -250 0
3 506.02 716.994 5 11.3381 -250 0
4 506.294 716.575 5 11.4002 -250 0
5 506.567 716.157 5 11.4837 -250 0
6 505.891 718.104 5 10.7797 -250 0
7 506.165 717.686 5 10.7988 -250 0
8 506.439 717.267 5 10.8409 -250 0
9 506.712 716.849 5 10.9058 -250 0
10 506.986 716.43 5 10.9931 -250 0
11 506.31 718.378 5 10.2798 -250 0
12 506.584 717.96 5 10.2998 -250 0
13 506.857 717.541 5 10.3439 -250 0
14 507.131 717.123 5 10.4119 -250 0
15 507.404 716.704 5 10.5033 -250 0
16 506.728 718.652 5 9.77982 -250 0
17 507.002 718.233 5 9.80084 -250 0
18 507.276 717.815 5 9.84723 -250 0
19 507.549 717.396 5 9.91864 -250 0
20 507.823 716.978 5 10.0145 -250 0
21 507.147 718.925 5 9.27989 -250 0
22 507.421 718.507 5 9.30204 -250 0
23 507.694 718.088 5 9.3509 -250 0
24 507.968 717.67 5 9.42608 -250 0
25 508.241 717.251 5 9.52693 -250 0
26 507.565 719.199 5 8.77997 -250 0
27 507.839 718.78 5 8.80337 -250 0
28 508.113 718.362 5 8.85499 -250 0
29 508.386 717.943 5 8.93434 -250 0
30 508.66 717.525 5 9.04068 -250 0
31 507.984 719.472 5 8.28006 -250 0
32 508.258 719.054 5 8.30487 -250 0
33 508.531 718.635 5 8.35957 -250 0
34 508.805 718.217 5 8.44358 -250 0
35 509.078 717.798 5 8.55602 -250 0
36 508.402 719.746 5 7.78016 -250 0
37 508.676 719.328 5 7.80656 -250 0
38 508.95 718.909 5 7.86473 -250 0
39 509.223 718.491 5 7.95396 -250 0
40 509.497 718.072 5 8.07323 -250 0
