1 505.473 717.831 5 11.7829 -108.742 -83.1099
2 505.747 717.412 5 11.7792 -108.621 56.2602
3 506.02 716.994 5 11.7966 -107.07 -167.959
4 506.294 716.575 5 11.8352 -117.548 -160.015
5 506.567 716.157 5 11.8946 -124.089 -141.564
6 505.891 718.104 5 11.2832 -106.332 -99.7982
7 506.165 717.686 5 11.2792 -117.144 54.2338
8 506.439 717.267 5 11.2974 -127.249 -130.425
9 506.712 716.849 5 11.3377 -118.714 50.5374
10 506.986 716.43 5 11.3997 -113.338 58.0813
11 506.31 718.378 5 10.7834 -116.787 -166.669
12 506.584 717.96 5 10.7793 -114.177 -157.996
13 506.857 717.541 5 10.7983 -116.206 137.793
14 507.131 717.123 5 10.8404 -123.841 56.5795
15 507.404 716.704 5 10.9053 -101.348 115.416
16 506.728 718.652 5 10.2837 -118.642 -179.673
17 507.002 718.233 5 10.2793 -114.191 -87.4151
18 507.276 717.815 5 10.2993 -115.078 -115.769
19 507.549 717.396 5 10.3434 -104.885 -2.49236
20 507.823 716.978 5 10.4114 -103.724 33.1043
21 507.147 718.925 5 9.78394 -118.566 76.0949
22 507.421 718.507 5 9.7794 -111.156 102.359
23 507.694 718.088 5 9.8004 -105.269 -127.588
24 507.968 717.67 5 9.84677 -106.038 -95.772
25 508.241 717.251 5 9.91816 -101.379 -90.0294
26 507.565 719.199 5 9.28426 -111.921 -118.643
27 507.839 718.78 5 9.27947 -108.163 102.862
28 508.113 718.362 5 9.3016 -114.998 90.6114
29 508.386 717.943 5 9.35044 -114.269 -116.775
30 508.66 717.525 5 9.4256 -122.084 61.8204
31 507.984 719.472 5 8.78461 -109.433 86.9931
32 508.258 719.054 5 8.77955 -105.369 -121.545
33 508.531 718.635 5 8.80293 -113.953 167.93
34 508.805 718.217 5 8.85453 -131.651 -137.924
35 509.078 717.798 5 8.93386 -145.474 146.997
36 508.402 719.746 5 8.28501 -115.733 69.6235
37 508.676 719.328 5 8.27964 -119.731 64.2913
38 508.95 718.909 5 8.30443 -250 0
39 509.223 718.491 5 8.35911 -250 0
40 509.497 718.072 5 8.44309 -250 0
