1 509.951 714.045 5 10.0933 -71.0168 15.9321
2 510.37 714.318 5 9.67155 -65.4893 127.995
3 510.79 714.59 5 9.25763 -77.5941 -10.3807
4 511.209 714.862 5 8.8526 -68.97 160.443
5 511.628 715.135 5 8.45773 -67.0256 -137.731
6 512.048 715.407 5 8.07452 -66.1964 -127.418
7 512.467 715.679 5 7.70472 -71.2384 -20.683
8 512.886 715.952 5 7.35034 -65.4262 -74.7512
9 513.306 716.224 5 7.01372 -63.1833 -128.203
10 513.725 716.496 5 6.69753 -90.0301 65.6604
11 514.144 716.769 5 6.40482 -69.5744 -40.8307
12 514.564 717.041 5 6.13893 -91.8032 20.221
13 514.983 717.313 5 5.90349 -121.311 -48.4853
14 509.679 714.465 5 9.83956 -70.5809 -111.212
15 510.098 714.737 5 9.40647 -75.1611 -85.4344
16 510.517 715.009 5 8.98033 -73.456 -70.176
17 510.937 715.282 5 8.56219 -79.6503 -151.869
18 511.356 715.554 5 8.15327 -63.4519 -78.0277
19 511.775 715.826 5 7.75504 -71.9839 100.842
20 512.195 716.099 5 7.36922 -72.3319 98.8653
21 512.614 716.371 5 6.99787 -66.7652 179.706
22 513.033 716.643 5 6.64341 -72.5174 173.256
23 513.453 716.916 5 6.30869 -64.9173 129.614
24 513.872 717.188 5 5.99703 -74.7569 -107.12
25 514.291 717.46 5 5.71219 -81.4967 -64.5811
26 514.711 717.733 5 5.45838 -64.3641 114.593
27 509.406 714.884 5 9.60518 -74.0099 119.369
28 509.826 715.156 5 9.16102 -81.8217 68.7768
29 510.245 715.429 5 8.7229 -71.5907 145.843
30 510.664 715.701 5 8.29179 -67.2041 85.0945
31 511.084 715.973 5 7.86883 -70.2898 9.30386
32 511.503 716.246 5 7.45542 -71.9189 174.615
33 511.922 716.518 5 7.05323 -72.5047 -87.3365
34 512.342 716.79 5 6.66429 -71.1945 28.9863
35 512.761 717.063 5 6.29107 -72.5063 60.0849
36 513.18 717.335 5 5.93652 -67.1324 66.3596
37 513.6 717.607 5 5.6042 -62.1756 -43.9958
38 514.019 717.88 5 5.29828 -75.5316 34.2279
39 514.438 718.152 5 5.0236 -80.5659 -2.47199
40 509.134 715.303 5 9.3916 -72.844 -129.258
41 509.553 715.576 5 8.93683 -74.6536 -150.064
42 509.973 715.848 5 8.48715 -71.9373 165.067
43 510.392 716.12 5 8.04341 -72.0349 141.671
44 510.811 716.393 5 7.60666 -73.166 -42.4953
45 511.231 716.665 5 7.17816 -71.3031 15.2503
46 511.65 716.937 5 6.75949 -76.8321 -68.8115
47 512.069 717.21 5 6.3526 -77.6015 169.237
48 512.489 717.482 5 5.95988 -66.0158 -173.575
49 512.908 717.754 5 5.58435 -66.2653 -66.6061
50 513.327 718.027 5 5.2297 -69.6514 -60.5397
51 513.747 718.299 5 4.90046 -60.6125 159.414
52 514.166 718.571 5 4.60209 -62.4433 157.751
53 508.862 715.723 5 9.20027 -83.599 -152.035
54 509.281 715.995 5 8.73554 -73.1848 -76.8519
55 509.7 716.267 5 8.27493 -74.9097 -101.019
56 510.12 716.54 5 7.81915 -76.818 137.123
57 510.539 716.812 5 7.36912 -77.6612 -74.1797
58 510.958 717.084 5 6.92594 -73.2327 -141.711
59 511.378 717.357 5 6.49102 -66.3992 -133.215
60 511.797 717.629 5 6.06615 -84.705 57.3988
61 512.216 717.901 5 5.65357 -69.5711 -124.283
62 512.636 718.174 5 5.2562 -77.3333 107.404
63 513.055 718.446 5 4.87775 -68.3374 170.196
64 513.474 718.718 5 4.52296 -64.8073 134.194
65 513.894 718.991 5 4.19785 -62.4636 -139.133
66 508.589 716.142 5 9.03258 -72.6603 138.727
67 509.009 716.414 5 8.55876 -81.1701 48.7227
68 509.428 716.687 5 8.08808 -72.5155 -123.462
69 509.847 716.959 5 7.62114 -74.4848 152.606
70 510.267 717.231 5 7.15867 -76.9036 132.845
71 510.686 717.504 5 6.70159 -80.6971 97.9456
72 511.105 717.776 5 6.25109 -80.8902 46.5825
73 511.525 718.048 5 5.80869 -77.8111 105.575
74 511.944 718.321 5 5.37639 -70.0232 -165.988
75 512.363 718.593 5 4.95685 -74.7648 92.7168
76 512.783 718.865 5 4.55358 -58.6055 -160.326
77 513.202 719.138 5 4.17131 -64.1596 55.1113
78 513.621 719.41 5 3.81636 -61.4422 11.229
79 510.414 717.923 5 6.508 -76.358 -108.799
80 510.833 718.195 5 6.04308 -75.4252 -14.1885
81 511.672 718.74 5 5.13306 -63.3843 164.666
82 512.091 719.012 5 4.6918 -73.9436 86.4391
83 512.51 719.285 5 4.26354 -75.8016 160.569
84 512.93 719.557 5 3.8526 -76.1785 48.8822
85 513.349 719.829 5 3.46515 -61.2365 -149.912
86 510.141 718.342 5 6.34797 -78.2491 134.288
87 510.561 718.615 5 5.87039 -85.3601 -88.1573
88 511.399 719.159 5 4.92858 -63.2973 -168.887
89 511.819 719.432 5 4.46718 -51.3024 -61.1202
90 512.238 719.704 5 4.01503 -67.2031 -156.794
91 512.657 719.976 5 3.57564 -60.7047 -6.75239
92 513.077 720.249 5 3.15435 -71.9126 85.822
93 509.869 718.762 5 6.22409 -84.221 -170.895
94 510.288 719.034 5 5.73621 -97.995 -85.6637
95 511.127 719.579 5 4.76798 -78.2619 33.4184
96 511.546 719.851 5 4.28933 -74.1196 5.70689
97 511.966 720.123 5 3.81616 -62.9817 157.256
98 512.385 720.396 5 3.3508 -57.4023 136.402
99 512.804 720.668 5 2.897 -58.1512 -26.9553
100 509.597 719.181 5 6.13857 -92.9821 -15.4467
101 510.016 719.453 5 5.6433 -112.565 114.157
102 509.324 719.6 5 6.093 -88.305 32.0097
103 509.744 719.873 5 5.5937 -93.9912 -152.227
104 509.052 720.02 5 6.0883 -87.1674 -3.72629
105 509.471 720.292 5 5.58857 -91.2756 -82.133
