1 514.644 719.84 5 2.5 -50.8248 -16.6132
2 514.371 720.259 5 2.54951 -47.3374 118.283
3 514.097 720.678 5 2.69258 -40.545 156.292
4 513.824 721.096 5 2.91548 -42.6348 -42.2437
5 513.551 721.515 5 3.20156 -62.2421 17.0475
6 513.278 721.934 5 3.53553 -46.4316 -113.306
7 513.004 722.353 5 3.90512 -53.0164 -170.655
8 512.731 722.771 5 4.30116 -58.5481 120.925
9 512.458 723.19 5 4.71699 -45.541 -29.3233
10 512.185 723.609 5 5.14782 -47.9979 -88.8041
11 515.063 720.113 5 2 -63.1882 -52.1082
12 514.789 720.532 5 2.06155 -41.3336 127.516
13 514.516 720.951 5 2.23607 -45.7559 98.7472
14 514.243 721.37 5 2.5 -43.3995 27.8942
15 513.97 721.788 5 2.82843 -46.2675 133.08
16 513.696 722.207 5 3.20156 -57.1171 101.07
17 513.423 722.626 5 3.60555 -44.0751 91.5687
18 513.15 723.045 5 4.03113 -50.9206 -90.406
19 512.877 723.463 5 4.47214 -54.86 64.513
20 512.603 723.882 5 4.92443 -50.9407 104.132
21 515.481 720.387 5 1.5 -38.9172 16.9464
22 515.208 720.805 5 1.58114 -40.7985 82.6375
23 514.935 721.224 5 1.80278 -40.4982 -134.44
24 514.662 721.643 5 2.12132 -45.867 -50.8576
25 514.388 722.062 5 2.5 -53.8548 47.8914
26 514.115 722.48 5 2.91548 -45.3786 -118.64
27 513.842 722.899 5 3.3541 -48.89 30.6353
28 513.568 723.318 5 3.80789 -55.7274 138.88
29 513.295 723.737 5 4.272 -58.5578 -77.5249
30 513.022 724.155 5 4.74342 -65.2504 -52.3176
31 515.9 720.66 5 1 -41.2273 -23.7582
32 515.627 721.079 5 1.11803 -40.391 11.0445
33 515.353 721.497 5 1.41421 -38.6796 -121.506
34 515.08 721.916 5 1.80278 -41.1326 -145.937
35 514.807 722.335 5 2.23607 -58.8391 28.9681
36 514.534 722.754 5 2.69258 -48.3878 -179.46
37 514.26 723.172 5 3.16228 -54.3023 -93.3667
38 513.987 723.591 5 3.64006 -48.0244 -20.257
39 516.319 720.933 5 0.5 -32.1947 10.9624
40 516.045 721.352 5 0.707107 -37.5679 124.819
41 515.772 721.771 5 1.11803 -48.3061 -53.9556
42 515.499 722.189 5 1.58114 -47.9264 165.635
43 515.226 722.608 5 2.06155 -42.4828 -135.917
44 514.952 723.027 5 2.54951 -42.5011 -130.134
45 514.679 723.446 5 3.04138 -41.5364 -122.864
46 514.406 723.864 5 3.53553 -48.845 168.408
47 516.737 721.206 5 0 -43.8047 -22.8029
48 516.464 721.625 5 0.5 -31.7635 -5.12381
49 516.191 722.044 5 1 -36.1544 -25.843
50 515.918 722.463 5 1.5 -38.2671 -8.74093
51 515.644 722.881 5 2 -39.4194 -15.4357
52 515.371 723.3 5 2.5 -42.0438 2.88022
53 515.098 723.719 5 3 -42.9639 -18.8591
54 514.825 724.138 5 3.5 -46.9417 -129.233
55 517.156 721.48 5 0.5 -33.8571 2.53287
56 516.883 721.898 5 0.707107 -34.5494 120.936
57 516.61 722.317 5 1.11803 -43.2208 3.14437
58 516.336 722.736 5 1.58114 -49.8216 139.423
59 516.063 723.155 5 2.06155 -43.681 -151.54
60 515.79 723.573 5 2.54951 -41.0399 -114.594
61 515.517 723.992 5 3.04138 -43.9173 -119.9
62 515.243 724.411 5 3.53553 -56.7115 50.5488
63 517.575 721.753 5 1 -58.6819 69.9477
64 517.302 722.172 5 1.11803 -38.5217 27.4016
65 517.028 722.59 5 1.41421 -48.6349 172.557
66 516.755 723.009 5 1.80278 -41.2953 170.724
67 516.482 723.428 5 2.23607 -47.1795 18.5561
68 516.209 723.847 5 2.69258 -49.3598 152.329
69 515.935 724.265 5 3.16228 -46.5447 -118.662
70 515.662 724.684 5 3.64005 -55.8069 -13.1922
71 517.994 722.026 5 1.5 -46.4706 -82.3931
72 517.72 722.445 5 1.58114 -43.5785 59.3214
73 517.447 722.864 5 1.80278 -48.6236 -126.77
74 517.174 723.282 5 2.12132 -43.8743 9.90776
75 516.901 723.701 5 2.5 -48.4671 3.36866
76 516.627 724.12 5 2.91548 -47.3603 -149.705
77 516.354 724.539 5 3.3541 -50.7187 22.6181
78 516.081 724.957 5 3.80789 -57.4902 106.692
