1 514.644 719.84 5 5 -52.9865 -46.1202
2 514.371 720.259 5 4.71699 -61.5155 90.3311
3 514.097 720.678 5 4.47214 -47.9979 76.8599
4 513.824 721.096 5 4.272 -67.0353 39.9621
5 513.551 721.515 5 4.12311 -50.0532 -125.195
6 513.278 721.934 5 4.03113 -54.3117 -179.015
7 513.004 722.353 5 4 -51.2706 -57.7417
8 512.731 722.771 5 4.03113 -63.0369 -38.5973
9 512.458 723.19 5 4.12311 -78.4424 -148.662
10 512.185 723.609 5 4.272 -82.6429 10.449
11 515.063 720.113 5 4.60977 -48.6807 53.2678
12 514.789 720.532 5 4.30116 -55.5344 99.7147
13 514.516 720.951 5 4.03113 -47.9675 -113.031
14 514.243 721.37 5 3.80789 -47.584 -177.422
15 513.97 721.788 5 3.64006 -50.325 -43.7225
16 513.696 722.207 5 3.53553 -57.201 146.226
17 513.423 722.626 5 3.5 -53.0682 34.2567
18 513.15 723.045 5 3.53553 -51.2163 -105.245
19 512.877 723.463 5 3.64006 -52.9032 107.299
20 512.603 723.882 5 3.80789 -52.7903 165.163
21 515.481 720.387 5 4.24264 -54.3519 -47.8342
22 515.208 720.805 5 3.90512 -52.6795 -103.876
23 514.935 721.224 5 3.60555 -53.5125 47.9504
24 514.662 721.643 5 3.3541 -56.5769 61.2078
25 514.388 722.062 5 3.16228 -47.0172 -141.455
26 514.115 722.48 5 3.04138 -52.001 -147.368
27 513.842 722.899 5 3 -47.8021 -5.26945
28 513.568 723.318 5 3.04138 -47.4893 -171.789
29 513.295 723.737 5 3.16228 -52.7778 -150.016
30 513.022 724.155 5 3.3541 -55.0009 -40.602
31 515.9 720.66 5 3.90512 -51.4348 -145.349
32 515.627 721.079 5 3.53553 -47.2356 -76.0483
33 515.353 721.497 5 3.20156 -46.2772 150.076
34 515.08 721.916 5 2.91548 -43.6004 -116.748
35 514.807 722.335 5 2.69258 -56.7738 159.713
36 514.534 722.754 5 2.54951 -46.3943 170.077
37 514.26 723.172 5 2.5 -54.4803 -15.3975
38 513.987 723.591 5 2.54951 -48.8302 -150.714
39 516.319 720.933 5 3.60555 -48.6903 102.94
40 516.045 721.352 5 3.20156 -46.1985 169.681
41 515.772 721.771 5 2.82843 -58.6054 -157.33
42 515.499 722.189 5 2.5 -47.7352 2.96485
43 515.226 722.608 5 2.23607 -43.8701 42.4599
44 514.952 723.027 5 2.06155 -42.6967 163.947
45 514.679 723.446 5 2 -42.7391 -26.7943
46 514.406 723.864 5 2.06155 -53.9535 110.74
47 516.737 721.206 5 3.3541 -48.3806 10.3089
48 516.464 721.625 5 2.91548 -54.1274 -84.6999
49 516.191 722.044 5 2.5 -43.532 -5.67661
50 515.918 722.463 5 2.12132 -47.2533 22.9652
51 515.644 722.881 5 1.80278 -61.5004 -105.833
52 515.371 723.3 5 1.58114 -41.3695 121.498
53 515.098 723.719 5 1.5 -47.2614 -50.8558
54 514.825 724.138 5 1.58114 -40.392 -117.692
55 517.156 721.48 5 3.16228 -52.3848 -148.772
56 516.883 721.898 5 2.69258 -44.1039 151.383
57 516.61 722.317 5 2.23607 -42.9134 24.5227
58 516.336 722.736 5 1.80278 -48.4652 -133.383
59 516.063 723.155 5 1.41421 -42.5182 -102.485
60 515.79 723.573 5 1.11803 -42.4369 31.9222
61 515.517 723.992 5 1 -42.131 -8.51371
62 515.243 724.411 5 1.11803 -54.2687 163.305
63 517.575 721.753 5 3.04138 -55.684 -132.578
64 517.302 722.172 5 2.54951 -47.0902 -43.2884
65 517.028 722.59 5 2.06155 -49.7179 94.4356
66 516.755 723.009 5 1.58114 -42.8575 110.531
67 516.482 723.428 5 1.11803 -35.4306 7.85298
68 516.209 723.847 5 0.707107 -38.1217 122.79
69 515.935 724.265 5 0.5 -36.0187 -15.7632
70 515.662 724.684 5 0.707107 -40.1298 98.9494
71 517.994 722.026 5 3 -48.2775 -7.29388
72 517.72 722.445 5 2.5 -41.4446 58.6438
73 517.447 722.864 5 2 -41.9832 43.0121
74 517.174 723.282 5 1.5 -42.2896 7.59307
75 516.901 723.701 5 1 -36.962 22.3217
76 516.627 724.12 5 0.5 -35.0199 16.871
77 516.354 724.539 5 0 -46.3029 122.522
78 516.081 724.957 5 0.5 -33.3125 33.3475
