1 514.644 719.84 5 3.20156 -61.6928 -171.034
2 514.371 720.259 5 2.82843 -46.2036 143.224
3 514.097 720.678 5 2.5 -54.8479 -24.2402
4 513.824 721.096 5 2.23607 -49.2915 130.398
5 513.551 721.515 5 2.06155 -45.037 56.7733
6 513.278 721.934 5 2 -45.5704 -23.9847
7 513.004 722.353 5 2.06155 -46.032 146.991
8 512.731 722.771 5 2.23607 -42.4396 67.8473
9 512.458 723.19 5 2.5 -55.8724 -85.1618
10 512.185 723.609 5 2.82843 -50.188 108.17
11 515.063 720.113 5 2.91548 -51.1124 -144.209
12 514.789 720.532 5 2.5 -45.5212 37.6049
13 514.516 720.951 5 2.12132 -44.0024 7.54523
14 514.243 721.37 5 1.80278 -45.452 -135.44
15 513.97 721.788 5 1.58114 -44.863 145.335
16 513.696 722.207 5 1.5 -46.1368 -37.5788
17 513.423 722.626 5 1.58114 -44.6478 104.698
18 513.15 723.045 5 1.80278 -44.5318 -152.166
19 512.877 723.463 5 2.12132 -46.9323 9.16571
20 512.603 723.882 5 2.5 -49.6608 18.9493
21 515.481 720.387 5 2.69258 -42.8373 141.975
22 515.208 720.805 5 2.23607 -46.1425 55.1286
23 514.935 721.224 5 1.80278 -46.542 -172.086
24 514.662 721.643 5 1.41421 -43.1305 -87.2104
25 514.388 722.062 5 1.11803 -40.9057 2.32397
26 514.115 722.48 5 1 -41.1303 -15.426
27 513.842 722.899 5 1.11803 -39.3901 35.233
28 513.568 723.318 5 1.41421 -41.8364 -114.878
29 513.295 723.737 5 1.80278 -45.2182 -145.008
30 513.022 724.155 5 2.23607 -53.0027 15.243
31 515.9 720.66 5 2.54951 -46.6487 145.977
32 515.627 721.079 5 2.06155 -47.2965 167.388
33 515.353 721.497 5 1.58114 -44.2789 77.0672
34 515.08 721.916 5 1.11803 -38.054 15.3864
35 514.807 722.335 5 0.707107 -37.111 114.718
36 514.534 722.754 5 0.5 -34.4743 -3.87594
37 514.26 723.172 5 0.707107 -37.5486 132.184
38 513.987 723.591 5 1.11803 -44.0935 -2.62775
39 516.319 720.933 5 2.5 -40.3824 -21.9343
40 516.045 721.352 5 2 -41.1334 -27.594
41 515.772 721.771 5 1.5 -38.8886 -14.3695
42 515.499 722.189 5 1 -37.1819 -3.56425
43 515.226 722.608 5 0.5 -33.5869 -0.288881
44 514.952 723.027 5 0 -52.7996 -90.2064
45 514.679 723.446 5 0.5 -33.76 -5.91807
46 514.406 723.864 5 1 -38.4672 153.317
47 516.737 721.206 5 2.54951 -42.1704 -128.98
48 516.464 721.625 5 2.06155 -43.5698 -172.149
49 516.191 722.044 5 1.58114 -43.1032 164.091
50 515.918 722.463 5 1.11803 -45.6468 21.3977
51 515.644 722.881 5 0.707107 -35.3729 129.075
52 515.371 723.3 5 0.5 -35.3762 3.31537
53 515.098 723.719 5 0.707107 -37.5411 102.864
54 514.825 724.138 5 1.11803 -39.7182 153.403
55 517.156 721.48 5 2.69258 -49.7662 137.841
56 516.883 721.898 5 2.23607 -44.9394 30.148
57 516.61 722.317 5 1.80278 -41.0888 -167.49
58 516.336 722.736 5 1.41421 -43.2819 -147.539
59 516.063 723.155 5 1.11803 -41.6304 37.6408
60 515.79 723.573 5 1 -43.7818 24.2021
61 515.517 723.992 5 1.11803 -50.9213 17.8293
62 515.243 724.411 5 1.41421 -43.2872 89.5537
63 517.575 721.753 5 2.91548 -46.236 -81.5859
64 517.302 722.172 5 2.5 -52.5477 -31.5083
65 517.028 722.59 5 2.12132 -43.8639 16.8029
66 516.755 723.009 5 1.80278 -49.2411 167.35
67 516.482 723.428 5 1.58114 -43.4707 131.29
68 516.209 723.847 5 1.5 -43.2384 -4.28279
69 515.935 724.265 5 1.58114 -44.4503 155.735
70 515.662 724.684 5 1.80278 -52.0802 -173.163
71 517.994 722.026 5 3.20156 -50.7849 157.505
72 517.72 722.445 5 2.82843 -45.7535 146.546
73 517.447 722.864 5 2.5 -49.4654 -80.836
74 517.174 723.282 5 2.23607 -47.9738 11.8412
75 516.901 723.701 5 2.06155 -39.7868 159.031
76 516.627 724.12 5 2 -50.3785 11.8526
77 516.354 724.539 5 2.06155 -42.1009 173.698
78 516.081 724.957 5 2.23607 -48.8887 19.6353
