1 505.473 717.831 5 12.6001 -105.753 -47.0812
2 505.747 717.412 5 12.4969 -113.763 157.509
3 506.02 716.994 5 12.413 -106.539 -136.81
4 506.294 716.575 5 12.3488 -107.146 -44.0775
5 506.567 716.157 5 12.3047 -100.44 20.4786
6 505.891 718.104 5 12.1135 -111.844 -49.1173
7 506.165 717.686 5 12.0061 -106.254 -167.612
8 506.439 717.267 5 11.9188 -90.6501 -78.7131
9 506.712 716.849 5 11.8519 -107.831 0.900709
10 506.986 716.43 5 11.8059 -102.363 98.1088
11 506.31 718.378 5 11.628 -116.057 -31.3948
12 506.584 717.96 5 11.5161 -108.156 155.379
13 506.857 717.541 5 11.425 -105.058 38.5501
14 507.131 717.123 5 11.3553 -110.313 26.8906
15 507.404 716.704 5 11.3072 -111.933 153.444
16 506.728 718.652 5 11.1438 -115.78 54.2433
17 507.002 718.233 5 11.027 -104.777 80.9668
18 507.276 717.815 5 10.9319 -107.033 -48.9123
19 507.549 717.396 5 10.8589 -108.658 83.7528
20 507.823 716.978 5 10.8086 -115.45 -66.868
21 507.147 718.925 5 10.661 -98.626 65.5062
22 507.421 718.507 5 10.5389 -109.283 178.583
23 507.694 718.088 5 10.4393 -107.019 -112.863
24 507.968 717.67 5 10.3629 -99.9857 -31.7142
25 508.241 717.251 5 10.3102 -115.291 -62.9256
26 507.565 719.199 5 10.18 -91.1518 -76.9906
27 507.839 718.78 5 10.052 -102.638 -177.857
28 508.113 718.362 5 9.94753 -101.19 -21.2886
29 508.386 717.943 5 9.86732 -102.5 -138.911
30 508.66 717.525 5 9.81197 -111.938 -73.2762
31 507.984 719.472 5 9.70082 -98.6797 8.60877
32 508.258 719.054 5 9.56643 -98.5457 64.64
33 508.531 718.635 5 9.4566 -106.497 28.3598
34 508.805 718.217 5 9.3722 -108.275 -149.802
35 509.078 717.798 5 9.3139 -99.579 -82.5437
36 508.402 719.746 5 9.22388 -95.5783 -71.2686
37 508.676 719.328 5 9.08244 -101.944 -1.57828
38 508.95 718.909 5 8.96668 -250 0
39 509.223 718.491 5 8.87761 -250 0
40 509.497 718.072 5 8.81605 -250 0
