1 509.951 714.045 5 9.40685 -71.9243 -161.678
2 510.37 714.318 5 8.98067 -68.5375 -0.0231144
3 510.79 714.59 5 8.56249 -71.7855 -135.834
4 511.209 714.862 5 8.15351 -68.8498 99.3574
5 511.628 715.135 5 7.75522 -66.1689 66.656
6 512.048 715.407 5 7.36934 -69.5672 135.052
7 512.467 715.679 5 6.99791 -70.1463 173.299
8 512.886 715.952 5 6.64337 -67.0796 156.22
9 513.306 716.224 5 6.30857 -66.9795 66.9938
10 513.725 716.496 5 5.99681 -65.8684 -118.806
11 514.144 716.769 5 5.71186 -83.7924 -78.9186
12 514.564 717.041 5 5.45793 -97.8567 106.867
13 514.983 717.313 5 5.23953 -120.794 137.917
14 509.679 714.465 5 9.16147 -73.3868 124.599
15 510.098 714.737 5 8.72332 -75.5641 -158.425
16 510.517 715.009 5 8.29216 -73.2457 -162.374
17 510.937 715.282 5 7.86915 -69.8187 136.876
18 511.356 715.554 5 7.45568 -65.7613 169.457
19 511.775 715.826 5 7.05343 -72.929 -76.352
20 512.195 716.099 5 6.66442 -66.7523 5.60046
21 512.614 716.371 5 6.29112 -63.9677 64.5218
22 513.033 716.643 5 5.93648 -63.9674 18.2203
23 513.453 716.916 5 5.60406 -62.0913 -43.5873
24 513.872 717.188 5 5.29803 -68.548 173.134
25 514.291 717.46 5 5.02323 -80.407 -4.51843
26 514.711 717.733 5 4.78502 -81.9501 -40.1374
27 509.406 714.884 5 8.93736 -72.3152 -19.8763
28 509.826 715.156 5 8.48764 -75.0218 -73.8626
29 510.245 715.429 5 8.04386 -83.1155 -6.18415
30 510.664 715.701 5 7.60706 -71.8602 -54.2775
31 511.084 715.973 5 7.17851 -72.4138 -129.717
32 511.503 716.246 5 6.75978 -77.543 -6.19132
33 511.922 716.518 5 6.35282 -66.0548 132.436
34 512.342 716.79 5 5.96003 -73.8145 -117.97
35 512.761 717.063 5 5.58441 -65.7402 -89.9608
36 513.18 717.335 5 5.22965 -64.9032 -97.3665
37 513.6 717.607 5 4.9003 -61.7746 -160.484
38 514.019 717.88 5 4.6018 -75.6942 -107.474
39 514.438 718.152 5 4.34053 -67.1494 175.217
40 509.134 715.303 5 8.73614 -81.2562 82.4355
41 509.553 715.576 5 8.27549 -73.8552 104.031
42 509.973 715.848 5 7.81968 -86.4457 16.4577
43 510.392 716.12 5 7.36961 -96.0767 -146.248
44 510.811 716.393 5 6.92638 -69.0588 132.846
45 511.231 716.665 5 6.49141 -77.6959 -91.5178
46 511.65 716.937 5 6.06647 -67.3426 179.831
47 512.069 717.21 5 5.65382 -72.8377 4.8776
48 512.489 717.482 5 5.25637 -70.0722 119.28
49 512.908 717.754 5 4.87781 -82.3466 -108.839
50 513.327 718.027 5 4.52291 -64.9659 172.231
51 513.747 718.299 5 4.19766 -63.855 63.2223
52 514.166 718.571 5 3.90947 -65.348 123.39
53 508.862 715.723 5 8.55944 -72.7429 -102.38
54 509.281 715.995 5 8.08873 -71.6578 -147.685
55 509.7 716.267 5 7.62176 -81.6273 167.917
56 510.12 716.54 5 7.15925 -79.7413 -123.522
57 510.539 716.812 5 6.70213 -76.0898 140.206
58 510.958 717.084 5 6.25158 -76.6404 107.336
59 511.378 717.357 5 5.80912 -66.0164 76.4677
60 511.797 717.629 5 5.37676 -69.287 -0.528708
61 512.216 717.901 5 4.95713 -75.7977 -157.896
62 512.636 718.174 5 4.55377 -74.0496 -115.03
63 513.055 718.446 5 4.17139 -64.8243 26.2067
64 513.474 718.718 5 3.8163 -68.2373 16.2753
65 513.894 718.991 5 3.49682 -57.8956 -77.7971
66 508.589 716.142 5 8.40879 -83.9407 -53.2145
67 509.009 716.414 5 7.92915 -73.1053 -159.331
68 509.428 716.687 5 7.45218 -70.6419 95.9408
69 509.847 716.959 5 6.97844 -81.0966 66.1016
70 510.267 717.231 5 6.50863 -77.2344 44.5175
71 510.686 717.504 5 6.04367 -78.341 1.89808
72 511.105 717.776 5 5.58477 -70.0142 34.6441
73 511.525 718.048 5 5.13354 -69.2313 -0.651786
74 511.944 718.321 5 4.69222 -74.9709 -163.682
75 512.363 718.593 5 4.26387 -70.1951 -21.7888
76 512.783 718.865 5 3.85282 -71.9463 -170.211
77 513.202 719.138 5 3.46524 -62.1766 -73.6369
78 513.621 719.41 5 3.10991 -59.2358 -12.4622
79 510.414 717.923 5 5.87109 -92.3299 -127.352
80 510.833 718.195 5 5.39754 -77.0519 -176.399
81 511.672 718.74 5 4.46774 -65.37 -137.999
82 512.091 719.012 5 4.01551 -71.2864 -67.2743
83 512.51 719.285 5 3.57603 -65.9473 -138.304
84 512.93 719.557 5 3.15462 -60.9769 -49.5516
85 513.349 719.829 5 2.75958 -55.247 113.059
86 510.141 718.342 5 5.73703 -85.8499 170.909
87 510.561 718.615 5 5.2514 -84.3213 167.606
88 511.399 719.159 5 4.29004 -67.6037 158.447
89 511.819 719.432 5 3.81682 -58.7785 20.5375
90 512.238 719.704 5 3.35138 -96.5539 -45.701
91 512.657 719.976 5 2.89749 -75.3453 30.1897
92 513.077 720.249 5 2.46152 -62.6073 143.138
93 509.869 718.762 5 5.64423 -89.2467 -73.9687
94 510.288 719.034 5 5.14985 -84.1825 -54.1584
95 511.127 719.579 5 4.16512 -84.6618 178.559
96 511.546 719.851 5 3.67585 -56.0408 122.363
97 511.966 720.123 5 3.18991 -53.6084 -28.5089
98 512.385 720.396 5 2.7091 -63.0429 14.9759
99 512.804 720.668 5 2.23671 -58.8892 67.0105
100 509.597 719.181 5 5.59473 -84.903 -37.9195
101 510.016 719.453 5 5.09556 -86.6014 -7.97325
102 509.324 719.6 5 5.58971 -79.7373 47.7862
103 509.744 719.873 5 5.09004 -89.6249 50.699
104 509.052 720.02 5 5.62926 -95.473 -129.42
105 509.471 720.292 5 5.13344 -94.6254 106.463
