1 514.644 719.84 5 3.04138 -45.9129 -73.0917
2 514.371 720.259 5 2.54951 -43.3852 -112.529
3 514.097 720.678 5 2.06155 -45.7327 -41.6785
4 513.824 721.096 5 1.58114 -45.5918 -107.065
5 513.551 721.515 5 1.11803 -39.6598 -90.1834
6 513.278 721.934 5 0.707107 -37.2215 121.078
7 513.004 722.353 5 0.5 -37.352 10.5298
8 512.731 722.771 5 0.707107 -36.9852 106.553
9 512.458 723.19 5 1.11803 -40.9073 -133.049
10 512.185 723.609 5 1.58114 -42.768 -170.551
11 515.063 720.113 5 3 -39.6056 4.47584
12 514.789 720.532 5 2.5 -47.227 -13.2402
13 514.516 720.951 5 2 -41.2067 -69.8931
14 514.243 721.37 5 1.5 -41.4188 -7.50763
15 513.97 721.788 5 1 -40.6072 -17.6402
16 513.696 722.207 5 0.5 -31.7699 -3.04577
17 513.423 722.626 5 0 -46.2593 -63.5386
18 513.15 723.045 5 0.5 -32.4064 -0.699448
19 512.877 723.463 5 1 -37.6609 -5.43172
20 512.603 723.882 5 1.5 -40.4493 -15.4368
21 515.481 720.387 5 3.04138 -42.3953 -92.8151
22 515.208 720.805 5 2.54951 -47.6954 -91.6397
23 514.935 721.224 5 2.06155 -51.5739 -171.974
24 514.662 721.643 5 1.58114 -44.7433 113.312
25 514.388 722.062 5 1.11803 -37.3533 3.6007
26 514.115 722.48 5 0.707107 -35.9226 103.094
27 513.842 722.899 5 0.5 -34.1917 -7.80818
28 513.568 723.318 5 0.707107 -36.5281 111.44
29 513.295 723.737 5 1.11803 -37.8863 -2.99654
30 513.022 724.155 5 1.58114 -48.3442 145.748
31 515.9 720.66 5 3.16228 -52.5 -116.556
32 515.627 721.079 5 2.69258 -48.6362 155.132
33 515.353 721.497 5 2.23607 -52.9129 81.992
34 515.08 721.916 5 1.80278 -41.3093 -161.697
35 514.807 722.335 5 1.41421 -45.9857 -152.209
36 514.534 722.754 5 1.11803 -40.2706 50.0818
37 514.26 723.172 5 1 -45.5078 -3.85436
38 513.987 723.591 5 1.11803 -43.3183 40.4671
39 516.319 720.933 5 3.3541 -44.7039 39.068
40 516.045 721.352 5 2.91548 -45.9927 -82.8652
41 515.772 721.771 5 2.5 -52.4998 -43.448
42 515.499 722.189 5 2.12132 -44.5399 -14.1072
43 515.226 722.608 5 1.80278 -43.7886 -163.316
44 514.952 723.027 5 1.58114 -43.1035 104.823
45 514.679 723.446 5 1.5 -47.8406 -45.1226
46 514.406 723.864 5 1.58114 -38.8511 -97.3368
47 516.737 721.206 5 3.60555 -45.6858 99.6131
48 516.464 721.625 5 3.20156 -47.8103 118.646
49 516.191 722.044 5 2.82843 -53.1735 109.693
50 515.918 722.463 5 2.5 -57.976 83.822
51 515.644 722.881 5 2.23607 -61.3597 97.6722
52 515.371 723.3 5 2.06155 -44.026 162.576
53 515.098 723.719 5 2 -49.4914 -62.3344
54 514.825 724.138 5 2.06155 -41.3644 -54.4331
55 517.156 721.48 5 3.90512 -50.7672 -104.844
56 516.883 721.898 5 3.53553 -50.974 -86.1801
57 516.61 722.317 5 3.20156 -47.366 93.8943
58 516.336 722.736 5 2.91548 -47.139 -135.65
59 516.063 723.155 5 2.69258 -48.8315 146.084
60 515.79 723.573 5 2.54951 -51.6015 -171.394
61 515.517 723.992 5 2.5 -46.9753 0.00524417
62 515.243 724.411 5 2.54951 -46.0567 -62.596
63 517.575 721.753 5 4.24264 -48.9248 -24.8844
64 517.302 722.172 5 3.90512 -47.4561 -105.889
65 517.028 722.59 5 3.60555 -52.6227 90.5172
66 516.755 723.009 5 3.3541 -52.1963 -6.72874
67 516.482 723.428 5 3.16228 -45.3074 -135.396
68 516.209 723.847 5 3.04138 -47.853 -132.838
69 515.935 724.265 5 3 -47.4853 -22.4741
70 515.662 724.684 5 3.04138 -56.8695 166.903
71 517.994 722.026 5 4.60977 -68.7293 60.3742
72 517.72 722.445 5 4.30116 -52.335 103.934
73 517.447 722.864 5 4.03113 -44.5592 -101.716
74 517.174 723.282 5 3.80789 -58.0645 -94.6319
75 516.901 723.701 5 3.64006 -44.4402 -41.87
76 516.627 724.12 5 3.53553 -71.6611 -32.2065
77 516.354 724.539 5 3.5 -53.5914 7.49018
78 516.081 724.957 5 3.53553 -52.1718 -123.96
