1 509.951 714.045 5 7.82174 -66.3189 162.846
2 510.37 714.318 5 7.37157 -51.9667 -94.4703
3 510.79 714.59 5 6.92823 -49.2291 39.8417
4 511.209 714.862 5 6.49313 -59.6516 -179.863
5 511.628 715.135 5 6.06804 -54.2729 46.0126
6 512.048 715.407 5 5.65522 -51.7825 100.298
7 512.467 715.679 5 5.25755 -55.2513 -171.977
8 512.886 715.952 5 4.87875 -57.4246 -151.568
9 513.306 716.224 5 4.52355 -58.0859 171.338
10 513.725 716.496 5 4.19796 -63.9749 -119.495
11 514.144 716.769 5 3.90938 -69.7462 -84.206
12 514.564 717.041 5 3.66655 -106.916 121.804
13 514.983 717.313 5 3.47908 -102.259 147.867
14 509.679 714.465 5 7.62402 -56.1888 129.155
15 510.098 714.737 5 7.16142 -54.9142 144.495
16 510.517 715.009 5 6.7042 -55.2936 -81.6794
17 510.937 715.282 5 6.25354 -52.7341 -121.031
18 511.356 715.554 5 5.81094 -54.7061 0.783852
19 511.775 715.826 5 5.37842 -51.9355 -161.727
20 512.195 716.099 5 4.95861 -52.6722 -26.878
21 512.614 716.371 5 4.55501 -52.8199 71.1665
22 513.033 716.643 5 4.17235 -52.8314 99.0936
23 513.453 716.916 5 3.81692 -56.0514 53.3997
24 513.872 717.188 5 3.49703 -79.755 111.692
25 514.291 717.46 5 3.22329 -74.3821 -96.5056
26 514.711 717.733 5 3.00831 -67.1193 -141.924
27 509.406 714.884 5 7.45464 -52.6317 -40.1792
28 509.826 715.156 5 6.98083 -59.4022 1.77902
29 510.245 715.429 5 6.51094 -61.6089 73.315
30 510.664 715.701 5 6.04588 -54.0805 44.7258
31 511.084 715.973 5 5.58686 -52.2151 -41.4726
32 511.503 716.246 5 5.1355 -58.5857 179.857
33 511.922 716.518 5 4.69401 -50.5412 13.5164
34 512.342 716.79 5 4.26546 -48.8854 165.439
35 512.761 717.063 5 3.85415 -50.0779 -93.1326
36 513.18 717.335 5 3.46624 -51.2688 -46.4169
37 513.6 717.607 5 3.1105 -52.9922 -83.5466
38 514.019 717.88 5 2.7992 -69.1739 -36.8912
39 514.438 718.152 5 2.54871 -69.6977 -72.7633
40 509.134 715.303 5 7.31557 -58.8295 114.689
41 509.553 715.576 5 6.83212 -77.1676 123.369
42 509.973 715.848 5 6.35124 -73.6277 -174.784
43 510.392 716.12 5 5.87355 -60.2227 149.169
44 510.811 716.393 5 5.39991 -58.7576 123.236
45 511.231 716.665 5 4.93147 -61.1737 26.2662
46 511.65 716.937 5 4.46987 -52.3999 -72.8111
47 512.069 717.21 5 4.01747 -53.2717 163.061
48 512.489 717.482 5 3.57777 -49.1686 -2.18908
49 512.908 717.754 5 3.15607 -47.1406 125.078
50 513.327 718.027 5 2.76064 -48.0332 -167.607
51 513.747 718.299 5 2.40448 -69.3421 -12.3611
52 514.166 718.571 5 2.10757 -71.8939 -147.903
53 508.862 715.723 5 7.20857 -58.423 -34.758
54 509.281 715.995 5 6.71743 -57.6824 -57.0006
55 509.7 716.267 5 6.2277 -58.006 -87.2039
56 510.12 716.54 5 5.73974 -58.6123 -113.151
57 510.539 716.812 5 5.25404 -59.576 -148.077
58 510.958 717.084 5 4.7713 -56.777 160.278
59 511.378 717.357 5 4.29251 -56.5286 75.4776
60 511.797 717.629 5 3.81917 -61.5315 -26.8005
61 512.216 717.901 5 3.35356 -52.9489 -105.097
62 512.636 718.174 5 2.89944 -51.5976 135.842
63 513.055 718.446 5 2.46315 -46.6108 -45.115
64 513.474 718.718 5 2.05608 -49.2005 79.5974
65 513.894 718.991 5 1.69936 -63.521 -176.987
66 508.589 716.142 5 7.13509 -63.577 64.3018
67 509.009 716.414 5 6.63851 -68.5026 96.5126
68 509.428 716.687 5 6.14249 -61.6233 147.729
69 509.847 716.959 5 5.64717 -59.5503 171.406
70 510.267 717.231 5 5.15276 -63.6264 173.374
71 510.686 717.504 5 4.65954 -55.615 145.168
72 511.105 717.776 5 4.16793 -55.7162 123.486
73 511.525 718.048 5 3.67859 -57.7902 95.1647
74 511.944 718.321 5 3.19255 -52.9788 31.8949
75 512.363 718.593 5 2.71159 -58.9581 -11.3052
76 512.783 718.865 5 2.23899 -52.2354 -116.227
77 513.202 719.138 5 1.78141 -47.9111 113.425
78 513.621 719.41 5 1.35418 -42.4602 -72.9361
79 510.414 717.923 5 4.5997 -77.6693 107.005
80 510.833 718.195 5 4.10093 -74.5103 -64.5426
81 511.672 718.74 5 3.10456 -51.9773 -77.5124
82 512.091 719.012 5 2.60743 -56.3807 173.587
83 512.51 719.285 5 2.11164 -49.4289 -52.9881
84 512.93 719.557 5 1.61845 -50.9987 -134.805
85 513.349 719.829 5 1.13126 -46.4263 -152.467
86 510.141 718.342 5 4.59382 -75.4587 -119.924
87 510.561 718.615 5 4.09433 -83.6171 -97.9178
88 511.399 719.159 5 3.09585 -51.985 -25.6261
89 511.819 719.432 5 2.59704 -59.0888 -114.409
90 512.238 719.704 5 2.09881 -59.8756 24.0835
91 512.657 719.976 5 1.60167 -45.44 -5.41557
92 513.077 720.249 5 1.10712 -42.7657 -60.5197
93 509.869 718.762 5 4.64211 -79.9235 130.747
94 510.288 719.034 5 4.14844 -85.2082 -35.1673
95 511.127 719.579 5 3.16706 -64.1101 -60.8276
96 511.546 719.851 5 2.68153 -79.3129 -66.0955
97 511.966 720.123 5 2.20249 -68.5416 -42.327
98 512.385 720.396 5 1.73532 -58.9443 -37.096
99 512.804 720.668 5 1.29293 -44.817 19.6616
100 509.597 719.181 5 4.7429 -82.7304 45.1359
101 510.016 719.453 5 4.26093 -85.7928 -50.11
102 509.324 719.6 5 4.89296 -90.249 131.464
103 509.744 719.873 5 4.42735 -97.7419 -89.9517
104 509.052 720.02 5 5.08793 -92.357 -64.7152
105 509.471 720.292 5 4.64192 -92.4526 120.605
