1 514.644 719.84 5 3.53553 -55.7928 -72.3625
2 514.371 720.259 5 3.5 -47.7023 19.1406
3 514.097 720.678 5 3.53553 -46.1462 -145.67
4 513.824 721.096 5 3.64006 -47.6696 -54.3695
5 513.551 721.515 5 3.80789 -54.9446 72.1856
6 513.278 721.934 5 4.03113 -48.3205 -113.559
7 513.004 722.353 5 4.30116 -49.4876 122.366
8 512.731 722.771 5 4.60977 -49.0683 62.5843
9 512.458 723.19 5 4.94975 -55.5964 67.9213
10 512.185 723.609 5 5.31507 -51.6915 -165.945
11 515.063 720.113 5 3.04138 -53.6172 71.8451
12 514.789 720.532 5 3 -65.335 -70.8393
13 514.516 720.951 5 3.04138 -54.1427 -97.6566
14 514.243 721.37 5 3.16228 -42.8811 -128.543
15 513.97 721.788 5 3.3541 -45.6252 67.4058
16 513.696 722.207 5 3.60555 -63.3327 -161.943
17 513.423 722.626 5 3.90512 -47.2354 -119.666
18 513.15 723.045 5 4.24264 -55.2233 -49.3757
19 512.877 723.463 5 4.60977 -52.7798 42.2109
20 512.603 723.882 5 5 -57.7873 62.3504
21 515.481 720.387 5 2.54951 -45.8021 -12.9462
22 515.208 720.805 5 2.5 -48.8301 131.993
23 514.935 721.224 5 2.54951 -52.8386 158.858
24 514.662 721.643 5 2.69258 -45.0159 -150.51
25 514.388 722.062 5 2.91548 -51.9645 158.972
26 514.115 722.48 5 3.20156 -49.6602 150.674
27 513.842 722.899 5 3.53553 -49.9488 -76.3885
28 513.568 723.318 5 3.90512 -50.2713 -136.401
29 513.295 723.737 5 4.30116 -47.2469 -130.787
30 513.022 724.155 5 4.71699 -52.6343 -12.7161
31 515.9 720.66 5 2.06155 -47.1256 135.375
32 515.627 721.079 5 2 -47.8362 25.4945
33 515.353 721.497 5 2.06155 -46.1442 145.285
34 515.08 721.916 5 2.23607 -52.6769 86.7319
35 514.807 722.335 5 2.5 -42.726 51.9073
36 514.534 722.754 5 2.82843 -41.5246 131.555
37 514.26 723.172 5 3.20156 -46.1988 159.604
38 513.987 723.591 5 3.60555 -50.2937 -25.192
39 516.319 720.933 5 1.58114 -40.6536 108.064
40 516.045 721.352 5 1.5 -53.0747 -22.7504
41 515.772 721.771 5 1.58114 -48.3007 87.187
42 515.499 722.189 5 1.80278 -46.5924 154.742
43 515.226 722.608 5 2.12132 -43.573 -3.61353
44 514.952 723.027 5 2.5 -49.2452 -42.6949
45 514.679 723.446 5 2.91548 -64.4869 -63.9123
46 514.406 723.864 5 3.3541 -50.1482 -178.576
47 516.737 721.206 5 1.11803 -38.9758 22.5195
48 516.464 721.625 5 1 -41.3903 54.2243
49 516.191 722.044 5 1.11803 -40.9346 49.5971
50 515.918 722.463 5 1.41421 -43.145 -126.914
51 515.644 722.881 5 1.80278 -50.2695 -157.429
52 515.371 723.3 5 2.23607 -44.384 -6.47799
53 515.098 723.719 5 2.69258 -46.0434 153.791
54 514.825 724.138 5 3.16228 -53.8191 116.868
55 517.156 721.48 5 0.707107 -35.4582 111.945
56 516.883 721.898 5 0.5 -35.5837 -7.27727
57 516.61 722.317 5 0.707107 -36.0981 113.244
58 516.336 722.736 5 1.11803 -39.587 -15.3369
59 516.063 723.155 5 1.58114 -47.1788 154.263
60 515.79 723.573 5 2.06155 -44.211 -110.341
61 515.517 723.992 5 2.54951 -43.1884 -131.981
62 515.243 724.411 5 3.04138 -49.5271 34.5352
63 517.575 721.753 5 0.5 -31.4589 4.55431
64 517.302 722.172 5 0 -49.4249 84.4238
65 517.028 722.59 5 0.5 -33.0119 12.2325
66 516.755 723.009 5 1 -38.7373 5.54509
67 516.482 723.428 5 1.5 -42.5134 45.9548
68 516.209 723.847 5 2 -44.1895 5.29487
69 515.935 724.265 5 2.5 -44.665 -3.83656
70 515.662 724.684 5 3 -46.8129 38.4332
71 517.994 722.026 5 0.707107 -38.8266 114.973
72 517.72 722.445 5 0.5 -36.6633 -6.18231
73 517.447 722.864 5 0.707107 -37.4725 106.253
74 517.174 723.282 5 1.11803 -40.3881 10.6763
75 516.901 723.701 5 1.58114 -46.0625 135.738
76 516.627 724.12 5 2.06155 -52.6561 154.343
77 516.354 724.539 5 2.54951 -50.5067 -38.7565
78 516.081 724.957 5 3.04138 -50.7375 -53.1604
