1 514.644 719.84 5 4.94975 -55.6389 124.53
2 514.371 720.259 5 4.60977 -56.7766 16.4556
3 514.097 720.678 5 4.30116 -50.6277 -153.128
4 513.824 721.096 5 4.03113 -59.2797 -35.2562
5 513.551 721.515 5 3.80789 -51.3437 -46.6797
6 513.278 721.934 5 3.64006 -65.374 2.40882
7 513.004 722.353 5 3.53553 -69.6514 136.573
8 512.731 722.771 5 3.5 -63.9285 -163.979
9 512.458 723.19 5 3.53553 -63.326 41.9615
10 512.185 723.609 5 3.64006 -62.4242 -44.8692
11 515.063 720.113 5 4.60977 -56.8487 39.9795
12 514.789 720.532 5 4.24264 -53.1056 19.4853
13 514.516 720.951 5 3.90512 -51.9724 -109.92
14 514.243 721.37 5 3.60555 -69.1582 30.994
15 513.97 721.788 5 3.3541 -56.689 12.9261
16 513.696 722.207 5 3.16228 -60.5018 108.195
17 513.423 722.626 5 3.04138 -56.3134 160.796
18 513.15 723.045 5 3 -60.2379 -132.508
19 512.877 723.463 5 3.04138 -58.0097 -28.9271
20 512.603 723.882 5 3.16228 -57.1563 40.2058
21 515.481 720.387 5 4.30116 -62.2455 -39.9571
22 515.208 720.805 5 3.90512 -57.1338 -118.152
23 514.935 721.224 5 3.53553 -55.4425 -83.2984
24 514.662 721.643 5 3.20156 -53.0913 89.7334
25 514.388 722.062 5 2.91548 -56.2776 -162.69
26 514.115 722.48 5 2.69258 -60.4596 96.6276
27 513.842 722.899 5 2.54951 -62.5543 163.006
28 513.568 723.318 5 2.5 -54.0073 -13.9259
29 513.295 723.737 5 2.54951 -57.0586 22.6642
30 513.022 724.155 5 2.69258 -56.0753 85.0792
31 515.9 720.66 5 4.03113 -48.8102 -57.1101
32 515.627 721.079 5 3.60555 -50.0359 47.7934
33 515.353 721.497 5 3.20156 -53.7335 108.989
34 515.08 721.916 5 2.82843 -55.358 122.471
35 514.807 722.335 5 2.5 -51.5277 122.5
36 514.534 722.754 5 2.23607 -55.3512 -79.1672
37 514.26 723.172 5 2.06155 -61.2395 12.272
38 513.987 723.591 5 2 -54.1738 -41.9964
39 516.319 720.933 5 3.80789 -73.5185 112.233
40 516.045 721.352 5 3.3541 -49.1664 62.235
41 515.772 721.771 5 2.91548 -54.1311 -144.869
42 515.499 722.189 5 2.5 -50.7444 19.5328
43 515.226 722.608 5 2.12132 -48.5585 21.573
44 514.952 723.027 5 1.80278 -50.6662 178.469
45 514.679 723.446 5 1.58114 -61.7874 -19.1206
46 514.406 723.864 5 1.5 -33.8343 -147.983
47 516.737 721.206 5 3.64005 -56.4073 -43.4727
48 516.464 721.625 5 3.16228 -50.3957 -101.169
49 516.191 722.044 5 2.69258 -48.6208 126.962
50 515.918 722.463 5 2.23607 -47.8903 27.5474
51 515.644 722.881 5 1.80278 -45.1811 -157.826
52 515.371 723.3 5 1.41421 -44.7946 -130.728
53 515.098 723.719 5 1.11803 -52.1488 -92.002
54 514.825 724.138 5 1 -37.8875 -178.073
55 517.156 721.48 5 3.53553 -48.9448 -56.536
56 516.883 721.898 5 3.04138 -49.1206 -79.9916
57 516.61 722.317 5 2.54951 -48.2936 -61.0584
58 516.336 722.736 5 2.06155 -51.1611 -97.1546
59 516.063 723.155 5 1.58114 -51.8788 94.6981
60 515.79 723.573 5 1.11803 -39.9909 6.87282
61 515.517 723.992 5 0.707107 -41.3408 114.063
62 515.243 724.411 5 0.5 -30.8423 -171.563
63 517.575 721.753 5 3.5 -45.3282 21.4979
64 517.302 722.172 5 3 -47.6781 42.3044
65 517.028 722.59 5 2.5 -46.6508 41.4878
66 516.755 723.009 5 2 -42.8544 38.4566
67 516.482 723.428 5 1.5 -43.799 47.7194
68 516.209 723.847 5 1 -38.9912 32.579
69 515.935 724.265 5 0.5 -33.0106 21.4998
70 515.662 724.684 5 0 -48.3789 -23.6894
71 517.994 722.026 5 3.53553 -46.1839 -68.3932
72 517.72 722.445 5 3.04138 -50.1414 -56.2377
73 517.447 722.864 5 2.54951 -48.4226 -80.9235
74 517.174 723.282 5 2.06155 -46.3154 -167.98
75 516.901 723.701 5 1.58114 -54.3607 108.168
76 516.627 724.12 5 1.11803 -41.4833 -0.929688
77 516.354 724.539 5 0.707107 -39.9314 104.743
78 516.081 724.957 5 0.5 -33.3595 -10.9414
