1 505.473 717.831 5 11.2808 -111.577 -174.027
2 505.747 717.412 5 11.1431 -98.6629 -161.629
3 506.02 716.994 5 11.0263 -104.17 -2.40243
4 506.294 716.575 5 10.9312 -105.035 -34.8118
5 506.567 716.157 5 10.8584 -103.924 -37.3175
6 505.891 718.104 5 10.8042 -122.807 -172.475
7 506.165 717.686 5 10.6603 -103.814 10.9698
8 506.439 717.267 5 10.5382 -85.3587 63.1214
9 506.712 716.849 5 10.4387 -95.6213 77.8548
10 506.986 716.43 5 10.3623 -95.6726 156.993
11 506.31 718.378 5 10.3298 -98.9927 -20.6064
12 506.584 717.96 5 10.1792 -92.1966 2.16182
13 506.857 717.541 5 10.0513 -97.5195 -179.885
14 507.131 717.123 5 9.9469 -104.937 172.703
15 507.404 716.704 5 9.86675 -100.787 -153.002
16 506.728 718.652 5 9.85796 -96.6351 168.349
17 507.002 718.233 5 9.70006 -99.8347 -85.848
18 507.276 717.815 5 9.56573 -101.382 2.38209
19 507.549 717.396 5 9.45596 -105.171 111.99
20 507.823 716.978 5 9.37161 -112.487 -86.0122
21 507.147 718.925 5 9.38902 -86.2581 -105.383
22 507.421 718.507 5 9.22311 -104.411 -167.11
23 507.694 718.088 5 9.08172 -98.5497 35.4084
24 507.968 717.67 5 8.96602 -90.3663 158.286
25 508.241 717.251 5 8.87702 -91.4465 -96.8172
26 507.565 719.199 5 8.92346 -106.685 162.988
27 507.839 718.78 5 8.74872 -104.842 -34.5139
28 508.113 718.362 5 8.59954 -96.523 108.35
29 508.386 717.943 5 8.47726 -94.7262 -27.9825
30 508.66 717.525 5 8.38307 -95.5183 -63.9014
31 507.984 719.472 5 8.46183 -97.0448 -176.737
32 508.258 719.054 5 8.27735 -102.482 -142.935
33 508.531 718.635 5 8.11951 -97.8696 -145.129
34 508.805 718.217 5 7.98989 -97.0179 49.5073
35 509.078 717.798 5 7.88989 -99.0457 20.3637
36 508.402 719.746 5 8.00481 -106.903 70.2881
37 508.676 719.328 5 7.80954 -94.3275 114.089
38 508.95 718.909 5 7.64204 -250 0
39 509.223 718.491 5 7.50418 -180.931 -58.3434
40 509.497 718.072 5 7.39761 -250 0
