1 509.951 714.045 5 10.7842 -76.7613 118.828
2 510.37 714.318 5 10.318 -66.751 -78.8507
3 510.79 714.59 5 9.85507 -63.8821 152.313
4 511.209 714.862 5 9.39594 -75.0807 126.261
5 511.628 715.135 5 8.94121 -64.6244 35.3973
6 512.048 715.407 5 8.49157 -62.9271 -56.9773
7 512.467 715.679 5 8.04787 -59.3691 39.9749
8 512.886 715.952 5 7.61115 -60.4152 177.033
9 513.306 716.224 5 7.18269 -63.2295 43.2543
10 513.725 716.496 5 6.76406 -62.5285 166.883
11 514.144 716.769 5 6.3572 -63.3291 -31.7526
12 514.564 717.041 5 5.96452 -91.8855 -109.203
13 514.983 717.313 5 5.589 -96.1615 -52.6181
14 509.679 714.465 5 10.6179 -60.9034 -141.89
15 510.098 714.737 5 10.144 -72.9029 66.1804
16 510.517 715.009 5 9.67273 -62.1345 114.257
17 510.937 715.282 5 9.20452 -63.238 -20.8614
18 511.356 715.554 5 8.73983 -65.1807 115.776
19 511.775 715.826 5 8.27926 -77.7201 -59.672
20 512.195 716.099 5 7.82353 -63.935 -112.477
21 512.614 716.371 5 7.37353 -71.3315 143.015
22 513.033 716.643 5 6.9304 -66.3473 4.41893
23 513.453 716.916 5 6.49553 -56.6431 94.7826
24 513.872 717.188 5 6.0707 -58.3436 102.339
25 514.291 717.46 5 5.65817 -67.3949 73.1597
26 514.711 717.733 5 5.26083 -56.7394 50.1254
27 509.406 714.884 5 10.4727 -62.8181 19.9726
28 509.826 715.156 5 9.99198 -59.288 -87.7229
29 510.245 715.429 5 9.51321 -58.616 164.445
30 510.664 715.701 5 9.03673 -60.9604 125.998
31 511.084 715.973 5 8.56294 -66.6849 -5.24927
32 511.503 716.246 5 8.09231 -68.1295 -13.1524
33 511.922 716.518 5 7.62541 -69.7418 27.6579
34 512.342 716.79 5 7.16299 -82.6648 1.2135
35 512.761 717.063 5 6.70596 -65.5222 -138.15
36 513.18 717.335 5 6.2555 -64.6464 151.073
37 513.6 717.607 5 5.81316 -55.0632 -37.592
38 514.019 717.88 5 5.38091 -60.3361 -178.157
39 514.438 718.152 5 4.96142 -61.6781 174.014
40 509.134 715.303 5 10.3498 -70.0568 -22.5608
41 509.553 715.576 5 9.86301 -64.3746 -63.2346
42 509.973 715.848 5 9.37766 -62.259 -102.906
43 510.392 716.12 5 8.89393 -60.3334 161.451
44 510.811 716.393 5 8.4121 -66.3037 136.588
45 511.231 716.665 5 7.93252 -59.7005 72.4474
46 511.65 716.937 5 7.45562 -60.2516 -9.69551
47 512.069 717.21 5 6.98196 -75.1357 164.319
48 512.489 717.482 5 6.51224 -75.4572 -13.6395
49 512.908 717.754 5 6.04737 -67.3825 47.9305
50 513.327 718.027 5 5.58857 -69.7367 54.5879
51 513.747 718.299 5 5.13747 -63.0052 -68.0382
52 514.166 718.571 5 4.69628 -54.4236 -129.955
53 508.862 715.723 5 10.2497 -62.205 -102.39
54 509.281 715.995 5 9.75799 -63.1139 -123.117
55 509.7 716.267 5 9.26714 -57.4279 -138.608
56 510.12 716.54 5 8.77732 -61.3476 166.225
57 510.539 716.812 5 8.28871 -64.9018 135.714
58 510.958 717.084 5 7.80155 -62.1216 113.712
59 511.378 717.357 5 7.31613 -65.6305 27.2138
60 511.797 717.629 5 6.8328 -61.3048 -5.61502
61 512.216 717.901 5 6.35206 -58.6558 -72.5201
62 512.636 718.174 5 5.87453 -54.7955 -163.669
63 513.055 718.446 5 5.40107 -59.8505 74.5793
64 513.474 718.718 5 4.93285 -70.1305 31.6072
65 513.894 718.991 5 4.47152 -62.6092 138.72
66 508.589 716.142 5 10.1733 -75.7149 132.912
67 509.009 716.414 5 9.67769 -61.9436 76.7607
68 509.428 716.687 5 9.18255 -59.2944 80.8454
69 509.847 716.959 5 8.68796 -58.3883 36.6108
70 510.267 717.231 5 8.19403 -69.4908 92.0608
71 510.686 717.504 5 7.70088 -60.3859 52.4403
72 511.105 717.776 5 7.20868 -62.6342 19.3826
73 511.525 718.048 5 6.71763 -61.2229 -29.3183
74 511.944 718.321 5 6.228 -57.8595 -57.6511
75 512.363 718.593 5 5.74016 -58.6438 -127.207
76 512.783 718.865 5 5.25461 -54.132 -115.453
77 513.202 719.138 5 4.77204 -51.9246 152.066
78 513.621 719.41 5 4.29347 -58.8385 65.51
79 510.414 717.923 5 7.63171 -73.3117 39.8438
80 510.833 718.195 5 7.13474 -73.6834 121.853
81 511.672 718.74 5 6.14226 -57.2699 -74.9285
82 512.091 719.012 5 5.64702 -68.0866 119.718
83 512.51 719.285 5 5.1527 -58.3679 145.935
84 512.93 719.557 5 4.65959 -57.3935 101.254
85 513.349 719.829 5 4.16812 -61.6014 101.371
86 510.141 718.342 5 7.59489 -79.0522 -56.8218
87 510.561 718.615 5 7.09534 -92.2402 59.9917
88 511.399 719.159 5 6.09645 -66.9215 113.25
89 511.819 719.432 5 5.59716 -64.7189 64.3654
90 512.238 719.704 5 5.09801 -78.7468 -27.5814
91 512.657 719.976 5 4.59904 -65.5839 -31.6838
92 513.077 720.249 5 4.10032 -60.8096 -23.2172
93 509.869 718.762 5 7.5909 -80.6804 -105.878
94 510.288 719.034 5 7.09107 -76.9097 85.7657
95 511.127 719.579 5 6.09148 -74.2439 -137.842
96 511.546 719.851 5 5.59174 -63.8854 -63.9897
97 511.966 720.123 5 5.09206 -61.3542 168.252
98 512.385 720.396 5 4.59244 -73.9613 30.6113
99 512.804 720.668 5 4.09292 -67.8637 25.3085
100 509.597 719.181 5 7.61979 -93.421 117.324
101 510.016 719.453 5 7.12198 -85.8915 104.944
102 509.324 719.6 5 7.68118 -90.0293 -85.3957
103 509.744 719.873 5 7.18763 -80.7135 162.521
104 509.052 720.02 5 7.77431 -81.4611 11.2648
105 509.471 720.292 5 7.28707 -90.7874 -0.768431
