1 514.644 719.84 5 4.60977 -50.4204 -120.105
2 514.371 720.259 5 4.24264 -48.6195 -161.078
3 514.097 720.678 5 3.90512 -51.8201 127.161
4 513.824 721.096 5 3.60555 -65.5805 -1.05434
5 513.551 721.515 5 3.3541 -53.9995 90.7226
6 513.278 721.934 5 3.16228 -42.7078 -48.1695
7 513.004 722.353 5 3.04138 -38.6993 35.4068
8 512.731 722.771 5 3 -41.8337 70.0894
9 512.458 723.19 5 3.04138 -46.0452 -10.8348
10 512.185 723.609 5 3.16228 -55.1288 -5.13693
11 515.063 720.113 5 4.30116 -48.759 20.0331
12 514.789 720.532 5 3.90512 -46.4062 68.1052
13 514.516 720.951 5 3.53553 -48.0881 51.6618
14 514.243 721.37 5 3.20156 -52.9711 -18.9391
15 513.97 721.788 5 2.91548 -49.3631 5.22271
16 513.696 722.207 5 2.69258 -48.6467 59.5037
17 513.423 722.626 5 2.54951 -46.3484 -87.4415
18 513.15 723.045 5 2.5 -42.5584 111.602
19 512.877 723.463 5 2.54951 -42.4985 -115.746
20 512.603 723.882 5 2.69258 -59.3341 -11.318
21 515.481 720.387 5 4.03113 -47.0583 66.8465
22 515.208 720.805 5 3.60555 -46.0446 -129.541
23 514.935 721.224 5 3.20156 -47.6232 -48.5441
24 514.662 721.643 5 2.82843 -45.3379 -53.9826
25 514.388 722.062 5 2.5 -47.0065 -97.2305
26 514.115 722.48 5 2.23607 -42.5342 163.097
27 513.842 722.899 5 2.06155 -40.5461 -71.0198
28 513.568 723.318 5 2 -38.6098 90.4933
29 513.295 723.737 5 2.06155 -52.9227 -154.231
30 513.022 724.155 5 2.23607 -62.8493 -69.6302
31 515.9 720.66 5 3.80789 -45.956 -40.8775
32 515.627 721.079 5 3.3541 -44.494 -130.59
33 515.353 721.497 5 2.91548 -46.1823 35.1981
34 515.08 721.916 5 2.5 -49.1555 164.325
35 514.807 722.335 5 2.12132 -44.7553 130.235
36 514.534 722.754 5 1.80278 -43.9519 110.371
37 514.26 723.172 5 1.58114 -46.5643 103.413
38 513.987 723.591 5 1.5 -33.6229 178.301
39 516.319 720.933 5 3.64005 -55.2461 161.645
40 516.045 721.352 5 3.16228 -50.0297 20.9839
41 515.772 721.771 5 2.69258 -44.8949 -58.4404
42 515.499 722.189 5 2.23607 -45.0993 -167.367
43 515.226 722.608 5 1.80278 -44.2497 30.0356
44 514.952 723.027 5 1.41421 -43.3827 75.1991
45 514.679 723.446 5 1.11803 -50.0848 30.8398
46 514.406 723.864 5 1 -31.6324 -7.52131
47 516.737 721.206 5 3.53553 -59.1975 84.8323
48 516.464 721.625 5 3.04138 -48.8386 48.3313
49 516.191 722.044 5 2.54951 -49.0888 41.2149
50 515.918 722.463 5 2.06155 -50.3107 61.4829
51 515.644 722.881 5 1.58114 -42.0917 -96.0028
52 515.371 723.3 5 1.11803 -36.5365 172.469
53 515.098 723.719 5 0.707107 -36.6661 -44.2311
54 514.825 724.138 5 0.5 -29.0387 -0.186219
55 517.156 721.48 5 3.5 -53.4707 134.554
56 516.883 721.898 5 3 -52.6532 128.274
57 516.61 722.317 5 2.5 -60.8227 177.922
58 516.336 722.736 5 2 -46.0613 157.826
59 516.063 723.155 5 1.5 -48.9799 -165.367
60 515.79 723.573 5 1 -44.1857 -170.368
61 515.517 723.992 5 0.5 -39.7282 -173.802
62 515.243 724.411 5 0 -27.5661 -60.4813
63 517.575 721.753 5 3.53553 -51.553 47.9688
64 517.302 722.172 5 3.04138 -48.2689 59.19
65 517.028 722.59 5 2.54951 -56.4863 90.1912
66 516.755 723.009 5 2.06155 -45.8227 -31.7984
67 516.482 723.428 5 1.58114 -42.987 -67.7569
68 516.209 723.847 5 1.11803 -38.3501 -172.735
69 515.935 724.265 5 0.707107 -38.3202 -37.6068
70 515.662 724.684 5 0.5 -30.309 -157.714
71 517.994 722.026 5 3.64005 -48.4181 153.383
72 517.72 722.445 5 3.16228 -53.8019 19.7636
73 517.447 722.864 5 2.69258 -45.1465 -60.2764
74 517.174 723.282 5 2.23607 -50.2299 -143.959
75 516.901 723.701 5 1.80278 -41.7567 29.7268
76 516.627 724.12 5 1.41421 -44.3784 69.8241
77 516.354 724.539 5 1.11803 -51.6621 167.764
78 516.081 724.957 5 1 -34.5948 144.532
