1 514.644 719.84 5 4.30116 -54.2999 -47.3376
2 514.371 720.259 5 3.90512 -50.4203 95.4286
3 514.097 720.678 5 3.53553 -47.8918 54.9967
4 513.824 721.096 5 3.20156 -56.5706 -121.034
5 513.551 721.515 5 2.91548 -45.3065 -82.0574
6 513.278 721.934 5 2.69258 -43.6873 -149.403
7 513.004 722.353 5 2.54951 -40.5701 -17.5299
8 512.731 722.771 5 2.5 -48.6525 84.2414
9 512.458 723.19 5 2.54951 -46.6265 42.8939
10 512.185 723.609 5 2.69258 -64.4931 91.473
11 515.063 720.113 5 4.03113 -51.2195 -5.67662
12 514.789 720.532 5 3.60555 -49.9181 -144.043
13 514.516 720.951 5 3.20156 -46.8321 -79.049
14 514.243 721.37 5 2.82843 -49.1385 -67.0781
15 513.97 721.788 5 2.5 -43.3201 133.505
16 513.696 722.207 5 2.23607 -41.4455 -75.0846
17 513.423 722.626 5 2.06155 -39.6135 -46.2345
18 513.15 723.045 5 2 -40.6283 161.452
19 512.877 723.463 5 2.06155 -52.6618 -157.901
20 512.603 723.882 5 2.23607 -70.8812 164.864
21 515.481 720.387 5 3.80789 -55.4537 -39.5107
22 515.208 720.805 5 3.3541 -53.1102 -133.693
23 514.935 721.224 5 2.91548 -56.9729 22.023
24 514.662 721.643 5 2.5 -44.9328 144.205
25 514.388 722.062 5 2.12132 -44.6887 -148.192
26 514.115 722.48 5 1.80278 -39.9594 4.40363
27 513.842 722.899 5 1.58114 -42.9055 -140.275
28 513.568 723.318 5 1.5 -44.3439 -178.732
29 513.295 723.737 5 1.58114 -53.3381 163.845
30 513.022 724.155 5 1.80278 -58.9772 -146.882
31 515.9 720.66 5 3.64006 -56.552 125.681
32 515.627 721.079 5 3.16228 -53.0628 130.052
33 515.353 721.497 5 2.69258 -55.487 -115.705
34 515.08 721.916 5 2.23607 -52.3276 152.318
35 514.807 722.335 5 1.80278 -40.4285 16.7723
36 514.534 722.754 5 1.41421 -38.4015 61.9235
37 514.26 723.172 5 1.11803 -40.256 -131.971
38 513.987 723.591 5 1 -45.5452 175.133
39 516.319 720.933 5 3.53553 -48.7315 117.294
40 516.045 721.352 5 3.04138 -45.883 91.3064
41 515.772 721.771 5 2.54951 -46.5517 103.956
42 515.499 722.189 5 2.06155 -51.7145 55.174
43 515.226 722.608 5 1.58114 -47.3979 68.6047
44 514.952 723.027 5 1.11803 -41.4883 145.819
45 514.679 723.446 5 0.707107 -35.2584 -66.4294
46 514.406 723.864 5 0.5 -30.1151 -47.3875
47 516.737 721.206 5 3.5 -46.6136 -135.913
48 516.464 721.625 5 3 -47.3356 -135.471
49 516.191 722.044 5 2.5 -44.0936 -144.028
50 515.918 722.463 5 2 -47.7781 -160.55
51 515.644 722.881 5 1.5 -40.625 -147.401
52 515.371 723.3 5 1 -38.0778 -149.644
53 515.098 723.719 5 0.5 -34.4011 -137.002
54 514.825 724.138 5 0 -40.4209 -22.7579
55 517.156 721.48 5 3.53553 -48.629 111.47
56 516.883 721.898 5 3.04138 -48.9139 122.066
57 516.61 722.317 5 2.54951 -52.0517 120.211
58 516.336 722.736 5 2.06155 -45.9317 119.134
59 516.063 723.155 5 1.58114 -47.8807 -137.394
60 515.79 723.573 5 1.11803 -41.9737 152.11
61 515.517 723.992 5 0.707107 -35.8684 -57.0401
62 515.243 724.411 5 0.5 -29.8642 -5.9164
63 517.575 721.753 5 3.64005 -59.4299 -71.6198
64 517.302 722.172 5 3.16228 -52.7261 119.343
65 517.028 722.59 5 2.69258 -53.2896 -26.0889
66 516.755 723.009 5 2.23607 -48.1625 -161.32
67 516.482 723.428 5 1.80278 -42.8564 -12.2733
68 516.209 723.847 5 1.41421 -43.1574 72.624
69 515.935 724.265 5 1.11803 -46.3511 36.0282
70 515.662 724.684 5 1 -37.1773 171.403
71 517.994 722.026 5 3.80789 -49.068 -92.2396
72 517.72 722.445 5 3.3541 -52.5779 -95.4523
73 517.447 722.864 5 2.91548 -55.1802 20.4081
74 517.174 723.282 5 2.5 -48.4493 -165.507
75 516.901 723.701 5 2.12132 -51.0232 -160.636
76 516.627 724.12 5 1.80278 -51.0623 105.26
77 516.354 724.539 5 1.58114 -41.1981 -127.419
78 516.081 724.957 5 1.5 -42.2654 -140.478
