1 509.951 714.045 5 10.8412 -67.4454 -124.184
2 510.37 714.318 5 10.3532 -66.8765 -134.722
3 510.79 714.59 5 9.86647 -61.7515 164.853
4 511.209 714.862 5 9.38112 -76.539 51.2076
5 511.628 715.135 5 8.89739 -68.9675 -141.602
6 512.048 715.407 5 8.41556 -75.8214 12.2292
7 512.467 715.679 5 7.93599 -72.8926 -58.1072
8 512.886 715.952 5 7.45909 -69.1444 155.263
9 513.306 716.224 5 6.98543 -70.5808 71.8229
10 513.725 716.496 5 6.5157 -78.4324 -49.7687
11 514.144 716.769 5 6.05083 -75.9994 -105.441
12 514.564 717.041 5 5.59202 -99.7265 131.442
13 514.983 717.313 5 5.14091 -110.323 5.14492
14 509.679 714.465 5 10.7457 -64.5301 99.0566
15 510.098 714.737 5 10.2532 -67.3706 175.823
16 510.517 715.009 5 9.76143 -61.2245 158.942
17 510.937 715.282 5 9.27058 -64.1672 58.3358
18 511.356 715.554 5 8.78076 -65.3766 136.808
19 511.775 715.826 5 8.29216 -70.0999 30.2535
20 512.195 716.099 5 7.80501 -65.9215 33.2792
21 512.614 716.371 5 7.31959 -66.4944 145.975
22 513.033 716.643 5 6.83626 -67.2258 172.202
23 513.453 716.916 5 6.35552 -72.9606 121.609
24 513.872 717.188 5 5.878 -70.2961 -16.8319
25 514.291 717.46 5 5.40454 -79.0422 -41.3523
26 514.711 717.733 5 4.93631 -67.1874 175.783
27 509.406 714.884 5 10.6727 -68.968 127.761
28 509.826 715.156 5 10.1767 -59.2463 115.152
29 510.245 715.429 5 9.6811 -65.1404 -71.8449
30 510.664 715.701 5 9.18596 -62.2946 -84.7642
31 511.084 715.973 5 8.69138 -64.9776 -137.379
32 511.503 716.246 5 8.19745 -71.9413 175.731
33 511.922 716.518 5 7.70431 -68.5162 -102.27
34 512.342 716.79 5 7.21212 -59.2864 -27.1775
35 512.761 717.063 5 6.72107 -68.2645 166.334
36 513.18 717.335 5 6.23145 -68.9904 176.514
37 513.6 717.607 5 5.74362 -87.7616 -172.093
38 514.019 717.88 5 5.25807 -65.074 176.141
39 514.438 718.152 5 4.77551 -70.2672 -27.9187
40 509.134 715.303 5 10.6229 -62.4312 -150.589
41 509.553 715.576 5 10.1244 -61.8496 -176.297
42 509.973 715.848 5 9.62611 -58.9394 -160.416
43 510.392 716.12 5 9.12799 -57.8704 -141.836
44 510.811 716.393 5 8.63008 -59.4847 -160.56
45 511.231 716.665 5 8.13244 -53.985 -143.389
46 511.65 716.937 5 7.6351 -57.4232 -132.97
47 512.069 717.21 5 7.13813 -56.2004 -133.627
48 512.489 717.482 5 6.64162 -54.3647 -127.463
49 512.908 717.754 5 6.14567 -64.5387 -127.171
50 513.327 718.027 5 5.65043 -57.1226 -164.148
51 513.747 718.299 5 5.15612 -62.4167 -94.9144
52 514.166 718.571 5 4.66302 -56.3728 152.033
53 508.862 715.723 5 10.5964 -62.8132 -76.9248
54 509.281 715.995 5 10.0966 -63.0639 -69.4725
55 509.7 716.267 5 9.59689 -62.3077 -58.5271
56 510.12 716.54 5 9.09717 -58.9686 -82.435
57 510.539 716.812 5 8.59748 -64.3727 -67.8926
58 510.958 717.084 5 8.09783 -61.6297 166.727
59 511.378 717.357 5 7.59822 -70.37 -108.967
60 511.797 717.629 5 7.09867 -65.2633 -99.8229
61 512.216 717.901 5 6.59919 -57.9642 -167.552
62 512.636 718.174 5 6.0998 -63.623 150.429
63 513.055 718.446 5 5.60051 -61.6202 -130.608
64 513.474 718.718 5 5.10136 -55.4241 -70.5476
65 513.894 718.991 5 4.60239 -64.6112 -38.5557
66 508.589 716.142 5 10.5935 -65.1994 134.306
67 509.009 716.414 5 10.0936 -70.3786 -4.64113
68 509.428 716.687 5 9.59367 -69.6907 -154.889
69 509.847 716.959 5 9.09378 -63.2238 -98.1521
70 510.267 717.231 5 8.59389 -58.2366 -54.0455
71 510.686 717.504 5 8.09402 -57.4704 -88.0939
72 511.105 717.776 5 7.59416 -71.2731 79.9522
73 511.525 718.048 5 7.09433 -70.2465 50.571
74 511.944 718.321 5 6.59451 -68.5171 -64.1472
75 512.363 718.593 5 6.09473 -69.7233 -130.704
76 512.783 718.865 5 5.59499 -77.0309 38.0029
77 513.202 719.138 5 5.09531 -82.6344 -169.355
78 513.621 719.41 5 4.59568 -72.7891 24.9426
79 510.414 717.923 5 8.12105 -65.7083 -9.34096
80 510.833 718.195 5 7.62296 -65.096 -96.6885
81 511.672 718.74 5 6.62766 -64.2867 -109.056
82 512.091 719.012 5 6.13059 -65.9905 131.987
83 512.51 719.285 5 5.63403 -65.1169 122.337
84 512.93 719.557 5 5.13813 -56.38 158.06
85 513.349 719.829 5 4.64312 -59.8163 -131.005
86 510.141 718.342 5 8.17861 -74.9259 -160.085
87 510.561 718.615 5 7.68426 -92.898 0.760688
88 511.399 719.159 5 6.69807 -62.17 8.7091
89 511.819 719.432 5 6.20664 -60.8462 8.23574
90 512.238 719.704 5 5.71669 -55.5828 -41.8208
91 512.657 719.976 5 5.22864 -55.6769 -85.8543
92 513.077 720.249 5 4.74309 -57.2831 -14.443
93 509.869 718.762 5 8.26607 -85.9396 179.158
94 510.288 719.034 5 7.77728 -87.7359 -1.14348
95 511.127 719.579 5 6.80459 -62.3394 -58.3131
96 511.546 719.851 5 6.32144 -56.5613 133.01
97 511.966 720.123 5 5.84113 -74.0177 113.411
98 512.385 720.396 5 5.36442 -67.0299 27.5613
99 512.804 720.668 5 4.89236 -51.8293 26.6232
100 509.597 719.181 5 8.3825 -82.0579 -161.671
101 510.016 719.453 5 7.90091 -89.5708 8.69071
102 509.324 719.6 5 8.52669 -93.2574 127.695
103 509.744 719.873 5 8.05374 -90.6909 82.4531
104 509.052 720.02 5 8.69729 -96.1407 -77.2611
105 509.471 720.292 5 8.23413 -96.3934 116.865
