1 509.951 714.045 5 10.9576 -61.2779 122.484
2 510.37 714.318 5 10.4751 -69.5343 139.921
3 510.79 714.59 5 9.99439 -69.7786 -51.0375
4 511.209 714.862 5 9.51562 -57.5798 -84.3444
5 511.628 715.135 5 9.03916 -58.9931 162.924
6 512.048 715.407 5 8.56538 -60.5231 -26.5241
7 512.467 715.679 5 8.09475 -63.459 -121.34
8 512.886 715.952 5 7.62786 -71.5067 -4.91111
9 513.306 716.224 5 7.16544 -55.7839 -19.8275
10 513.725 716.496 5 6.70841 -55.496 -128.965
11 514.144 716.769 5 6.25796 -62.661 91.4875
12 514.564 717.041 5 5.81561 -90.9086 152.781
13 514.983 717.313 5 5.38336 -106.584 54.7458
14 509.679 714.465 5 10.8401 -72.7711 164.568
15 510.098 714.737 5 10.3521 -56.8136 -39.5312
16 510.517 715.009 5 9.8654 -58.5147 -138.619
17 510.937 715.282 5 9.38005 -66.8022 43.282
18 511.356 715.554 5 8.89633 -56.9409 -78.5948
19 511.775 715.826 5 8.41451 -80.4187 -29.7922
20 512.195 716.099 5 7.93494 -70.163 95.8409
21 512.614 716.371 5 7.45805 -72.294 -157.94
22 513.033 716.643 5 6.98439 -67.8132 -149.482
23 513.453 716.916 5 6.51468 -75.0196 -91.4076
24 513.872 717.188 5 6.04982 -64.3147 -18.3208
25 514.291 717.46 5 5.59103 -55.8041 -159.496
26 514.711 717.733 5 5.13993 -61.251 85.6646
27 509.406 714.884 5 10.7446 -59.2684 -175.609
28 509.826 715.156 5 10.2521 -66.9709 103.39
29 510.245 715.429 5 9.76035 -60.3537 167.083
30 510.664 715.701 5 9.2695 -60.3925 106.918
31 511.084 715.973 5 8.77969 -57.8527 67.5747
32 511.503 716.246 5 8.29109 -64.5287 121.794
33 511.922 716.518 5 7.80394 -61.6026 97.6545
34 512.342 716.79 5 7.31852 -61.5423 -178.636
35 512.761 717.063 5 6.83521 -64.9647 -1.68547
36 513.18 717.335 5 6.35447 -53.3167 -157.262
37 513.6 717.607 5 5.87695 -63.4673 77.3748
38 514.019 717.88 5 5.4035 -65.7567 -45.1123
39 514.438 718.152 5 4.93529 -63.3011 74.0378
40 509.134 715.303 5 10.6717 -67.4563 -143.481
41 509.553 715.576 5 10.1756 -66.2025 166.182
42 509.973 715.848 5 9.68002 -66.0445 170.359
43 510.392 716.12 5 9.18488 -69.636 -160.5
44 510.811 716.393 5 8.6903 -68.867 173.437
45 511.231 716.665 5 8.19637 -55.7601 161.726
46 511.65 716.937 5 7.70323 -69.2917 -145.017
47 512.069 717.21 5 7.21104 -74.2046 156.457
48 512.489 717.482 5 6.71999 -62.9919 -140.072
49 512.908 717.754 5 6.23038 -63.5602 -144.194
50 513.327 718.027 5 5.74255 -65.9124 -51.5618
51 513.747 718.299 5 5.25701 -57.762 -161.675
52 514.166 718.571 5 4.77445 -57.9843 100.871
53 508.862 715.723 5 10.6218 -72.2521 -132.582
54 509.281 715.995 5 10.1233 -70.0991 -159.473
55 509.7 716.267 5 9.62502 -71.3085 -116.453
56 510.12 716.54 5 9.1269 -62.6677 -148.866
57 510.539 716.812 5 8.62899 -67.3422 -173.39
58 510.958 717.084 5 8.13135 -65.2822 43.3979
59 511.378 717.357 5 7.63401 -66.9147 -41.2774
60 511.797 717.629 5 7.13704 -67.0721 -87.099
61 512.216 717.901 5 6.64053 -70.8227 -147.033
62 512.636 718.174 5 6.14458 -58.021 164.928
63 513.055 718.446 5 5.64935 -77.6572 173.991
64 513.474 718.718 5 5.15504 -54.4215 21.2861
65 513.894 718.991 5 4.66194 -55.4601 36.6957
66 508.589 716.142 5 10.5953 -58.2313 79.4084
67 509.009 716.414 5 10.0955 -65.6716 -177.389
68 509.428 716.687 5 9.59579 -66.5022 31.3257
69 509.847 716.959 5 9.09607 -64.11 -1.81014
70 510.267 717.231 5 8.59638 -56.9741 -14.8046
71 510.686 717.504 5 8.09673 -57.7148 -21.4643
72 511.105 717.776 5 7.59713 -61.4204 -65.002
73 511.525 718.048 5 7.09758 -63.5511 -61.5516
74 511.944 718.321 5 6.5981 -56.935 120.01
75 512.363 718.593 5 6.0987 -65.2046 27.9715
76 512.783 718.865 5 5.59941 -75.7898 54.5454
77 513.202 719.138 5 5.10026 -72.3014 -123.517
78 513.621 719.41 5 4.6013 -68.5872 -53.6752
79 510.414 717.923 5 8.09292 -60.4738 -44.4398
80 510.833 718.195 5 7.59306 -59.9609 163.602
81 511.672 718.74 5 6.59342 -68.6309 44.4596
82 512.091 719.012 5 6.09364 -67.7464 -60.0781
83 512.51 719.285 5 5.5939 -66.9614 10.9015
84 512.93 719.557 5 5.09421 -59.3513 -44.1076
85 513.349 719.829 5 4.59459 -59.2943 13.8532
86 510.141 718.342 5 8.11995 -75.6626 148.725
87 510.561 718.615 5 7.62187 -68.898 -163.951
88 511.399 719.159 5 6.62657 -70.9211 93.5998
89 511.819 719.432 5 6.1295 -61.6763 20.3847
90 512.238 719.704 5 5.63294 -51.9342 49.4852
91 512.657 719.976 5 5.13705 -57.146 -128.533
92 513.077 720.249 5 4.64204 -50.4311 152.495
93 509.869 718.762 5 8.17753 -71.0253 -82.7118
94 510.288 719.034 5 7.68318 -88.1487 -13.2644
95 511.127 719.579 5 6.69699 -76.4677 110.289
96 511.546 719.851 5 6.20556 -56.4594 -135.256
97 511.966 720.123 5 5.71562 -58.243 -178.905
98 512.385 720.396 5 5.22757 -72.4557 -74.4611
99 512.804 720.668 5 4.74203 -54.7966 -97.1247
100 509.597 719.181 5 8.265 -82.0071 67.7685
101 510.016 719.453 5 7.77621 -83.1709 -3.0896
102 509.324 719.6 5 8.38144 -98.602 -143.466
103 509.744 719.873 5 7.89986 -87.3041 -29.0532
104 509.052 720.02 5 8.52565 -90.5926 36.0825
105 509.471 720.292 5 8.0527 -88.4638 -79.0991
