1 505.473 717.831 5 9.31532 -112.533 40.3934
2 505.747 717.412 5 9.28377 -115.47 -68.3952
3 506.02 716.994 5 9.27909 -118.186 -35.7632
4 506.294 716.575 5 9.30133 -112.678 54.8741
5 506.567 716.157 5 9.35029 -118.734 102.461
6 505.891 718.104 5 8.81746 -108.134 1.53761
7 506.165 717.686 5 8.78412 -119.179 -165.731
8 506.439 717.267 5 8.77918 -116.427 16.3724
9 506.712 716.849 5 8.80268 -116.128 97.2407
10 506.986 716.43 5 8.85439 -118.914 178.354
11 506.31 718.378 5 8.31985 -129.952 -119.317
12 506.584 717.96 5 8.28451 -112.075 -167.296
13 506.857 717.541 5 8.27927 -122.075 29.8025
14 507.131 717.123 5 8.30418 -117.067 142.288
15 507.404 716.704 5 8.35898 -118.741 -75.4352
16 506.728 718.652 5 7.82255 -119.047 -52.7451
17 507.002 718.233 5 7.78495 -115.553 -135.368
18 507.276 717.815 5 7.77937 -113.206 15.254
19 507.549 717.396 5 7.80588 -115.929 159.565
20 507.823 716.978 5 7.86416 -122.134 -57.2168
21 507.147 718.925 5 7.32561 -111.712 61.8322
22 507.421 718.507 5 7.28545 -126.935 19.3461
23 507.694 718.088 5 7.27949 -119.384 130.843
24 507.968 717.67 5 7.30781 -115.115 171.997
25 508.241 717.251 5 7.37003 -110.311 -102.326
26 507.565 719.199 5 6.82912 -121.213 -150.512
27 507.839 718.78 5 6.78602 -128.312 -78.2252
28 508.113 718.362 5 6.77962 -128.296 -76.9278
29 508.386 717.943 5 6.81003 -134.881 149.98
30 508.66 717.525 5 6.87675 -121.818 -165.731
31 507.984 719.472 5 6.33319 -113.013 -156.424
32 508.258 719.054 5 6.28669 -137.895 -0.684398
33 508.531 718.635 5 6.27978 -134.923 75.5496
34 508.805 718.217 5 6.31259 -135.485 -20.7839
35 509.078 717.798 5 6.38451 -138.399 141.145
36 508.402 719.746 5 5.83795 -109.793 -113.975
37 508.676 719.328 5 5.78747 -121.98 145.923
38 508.95 718.909 5 5.77996 -250 0
39 509.223 718.491 5 5.8156 -131.743 -8.12043
40 509.497 718.072 5 5.89358 -250 0
