1 514.644 719.84 5 2.5 -40.6221 144.324
2 514.371 720.259 5 2 -41.1706 170.533
3 514.097 720.678 5 1.5 -36.405 154.269
4 513.824 721.096 5 1 -45.6534 128.94
5 513.551 721.515 5 0.5 -36.5734 -111.974
6 513.278 721.934 5 0 -53.7691 167.946
7 513.004 722.353 5 0.5 -35.3284 1.46829
8 512.731 722.771 5 1 -42.543 19.0212
9 512.458 723.19 5 1.5 -39.8167 -113.217
10 512.185 723.609 5 2 -70.5604 26.3925
11 515.063 720.113 5 2.54951 -52.6521 -65.7784
12 514.789 720.532 5 2.06155 -46.5535 9.46319
13 514.516 720.951 5 1.58114 -46.6426 115.409
14 514.243 721.37 5 1.11803 -46.8683 87.9942
15 513.97 721.788 5 0.707107 -37.0567 119.763
16 513.696 722.207 5 0.5 -35.8285 1.2179
17 513.423 722.626 5 0.707107 -37.5952 123.858
18 513.15 723.045 5 1.11803 -39.4022 55.6672
19 512.877 723.463 5 1.58114 -42.4361 122.723
20 512.603 723.882 5 2.06155 -48.4791 123.999
21 515.481 720.387 5 2.69258 -45.1414 -167.178
22 515.208 720.805 5 2.23607 -47.8184 -162.059
23 514.935 721.224 5 1.80278 -57.9483 -142.133
24 514.662 721.643 5 1.41421 -39.7173 -102.42
25 514.388 722.062 5 1.11803 -38.2516 17.7936
26 514.115 722.48 5 1 -41.9109 -15.171
27 513.842 722.899 5 1.11803 -38.0206 17.3631
28 513.568 723.318 5 1.41421 -41.9645 -115.391
29 513.295 723.737 5 1.80278 -51.177 -115.958
30 513.022 724.155 5 2.23607 -44.1241 20.4776
31 515.9 720.66 5 2.91548 -44.7148 -62.3972
32 515.627 721.079 5 2.5 -53.4487 -18.7446
33 515.353 721.497 5 2.12132 -46.4766 19.9915
34 515.08 721.916 5 1.80278 -45.6947 -169.586
35 514.807 722.335 5 1.58114 -43.0893 94.0129
36 514.534 722.754 5 1.5 -45.4735 -19.0229
37 514.26 723.172 5 1.58114 -40.0171 92.7105
38 513.987 723.591 5 1.80278 -50.0692 -147.617
39 516.319 720.933 5 3.20156 -55.5861 122.611
40 516.045 721.352 5 2.82843 -60.835 173.202
41 515.772 721.771 5 2.5 -43.9422 -14.3416
42 515.499 722.189 5 2.23607 -51.5542 51.6907
43 515.226 722.608 5 2.06155 -44.4949 147.904
44 514.952 723.027 5 2 -46.5017 -19.3656
45 514.679 723.446 5 2.06155 -49.0131 148.171
46 514.406 723.864 5 2.23607 -61.6327 149.344
47 516.737 721.206 5 3.53553 -47.8537 -111.746
48 516.464 721.625 5 3.20156 -51.8006 177.077
49 516.191 722.044 5 2.91548 -50.3007 -146.977
50 515.918 722.463 5 2.69258 -51.4924 179.012
51 515.644 722.881 5 2.54951 -51.5262 173.358
52 515.371 723.3 5 2.5 -53.6759 36.7046
53 515.098 723.719 5 2.54951 -46.5697 -168.233
54 514.825 724.138 5 2.69258 -43.3255 -142.491
55 517.156 721.48 5 3.90512 -53.8658 -141.482
56 516.883 721.898 5 3.60555 -51.309 36.0336
57 516.61 722.317 5 3.3541 -45.374 48.2223
58 516.336 722.736 5 3.16228 -46.0011 -116.015
59 516.063 723.155 5 3.04138 -49.371 -143.114
60 515.79 723.573 5 3 -47.5416 -12.3676
61 515.517 723.992 5 3.04138 -54.3886 120.166
62 515.243 724.411 5 3.16228 -43.9268 -43.6365
63 517.575 721.753 5 4.30116 -54.9885 144.638
64 517.302 722.172 5 4.03113 -45.9148 -119.793
65 517.028 722.59 5 3.80789 -54.3726 127.474
66 516.755 723.009 5 3.64006 -55.0243 -94.6494
67 516.482 723.428 5 3.53553 -51.5391 -151.931
68 516.209 723.847 5 3.5 -49.7691 -37.649
69 515.935 724.265 5 3.53553 -50.0215 166.812
70 515.662 724.684 5 3.64006 -64.8083 3.14949
71 517.994 722.026 5 4.71699 -55.5105 117.027
72 517.72 722.445 5 4.47214 -53.8008 75.9799
73 517.447 722.864 5 4.272 -49.2624 -57.8616
74 517.174 723.282 5 4.12311 -52.6275 -31.941
75 516.901 723.701 5 4.03113 -52.8536 -142.383
76 516.627 724.12 5 4 -52.4656 3.81235
77 516.354 724.539 5 4.03113 -49.7293 -158.951
78 516.081 724.957 5 4.12311 -54.9025 -4.6374
