1 505.473 717.831 5 9.85754 -105.927 9.51568
2 505.747 717.412 5 9.6997 -109.589 26.7679
3 506.02 716.994 5 9.56543 -94.1497 114.378
4 506.294 716.575 5 9.45572 -119.443 -35.098
5 506.567 716.157 5 9.37143 -119.075 131.427
6 505.891 718.104 5 9.38858 -113.092 -97.1418
7 506.165 717.686 5 9.22272 -100.612 -150.89
8 506.439 717.267 5 9.0814 -104.858 -37.5541
9 506.712 716.849 5 8.96577 -108.786 22.0402
10 506.986 716.43 5 8.87683 -106.57 -108.116
11 506.31 718.378 5 8.923 -121.715 -80.0219
12 506.584 717.96 5 8.74832 -116.922 -135.818
13 506.857 717.541 5 8.5992 -107.9 89.8497
14 507.131 717.123 5 8.47699 -109.889 17.2896
15 507.404 716.704 5 8.38287 -118.899 -76.1607
16 506.728 718.652 5 8.46134 -110.291 -87.5873
17 507.002 718.233 5 8.27692 -111.888 -34.2624
18 507.276 717.815 5 8.11915 -114.318 49.1441
19 507.549 717.396 5 7.98961 -113.187 -114.967
20 507.823 716.978 5 7.88968 -109.354 -66.2407
21 507.147 718.925 5 8.00429 -103.87 150.786
22 507.421 718.507 5 7.80909 -110.779 129.519
23 507.694 718.088 5 7.64166 -105.665 61.1492
24 507.968 717.67 5 7.50388 -108.431 -141.549
25 508.241 717.251 5 7.39739 -115.186 -140.627
26 507.565 719.199 5 7.55269 -109.127 64.9199
27 507.839 718.78 5 7.34549 -115.916 9.75174
28 508.113 718.362 5 7.16725 -125.239 92.0577
29 508.386 717.943 5 7.02016 -109.767 -122.558
30 508.66 717.525 5 6.90621 -107.477 -102.809
31 507.984 719.472 5 7.10757 -95.9641 81.5675
32 508.258 719.054 5 6.88699 -116.13 117.322
33 508.531 718.635 5 6.69655 -103.552 -49.0051
34 508.805 718.217 5 6.53889 -101.224 31.2688
35 509.078 717.798 5 6.4164 -94.4601 90.3944
36 508.402 719.746 5 6.67022 -96.5414 -24.6489
37 508.676 719.328 5 6.43468 -106.248 2.05183
38 508.95 718.909 5 6.23043 -250 0
39 509.223 718.491 5 6.06065 -140.304 134
40 509.497 718.072 5 5.92829 -167.414 -84.3196
