1 514.644 719.84 5 4.03113 -51.8651 -47.7434
2 514.371 720.259 5 3.53553 -43.1302 2.95449
3 514.097 720.678 5 3.04138 -41.7413 -17.2118
4 513.824 721.096 5 2.54951 -45.7201 -48.8849
5 513.551 721.515 5 2.06155 -47.3344 117.557
6 513.278 721.934 5 1.58114 -41.4744 119.755
7 513.004 722.353 5 1.11803 -39.1364 43.1401
8 512.731 722.771 5 0.707107 -43.9986 165.204
9 512.458 723.19 5 0.5 -31.096 4.04918
10 512.185 723.609 5 0.707107 -40.2716 116.639
11 515.063 720.113 5 4 -43.805 -17.6277
12 514.789 720.532 5 3.5 -45.0691 -58.3213
13 514.516 720.951 5 3 -40.5194 2.14827
14 514.243 721.37 5 2.5 -47.2352 34.1055
15 513.97 721.788 5 2 -45.0893 19.6672
16 513.696 722.207 5 1.5 -42.1345 4.16194
17 513.423 722.626 5 1 -37.3794 0.860014
18 513.15 723.045 5 0.5 -34.9282 -12.2621
19 512.877 723.463 5 0 -42.7783 -25.578
20 512.603 723.882 5 0.5 -32.8118 0.955321
21 515.481 720.387 5 4.03113 -52.6838 -80.3051
22 515.208 720.805 5 3.53553 -41.2201 -122.033
23 514.935 721.224 5 3.04138 -47.1427 -103.454
24 514.662 721.643 5 2.54951 -47.9489 -129.603
25 514.388 722.062 5 2.06155 -49.0457 147.44
26 514.115 722.48 5 1.58114 -51.3804 104.763
27 513.842 722.899 5 1.11803 -37.8554 -5.84511
28 513.568 723.318 5 0.707107 -37.9519 138.214
29 513.295 723.737 5 0.5 -31.7361 -11.9439
30 513.022 724.155 5 0.707107 -35.4926 125.904
31 515.9 720.66 5 4.12311 -49.1412 10.9382
32 515.627 721.079 5 3.64005 -54.1914 -103.633
33 515.353 721.497 5 3.16228 -52.4839 -158.991
34 515.08 721.916 5 2.69258 -43.766 145.06
35 514.807 722.335 5 2.23607 -44.7373 76.9003
36 514.534 722.754 5 1.80278 -46.6596 171.389
37 514.26 723.172 5 1.41421 -45.3408 -108.901
38 513.987 723.591 5 1.11803 -44.9884 12.2145
39 516.319 720.933 5 4.272 -73.1383 -113.251
40 516.045 721.352 5 3.80789 -49.1524 -173.248
41 515.772 721.771 5 3.3541 -51.5353 49.034
42 515.499 722.189 5 2.91548 -52.5763 -149.985
43 515.226 722.608 5 2.5 -51.1463 -6.3448
44 514.952 723.027 5 2.12132 -45.9907 -12.7706
45 514.679 723.446 5 1.80278 -42.0005 -152.478
46 514.406 723.864 5 1.58114 -49.1473 -54.9639
47 516.737 721.206 5 4.47214 -58.6345 43.117
48 516.464 721.625 5 4.03113 -57.1534 -97.9836
49 516.191 722.044 5 3.60555 -51.8355 82.7831
50 515.918 722.463 5 3.20156 -48.495 140.113
51 515.644 722.881 5 2.82843 -46.1333 162.414
52 515.371 723.3 5 2.5 -45.964 2.50146
53 515.098 723.719 5 2.23607 -50.0459 -36.839
54 514.825 724.138 5 2.06155 -55.4834 -148.926
55 517.156 721.48 5 4.71699 -47.9883 105.646
56 516.883 721.898 5 4.30116 -52.502 171.804
57 516.61 722.317 5 3.90512 -53.9057 -53.8681
58 516.336 722.736 5 3.53553 -54.5174 -109.467
59 516.063 723.155 5 3.20156 -52.2299 179.161
60 515.79 723.573 5 2.91548 -45.406 -108.242
61 515.517 723.992 5 2.69258 -57.0433 79.8445
62 515.243 724.411 5 2.54951 -45.0692 -86.3329
63 517.575 721.753 5 5 -50.5421 -105.353
64 517.302 722.172 5 4.60977 -50.6674 21.2774
65 517.028 722.59 5 4.24264 -53.4666 78.3323
66 516.755 723.009 5 3.90512 -49.658 -95.6823
67 516.482 723.428 5 3.60555 -42.9798 71.3369
68 516.209 723.847 5 3.3541 -57.2084 72.9967
69 515.935 724.265 5 3.16228 -53.8508 -130.653
70 515.662 724.684 5 3.04138 -59.6505 25.9855
71 517.994 722.026 5 5.31507 -55.8971 -175.938
72 517.72 722.445 5 4.94975 -61.2165 162.732
73 517.447 722.864 5 4.60977 -57.7462 -18.3947
74 517.174 723.282 5 4.30116 -52.343 -139.098
75 516.901 723.701 5 4.03113 -48.3583 -126.095
76 516.627 724.12 5 3.80789 -57.8297 -120.519
77 516.354 724.539 5 3.64006 -55.7623 117.86
78 516.081 724.957 5 3.53553 -54.164 167.985
