1 505.473 717.831 5 11.7594 -116 -45.0914
2 505.747 717.412 5 11.6274 -103.686 -16.1485
3 506.02 716.994 5 11.5155 -107.74 123.719
4 506.294 716.575 5 11.4245 -104.658 -172.99
5 506.567 716.157 5 11.3548 -98.3474 -86.0281
6 505.891 718.104 5 11.2809 -108.674 -14.6871
7 506.165 717.686 5 11.1432 -110.313 -134.116
8 506.439 717.267 5 11.0264 -110.358 -159.155
9 506.712 716.849 5 10.9313 -107.485 120.677
10 506.986 716.43 5 10.8584 -95.8525 -81.9553
11 506.31 718.378 5 10.8043 -113.37 -177.101
12 506.584 717.96 5 10.6604 -116.062 24.3964
13 506.857 717.541 5 10.5383 -106.222 -156.694
14 507.131 717.123 5 10.4388 -101.509 -28.4365
15 507.404 716.704 5 10.3624 -95.8409 128.137
16 506.728 718.652 5 10.3299 -114.65 -15.9944
17 507.002 718.233 5 10.1794 -105.738 -2.1216
18 507.276 717.815 5 10.0514 -105.423 -135.612
19 507.549 717.396 5 9.94697 -103.135 23.6822
20 507.823 716.978 5 9.8668 -105.396 83.7369
21 507.147 718.925 5 9.8581 -110.557 -70.9881
22 507.421 718.507 5 9.70019 -100.385 -53.1019
23 507.694 718.088 5 9.56583 -104.776 -150.541
24 507.968 717.67 5 9.45604 -110.351 -77.6719
25 508.241 717.251 5 9.37167 -122.354 91.2877
26 507.565 719.199 5 9.38917 -96.5561 -30.3254
27 507.839 718.78 5 9.22323 -114.793 69.3803
28 508.113 718.362 5 9.08182 -117.531 83.0898
29 508.386 717.943 5 8.96611 -111.809 -125.266
30 508.66 717.525 5 8.87708 -112.261 11.501
31 507.984 719.472 5 8.92361 -97.2868 -137.111
32 508.258 719.054 5 8.74885 -101.567 -101.524
33 508.531 718.635 5 8.59965 -106.872 12.5329
34 508.805 718.217 5 8.47735 -103.525 69.8781
35 509.078 717.798 5 8.38314 -109.515 -40.106
36 508.402 719.746 5 8.46199 -106.035 -54.0733
37 508.676 719.328 5 8.27749 -101.855 104.853
38 508.95 718.909 5 8.11963 -250 0
39 509.223 718.491 5 7.98999 -250 0
40 509.497 718.072 5 7.88996 -250 0
