1 509.951 714.045 5 9.16244 -55.2658 126.244
2 510.37 714.318 5 8.72427 -51.8089 -61.5584
3 510.79 714.59 5 8.2931 -54.4738 37.2614
4 511.209 714.862 5 7.87007 -59.9139 9.52582
5 511.628 715.135 5 7.45658 -50.3053 40.6341
6 512.048 715.407 5 7.0543 -53.6213 69.7815
7 512.467 715.679 5 6.66526 -53.9248 125.138
8 512.886 715.952 5 6.29192 -54.2261 147.314
9 513.306 716.224 5 5.93724 -61.1058 178.449
10 513.725 716.496 5 5.60476 -70.651 172.642
11 514.144 716.769 5 5.29867 -66.9447 -95.4444
12 514.564 717.041 5 5.02379 -97.5549 96.3092
13 514.983 717.313 5 4.7855 -115.63 173.564
14 509.679 714.465 5 8.93835 -58.5729 56.9973
15 510.098 714.737 5 8.48862 -53.8874 164.562
16 510.517 715.009 5 8.04483 -58.7153 140.414
17 510.937 715.282 5 7.60801 -54.9737 -117.447
18 511.356 715.554 5 7.17944 -52.5959 100.123
19 511.775 715.826 5 6.76069 -56.0187 -141.825
20 512.195 716.099 5 6.3537 -54.1374 -55.2222
21 512.614 716.371 5 5.96087 -52.3356 0.0876418
22 513.033 716.643 5 5.58521 -51.9708 12.719
23 513.453 716.916 5 5.23041 -64.3155 8.08522
24 513.872 717.188 5 4.90099 -63.8925 150.097
25 514.291 717.46 5 4.60242 -76.1466 118.505
26 514.711 717.733 5 4.34106 -66.8332 77.3576
27 509.406 714.884 5 8.73716 -58.4958 -86.1647
28 509.826 715.156 5 8.2765 -60.5506 -53.9944
29 510.245 715.429 5 7.82068 -56.6046 -37.5304
30 510.664 715.701 5 7.37059 -57.8706 -122.835
31 511.084 715.973 5 6.92735 -65.5837 96.4753
32 511.503 716.246 5 6.49236 -59.5481 -89.6414
33 511.922 716.518 5 6.06739 -52.0871 60.8402
34 512.342 716.79 5 5.65471 -51.852 163.264
35 512.761 717.063 5 5.25722 -50.5055 -125.367
36 513.18 717.335 5 4.87862 -51.6021 -117.029
37 513.6 717.607 5 4.52366 -76.1212 164.127
38 514.019 717.88 5 4.19834 -74.4646 73.56
39 514.438 718.152 5 3.91006 -72.6271 -146.105
40 509.134 715.303 5 8.56047 -59.287 81.1151
41 509.553 715.576 5 8.08976 -59.9787 81.9035
42 509.973 715.848 5 7.62278 -62.6246 26.2763
43 510.392 716.12 5 7.16026 -67.7649 -45.722
44 510.811 716.393 5 6.70313 -61.7508 -41.4852
45 511.231 716.665 5 6.25256 -58.8724 -163.723
46 511.65 716.937 5 5.81008 -56.4769 32.2608
47 512.069 717.21 5 5.37769 -51.8083 -126.468
48 512.489 717.482 5 4.95804 -52.0019 -7.55508
49 512.908 717.754 5 4.55463 -52.1868 84.5772
50 513.327 718.027 5 4.1722 -52.4321 116.377
51 513.747 718.299 5 3.81704 -64.7373 -5.26958
52 514.166 718.571 5 3.49748 -60.3031 -84.0014
53 508.862 715.723 5 8.40984 -59.8637 -139.55
54 509.281 715.995 5 7.9302 -60.297 178.816
55 509.7 716.267 5 7.45323 -65.3166 107.88
56 510.12 716.54 5 6.97948 -69.4439 47.1766
57 510.539 716.812 5 6.50966 -69.5791 -16.9969
58 510.958 717.084 5 6.04469 -86.2355 -135.535
59 511.378 717.357 5 5.58577 -63.1359 -35.046
60 511.797 717.629 5 5.13452 -60.4132 -178.775
61 512.216 717.901 5 4.69318 -57.0986 34.6523
62 512.636 718.174 5 4.26479 -51.202 -169.777
63 513.055 718.446 5 3.8537 -48.3232 -79.604
64 513.474 718.718 5 3.46606 -49.3925 -32.1648
65 513.894 718.991 5 3.11065 -59.233 -133.89
66 508.589 716.142 5 8.28669 -62.6171 -62.3932
67 509.009 716.414 5 7.79947 -68.238 -143.384
68 509.428 716.687 5 7.31398 -76.3088 35.4509
69 509.847 716.959 5 6.83058 -77.126 101.528
70 510.267 717.231 5 6.34976 -71.6484 -147.376
71 510.686 717.504 5 5.87214 -73.2978 172.068
72 511.105 717.776 5 5.39857 -74.8426 -23.6543
73 511.525 718.048 5 4.93022 -67.3191 -152.721
74 511.944 718.321 5 4.46874 -60.242 -61.9291
75 512.363 718.593 5 4.01649 -59.3356 -171.766
76 512.783 718.865 5 3.57698 -50.5604 -27.1913
77 513.202 719.138 5 3.15552 -50.416 163.163
78 513.621 719.41 5 2.76041 -46.8003 -146.344
79 510.414 717.923 5 5.7381 -69.3419 49.0101
80 510.833 718.195 5 5.25246 -72.0834 -8.01265
81 511.672 718.74 5 4.29109 -70.4154 -31.4634
82 512.091 719.012 5 3.81785 -71.877 -79.8741
83 512.51 719.285 5 3.35239 -67.4983 160.489
84 512.93 719.557 5 2.89847 -56.4646 -179.36
85 513.349 719.829 5 2.46245 -47.6406 -11.88
86 510.141 718.342 5 5.64531 -83.6726 78.3859
87 510.561 718.615 5 5.15093 -78.6761 20.3137
88 511.399 719.159 5 4.1662 -76.1785 -148.401
89 511.819 719.432 5 3.67692 -64.9609 132.523
90 512.238 719.704 5 3.19097 -65.8355 -71.1939
91 512.657 719.976 5 2.71014 -57.1038 -80.1327
92 513.077 720.249 5 2.23773 -60.0599 69.7556
93 509.869 718.762 5 5.59583 -83.3843 122.344
94 510.288 719.034 5 5.09665 -95.1803 29.4885
95 511.127 719.579 5 4.0989 -72.3291 -31.3301
96 511.546 719.851 5 3.60049 -72.817 -168.984
97 511.966 720.123 5 3.10259 -68.5887 -45.0601
98 512.385 720.396 5 2.6055 -59.4816 154.785
99 512.804 720.668 5 2.10979 -65.8065 110.108
100 509.597 719.181 5 5.5908 -90.3474 49.7268
101 510.016 719.453 5 5.09113 -83.9674 132.535
102 509.324 719.6 5 5.63035 -94.5386 158.11
103 509.744 719.873 5 5.13453 -89.4196 174.164
104 509.052 720.02 5 5.71355 -87.521 124.077
105 509.471 720.292 5 5.22563 -88.3018 143.652
