1 514.644 719.84 5 4.03113 -55.8898 21.2993
2 514.371 720.259 5 4 -46.4548 -107.48
3 514.097 720.678 5 4.03113 -54.1386 129.25
4 513.824 721.096 5 4.12311 -52.9116 32.7053
5 513.551 721.515 5 4.272 -46.3505 104.816
6 513.278 721.934 5 4.47214 -50.2126 73.8942
7 513.004 722.353 5 4.71699 -57.0036 -140.054
8 512.731 722.771 5 5 -47.9819 -13.646
9 512.458 723.19 5 5.31507 -56.2696 13.5465
10 512.185 723.609 5 5.65685 -59.0879 -108.819
11 515.063 720.113 5 3.53553 -48.2708 -72.8528
12 514.789 720.532 5 3.5 -49.0264 -28.4372
13 514.516 720.951 5 3.53553 -45.8895 -124.606
14 514.243 721.37 5 3.64006 -48.6499 -80.5217
15 513.97 721.788 5 3.80789 -45.4148 133.314
16 513.696 722.207 5 4.03113 -51.9151 -96.4964
17 513.423 722.626 5 4.30116 -52.8572 103.657
18 513.15 723.045 5 4.60977 -60.6269 73.8567
19 512.877 723.463 5 4.94975 -56.495 -148.671
20 512.603 723.882 5 5.31507 -53.325 -170.105
21 515.481 720.387 5 3.04138 -40.8224 163.55
22 515.208 720.805 5 3 -48.1039 94.4193
23 514.935 721.224 5 3.04138 -47.871 -117.691
24 514.662 721.643 5 3.16228 -53.7116 -45.7303
25 514.388 722.062 5 3.3541 -43.2866 69.2327
26 514.115 722.48 5 3.60555 -48.3781 93.4809
27 513.842 722.899 5 3.90512 -49.3791 -144.898
28 513.568 723.318 5 4.24264 -51.1052 -33.0676
29 513.295 723.737 5 4.60977 -47.138 18.9689
30 513.022 724.155 5 5 -70.8691 63.0692
31 515.9 720.66 5 2.54951 -49.4474 121.421
32 515.627 721.079 5 2.5 -59.7911 101.056
33 515.353 721.497 5 2.54951 -48.3623 -168.935
34 515.08 721.916 5 2.69258 -43.6283 178.599
35 514.807 722.335 5 2.91548 -49.9432 -76.7863
36 514.534 722.754 5 3.20156 -45.6922 137.306
37 514.26 723.172 5 3.53553 -47.9953 -83.3405
38 513.987 723.591 5 3.90512 -56.9446 -119.3
39 516.319 720.933 5 2.06155 -47.2527 71.9306
40 516.045 721.352 5 2 -50.8889 60.8635
41 515.772 721.771 5 2.06155 -46.0267 126.644
42 515.499 722.189 5 2.23607 -49.4128 57.2545
43 515.226 722.608 5 2.5 -54.358 24.6751
44 514.952 723.027 5 2.82843 -46.7629 156.214
45 514.679 723.446 5 3.20156 -45.5962 158.201
46 514.406 723.864 5 3.60555 -56.1248 169.341
47 516.737 721.206 5 1.58114 -45.5745 51.88
48 516.464 721.625 5 1.5 -59.9174 12.3041
49 516.191 722.044 5 1.58114 -40.5409 98.0792
50 515.918 722.463 5 1.80278 -55.3871 178.458
51 515.644 722.881 5 2.12132 -51.7291 -18.1924
52 515.371 723.3 5 2.5 -44.0158 -38.3817
53 515.098 723.719 5 2.91548 -51.2986 165.775
54 514.825 724.138 5 3.3541 -56.7915 -102.081
55 517.156 721.48 5 1.11803 -36.9272 -6.97115
56 516.883 721.898 5 1 -40.9947 -5.17609
57 516.61 722.317 5 1.11803 -44.2039 15.226
58 516.336 722.736 5 1.41421 -38.1322 -127.384
59 516.063 723.155 5 1.80278 -45.0806 -165.345
60 515.79 723.573 5 2.23607 -43.8536 14.7037
61 515.517 723.992 5 2.69258 -50.2338 -116.495
62 515.243 724.411 5 3.16228 -58.0336 45.2122
63 517.575 721.753 5 0.707107 -38.8491 127.917
64 517.302 722.172 5 0.5 -35.5803 -11.7389
65 517.028 722.59 5 0.707107 -38.1336 122.09
66 516.755 723.009 5 1.11803 -42.3323 -0.1872
67 516.482 723.428 5 1.58114 -57.6139 120.472
68 516.209 723.847 5 2.06155 -52.1573 -156.757
69 515.935 724.265 5 2.54951 -41.971 -41.6436
70 515.662 724.684 5 3.04138 -48.6318 -57.9769
71 517.994 722.026 5 0.5 -34.0543 12.7986
72 517.72 722.445 5 0 -37.1493 158.092
73 517.447 722.864 5 0.5 -35.6837 7.5781
74 517.174 723.282 5 1 -37.9896 14.101
75 516.901 723.701 5 1.5 -41.7545 5.36367
76 516.627 724.12 5 2 -40.2286 31.0197
77 516.354 724.539 5 2.5 -41.5702 51.5751
78 516.081 724.957 5 3 -46.7232 39.4599
