1 514.644 719.84 5 4.12311 -45.6677 13.8359
2 514.371 720.259 5 3.64005 -47.8831 -135.04
3 514.097 720.678 5 3.16228 -52.1009 -53.0998
4 513.824 721.096 5 2.69258 -40.6634 -148.707
5 513.551 721.515 5 2.23607 -41.6422 -68.5477
6 513.278 721.934 5 1.80278 -53.0638 -91.8597
7 513.004 722.353 5 1.41421 -40.5846 -110.653
8 512.731 722.771 5 1.11803 -43.8778 20.9372
9 512.458 723.19 5 1 -36.3932 9.4648
10 512.185 723.609 5 1.11803 -39.8601 23.9614
11 515.063 720.113 5 4.03113 -49.1477 -44.8182
12 514.789 720.532 5 3.53553 -40.9548 -109.038
13 514.516 720.951 5 3.04138 -41.4288 -84.781
14 514.243 721.37 5 2.54951 -42.5582 -79.8281
15 513.97 721.788 5 2.06155 -45.8748 -166.606
16 513.696 722.207 5 1.58114 -43.4518 40.6285
17 513.423 722.626 5 1.11803 -37.1107 -3.09311
18 513.15 723.045 5 0.707107 -37.9294 119.427
19 512.877 723.463 5 0.5 -32.0115 -10.8176
20 512.603 723.882 5 0.707107 -37.3277 138.059
21 515.481 720.387 5 4 -42.297 21.9842
22 515.208 720.805 5 3.5 -41.5319 47.6528
23 514.935 721.224 5 3 -43.9379 46.107
24 514.662 721.643 5 2.5 -46.8818 16.394
25 514.388 722.062 5 2 -41.9507 -13.7771
26 514.115 722.48 5 1.5 -43.0341 -7.32238
27 513.842 722.899 5 1 -38.0942 11.9254
28 513.568 723.318 5 0.5 -32.1037 5.35266
29 513.295 723.737 5 0 -51.303 -37.8023
30 513.022 724.155 5 0.5 -32.9457 6.46965
31 515.9 720.66 5 4.03113 -45.0612 -76.7869
32 515.627 721.079 5 3.53553 -46.9276 -92.3519
33 515.353 721.497 5 3.04138 -50.06 -29.001
34 515.08 721.916 5 2.54951 -56.8913 -79.6369
35 514.807 722.335 5 2.06155 -48.0839 138.302
36 514.534 722.754 5 1.58114 -45.3495 59.9758
37 514.26 723.172 5 1.11803 -38.5169 11.6005
38 513.987 723.591 5 0.707107 -40.6116 131.909
39 516.319 720.933 5 4.12311 -52.8392 17.8022
40 516.045 721.352 5 3.64005 -49.7282 -95.5055
41 515.772 721.771 5 3.16228 -48.9819 -129.58
42 515.499 722.189 5 2.69258 -48.9235 145.407
43 515.226 722.608 5 2.23607 -47.7697 24.9656
44 514.952 723.027 5 1.80278 -45.2189 -166.813
45 514.679 723.446 5 1.41421 -48.5671 -93.0775
46 514.406 723.864 5 1.11803 -56.4851 121.847
47 516.737 721.206 5 4.272 -55.7148 -55.7657
48 516.464 721.625 5 3.80789 -44.3598 154.365
49 516.191 722.044 5 3.3541 -50.0079 91.6759
50 515.918 722.463 5 2.91548 -48.5389 -141.969
51 515.644 722.881 5 2.5 -44.4307 18.6465
52 515.371 723.3 5 2.12132 -53.3954 0.692744
53 515.098 723.719 5 1.80278 -49.5489 26.2529
54 514.825 724.138 5 1.58114 -65.0221 127.918
55 517.156 721.48 5 4.47214 -52.5817 7.8172
56 516.883 721.898 5 4.03113 -50.7976 -29.0737
57 516.61 722.317 5 3.60555 -48.1812 54.3775
58 516.336 722.736 5 3.20156 -46.1154 -178.644
59 516.063 723.155 5 2.82843 -48.6853 164.666
60 515.79 723.573 5 2.5 -48.3765 -49.3421
61 515.517 723.992 5 2.23607 -57.1587 102.437
62 515.243 724.411 5 2.06155 -64.045 -135.075
63 517.575 721.753 5 4.71699 -55.7863 120.701
64 517.302 722.172 5 4.30116 -48.503 -137.744
65 517.028 722.59 5 3.90512 -53.3681 -63.7404
66 516.755 723.009 5 3.53553 -63.2846 -30.3397
67 516.482 723.428 5 3.20156 -49.8543 160.806
68 516.209 723.847 5 2.91548 -66.6593 -124.862
69 515.935 724.265 5 2.69258 -57.862 -41.1157
70 515.662 724.684 5 2.54951 -61.4634 31.3342
71 517.994 722.026 5 5 -56.9063 -155.791
72 517.72 722.445 5 4.60977 -47.7028 23.1316
73 517.447 722.864 5 4.24264 -55.6913 54.8959
74 517.174 723.282 5 3.90512 -47.0358 -114.663
75 516.901 723.701 5 3.60555 -60.2415 -16.2867
76 516.627 724.12 5 3.3541 -50.9642 146.856
77 516.354 724.539 5 3.16228 -54.8409 -169.716
78 516.081 724.957 5 3.04138 -59.7722 -32.1241
