1 514.644 719.84 5 3.90512 -50.2571 -161.712
2 514.371 720.259 5 3.60555 -52.3903 101.227
3 514.097 720.678 5 3.3541 -47.0706 40.8965
4 513.824 721.096 5 3.16228 -53.2958 -119.189
5 513.551 721.515 5 3.04138 -50.1767 75.2854
6 513.278 721.934 5 3 -49.1161 -23.8993
7 513.004 722.353 5 3.04138 -49.6265 -128.528
8 512.731 722.771 5 3.16228 -46.833 -117.179
9 512.458 723.19 5 3.3541 -49.048 45.4131
10 512.185 723.609 5 3.60555 -54.2616 112.933
11 515.063 720.113 5 3.53553 -55.7399 -81.2805
12 514.789 720.532 5 3.20156 -51.8684 94.5053
13 514.516 720.951 5 2.91548 -48.3494 -142.722
14 514.243 721.37 5 2.69258 -48.9752 142.577
15 513.97 721.788 5 2.54951 -47.1518 -175.958
16 513.696 722.207 5 2.5 -55.3516 40.1383
17 513.423 722.626 5 2.54951 -47.3434 -165.199
18 513.15 723.045 5 2.69258 -45.4486 162.109
19 512.877 723.463 5 2.91548 -44.2423 -117.937
20 512.603 723.882 5 3.20156 -49.9288 71.3374
21 515.481 720.387 5 3.20156 -48.7617 -151.557
22 515.208 720.805 5 2.82843 -43.7732 146.379
23 514.935 721.224 5 2.5 -44.7791 -16.2701
24 514.662 721.643 5 2.23607 -42.9305 54.8863
25 514.388 722.062 5 2.06155 -47.0668 143.95
26 514.115 722.48 5 2 -44.0928 14.8003
27 513.842 722.899 5 2.06155 -44.6902 169.531
28 513.568 723.318 5 2.23607 -46.704 -1.55446
29 513.295 723.737 5 2.5 -47.906 -44.1832
30 513.022 724.155 5 2.82843 -55.5881 -60.4473
31 515.9 720.66 5 2.91548 -55.1233 -107.095
32 515.627 721.079 5 2.5 -47.5428 -45.8745
33 515.353 721.497 5 2.12132 -43.1978 12.7671
34 515.08 721.916 5 1.80278 -46.6345 171.463
35 514.807 722.335 5 1.58114 -40.6295 106.045
36 514.534 722.754 5 1.5 -42.8465 4.02511
37 514.26 723.172 5 1.58114 -40.7631 129.711
38 513.987 723.591 5 1.80278 -44.4813 -115.312
39 516.319 720.933 5 2.69258 -51.698 160.878
40 516.045 721.352 5 2.23607 -42.8549 27.3006
41 515.772 721.771 5 1.80278 -43.2988 -166.392
42 515.499 722.189 5 1.41421 -42.1432 -162.361
43 515.226 722.608 5 1.11803 -40.1441 40.404
44 514.952 723.027 5 1 -42.9239 9.56705
45 514.679 723.446 5 1.11803 -51.6679 29.17
46 514.406 723.864 5 1.41421 -43.4267 68.5072
47 516.737 721.206 5 2.54951 -41.3094 -110.623
48 516.464 721.625 5 2.06155 -44.7826 -164.682
49 516.191 722.044 5 1.58114 -45.6547 167.701
50 515.918 722.463 5 1.11803 -43.5237 3.511
51 515.644 722.881 5 0.707107 -36.7157 142.478
52 515.371 723.3 5 0.5 -36.082 -1.39902
53 515.098 723.719 5 0.707107 -37.4621 114.683
54 514.825 724.138 5 1.11803 -40.9125 153.309
55 517.156 721.48 5 2.5 -39.8083 7.01311
56 516.883 721.898 5 2 -40.2766 -5.8629
57 516.61 722.317 5 1.5 -40.3533 -23.2236
58 516.336 722.736 5 1 -37.3311 -4.65054
59 516.063 723.155 5 0.5 -33.2937 0.935274
60 515.79 723.573 5 0 -41.7879 -97.9675
61 515.517 723.992 5 0.5 -31.8828 -7.37052
62 515.243 724.411 5 1 -46.6872 -170.946
63 517.575 721.753 5 2.54951 -41.3921 -147.922
64 517.302 722.172 5 2.06155 -46.6595 -101.988
65 517.028 722.59 5 1.58114 -47.6187 123.151
66 516.755 723.009 5 1.11803 -41.0622 -12.932
67 516.482 723.428 5 0.707107 -37.1752 127.943
68 516.209 723.847 5 0.5 -34.7693 -6.90216
69 515.935 724.265 5 0.707107 -36.4424 128.07
70 515.662 724.684 5 1.11803 -39.9353 7.84396
71 517.994 722.026 5 2.69258 -47.7835 63.247
72 517.72 722.445 5 2.23607 -45.2242 14.1369
73 517.447 722.864 5 1.80278 -47.4426 -130.445
74 517.174 723.282 5 1.41421 -44.52 -130.446
75 516.901 723.701 5 1.11803 -40.8322 30.9075
76 516.627 724.12 5 1 -43.2206 -9.62999
77 516.354 724.539 5 1.11803 -42.5017 24.3944
78 516.081 724.957 5 1.41421 -39.4485 -125.178
