1 514.644 719.84 5 2.91548 -52.7631 -107.998
2 514.371 720.259 5 2.69258 -43.7758 162.521
3 514.097 720.678 5 2.54951 -53.984 -154.217
4 513.824 721.096 5 2.5 -49.5897 29.3697
5 513.551 721.515 5 2.54951 -54.3843 65.4381
6 513.278 721.934 5 2.69258 -50.1329 166.213
7 513.004 722.353 5 2.91548 -48.016 -57.3725
8 512.731 722.771 5 3.20156 -44.1961 129.762
9 512.458 723.19 5 3.53553 -54.9577 147.536
10 512.185 723.609 5 3.90512 -53.7019 -66.0254
11 515.063 720.113 5 2.5 -48.2036 29.4533
12 514.789 720.532 5 2.23607 -46.0571 64.8476
13 514.516 720.951 5 2.06155 -45.5773 150.144
14 514.243 721.37 5 2 -48.0663 -11.2728
15 513.97 721.788 5 2.06155 -56.8843 114.039
16 513.696 722.207 5 2.23607 -46.4754 38.6481
17 513.423 722.626 5 2.5 -57.852 77.3886
18 513.15 723.045 5 2.82843 -45.5992 168.848
19 512.877 723.463 5 3.20156 -48.0901 134.229
20 512.603 723.882 5 3.60555 -53.067 29.2676
21 515.481 720.387 5 2.12132 -47.3108 32.0186
22 515.208 720.805 5 1.80278 -42.841 -148.452
23 514.935 721.224 5 1.58114 -41.0529 103.969
24 514.662 721.643 5 1.5 -41.6788 -14.1493
25 514.388 722.062 5 1.58114 -42.8667 87.3844
26 514.115 722.48 5 1.80278 -47.1919 -149.489
27 513.842 722.899 5 2.12132 -50.5029 63.0945
28 513.568 723.318 5 2.5 -47.8509 25.9272
29 513.295 723.737 5 2.91548 -47.4079 -155.508
30 513.022 724.155 5 3.3541 -66.3864 91.9945
31 515.9 720.66 5 1.80278 -43.0739 -129.343
32 515.627 721.079 5 1.41421 -39.2073 -109.748
33 515.353 721.497 5 1.11803 -40.2059 8.60646
34 515.08 721.916 5 1 -38.8189 -12.1374
35 514.807 722.335 5 1.11803 -38.479 9.23355
36 514.534 722.754 5 1.41421 -46.3646 -91.9574
37 514.26 723.172 5 1.80278 -45.1573 -157.339
38 513.987 723.591 5 2.23607 -45.9938 83.1633
39 516.319 720.933 5 1.58114 -46.9478 175.925
40 516.045 721.352 5 1.11803 -41.8259 -4.52377
41 515.772 721.771 5 0.707107 -37.7371 152.179
42 515.499 722.189 5 0.5 -35.6998 -23.5574
43 515.226 722.608 5 0.707107 -40.0787 127.639
44 514.952 723.027 5 1.11803 -44.1008 5.899
45 514.679 723.446 5 1.58114 -45.984 155.81
46 514.406 723.864 5 2.06155 -45.3543 80.6278
47 516.737 721.206 5 1.5 -38.405 -1.32503
48 516.464 721.625 5 1 -36.0977 -18.1221
49 516.191 722.044 5 0.5 -32.712 -2.51689
50 515.918 722.463 5 0 -53.5911 -44.2592
51 515.644 722.881 5 0.5 -31.8908 -3.87385
52 515.371 723.3 5 1 -38.1279 -20.0514
53 515.098 723.719 5 1.5 -39.8098 -24.5792
54 514.825 724.138 5 2 -46.6719 -157.847
55 517.156 721.48 5 1.58114 -47.9268 162.51
56 516.883 721.898 5 1.11803 -46.3977 -21.6765
57 516.61 722.317 5 0.707107 -37.3804 143.192
58 516.336 722.736 5 0.5 -34.8554 -20.5803
59 516.063 723.155 5 0.707107 -38.2749 129.192
60 515.79 723.573 5 1.11803 -44.1625 -12.2484
61 515.517 723.992 5 1.58114 -41.8021 160.72
62 515.243 724.411 5 2.06155 -54.4554 32.6521
63 517.575 721.753 5 1.80278 -39.1589 -178.917
64 517.302 722.172 5 1.41421 -42.1033 -112.322
65 517.028 722.59 5 1.11803 -41.6031 2.85825
66 516.755 723.009 5 1 -36.8117 -9.96182
67 516.482 723.428 5 1.11803 -39.9086 9.69865
68 516.209 723.847 5 1.41421 -40.9079 -124.966
69 515.935 724.265 5 1.80278 -44.171 -149.564
70 515.662 724.684 5 2.23607 -50.9335 17.9378
71 517.994 722.026 5 2.12132 -63.3249 69.7743
72 517.72 722.445 5 1.80278 -50.5057 -171.713
73 517.447 722.864 5 1.58114 -40.9757 151.471
74 517.174 723.282 5 1.5 -39.6256 -7.32951
75 516.901 723.701 5 1.58114 -43.6989 77.5061
76 516.627 724.12 5 1.80278 -46.2311 -162.78
77 516.354 724.539 5 2.12132 -46.1204 23.2033
78 516.081 724.957 5 2.5 -47.9599 -0.497256
