1 509.951 714.045 5 8.56358 -66.4798 -16.373
2 510.37 714.318 5 8.09285 -62.3352 -15.6549
3 510.79 714.59 5 7.62584 -67.0777 138.89
4 511.209 714.862 5 7.16329 -60.2911 16.4135
5 511.628 715.135 5 6.70612 -64.6053 -57.585
6 512.048 715.407 5 6.2555 -57.5333 50.6458
7 512.467 715.679 5 5.81296 -60.5204 69.541
8 512.886 715.952 5 5.3805 -63.8518 -165.869
9 513.306 716.224 5 4.96075 -56.4272 120.022
10 513.725 716.496 5 4.55723 -60.0152 82.3862
11 514.144 716.769 5 4.17464 -66.7981 -17.5224
12 514.564 717.041 5 3.81927 -89.4834 -35.173
13 514.983 717.313 5 3.49945 -111.388 -58.4975
14 509.679 714.465 5 8.41301 -60.6293 151.166
15 510.098 714.737 5 7.93335 -75.0125 -172.587
16 510.517 715.009 5 7.45636 -61.1554 -123.016
17 510.937 715.282 5 6.98259 -63.7188 -102.426
18 511.356 715.554 5 6.51274 -56.7347 -173.589
19 511.775 715.826 5 6.04773 -64.5208 -97.7815
20 512.195 716.099 5 5.58877 -65.0088 -136.681
21 512.614 716.371 5 5.13747 -66.6829 122.082
22 513.033 716.643 5 4.69604 -62.2123 -37.1722
23 513.453 716.916 5 4.26756 -68.8865 -112.095
24 513.872 717.188 5 3.85634 -53.3177 50.8396
25 514.291 717.46 5 3.46852 -66.0818 -64.5469
26 514.711 717.733 5 3.11286 -51.3528 153.696
27 509.406 714.884 5 8.2899 -72.7042 -131.935
28 509.826 715.156 5 7.80268 -74.6679 -121.384
29 510.245 715.429 5 7.31717 -71.8516 104.076
30 510.664 715.701 5 6.83376 -54.3403 1.95322
31 511.084 715.973 5 6.35292 -67.8841 80.0076
32 511.503 716.246 5 5.87527 -74.1285 42.9734
33 511.922 716.518 5 5.40167 -67.6489 117.493
34 512.342 716.79 5 4.93329 -74.4208 -163.085
35 512.761 717.063 5 4.47175 -69.112 128.683
36 513.18 717.335 5 4.01943 -63.0283 122.753
37 513.6 717.607 5 3.57982 -59.0125 -20.7202
38 514.019 717.88 5 3.15823 -48.859 -89.9393
39 514.438 718.152 5 2.76291 -64.3385 97.9386
40 509.134 715.303 5 8.1955 -73.9452 144.565
41 509.553 715.576 5 7.70231 -57.3077 18.1118
42 509.973 715.848 5 7.21005 -63.6858 92.4206
43 510.392 716.12 5 6.71893 -60.5121 -75.41
44 510.811 716.393 5 6.22923 -61.9544 38.4437
45 511.231 716.665 5 5.7413 -63.8118 -13.9552
46 511.65 716.937 5 5.25565 -62.3221 -36.1295
47 512.069 717.21 5 4.77295 -67.0391 12.5968
48 512.489 717.482 5 4.29422 -65.7414 35.2121
49 512.908 717.754 5 3.82095 -77.2072 -112.214
50 513.327 718.027 5 3.35543 -65.0055 -112.44
51 513.747 718.299 5 2.90141 -72.4748 146.323
52 514.166 718.571 5 2.46524 -60.6187 163.91
53 508.862 715.723 5 8.13081 -53.1345 -159.254
54 509.281 715.995 5 7.63343 -58.0711 -156.873
55 509.7 716.267 5 7.13642 -59.3357 159.819
56 510.12 716.54 5 6.63986 -61.6428 -178.439
57 510.539 716.812 5 6.14386 -58.4215 155.563
58 510.958 717.084 5 5.64857 -65.3319 -109.228
59 511.378 717.357 5 5.15418 -63.7038 168.548
60 511.797 717.629 5 4.66099 -68.0005 49.2398
61 512.216 717.901 5 4.16943 -81.7168 61.6897
62 512.636 718.174 5 3.68013 -60.9851 17.7437
63 513.055 718.446 5 3.19416 -61.613 48.487
64 513.474 718.718 5 2.71329 -64.9789 157.863
65 513.894 718.991 5 2.2408 -52.3295 89.5918
66 508.589 716.142 5 8.09653 -53.3839 -30.5616
67 509.009 716.414 5 7.59691 -58.7386 -49.0003
68 509.428 716.687 5 7.09734 -58.5067 -29.3209
69 509.847 716.959 5 6.59785 -57.7213 -11.7029
70 510.267 717.231 5 6.09843 -57.0247 -19.6793
71 510.686 717.504 5 5.59912 -53.5282 -54.1454
72 511.105 717.776 5 5.09994 -57.0199 -75.2358
73 511.525 718.048 5 4.60094 -55.9409 -14.3531
74 511.944 718.321 5 4.10218 -54.7112 -11.2773
75 512.363 718.593 5 3.60377 -54.0828 -51.5881
76 512.783 718.865 5 3.10587 -52.812 -83.5611
77 513.202 719.138 5 2.60877 -49.6759 -44.9493
78 513.621 719.41 5 2.11304 -68.8641 -21.5286
79 510.414 717.923 5 5.59409 -65.1088 -150.508
80 510.833 718.195 5 5.09442 -77.8768 86.8263
81 511.672 718.74 5 4.09532 -52.4266 14.8354
82 512.091 719.012 5 3.59596 -51.2368 -4.53086
83 512.51 719.285 5 3.0968 -43.6648 -47.0224
84 512.93 719.557 5 2.59797 -53.5777 -81.6429
85 513.349 719.829 5 2.09969 -56.2077 -76.539
86 510.141 718.342 5 5.63362 -77.4851 129.254
87 510.561 718.615 5 5.13779 -81.8537 100.41
88 511.399 719.159 5 4.14915 -48.9677 -167.732
89 511.819 719.432 5 3.65714 -53.6447 128.041
90 512.238 719.704 5 3.16764 -49.925 130.003
91 512.657 719.976 5 2.68202 -51.8884 29.0671
92 513.077 720.249 5 2.20284 -51.205 -21.7419
93 509.869 718.762 5 5.71676 -83.0752 -139.171
94 510.288 719.034 5 5.22883 -92.6312 -45.8503
95 511.127 719.579 5 4.26136 -63.0614 -100.456
96 511.546 719.851 5 3.78397 -51.3915 -39.5611
97 511.966 720.123 5 3.31326 -67.3979 -23.0191
98 512.385 720.396 5 2.85254 -51.4465 82.7029
99 512.804 720.668 5 2.40754 -44.8261 42.0553
100 509.597 719.181 5 5.84168 -90.7919 -152.495
101 510.016 719.453 5 5.36511 -93.0515 78.617
102 509.324 719.6 5 6.00574 -84.601 137.101
103 509.744 719.873 5 5.5433 -80.1476 164.26
104 509.052 720.02 5 6.20586 -88.1535 -91.5875
105 509.471 720.292 5 5.75951 -90.7459 -24.7162
