1 509.951 714.045 5 8.72373 -77.5126 135.989
2 510.37 714.318 5 8.29253 -66.3861 -122.053
3 510.79 714.59 5 7.86947 -69.3034 -13.3656
4 511.209 714.862 5 7.45595 -78.2512 -136.728
5 511.628 715.135 5 7.05363 -65.7268 -41.682
6 512.048 715.407 5 6.66455 -68.4842 -19.0252
7 512.467 715.679 5 6.29117 -73.6964 37.9913
8 512.886 715.952 5 5.93645 -62.4285 4.38116
9 513.306 716.224 5 5.60392 -67.0427 -120.367
10 513.725 716.496 5 5.29778 -72.6136 47.3121
11 514.144 716.769 5 5.02285 -87.1633 -8.03835
12 514.564 717.041 5 4.78452 -110.958 176.881
13 514.983 717.313 5 4.58848 -109.182 77.2487
14 509.679 714.465 5 8.48813 -68.2229 -26.2617
15 510.098 714.737 5 8.04431 -70.85 153.307
16 510.517 715.009 5 7.60746 -64.3332 43.0061
17 510.937 715.282 5 7.17886 -75.6787 -162.508
18 511.356 715.554 5 6.76007 -64.1401 33.2029
19 511.775 715.826 5 6.35304 -70.0411 172.327
20 512.195 716.099 5 5.96018 -65.5709 -133.358
21 512.614 716.371 5 5.58446 -72.9643 -53.6892
22 513.033 716.643 5 5.22961 -66.8508 -134.068
23 513.453 716.916 5 4.90014 -66.8262 130.944
24 513.872 717.188 5 4.60151 -63.6988 -135.329
25 514.291 717.46 5 4.3401 -68.6964 87.5431
26 514.711 717.733 5 4.12299 -69.8155 -29.9365
27 509.406 714.884 5 8.27606 -75.7114 -163.961
28 509.826 715.156 5 7.82022 -73.2921 -125.29
29 510.245 715.429 5 7.3701 -76.9703 -122.976
30 510.664 715.701 5 6.92682 -67.2916 153.295
31 511.084 715.973 5 6.4918 -71.2339 10.7144
32 511.503 716.246 5 6.0668 -64.3735 -165.186
33 511.922 716.518 5 5.65407 -67.3288 -15.2946
34 512.342 716.79 5 5.25653 -64.1183 76.3615
35 512.761 717.063 5 4.87788 -64.492 152.028
36 513.18 717.335 5 4.52286 -65.0662 107.187
37 513.6 717.607 5 4.19747 -69.8993 -42.625
38 514.019 717.88 5 3.90913 -77.0556 -53.9885
39 514.438 718.152 5 3.66659 -69.4472 -23.5619
40 509.134 715.303 5 8.08938 -68.0753 -7.03193
41 509.553 715.576 5 7.62238 -67.7508 -28.4659
42 509.973 715.848 5 7.15983 -77.8355 -60.3741
43 510.392 716.12 5 6.70267 -77.4376 14.4604
44 510.811 716.393 5 6.25207 -70.0683 -21.6193
45 511.231 716.665 5 5.80955 -68.7125 111.299
46 511.65 716.937 5 5.37712 -62.1636 13.993
47 512.069 717.21 5 4.95742 -70.6072 -169.232
48 512.489 717.482 5 4.55396 -62.8344 -32.7947
49 512.908 717.754 5 4.17146 -60.6859 29.8658
50 513.327 718.027 5 3.81623 -61.0753 -13.8819
51 513.747 718.299 5 3.4966 -73.6675 46.4111
52 514.166 718.571 5 3.22316 -59.8304 -29.3512
53 508.862 715.723 5 7.92988 -82.9139 152.999
54 509.281 715.995 5 7.45289 -72.3732 46.4105
55 509.7 716.267 5 6.97912 -81.598 114.551
56 510.12 716.54 5 6.50927 -74.788 104.95
57 510.539 716.812 5 6.04427 -71.2741 65.6272
58 510.958 717.084 5 5.58531 -76.9764 -5.30584
59 511.378 717.357 5 5.13403 -71.8614 -19.3645
60 511.797 717.629 5 4.69264 -69.8368 138.1
61 512.216 717.901 5 4.2642 -62.8539 -7.28981
62 512.636 718.174 5 3.85305 -64.5711 139.08
63 513.055 718.446 5 3.46533 -63.2896 -68.2474
64 513.474 718.718 5 3.10983 -62.2643 -97.3168
65 513.894 718.991 5 2.79886 -58.6756 -10.5206
66 508.589 716.142 5 7.79922 -91.8139 -109.586
67 509.009 716.414 5 7.31371 -71.41 57.6037
68 509.428 716.687 5 6.8303 -81.2249 -73.5024
69 509.847 716.959 5 6.34945 -81.5958 -47.5172
70 510.267 717.231 5 5.8718 -82.9578 -95.7012
71 510.686 717.504 5 5.3982 -79.0761 -91.481
72 511.105 717.776 5 4.92982 -77.0376 -140.892
73 511.525 718.048 5 4.4683 -68.5451 -126.377
74 511.944 718.321 5 4.016 -70.6878 -49.9069
75 512.363 718.593 5 3.57643 -75.6292 162.311
76 512.783 718.865 5 3.1549 -66.1141 -4.09926
77 513.202 719.138 5 2.7597 -60.8763 124.684
78 513.621 719.41 5 2.40385 -61.5768 95.6274
79 510.414 717.923 5 5.25219 -66.6222 148.055
80 510.833 718.195 5 4.76949 -98.3816 -123.34
81 511.672 718.74 5 3.81748 -72.6737 69.0608
82 512.091 719.012 5 3.35197 -73.7427 48.7071
83 512.51 719.285 5 2.89797 -69.3032 117.807
84 512.93 719.557 5 2.46187 -63.2526 105.719
85 513.349 719.829 5 2.05508 -58.5976 -18.9846
86 510.141 718.342 5 5.15076 -87.3241 -144.116
87 510.561 718.615 5 4.65756 -79.5882 164.062
88 511.399 719.159 5 3.67668 -72.7159 101.785
89 511.819 719.432 5 3.1907 -76.7089 -114.14
90 512.238 719.704 5 2.70982 -72.569 6.57595
91 512.657 719.976 5 2.23733 -63.6429 -36.9865
92 513.077 720.249 5 1.77995 -64.2881 -178.749
93 509.869 718.762 5 5.09659 -81.8001 -16.5298
94 510.288 719.034 5 4.59758 -89.2202 -155.755
95 511.127 719.579 5 3.6004 -73.3092 -25.0891
96 511.546 719.851 5 3.10249 -62.4004 -119.903
97 511.966 720.123 5 2.60538 -69.1138 150.689
98 512.385 720.396 5 2.10963 -63.044 156.974
99 512.804 720.668 5 1.61651 -71.1275 -104.39
100 509.597 719.181 5 5.09118 -84.3081 24.6756
101 510.016 719.453 5 4.59158 -98.2831 112.806
102 509.324 719.6 5 5.13468 -91.854 -13.0339
103 509.744 719.873 5 4.63977 -88.5769 -144.191
104 509.052 720.02 5 5.22588 -96.9002 99.1542
105 509.471 720.292 5 4.7405 -105.601 90.7334
