1 509.951 714.045 5 8.93935 -80.9016 -58.4623
2 510.37 714.318 5 8.4896 -51.9175 -44.8289
3 510.79 714.59 5 8.04579 -49.6961 102.269
4 511.209 714.862 5 7.60896 -50.88 -129.146
5 511.628 715.135 5 7.18037 -50.8376 49.755
6 512.048 715.407 5 6.7616 -54.0205 176.698
7 512.467 715.679 5 6.35458 -62.3694 44.1562
8 512.886 715.952 5 5.96172 -69.5087 4.11741
9 513.306 716.224 5 5.58601 -69.1367 -73.6206
10 513.725 716.496 5 5.23116 -70.2654 114.07
11 514.144 716.769 5 4.90168 -64.1204 104.441
12 514.564 717.041 5 4.60304 -88.298 34.6579
13 514.983 717.313 5 4.34159 -106.599 161.851
14 509.679 714.465 5 8.73817 -54.3685 -165.402
15 510.098 714.737 5 8.27751 -54.6891 -158.264
16 510.517 715.009 5 7.82167 -54.9036 13.7799
17 510.937 715.282 5 7.37157 -54.358 -127.825
18 511.356 715.554 5 6.92831 -51.1139 71.3143
19 511.775 715.826 5 6.4933 -53.0076 -130.745
20 512.195 716.099 5 6.06831 -52.2954 26.3388
21 512.614 716.371 5 5.65561 -50.0384 144.28
22 513.033 716.643 5 5.25807 -79.9958 -70.8698
23 513.453 716.916 5 4.87943 -62.3431 -75.3207
24 513.872 717.188 5 4.52441 -65.0742 -126.759
25 514.291 717.46 5 4.19901 -65.6919 15.155
26 514.711 717.733 5 3.91065 -56.3019 -36.3267
27 509.406 714.884 5 8.56151 -52.4981 41.1174
28 509.826 715.156 5 8.09079 -61.5733 -30.9212
29 510.245 715.429 5 7.6238 -58.7338 -116.365
30 510.664 715.701 5 7.16127 -56.4162 106.011
31 511.084 715.973 5 6.70412 -54.8137 -9.78597
32 511.503 716.246 5 6.25354 -54.4191 -126.589
33 511.922 716.518 5 5.81104 -51.228 43.1411
34 512.342 716.79 5 5.37863 -49.9505 -157.726
35 512.761 717.063 5 4.95894 -50.0463 -37.8387
36 513.18 717.335 5 4.5555 -74.7252 178.218
37 513.6 717.607 5 4.17301 -66.0196 18.7843
38 514.019 717.88 5 3.81778 -63.6264 -138.251
39 514.438 718.152 5 3.49813 -61.995 -167.278
40 509.134 715.303 5 8.4109 -60.6573 119.393
41 509.553 715.576 5 7.93125 -56.4867 41.8526
42 509.973 715.848 5 7.45427 -56.7391 -14.9366
43 510.392 716.12 5 6.98051 -63.017 -85.4492
44 510.811 716.393 5 6.51069 -61.3204 -172.271
45 511.231 716.665 5 6.0457 -55.9673 74.7604
46 511.65 716.937 5 5.58677 -56.111 -28.8762
47 512.069 717.21 5 5.13551 -51.9201 -173.882
48 512.489 717.482 5 4.69413 -48.3826 21.7434
49 512.908 717.754 5 4.26572 -46.4301 164.233
50 513.327 718.027 5 3.85458 -61.266 -102.623
51 513.747 718.299 5 3.46688 -74.8399 71.3859
52 514.166 718.571 5 3.11138 -57.3519 9.93659
53 508.862 715.723 5 8.28776 -61.6128 122.498
54 509.281 715.995 5 7.80054 -58.7253 77.1825
55 509.7 716.267 5 7.31505 -61.3069 67.2372
56 510.12 716.54 5 6.83164 -63.8299 12.2537
57 510.539 716.812 5 6.35081 -58.4181 -103.077
58 510.958 717.084 5 5.87318 -55.6907 -151.941
59 511.378 717.357 5 5.3996 -56.385 150.711
60 511.797 717.629 5 4.93125 -57.9511 69.7293
61 512.216 717.901 5 4.46975 -53.932 -53.5809
62 512.636 718.174 5 4.01747 -50.2244 161.612
63 513.055 718.446 5 3.57793 -46.1388 -16.7317
64 513.474 718.718 5 3.15642 -48.9573 134.187
65 513.894 718.991 5 2.76125 -63.8203 -119.947
66 508.589 716.142 5 8.19334 -69.4776 18.3756
67 509.009 716.414 5 7.70014 -70.2988 -73.464
68 509.428 716.687 5 7.20789 -71.8356 -61.7597
69 509.847 716.959 5 6.71678 -59.1555 -57.7887
70 510.267 717.231 5 6.22708 -58.1367 -72.1433
71 510.686 717.504 5 5.73917 -56.4459 -102.228
72 511.105 717.776 5 5.25352 -50.7289 -144.346
73 511.525 718.048 5 4.77084 -50.0614 143.03
74 511.944 718.321 5 4.29213 -55.4331 98.7431
75 512.363 718.593 5 3.81888 -54.8281 39.3784
76 512.783 718.865 5 3.35341 -51.2295 -113.705
77 513.202 719.138 5 2.89945 -50.1136 102.424
78 513.621 719.41 5 2.46338 -45.1462 -45.0079
79 510.414 717.923 5 5.6464 -74.5077 126.833
80 510.833 718.195 5 5.15202 -85.3531 -41.1793
81 511.672 718.74 5 4.16727 -60.1315 126.815
82 512.091 719.012 5 3.67799 -60.2174 97.5154
83 512.51 719.285 5 3.19204 -52.9954 22.0897
84 512.93 719.557 5 2.71119 -54.1021 -10.6028
85 513.349 719.829 5 2.23875 -46.4894 -56.9978
86 510.141 718.342 5 5.59693 -74.1809 91.8165
87 510.561 718.615 5 5.09775 -88.0359 -36.3182
88 511.399 719.159 5 4.09999 -71.2602 41.493
89 511.819 719.432 5 3.60158 -62.4443 79.1167
90 512.238 719.704 5 3.10369 -55.2059 72.5716
91 512.657 719.976 5 2.60659 -53.7273 94.4824
92 513.077 720.249 5 2.11087 -63.136 -73.0088
93 509.869 718.762 5 5.5919 -83.3695 -95.5279
94 510.288 719.034 5 5.09223 -88.1454 6.97469
95 511.127 719.579 5 4.09313 -72.4658 85.6459
96 511.546 719.851 5 3.59377 -73.0676 -99.7057
97 511.966 720.123 5 3.09461 -55.5889 -122.314
98 512.385 720.396 5 2.59578 -74.7798 -92.396
99 512.804 720.668 5 2.09751 -62.6364 -25.5765
100 509.597 719.181 5 5.63144 -81.7169 -131.685
101 510.016 719.453 5 5.13562 -100.366 -98.0276
102 509.324 719.6 5 5.71462 -89.6347 -61.4667
103 509.744 719.873 5 5.22669 -93.2677 -77.3654
104 509.052 720.02 5 5.83958 -83.9965 -127.934
105 509.471 720.292 5 5.36303 -91.3204 102.292
