1 505.473 717.831 5 12.2795 -119.235 118.111
2 505.747 717.412 5 12.2962 -126.775 -179.165
3 506.02 716.994 5 12.3332 -129.918 -91.5716
4 506.294 716.575 5 12.3903 -126.014 116.062
5 506.567 716.157 5 12.4671 -113.886 -16.8694
6 505.891 718.104 5 11.7796 -117.469 28.7843
7 506.165 717.686 5 11.797 -116.648 120.796
8 506.439 717.267 5 11.8355 -110.737 -111.264
9 506.712 716.849 5 11.895 -114.204 -112.807
10 506.986 716.43 5 11.975 -115.258 -126.751
11 506.31 718.378 5 11.2796 -126.164 -161.959
12 506.584 717.96 5 11.2978 -116.535 -35.6958
13 506.857 717.541 5 11.3381 -116.633 -40.0458
14 507.131 717.123 5 11.4001 -112.886 -152.254
15 507.404 716.704 5 11.4836 -106.903 -128.373
16 506.728 718.652 5 10.7797 -119.61 58.8177
17 507.002 718.233 5 10.7987 -115.855 119.672
18 507.276 717.815 5 10.8408 -113.327 46.643
19 507.549 717.396 5 10.9057 -103.146 121.591
20 507.823 716.978 5 10.9929 -110.663 -156.973
21 507.147 718.925 5 10.2797 -116.17 -112.518
22 507.421 718.507 5 10.2997 -116.901 -127.35
23 507.694 718.088 5 10.3438 -102.395 -26.3783
24 507.968 717.67 5 10.4118 -100.894 -173.362
25 508.241 717.251 5 10.5031 -101.393 55.9192
26 507.565 719.199 5 9.7798 -120.267 70.0556
27 507.839 718.78 5 9.80078 -102.803 164.168
28 508.113 718.362 5 9.84713 -114.046 -110.748
29 508.386 717.943 5 9.9185 -113.154 63.28
30 508.66 717.525 5 10.0144 -132.165 162.877
31 507.984 719.472 5 9.27988 -110.219 -33.8308
32 508.258 719.054 5 9.30198 -100.005 46.9977
33 508.531 718.635 5 9.3508 -135.4 -127.008
34 508.805 718.217 5 9.42593 -127.408 171.834
35 509.078 717.798 5 9.52675 -148.692 -7.42038
36 508.402 719.746 5 8.77995 -108.826 -129.226
37 508.676 719.328 5 8.80331 -131.741 116.168
38 508.95 718.909 5 8.85489 -207.127 28.1085
39 509.223 718.491 5 8.93419 -164.74 1.74336
40 509.497 718.072 5 9.04049 -164.562 -176.934
