1 509.951 714.045 5 9.48212 -82.2983 -87.4599
2 510.37 714.318 5 9.11468 -94.126 -88.2584
3 510.79 714.59 5 8.76039 -71.9119 77.908
4 511.209 714.862 5 8.42089 -85.1534 -93.1891
5 511.628 715.135 5 8.09804 -81.9532 -101.132
6 512.048 715.407 5 7.79392 -100.004 41.2657
7 512.467 715.679 5 7.5108 -82.7763 122.215
8 512.886 715.952 5 7.25115 -81.2894 -19.5173
9 513.306 716.224 5 7.01755 -93.4881 104.745
10 513.725 716.496 5 6.81271 -84.9014 150.376
11 514.144 716.769 5 6.63927 -86.9011 -33.9655
12 514.564 717.041 5 6.49976 -134.293 174.29
13 514.983 717.313 5 6.39639 -135.295 -91.5256
14 509.679 714.465 5 9.15732 -87.7479 153.405
15 510.098 714.737 5 8.7763 -87.6898 77.239
16 510.517 715.009 5 8.40776 -87.9748 -174.398
17 510.937 715.282 5 8.0534 -85.5381 -77.4415
18 511.356 715.554 5 7.7152 -86.7627 52.8531
19 511.775 715.826 5 7.39535 -87.6574 -25.3366
20 512.195 716.099 5 7.09635 -85.7723 -152.524
21 512.614 716.371 5 6.82093 -90.8072 147.037
22 513.033 716.643 5 6.57206 -81.5298 -88.1972
23 513.453 716.916 5 6.35287 -82.7082 -147.529
24 513.872 717.188 5 6.16652 -88.4177 -179.959
25 514.291 717.46 5 6.01605 -87.0296 108.307
26 514.711 717.733 5 5.90422 -81.2974 -31.8088
27 509.406 714.884 5 8.84887 -99.802 -12.4435
28 509.826 715.156 5 8.45396 -89.4642 -124.19
29 510.245 715.429 5 8.07071 -87.114 152.291
30 510.664 715.701 5 7.70086 -93.7738 -116.587
31 511.084 715.973 5 7.34644 -79.7349 179.42
32 511.503 716.246 5 7.00979 -86.6571 18.7175
33 511.922 716.518 5 6.69359 -88.225 -60.9773
34 512.342 716.79 5 6.40086 -93.7471 -28.7781
35 512.761 717.063 5 6.13498 -101.129 170.521
36 513.18 717.335 5 5.89957 -84.9737 90.5377
37 513.6 717.607 5 5.69841 -79.1972 -27.4313
38 514.019 717.88 5 5.53523 -82.852 -102.205
39 514.438 718.152 5 5.41348 -93.1529 -69.6831
40 509.134 715.303 5 8.55853 -94.2935 -6.28181
41 509.553 715.576 5 8.14956 -80.7175 -44.6588
42 509.973 715.848 5 7.75128 -90.9705 -99.9892
43 510.392 716.12 5 7.36541 -92.82 -142.899
44 510.811 716.393 5 6.99401 -91.7933 -166.357
45 511.231 716.665 5 6.63951 -72.2994 61.306
46 511.65 716.937 5 6.30477 -84.1905 -61.8964
47 512.069 717.21 5 5.99308 -77.0908 113.461
48 512.489 717.482 5 5.70824 -86.7382 -132.051
49 512.908 717.754 5 5.45444 -88.367 -119.314
50 513.327 718.027 5 5.23621 -88.6097 31.0556
51 513.747 718.299 5 5.05814 -96.4447 -23.4849
52 514.166 718.571 5 4.9246 -83.3919 86.2351
53 508.862 715.723 5 8.28821 -86.0584 -21.0119
54 509.281 715.995 5 7.8652 -88.7119 -61.5698
55 509.7 716.267 5 7.45173 -83.8985 -108.911
56 510.12 716.54 5 7.04948 -89.5252 -162.689
57 510.539 716.812 5 6.66049 -88.2959 -169.868
58 510.958 717.084 5 6.28722 -87.0959 168.872
59 511.378 717.357 5 5.93263 -87.5687 42.8419
60 511.797 717.629 5 5.60027 -87.3071 1.66013
61 512.216 717.901 5 5.29433 -83.5587 -81.2483
62 512.636 718.174 5 5.01965 -83.5231 -162.504
63 513.055 718.446 5 4.78161 -94.9924 -2.56283
64 513.474 718.718 5 4.58593 -91.2797 -144.525
65 513.894 718.991 5 4.43821 -83.9882 164.554
66 508.589 716.142 5 8.03992 -97.0245 63.8547
67 509.009 716.414 5 7.60311 -106.14 38.6638
68 509.428 716.687 5 7.17456 -100.254 -19.8528
69 509.847 716.959 5 6.75583 -91.4975 -134.35
70 510.267 717.231 5 6.34887 -86.7322 157.725
71 510.686 717.504 5 5.9561 -88.0846 151.634
72 511.105 717.776 5 5.5805 -81.8551 105.542
73 511.525 718.048 5 5.2258 -78.9798 -0.946894
74 511.944 718.321 5 4.89652 -77.5264 4.97197
75 512.363 718.593 5 4.59814 -94.8735 -25.5869
76 512.783 718.865 5 4.33703 -79.4474 -115.118
77 513.202 719.138 5 4.12028 -81.7482 167.418
78 513.621 719.41 5 3.95521 -76.9086 86.3233
79 510.414 717.923 5 5.64987 -92.7108 -18.617
80 510.833 718.195 5 5.25243 -92.284 -62.1064
81 511.672 718.74 5 4.51906 -83.6793 -105.485
82 512.091 719.012 5 4.1939 -75.1598 -48.0692
83 512.51 719.285 5 3.90586 -74.6597 -74.8388
84 512.93 719.557 5 3.6637 -64.0796 -113.237
85 513.349 719.829 5 3.47702 -76.5449 -45.8926
86 510.141 718.342 5 5.3728 -95.7074 40.0097
87 510.561 718.615 5 4.95318 -100.417 -43.0991
88 511.399 719.159 5 4.16747 -79.9238 18.412
89 511.819 719.432 5 3.81245 -74.8153 82.6086
90 512.238 719.704 5 3.4931 -80.2299 -70.0173
91 512.657 719.976 5 3.22004 -81.7024 84.5672
92 513.077 720.249 5 3.00593 -92.9206 -70.8391
93 509.869 718.762 5 5.12962 -98.9923 48.1354
94 510.288 719.034 5 4.68828 -85.5857 -72.1044
95 511.127 719.579 5 3.84887 -81.7539 -84.2303
96 511.546 719.851 5 3.46132 -72.2972 57.9434
97 511.966 720.123 5 3.10607 -74.8817 -49.0545
98 512.385 720.396 5 2.79547 -79.4322 -143.424
99 512.804 720.668 5 2.54589 -77.5173 151.808
100 509.597 719.181 5 4.92534 -96.7092 169.355
101 510.016 719.453 5 4.46384 -100.1 -32.5393
102 509.324 719.6 5 4.76497 -112.631 39.5376
103 509.744 719.873 5 4.28624 -82.7402 -69.2935
104 509.052 720.02 5 4.65305 -103.265 -166.254
105 509.471 720.292 5 4.16147 -88.9264 -33.6669
