1 505.473 717.831 5 12.7795 -107.454 15.6991
2 505.747 717.412 5 12.7955 -119.352 -29.8248
3 506.02 716.994 5 12.8311 -104.034 178.284
4 506.294 716.575 5 12.8859 -103.346 -179.157
5 506.567 716.157 5 12.9598 -118.323 -179.897
6 505.891 718.104 5 12.2795 -116.023 -145.313
7 506.165 717.686 5 12.2962 -118.42 2.59124
8 506.439 717.267 5 12.3332 -107.706 6.58147
9 506.712 716.849 5 12.3902 -111.351 117.439
10 506.986 716.43 5 12.4671 -107.068 51.8137
11 506.31 718.378 5 11.7796 -119.032 129.245
12 506.584 717.96 5 11.797 -110.021 170.66
13 506.857 717.541 5 11.8355 -118.807 -95.8359
14 507.131 717.123 5 11.8949 -112.881 -36.1322
15 507.404 716.704 5 11.975 -103.001 64.8702
16 506.728 718.652 5 11.2796 -107.779 -91.6701
17 507.002 718.233 5 11.2978 -123.919 -46.0474
18 507.276 717.815 5 11.338 -122.362 -155.955
19 507.549 717.396 5 11.4 -103.621 16.946
20 507.823 716.978 5 11.4835 -97.287 -102.598
21 507.147 718.925 5 10.7797 -112.347 -2.89237
22 507.421 718.507 5 10.7987 -115.503 -119.043
23 507.694 718.088 5 10.8408 -106.351 -129.212
24 507.968 717.67 5 10.9056 -97.0949 170.451
25 508.241 717.251 5 10.9928 -99.4701 -138.344
26 507.565 719.199 5 10.2797 -117.528 -83.8362
27 507.839 718.78 5 10.2997 -109.181 78.0099
28 508.113 718.362 5 10.3438 -107.51 -73.0981
29 508.386 717.943 5 10.4117 -111.328 -21.5639
30 508.66 717.525 5 10.5031 -130.759 -62.8409
31 507.984 719.472 5 9.7798 -109.157 26.2205
32 508.258 719.054 5 9.80075 -106.491 129.723
33 508.531 718.635 5 9.84708 -108.858 -140.348
34 508.805 718.217 5 9.91843 -123.328 27.5734
35 509.078 717.798 5 10.0143 -156.039 2.7836
36 508.402 719.746 5 9.27987 -115.971 115.463
37 508.676 719.328 5 9.30195 -113.981 -92.2454
38 508.95 718.909 5 9.35075 -140.78 130.028
39 509.223 718.491 5 9.42586 -137.825 133.889
40 509.497 718.072 5 9.52665 -179.069 -16.4999
