1 514.644 719.84 5 1.58114 -54.6382 120.934
2 514.371 720.259 5 1.11803 -43.4355 -8.74281
3 514.097 720.678 5 0.707107 -45.0611 121.285
4 513.824 721.096 5 0.5 -32.4765 -7.68012
5 513.551 721.515 5 0.707107 -37.7406 -13.275
6 513.278 721.934 5 1.11803 -46.4203 84.992
7 513.004 722.353 5 1.58114 -44.656 88.1272
8 512.731 722.771 5 2.06155 -46.884 -136.75
9 512.458 723.19 5 2.54951 -58.8068 38.1779
10 512.185 723.609 5 3.04138 -47.1537 83.5258
11 515.063 720.113 5 1.5 -39.45 -19.7314
12 514.789 720.532 5 1 -39.9854 -27.4123
13 514.516 720.951 5 0.5 -32.5356 -1.50159
14 514.243 721.37 5 0 -47.8355 -76.4814
15 513.97 721.788 5 0.5 -34.8435 -1.86078
16 513.696 722.207 5 1 -39.8049 -3.65414
17 513.423 722.626 5 1.5 -42.3665 -5.61628
18 513.15 723.045 5 2 -44.2832 -25.5582
19 512.877 723.463 5 2.5 -47.2789 37.5446
20 512.603 723.882 5 3 -45.4646 -4.60359
21 515.481 720.387 5 1.58114 -43.7699 112.092
22 515.208 720.805 5 1.11803 -39.9788 -5.64302
23 514.935 721.224 5 0.707107 -38.552 112.177
24 514.662 721.643 5 0.5 -32.224 -13.2385
25 514.388 722.062 5 0.707107 -37.179 136.353
26 514.115 722.48 5 1.11803 -40.312 24.7903
27 513.842 722.899 5 1.58114 -44.8786 105.418
28 513.568 723.318 5 2.06155 -43.4103 -170.524
29 513.295 723.737 5 2.54951 -44.5802 -78.9345
30 513.022 724.155 5 3.04138 -42.446 -106.676
31 515.9 720.66 5 1.80278 -41.5917 -146.982
32 515.627 721.079 5 1.41421 -40.8192 -116.455
33 515.353 721.497 5 1.11803 -39.1111 37.9129
34 515.08 721.916 5 1 -41.3705 -25.3418
35 514.807 722.335 5 1.11803 -46.3073 -32.8512
36 514.534 722.754 5 1.41421 -39.8598 -131.316
37 514.26 723.172 5 1.80278 -44.2327 -141.835
38 513.987 723.591 5 2.23607 -55.8404 80.1159
39 516.319 720.933 5 2.12132 -39.8917 20.7753
40 516.045 721.352 5 1.80278 -45.4234 -163.792
41 515.772 721.771 5 1.58114 -42.4532 114.135
42 515.499 722.189 5 1.5 -41.5361 -15.5702
43 515.226 722.608 5 1.58114 -55.9815 108.226
44 514.952 723.027 5 1.80278 -43.2689 -134.517
45 514.679 723.446 5 2.12132 -52.4137 -9.38242
46 514.406 723.864 5 2.5 -47.1012 110.684
47 516.737 721.206 5 2.5 -43.5068 31.431
48 516.464 721.625 5 2.23607 -50.3962 35.3346
49 516.191 722.044 5 2.06155 -43.4651 147.097
50 515.918 722.463 5 2 -47.29 -22.2243
51 515.644 722.881 5 2.06155 -45.485 -152.131
52 515.371 723.3 5 2.23607 -43.3199 34.5328
53 515.098 723.719 5 2.5 -48.8848 21.4167
54 514.825 724.138 5 2.82843 -49.6795 -65.9427
55 517.156 721.48 5 2.91548 -42.8022 -129.88
56 516.883 721.898 5 2.69258 -40.8554 -173.19
57 516.61 722.317 5 2.54951 -51.5031 -172.986
58 516.336 722.736 5 2.5 -48.5552 -29.0999
59 516.063 723.155 5 2.54951 -49.8855 -157.321
60 515.79 723.573 5 2.69258 -48.7733 141.166
61 515.517 723.992 5 2.91548 -53.0084 -119.335
62 515.243 724.411 5 3.20156 -54.9101 -47.0109
63 517.575 721.753 5 3.3541 -44.9848 -62.0189
64 517.302 722.172 5 3.16228 -43.0236 -129.501
65 517.028 722.59 5 3.04138 -46.8765 -173.171
66 516.755 723.009 5 3 -49.1722 -53.9292
67 516.482 723.428 5 3.04138 -48.7194 -132.872
68 516.209 723.847 5 3.16228 -48.3725 -76.5043
69 515.935 724.265 5 3.3541 -47.5046 65.888
70 515.662 724.684 5 3.60555 -61.9018 20.5259
71 517.994 722.026 5 3.80789 -41.3567 -148.799
72 517.72 722.445 5 3.64006 -48.3651 -50.8881
73 517.447 722.864 5 3.53553 -48.3025 163.53
74 517.174 723.282 5 3.5 -53.8472 93.0175
75 516.901 723.701 5 3.53553 -52.4407 -128.757
76 516.627 724.12 5 3.64006 -49.2324 -41.3302
77 516.354 724.539 5 3.80789 -47.9396 161.696
78 516.081 724.957 5 4.03113 -56.2282 -41.284
