1 509.951 714.045 5 9.20436 -68.9691 67.1406
2 510.37 714.318 5 8.7396 -70.0924 -9.13134
3 510.79 714.59 5 8.27895 -71.6987 -15.9783
4 511.209 714.862 5 7.82313 -74.7763 141.095
5 511.628 715.135 5 7.37304 -69.8918 -50.5865
6 512.048 715.407 5 6.9298 -66.9236 116.923
7 512.467 715.679 5 6.4948 -61.4662 -146.19
8 512.886 715.952 5 6.06983 -66.3352 -15.7404
9 513.306 716.224 5 5.65714 -73.9445 107.268
10 513.725 716.496 5 5.25962 -56.2403 -22.8114
11 514.144 716.769 5 4.88098 -69.2202 -55.7019
12 514.564 717.041 5 4.52596 -95.9764 -57.5648
13 514.983 717.313 5 4.20055 -91.6801 69.9404
14 509.679 714.465 5 9.03676 -63.4059 96.9323
15 510.098 714.737 5 8.5629 -68.0097 159.336
16 510.517 715.009 5 8.0922 -72.6039 0.984261
17 510.937 715.282 5 7.62522 -69.7491 -163.87
18 511.356 715.554 5 7.16271 -66.4339 -75.5326
19 511.775 715.826 5 6.70558 -62.9896 31.8348
20 512.195 716.099 5 6.25501 -67.4158 -32.7846
21 512.614 716.371 5 5.81253 -65.9709 -51.9648
22 513.033 716.643 5 5.38014 -69.8252 -57.1285
23 513.453 716.916 5 4.96047 -63.4423 -74.6126
24 513.872 717.188 5 4.55704 -54.0564 -168.392
25 514.291 717.46 5 4.17456 -69.2962 -59.5646
26 514.711 717.733 5 3.81933 -51.1025 -79.734
27 509.406 714.884 5 8.89413 -74.9091 -173.317
28 509.826 715.156 5 8.41225 -66.0758 167.577
29 510.245 715.429 5 7.93261 -59.4819 37.77
30 510.664 715.701 5 7.45565 -57.7736 5.99662
31 511.084 715.973 5 6.98191 -62.4004 136.359
32 511.503 716.246 5 6.5121 -67.9855 124.507
33 511.922 716.518 5 6.04713 -78.3429 52.5126
34 512.342 716.79 5 5.58822 -72.3808 -166.451
35 512.761 717.063 5 5.13698 -70.9215 -52.7934
36 513.18 717.335 5 4.69563 -66.0202 -138.793
37 513.6 717.607 5 4.26723 -65.9538 130.841
38 514.019 717.88 5 3.85611 -56.0919 6.20084
39 514.438 718.152 5 3.46843 -72.0798 165.003
40 509.134 715.303 5 8.77772 -67.3914 96.0491
41 509.553 715.576 5 8.28907 -64.8056 96.8674
42 509.973 715.848 5 7.80186 -66.4471 91.37
43 510.392 716.12 5 7.31638 -64.112 5.51779
44 510.811 716.393 5 6.83299 -54.9996 -13.7018
45 511.231 716.665 5 6.35217 -57.1046 -50.699
46 511.65 716.937 5 5.87456 -61.7582 -120.524
47 512.069 717.21 5 5.401 -64.6721 51.2399
48 512.489 717.482 5 4.93267 -61.5634 49.64
49 512.908 717.754 5 4.47119 -64.2823 65.3854
50 513.327 718.027 5 4.01895 -60.1979 10.68
51 513.747 718.299 5 3.57943 -60.7059 41.7501
52 514.166 718.571 5 3.15795 -54.6245 -134.599
53 508.862 715.723 5 8.68855 -61.4107 53.57
54 509.281 715.995 5 8.19459 -57.2858 32.9597
55 509.7 716.267 5 7.70141 -62.024 28.5202
56 510.12 716.54 5 7.20917 -61.7509 -2.1349
57 510.539 716.812 5 6.71807 -62.1394 -6.37586
58 510.958 717.084 5 6.22839 -58.7975 -85.8592
59 511.378 717.357 5 5.74048 -59.6302 -120.017
60 511.797 717.629 5 5.25486 -57.7577 -161.778
61 512.216 717.901 5 4.7722 -57.259 141.869
62 512.636 718.174 5 4.29351 -51.0001 88.3445
63 513.055 718.446 5 3.82029 -67.4533 -119.115
64 513.474 718.718 5 3.35484 -70.7634 -111.049
65 513.894 718.991 5 2.90092 -52.2133 -138.724
66 508.589 716.142 5 8.62749 -69.1965 -164.486
67 509.009 716.414 5 8.12982 -68.5982 -118.4
68 509.428 716.687 5 7.63246 -64.4625 -126.439
69 509.847 716.959 5 7.13546 -63.8527 -134.039
70 510.267 717.231 5 6.63891 -56.6586 -164.716
71 510.686 717.504 5 6.14292 -57.9246 -178.48
72 511.105 717.776 5 5.64764 -60.8925 128.381
73 511.525 718.048 5 5.15327 -55.488 145.713
74 511.944 718.321 5 4.6601 -56.7395 135.089
75 512.363 718.593 5 4.16856 -56.1408 102.11
76 512.783 718.865 5 3.6793 -55.6596 49.3702
77 513.202 719.138 5 3.19337 -53.6941 43.9613
78 513.621 719.41 5 2.71256 -52.76 -58.1859
79 510.414 717.923 5 6.09739 -78.2851 -166.928
80 510.833 718.195 5 5.59808 -82.708 -92.1878
81 511.672 718.74 5 4.59991 -56.2054 16.4841
82 512.091 719.012 5 4.10117 -55.9931 -23.4658
83 512.51 719.285 5 3.60277 -55.7009 100.174
84 512.93 719.557 5 3.10488 -53.8194 -75.6411
85 513.349 719.829 5 2.60781 -54.5112 157.303
86 510.141 718.342 5 6.09268 -76.4158 77.7464
87 510.561 718.615 5 5.59296 -88.2475 121.544
88 511.399 719.159 5 4.59368 -47.8866 35.2742
89 511.819 719.432 5 4.09417 -50.8588 -105.92
90 512.238 719.704 5 3.5948 -59.7208 78.7387
91 512.657 719.976 5 3.09564 -50.4642 50.7538
92 513.077 720.249 5 2.59679 -60.4021 21.1049
93 509.869 718.762 5 6.1289 -93.6554 43.1797
94 510.288 719.034 5 5.63239 -86.0137 20.021
95 511.127 719.579 5 4.64161 -54.8681 -17.3231
96 511.546 719.851 5 4.14788 -65.4373 146.846
97 511.966 720.123 5 3.65586 -69.6983 128.333
98 512.385 720.396 5 3.16633 -63.3358 177.351
99 512.804 720.668 5 2.68067 -62.825 -57.7569
100 509.597 719.181 5 6.20533 -81.6476 -73.1661
101 510.016 719.453 5 5.71546 -87.0681 -71.6803
102 509.324 719.6 5 6.32051 -83.1419 162.636
103 509.744 719.873 5 5.84031 -82.3599 -56.7574
104 509.052 720.02 5 6.47236 -85.1884 -152.373
105 509.471 720.292 5 6.00432 -80.3837 43.0619
