1 514.644 719.84 5 1.80278 -43.3703 -156.167
2 514.371 720.259 5 1.41421 -40.1128 -115.05
3 514.097 720.678 5 1.11803 -36.2105 7.52113
4 513.824 721.096 5 1 -40.5801 -19.9201
5 513.551 721.515 5 1.11803 -37.8902 -92.6582
6 513.278 721.934 5 1.41421 -39.3066 -102.415
7 513.004 722.353 5 1.80278 -43.121 -160.654
8 512.731 722.771 5 2.23607 -42.8774 57.2569
9 512.458 723.19 5 2.69258 -44.6906 -53.4268
10 512.185 723.609 5 3.16228 -58.7464 -144.598
11 515.063 720.113 5 1.58114 -42.5638 91.1595
12 514.789 720.532 5 1.11803 -37.5192 4.69967
13 514.516 720.951 5 0.707107 -37.3145 93.1558
14 514.243 721.37 5 0.5 -33.2105 -9.83327
15 513.97 721.788 5 0.707107 -37.532 145.588
16 513.696 722.207 5 1.11803 -38.8251 22.96
17 513.423 722.626 5 1.58114 -46.6455 100.461
18 513.15 723.045 5 2.06155 -52.5485 164.417
19 512.877 723.463 5 2.54951 -49.7029 -129.938
20 512.603 723.882 5 3.04138 -52.3557 47.627
21 515.481 720.387 5 1.5 -43.3834 23.54
22 515.208 720.805 5 1 -36.9629 3.90338
23 514.935 721.224 5 0.5 -33.6399 11.9439
24 514.662 721.643 5 0 -49.4936 76.2229
25 514.388 722.062 5 0.5 -34.9826 -8.3399
26 514.115 722.48 5 1 -40.7224 5.04241
27 513.842 722.899 5 1.5 -43.001 11.5295
28 513.568 723.318 5 2 -41.9148 22.3341
29 513.295 723.737 5 2.5 -46.7661 21.8361
30 513.022 724.155 5 3 -44.1567 -6.27982
31 515.9 720.66 5 1.58114 -46.5235 57.1021
32 515.627 721.079 5 1.11803 -41.3342 11.9991
33 515.353 721.497 5 0.707107 -36.1389 115.918
34 515.08 721.916 5 0.5 -33.1013 -7.26611
35 514.807 722.335 5 0.707107 -40.2986 122.931
36 514.534 722.754 5 1.11803 -42.437 -12.709
37 514.26 723.172 5 1.58114 -46.5807 137.912
38 513.987 723.591 5 2.06155 -42.0116 -168.556
39 516.319 720.933 5 1.80278 -46.1419 -138.714
40 516.045 721.352 5 1.41421 -44.1635 -136.107
41 515.772 721.771 5 1.11803 -39.3576 49.0345
42 515.499 722.189 5 1 -43.6669 -5.77533
43 515.226 722.608 5 1.11803 -39.1977 26.9787
44 514.952 723.027 5 1.41421 -44.1597 -83.4565
45 514.679 723.446 5 1.80278 -44.4754 -143.512
46 514.406 723.864 5 2.23607 -52.0588 160.543
47 516.737 721.206 5 2.12132 -47.3705 -51.1049
48 516.464 721.625 5 1.80278 -41.29 -169.3
49 516.191 722.044 5 1.58114 -43.6685 122.287
50 515.918 722.463 5 1.5 -43.1218 -27.1996
51 515.644 722.881 5 1.58114 -46.8444 102.601
52 515.371 723.3 5 1.80278 -47.4636 -168.382
53 515.098 723.719 5 2.12132 -43.3406 -7.15445
54 514.825 724.138 5 2.5 -47.9656 154.922
55 517.156 721.48 5 2.5 -44.3784 -15.8851
56 516.883 721.898 5 2.23607 -57.4128 47.6384
57 516.61 722.317 5 2.06155 -43.9853 160.132
58 516.336 722.736 5 2 -50.4813 -6.24796
59 516.063 723.155 5 2.06155 -49.3481 -152.835
60 515.79 723.573 5 2.23607 -42.5471 54.2309
61 515.517 723.992 5 2.5 -46.082 24.5403
62 515.243 724.411 5 2.82843 -45.2046 -55.3203
63 517.575 721.753 5 2.91548 -43.7651 -143.17
64 517.302 722.172 5 2.69258 -44.3497 -141.782
65 517.028 722.59 5 2.54951 -49.0769 -175.49
66 516.755 723.009 5 2.5 -57.6128 -75.78
67 516.482 723.428 5 2.54951 -49.8765 -124.991
68 516.209 723.847 5 2.69258 -41.8792 159.198
69 515.935 724.265 5 2.91548 -46.2036 -158.717
70 515.662 724.684 5 3.20156 -53.5471 103.741
71 517.994 722.026 5 3.3541 -45.5988 -48.7348
72 517.72 722.445 5 3.16228 -53.5911 -48.1092
73 517.447 722.864 5 3.04138 -47.8933 -179.824
74 517.174 723.282 5 3 -49.7918 -22.1025
75 516.901 723.701 5 3.04138 -62.4005 -100.773
76 516.627 724.12 5 3.16228 -42.6131 -125.704
77 516.354 724.539 5 3.3541 -56.4042 61.0878
78 516.081 724.957 5 3.60555 -50.827 75.9647
