1 514.644 719.84 5 3.64005 -47.226 11.8204
2 514.371 720.259 5 3.16228 -66.8049 -13.9621
3 514.097 720.678 5 2.69258 -44.1196 145.178
4 513.824 721.096 5 2.23607 -40.1392 -177.548
5 513.551 721.515 5 1.80278 -43.5997 106.195
6 513.278 721.934 5 1.41421 -41.8522 -125.629
7 513.004 722.353 5 1.11803 -37.9692 6.38632
8 512.731 722.771 5 1 -49.1695 -31.2177
9 512.458 723.19 5 1.11803 -46.2511 8.41024
10 512.185 723.609 5 1.41421 -49.283 -118.296
11 515.063 720.113 5 3.53553 -45.3085 -102.453
12 514.789 720.532 5 3.04138 -44.6171 -73.9411
13 514.516 720.951 5 2.54951 -44.9657 -118.953
14 514.243 721.37 5 2.06155 -41.1317 -169.787
15 513.97 721.788 5 1.58114 -48.7172 105.249
16 513.696 722.207 5 1.11803 -37.5156 -8.82659
17 513.423 722.626 5 0.707107 -36.2419 113.562
18 513.15 723.045 5 0.5 -33.4773 -10.1936
19 512.877 723.463 5 0.707107 -37.3356 141.97
20 512.603 723.882 5 1.11803 -39.481 -1.28525
21 515.481 720.387 5 3.5 -46.3457 45.4178
22 515.208 720.805 5 3 -45.3272 64.4131
23 514.935 721.224 5 2.5 -44.0401 8.59483
24 514.662 721.643 5 2 -40.9827 11.2371
25 514.388 722.062 5 1.5 -45.2597 9.74791
26 514.115 722.48 5 1 -37.4911 10.6986
27 513.842 722.899 5 0.5 -32.1834 6.28564
28 513.568 723.318 5 0 -49.3071 40.458
29 513.295 723.737 5 0.5 -32.1705 2.60165
30 513.022 724.155 5 1 -36.5637 12.4525
31 515.9 720.66 5 3.53553 -44.5857 -87.3702
32 515.627 721.079 5 3.04138 -55.1066 -152.458
33 515.353 721.497 5 2.54951 -49.1872 -123.98
34 515.08 721.916 5 2.06155 -45.8052 166.058
35 514.807 722.335 5 1.58114 -43.1766 69.9418
36 514.534 722.754 5 1.11803 -41.2245 28.728
37 514.26 723.172 5 0.707107 -34.6729 110.069
38 513.987 723.591 5 0.5 -33.4041 -8.76246
39 516.319 720.933 5 3.64006 -49.6496 -15.8078
40 516.045 721.352 5 3.16228 -54.4505 -124.925
41 515.772 721.771 5 2.69258 -49.6407 161.078
42 515.499 722.189 5 2.23607 -50.6351 -6.70035
43 515.226 722.608 5 1.80278 -45.9659 168.804
44 514.952 723.027 5 1.41421 -42.6404 -118.01
45 514.679 723.446 5 1.11803 -37.5079 31.5686
46 514.406 723.864 5 1 -36.4859 105.89
47 516.737 721.206 5 3.80789 -60.1754 133.857
48 516.464 721.625 5 3.3541 -46.6175 68.0824
49 516.191 722.044 5 2.91548 -44.3676 172.425
50 515.918 722.463 5 2.5 -46.5744 8.64503
51 515.644 722.881 5 2.12132 -52.0841 -2.72008
52 515.371 723.3 5 1.80278 -42.0171 -140.327
53 515.098 723.719 5 1.58114 -38.5265 116.72
54 514.825 724.138 5 1.5 -41.8539 159.153
55 517.156 721.48 5 4.03113 -46.731 -102.944
56 516.883 721.898 5 3.60555 -47.5193 4.73353
57 516.61 722.317 5 3.20156 -54.5727 116.234
58 516.336 722.736 5 2.82843 -43.978 130.402
59 516.063 723.155 5 2.5 -45.9071 -22.1505
60 515.79 723.573 5 2.23607 -46.2323 -6.82693
61 515.517 723.992 5 2.06155 -46.9715 177.726
62 515.243 724.411 5 2 -39.3058 87.4521
63 517.575 721.753 5 4.30116 -50.6386 -145.778
64 517.302 722.172 5 3.90512 -50.3028 -148.067
65 517.028 722.59 5 3.53553 -52.6052 -133.17
66 516.755 723.009 5 3.20156 -50.9542 152.935
67 516.482 723.428 5 2.91548 -58.5922 -114.528
68 516.209 723.847 5 2.69258 -47.6376 169.746
69 515.935 724.265 5 2.54951 -47.9166 -168.382
70 515.662 724.684 5 2.5 -55.0427 24.2371
71 517.994 722.026 5 4.60977 -47.1236 53.0497
72 517.72 722.445 5 4.24264 -51.5863 -52.639
73 517.447 722.864 5 3.90512 -47.0518 -111.687
74 517.174 723.282 5 3.60555 -48.8073 56.2003
75 516.901 723.701 5 3.3541 -45.5083 15.4262
76 516.627 724.12 5 3.16228 -44.5235 -73.2238
77 516.354 724.539 5 3.04138 -47.5255 -176.959
78 516.081 724.957 5 3 -54.2 177.872
