1 505.473 717.831 5 9.22299 -108.052 -86.1635
2 505.747 717.412 5 9.08169 -109.265 -2.92509
3 506.02 716.994 5 8.96609 -96.7781 -176.079
4 506.294 716.575 5 8.87718 -102.453 -4.69599
5 506.567 716.157 5 8.81578 -105.508 79.9428
6 505.891 718.104 5 8.74857 -96.4335 63.4272
7 506.165 717.686 5 8.59948 -113.27 -108.037
8 506.439 717.267 5 8.47731 -109.781 69.3112
9 506.712 716.849 5 8.38322 -115.358 -1.92688
10 506.986 716.43 5 8.31817 -107.787 -52.6413
11 506.31 718.378 5 8.27717 -104.004 -12.5805
12 506.584 717.96 5 8.11943 -104.053 120.068
13 506.857 717.541 5 7.98991 -105.044 162.887
14 507.131 717.123 5 7.89001 -107.409 -64.6176
15 507.404 716.704 5 7.82086 -106.375 117.3
16 506.728 718.652 5 7.80932 -119.508 -87.8416
17 507.002 718.233 5 7.64193 -108.1 -107.99
18 507.276 717.815 5 7.50418 -100.439 -78.5343
19 507.549 717.396 5 7.39772 -96.1028 0.013697
20 507.823 716.978 5 7.32393 -116.396 -87.5515
21 507.147 718.925 5 7.34571 -98.8881 23.3806
22 507.421 718.507 5 7.1675 -110.115 -37.7991
23 507.694 718.088 5 7.02045 -94.9745 -121.995
24 507.968 717.67 5 6.90654 -106.69 -6.82095
25 508.241 717.251 5 6.82744 -102.541 77.4069
26 507.565 719.199 5 6.8872 -111.048 27.5364
27 507.839 718.78 5 6.6968 -93.7115 109.368
28 508.113 718.362 5 6.53917 -108.143 -178.069
29 508.386 717.943 5 6.41672 -105.85 -163.96
30 508.66 717.525 5 6.3315 -105.495 129.701
31 507.984 719.472 5 6.43487 -96.6425 -57.6502
32 508.258 719.054 5 6.23066 -105.626 70.3999
33 508.531 718.635 5 6.06091 -106.913 -5.26288
34 508.805 718.217 5 5.9286 -110.262 -100.175
35 509.078 717.798 5 5.83625 -117.67 -83.2699
36 508.402 719.746 5 5.99012 -94.6927 -167.654
37 508.676 719.328 5 5.77019 -97.1083 175.519
38 508.95 718.909 5 5.58647 -130.118 138.794
39 509.223 718.491 5 5.44263 -130.719 -170.182
40 509.497 718.072 5 5.3419 -131.242 -177.969
