1 514.644 719.84 5 0 -49.1773 -16.5436
2 514.371 720.259 5 0.5 -32.5312 -5.97294
3 514.097 720.678 5 1 -50.4946 -64.9345
4 513.824 721.096 5 1.5 -38.031 -4.62427
5 513.551 721.515 5 2 -46.2246 -111.007
6 513.278 721.934 5 2.5 -39.8813 139.283
7 513.004 722.353 5 3 -39.5497 121.337
8 512.731 722.771 5 3.5 -38.5296 129.618
9 512.458 723.19 5 4 -70.3231 -96.0858
10 512.185 723.609 5 4.5 -73.6987 -179.357
11 515.063 720.113 5 0.5 -35.1223 18.1411
12 514.789 720.532 5 0.707107 -34.7985 129.409
13 514.516 720.951 5 1.11803 -41.6754 23.3357
14 514.243 721.37 5 1.58114 -52.7267 -136.74
15 513.97 721.788 5 2.06155 -38.5253 -149.75
16 513.696 722.207 5 2.54951 -43.1622 -148.32
17 513.423 722.626 5 3.04138 -47.8613 -72.5259
18 513.15 723.045 5 3.53553 -50.0655 -34.9184
19 512.877 723.463 5 4.03113 -54.4529 -112.546
20 512.603 723.882 5 4.52769 -54.2609 -114.753
21 515.481 720.387 5 1 -47.4622 17.8803
22 515.208 720.805 5 1.11803 -39.0671 -1.56198
23 514.935 721.224 5 1.41421 -45.7679 -121.978
24 514.662 721.643 5 1.80278 -42.0208 -156.399
25 514.388 722.062 5 2.23607 -42.2847 25.2163
26 514.115 722.48 5 2.69258 -48.2723 94.424
27 513.842 722.899 5 3.16228 -44.1282 -86.3422
28 513.568 723.318 5 3.64005 -52.6497 -19.9273
29 513.295 723.737 5 4.12311 -45.7463 21.7834
30 513.022 724.155 5 4.60977 -42.5429 95.2125
31 515.9 720.66 5 1.5 -49.2595 17.0434
32 515.627 721.079 5 1.58114 -43.6978 85.7447
33 515.353 721.497 5 1.80278 -52.9902 -147.582
34 515.08 721.916 5 2.12132 -41.9557 22.6464
35 514.807 722.335 5 2.5 -42.2395 25.3332
36 514.534 722.754 5 2.91548 -45.4091 -160.472
37 514.26 723.172 5 3.3541 -49.4057 18.2502
38 513.987 723.591 5 3.80789 -48.5509 95.4281
39 516.319 720.933 5 2 -49.6342 13.9342
40 516.045 721.352 5 2.06155 -50.0097 -175.787
41 515.772 721.771 5 2.23607 -47.404 26.7643
42 515.499 722.189 5 2.5 -53.273 50.2793
43 515.226 722.608 5 2.82843 -49.019 152.855
44 514.952 723.027 5 3.20156 -53.6591 160.265
45 514.679 723.446 5 3.60555 -53.9349 -23.5041
46 514.406 723.864 5 4.03113 -46.4229 16.2273
47 516.737 721.206 5 2.5 -50.0843 -54.124
48 516.464 721.625 5 2.54951 -53.2422 168.941
49 516.191 722.044 5 2.69258 -46.1928 120.923
50 515.918 722.463 5 2.91548 -49.1377 -98.1409
51 515.644 722.881 5 3.20156 -49.5692 154
52 515.371 723.3 5 3.53553 -52.6816 -92.4793
53 515.098 723.719 5 3.90512 -52.1199 -105.528
54 514.825 724.138 5 4.30116 -56.1683 -46.3938
55 517.156 721.48 5 3 -76.0871 -58.2981
56 516.883 721.898 5 3.04138 -49.1373 142.084
57 516.61 722.317 5 3.16228 -45.5552 -117.272
58 516.336 722.736 5 3.3541 -54.1554 26.8356
59 516.063 723.155 5 3.60555 -55.1543 24.9508
60 515.79 723.573 5 3.90512 -49.4062 -138.291
61 515.517 723.992 5 4.24264 -52.5143 33.0046
62 515.243 724.411 5 4.60977 -49.1727 -128.682
63 517.575 721.753 5 3.5 -55.7847 11.4356
64 517.302 722.172 5 3.53553 -50.6304 -88.0982
65 517.028 722.59 5 3.64006 -46.0785 -59.1962
66 516.755 723.009 5 3.80789 -51.1733 146.433
67 516.482 723.428 5 4.03113 -46.9362 -79.305
68 516.209 723.847 5 4.30116 -51.2653 -171.614
69 515.935 724.265 5 4.60977 -48.843 78.3376
70 515.662 724.684 5 4.94975 -57.8135 124.396
71 517.994 722.026 5 4 -56.7936 71.2948
72 517.72 722.445 5 4.03113 -51.2585 15.5351
73 517.447 722.864 5 4.12311 -53.5461 -119.947
74 517.174 723.282 5 4.272 -54.5208 -76.6757
75 516.901 723.701 5 4.47214 -50.5847 28.0745
76 516.627 724.12 5 4.71699 -54.3468 82.9258
77 516.354 724.539 5 5 -53.5079 -38.0017
78 516.081 724.957 5 5.31507 -54.5056 -177.181
