1 505.473 717.831 5 12.4973 -95.6649 11.2834
2 505.747 717.412 5 12.4134 -102.623 -168.065
3 506.02 716.994 5 12.3493 -106.6 -69.5147
4 506.294 716.575 5 12.3051 -98.7358 78.2784
5 506.567 716.157 5 12.2811 -98.46 36.6068
6 505.891 718.104 5 12.0065 -98.7829 -24.9814
7 506.165 717.686 5 11.9192 -98.0624 -153.51
8 506.439 717.267 5 11.8523 -97.8757 -21.3892
9 506.712 716.849 5 11.8063 -96.545 96.0021
10 506.986 716.43 5 11.7813 -99.7125 -135.462
11 506.31 718.378 5 11.5165 -111.369 -147.846
12 506.584 717.96 5 11.4254 -94.4298 174.684
13 506.857 717.541 5 11.3557 -100.463 -28.5539
14 507.131 717.123 5 11.3076 -99.0278 112.461
15 507.404 716.704 5 11.2815 -103.098 -123.655
16 506.728 718.652 5 11.0274 -114.803 90.8143
17 507.002 718.233 5 10.9323 -104.268 -84.1355
18 507.276 717.815 5 10.8593 -102.364 2.98047
19 507.549 717.396 5 10.8091 -106.426 -165.562
20 507.823 716.978 5 10.7818 -96.7279 -64.8997
21 507.147 718.925 5 10.5393 -105.805 145.378
22 507.421 718.507 5 10.4397 -105.254 -137.267
23 507.694 718.088 5 10.3633 -108.605 173.859
24 507.968 717.67 5 10.3106 -97.8949 173.952
25 508.241 717.251 5 10.282 -100.129 -46.8704
26 507.565 719.199 5 10.0524 -99.3302 3.06882
27 507.839 718.78 5 9.94794 -102.749 71.2101
28 508.113 718.362 5 9.86773 -105.07 18.5665
29 508.386 717.943 5 9.81238 -107.425 24.2106
30 508.66 717.525 5 9.78231 -102.711 -50.0193
31 507.984 719.472 5 9.56683 -103.217 121.08
32 508.258 719.054 5 9.45701 -114.82 -139.335
33 508.531 718.635 5 9.3726 -106.676 119.738
34 508.805 718.217 5 9.31431 -104.357 -68.7889
35 509.078 717.798 5 9.28262 -107.349 -167.29
36 508.402 719.746 5 9.08283 -97.8388 -96.4042
37 508.676 719.328 5 8.96708 -99.4429 136.577
38 508.95 718.909 5 8.87802 -250 0
39 509.223 718.491 5 8.81646 -250 0
40 509.497 718.072 5 8.78298 -250 0
