1 509.951 714.045 5 11.4317 -62.2983 56.6547
2 510.37 714.318 5 10.9703 -75.15 128.095
3 510.79 714.59 5 10.5124 -65.1538 29.5098
4 511.209 714.862 5 10.0585 -66.9174 -165.709
5 511.628 715.135 5 9.60911 -59.0222 -140.443
6 512.048 715.407 5 9.16502 -75.5526 -154.191
7 512.467 715.679 5 8.72698 -62.8271 -133.63
8 512.886 715.952 5 8.29594 -65.4702 67.7342
9 513.306 716.224 5 7.87307 -62.9096 -22.9073
10 513.725 716.496 5 7.45974 -70.7466 -36.4243
11 514.144 716.769 5 7.05764 -65.9855 -52.2866
12 514.564 717.041 5 6.6688 -95.3784 23.0536
13 514.983 717.313 5 6.29567 -93.5071 -81.1761
14 509.679 714.465 5 11.2527 -71.2548 -136.55
15 510.098 714.737 5 10.7836 -62.9168 136.638
16 510.517 715.009 5 10.3174 -55.9695 28.0012
17 510.937 715.282 5 9.85448 -60.6231 -24.9046
18 511.356 715.554 5 9.39539 -67.2094 -129.538
19 511.775 715.826 5 8.94068 -71.4117 174.386
20 512.195 716.099 5 8.49108 -76.1009 -15.398
21 512.614 716.371 5 8.04742 -69.1453 -29.9252
22 513.033 716.643 5 7.61075 -66.6674 -172.778
23 513.453 716.916 5 7.18234 -63.2294 -118.862
24 513.872 717.188 5 6.76377 -71.0513 -117.678
25 514.291 717.46 5 6.35698 -63.8387 -153.66
26 514.711 717.733 5 5.96437 -63.5722 -161.312
27 509.406 714.884 5 11.0933 -66.141 12.384
28 509.826 715.156 5 10.6171 -62.7318 19.3112
29 510.245 715.429 5 10.1433 -65.3861 -159.741
30 510.664 715.701 5 9.67207 -66.9097 79.9697
31 511.084 715.973 5 9.20389 -66.7084 -50.8104
32 511.503 716.246 5 8.73923 -64.0348 -122.513
33 511.922 716.518 5 8.27869 -89.117 -45.6142
34 512.342 716.79 5 7.82299 -76.0068 98.2082
35 512.761 717.063 5 7.37305 -72.9601 84.082
36 513.18 717.335 5 6.92996 -78.0867 -101.856
37 513.6 717.607 5 6.49515 -67.0269 -158.321
38 514.019 717.88 5 6.07038 -69.6294 -21.0926
39 514.438 718.152 5 5.65792 -59.7052 -54.7913
40 509.134 715.303 5 10.9544 -69.1327 -5.73366
41 509.553 715.576 5 10.472 -62.1019 -14.8581
42 509.973 715.848 5 9.99123 -65.2606 -77.511
43 510.392 716.12 5 9.51248 -65.507 -141.497
44 510.811 716.393 5 9.03603 -65.6068 -159.684
45 511.231 716.665 5 8.56227 -61.1835 45.9018
46 511.65 716.937 5 8.09166 -61.553 -24.8404
47 512.069 717.21 5 7.6248 -59.8485 -146.324
48 512.489 717.482 5 7.16241 -75.4308 24.9847
49 512.908 717.754 5 6.70542 -77.7174 44.1076
50 513.327 718.027 5 6.25501 -68.7234 48.13
51 513.747 718.299 5 5.81272 -59.0848 44.7433
52 514.166 718.571 5 5.38055 -58.1256 38.4704
53 508.862 715.723 5 10.8369 -75.1911 7.54597
54 509.281 715.995 5 10.3489 -67.7757 -36.4945
55 509.7 716.267 5 9.8622 -66.4828 -58.7015
56 510.12 716.54 5 9.37686 -64.9651 -58.0905
57 510.539 716.812 5 8.89315 -62.1773 -91.4792
58 510.958 717.084 5 8.41134 -64.8107 -167.595
59 511.378 717.357 5 7.93179 -66.0928 27.4129
60 511.797 717.629 5 7.45492 -58.3158 6.89712
61 512.216 717.901 5 6.98129 -58.7922 -77.3975
62 512.636 718.174 5 6.5116 -59.8347 -166.648
63 513.055 718.446 5 6.04678 -57.1614 105.504
64 513.474 718.718 5 5.58803 -72.6358 -136.617
65 513.894 718.991 5 5.13698 -63.846 -102.654
66 508.589 716.142 5 10.7413 -72.8245 -36.4303
67 509.009 716.414 5 10.2488 -69.9532 162.856
68 509.428 716.687 5 9.75711 -68.3893 -84.8251
69 509.847 716.959 5 9.26627 -63.2568 -158.694
70 510.267 717.231 5 8.77647 -64.4565 -155.843
71 510.686 717.504 5 8.28788 -60.8921 146.783
72 511.105 717.776 5 7.80074 -65.1611 72.8269
73 511.525 718.048 5 7.31533 -61.6519 117.22
74 511.944 718.321 5 6.83203 -59.4575 -18.8615
75 512.363 718.593 5 6.35132 -53.1276 -80.8013
76 512.783 718.865 5 5.87382 -70.8261 -157.973
77 513.202 719.138 5 5.4004 -60.7676 85.3139
78 513.621 719.41 5 4.93223 -54.9127 21.6622
79 510.414 717.923 5 8.19312 -72.4684 -125.863
80 510.833 718.195 5 7.69999 -75.8983 77.0515
81 511.672 718.74 5 6.71677 -55.734 -5.76647
82 512.091 719.012 5 6.22716 -50.366 -69.7578
83 512.51 719.285 5 5.73934 -60.9761 -157.496
84 512.93 719.557 5 5.25382 -62.4618 -101.877
85 513.349 719.829 5 4.77129 -55.6362 171.557
86 510.141 718.342 5 8.12807 -73.3841 -58.6704
87 510.561 718.615 5 7.63073 -85.7349 -27.5288
88 511.399 719.159 5 6.63726 -60.0611 -30.8046
89 511.819 719.432 5 6.14132 -61.9577 58.5193
90 512.238 719.704 5 5.64609 -64.2937 -135.47
91 512.657 719.976 5 5.15179 -63.1909 -27.4856
92 513.077 720.249 5 4.6587 -71.2666 -154.568
93 509.869 718.762 5 8.09344 -78.3667 -6.83374
94 510.288 719.034 5 7.59384 -85.8779 -140.863
95 511.127 719.579 5 6.59481 -71.3646 179.579
96 511.546 719.851 5 6.09541 -65.1109 -84.7289
97 511.966 720.123 5 5.59613 -70.6546 145.129
98 512.385 720.396 5 5.09698 -71.7075 134.853
99 512.804 720.668 5 4.59802 -65.9166 166.638
100 509.597 719.181 5 8.08963 -99.2604 81.5714
101 510.016 719.453 5 7.58977 -85.2121 -93.8117
102 509.324 719.6 5 8.11667 -87.1755 77.2083
103 509.744 719.873 5 7.61859 -81.382 -68.2151
104 509.052 720.02 5 8.17427 -83.2932 155.254
105 509.471 720.292 5 7.67993 -93.4434 159.968
