1 509.951 714.045 5 11.6384 -116.938 -75.0489
2 510.37 714.318 5 11.208 -116.71 -112.923
3 510.79 714.59 5 10.7836 -147.722 56.0672
4 511.209 714.862 5 10.3658 -131.441 173.505
5 511.628 715.135 5 9.95574 -138.232 51.7368
6 512.048 715.407 5 9.55419 -140.657 -160.282
7 512.467 715.679 5 9.16234 -123.839 110.839
8 512.886 715.952 5 8.78147 -137.292 -31.9462
9 513.306 716.224 5 8.41309 -120.548 -105.939
10 513.725 716.496 5 8.0589 -110.495 -45.743
11 514.144 716.769 5 7.72087 -125.443 122.715
12 514.564 717.041 5 7.40119 -250 0
13 514.983 717.313 5 7.10236 -250 0
14 509.679 714.465 5 11.397 -127.712 108.29
15 510.098 714.737 5 10.9571 -132.307 61.4168
16 510.517 715.009 5 10.5226 -132.684 45.4887
17 510.937 715.282 5 10.0941 -128.248 -5.07619
18 511.356 715.554 5 9.67244 -126.842 52.8453
19 511.775 715.826 5 9.25861 -114.932 60.9624
20 512.195 716.099 5 8.85369 -116.968 18.4257
21 512.614 716.371 5 8.45894 -130.2 -45.3567
22 513.033 716.643 5 8.07586 -110.954 -174.621
23 513.453 716.916 5 7.70619 -102.863 10.3741
24 513.872 717.188 5 7.35195 -116.688 11.6313
25 514.291 717.46 5 7.01549 -112.697 154.172
26 514.711 717.733 5 6.69947 -127.186 128.5
27 509.406 714.884 5 11.1728 -127.666 -24.9467
28 509.826 715.156 5 10.7237 -127.824 -34.0043
29 510.245 715.429 5 10.2793 -128.429 -34.4681
30 510.664 715.701 5 9.8402 -139.054 68.7748
31 511.084 715.973 5 9.4072 -140.502 -31.5186
32 511.503 716.246 5 8.98116 -125.423 -153.28
33 511.922 716.518 5 8.56313 -122.537 10.5439
34 512.342 716.79 5 8.15433 -116.643 47.239
35 512.761 717.063 5 7.75621 -126.114 -148.227
36 513.18 717.335 5 7.37053 -112.413 -110.953
37 513.6 717.607 5 6.99933 -118.129 -62.5699
38 514.019 717.88 5 6.64503 -106.369 99.641
39 514.438 718.152 5 6.31049 -114.454 134.59
40 509.134 715.303 5 10.9668 -130.837 170.436
41 509.553 715.576 5 10.5089 -134.524 83.6736
42 509.973 715.848 5 10.055 -139.161 -161.022
43 510.392 716.12 5 9.60568 -124.729 56.3975
44 510.811 716.393 5 9.1616 -130.104 43.721
45 511.231 716.665 5 8.72357 -131.648 -29.2496
46 511.65 716.937 5 8.29256 -122.128 57.1587
47 512.069 717.21 5 7.86971 -133.718 -71.4479
48 512.489 717.482 5 7.45642 -150.042 140.983
49 512.908 717.754 5 7.05437 -131.045 -64.5058
50 513.327 718.027 5 6.66558 -110.877 98.2682
51 513.747 718.299 5 6.29252 -112.397 179.417
52 514.166 718.571 5 5.93815 -118.518 178.835
53 508.862 715.723 5 10.7801 -130.016 -146.598
54 509.281 715.995 5 10.3139 -122.262 -97.2189
55 509.7 716.267 5 9.85102 -129.844 -31.3458
56 510.12 716.54 5 9.39193 -142.765 100.991
57 510.539 716.812 5 8.93724 -130.276 -119.931
58 510.958 717.084 5 8.48764 -132.742 37.4967
59 511.378 717.357 5 8.044 -122.367 -176.441
60 511.797 717.629 5 7.60735 -112.015 -103.786
61 512.216 717.901 5 7.17897 -128.093 -63.4436
62 512.636 718.174 5 6.76044 -112.375 26.0324
63 513.055 718.446 5 6.35369 -112.214 47.0492
64 513.474 718.718 5 5.96114 -118.58 -75.2762
65 513.894 718.991 5 5.58579 -121.127 92.7078
66 508.589 716.142 5 10.6137 -130.525 121.659
67 509.009 716.414 5 10.1398 -131.038 53.4469
68 509.428 716.687 5 9.66861 -120.637 82.2443
69 509.847 716.959 5 9.20042 -116.298 67.1082
70 510.267 717.231 5 8.73577 -113.843 -91.8375
71 510.686 717.504 5 8.27523 -125.871 143.627
72 511.105 717.776 5 7.81955 -116.102 156.007
73 511.525 718.048 5 7.36961 -135.321 126.005
74 511.944 718.321 5 6.92655 -123.231 -144.496
75 512.363 718.593 5 6.49175 -118.822 -79.8505
76 512.783 718.865 5 6.06702 -112.468 -11.7719
77 513.202 719.138 5 5.65461 -120.696 -82.085
78 513.621 719.41 5 5.25742 -116.459 13.7316
79 510.414 717.923 5 8.08819 -132.977 131.898
80 510.833 718.195 5 7.62133 -133.796 103.092
81 511.672 718.74 5 6.70197 -127.208 -16.6407
82 512.091 719.012 5 6.25158 -114.461 -63.0227
83 512.51 719.285 5 5.80931 -111.193 38.2069
84 512.93 719.557 5 5.37717 -120.506 135.789
85 513.349 719.829 5 4.9578 -119.558 -118.687
86 510.141 718.342 5 7.92832 -134.57 21.3892
87 510.561 718.615 5 7.45145 -197.787 34.9344
88 511.399 719.159 5 6.50813 -126.213 -130.271
89 511.819 719.432 5 6.04331 -114.01 -175.456
90 512.238 719.704 5 5.58458 -107.956 -96.227
91 512.657 719.976 5 5.13355 -118.816 -25.8194
92 513.077 720.249 5 4.69246 -119.285 81.3069
93 509.869 718.762 5 7.79728 -145.49 -149.329
94 510.288 719.034 5 7.31187 -139.692 -106.058
95 511.127 719.579 5 6.34785 -120.606 20.9985
96 511.546 719.851 5 5.87035 -250 0
97 511.966 720.123 5 5.39693 -128.696 -103.203
98 512.385 720.396 5 4.92877 -159.417 51.9877
99 512.804 720.668 5 4.4675 -250 0
100 509.597 719.181 5 7.69656 -250 0
101 510.016 719.453 5 7.20437 -174.177 92.0274
102 509.324 719.6 5 7.62735 -143.087 -21.1418
103 509.744 719.873 5 7.13038 -143.671 -61.7004
104 509.052 720.02 5 7.59051 -135.261 -51.8751
105 509.471 720.292 5 7.09096 -135.555 -90.9517
