1 509.951 714.045 5 9.95318 -75.6711 39.3559
2 510.37 714.318 5 9.55153 -74.4985 18.9227
3 510.79 714.59 5 9.15956 -75.9172 138.829
4 511.209 714.862 5 8.77857 -69.0566 67.8344
5 511.628 715.135 5 8.41006 -76.7925 66.8884
6 512.048 715.407 5 8.05575 -73.3436 160.521
7 512.467 715.679 5 7.71757 -83.4207 -67.0688
8 512.886 715.952 5 7.39775 -88.2781 144.054
9 513.306 716.224 5 7.09877 -70.4091 142.171
10 513.725 716.496 5 6.82337 -70.6101 96.3962
11 514.144 716.769 5 6.57452 -75.1244 -75.244
12 514.564 717.041 5 6.35532 -97.1576 -121.868
13 514.983 717.313 5 6.16895 -119.677 -97.8739
14 509.679 714.465 5 9.67003 -81.9853 -166.002
15 510.098 714.737 5 9.2561 -79.9677 164.462
16 510.517 715.009 5 8.85106 -74.7035 -140.874
17 510.937 715.282 5 8.45619 -70.652 -15.8944
18 511.356 715.554 5 8.07298 -79.3566 -169.504
19 511.775 715.826 5 7.70317 -74.8979 -46.6496
20 512.195 716.099 5 7.34879 -82.9275 22.6279
21 512.614 716.371 5 7.01217 -74.6696 95.9886
22 513.033 716.643 5 6.69599 -75.6442 34.7887
23 513.453 716.916 5 6.4033 -74.2204 -56.2672
24 513.872 717.188 5 6.13743 -78.7714 -84.3898
25 514.291 717.46 5 5.90202 -78.2911 18.3578
26 514.711 717.733 5 5.70085 -70.1575 -53.133
27 509.406 714.884 5 9.40496 -73.565 32.0171
28 509.826 715.156 5 8.97882 -83.691 156.339
29 510.245 715.429 5 8.56067 -75.8389 95.1989
30 510.664 715.701 5 8.15174 -80.9775 -35.0881
31 511.084 715.973 5 7.7535 -71.437 -125.689
32 511.503 716.246 5 7.36767 -75.0648 23.7285
33 511.922 716.518 5 6.99632 -79.2202 -153.922
34 512.342 716.79 5 6.64186 -82.9129 -90.377
35 512.761 717.063 5 6.30715 -70.2854 -40.522
36 513.18 717.335 5 5.9955 -78.9516 53.355
37 513.6 717.607 5 5.71068 -79.2631 -69.4855
38 514.019 717.88 5 5.45689 -76.1138 -132.69
39 514.438 718.152 5 5.23865 -72.7439 -161.704
40 509.134 715.303 5 9.15954 -86.2304 -89.2879
41 509.553 715.576 5 8.72141 -84.6422 -59.1079
42 509.973 715.848 5 8.29028 -73.8373 31.9339
43 510.392 716.12 5 7.86732 -84.5974 119.092
44 510.811 716.393 5 7.45389 -105.112 122.816
45 511.231 716.665 5 7.05169 -79.1238 90.1238
46 511.65 716.937 5 6.66275 -81.0001 -103.15
47 512.069 717.21 5 6.28952 -73.0162 -18.3473
48 512.489 717.482 5 5.93497 -78.3794 112.907
49 512.908 717.754 5 5.60265 -83.1016 -143.251
50 513.327 718.027 5 5.29675 -72.751 -75.4443
51 513.747 718.299 5 5.02209 -75.0188 5.06445
52 514.166 718.571 5 4.78406 -80.7203 -39.4158
53 508.862 715.723 5 8.93537 -92.7957 -135.307
54 509.281 715.995 5 8.48568 -94.2066 -172.016
55 509.7 716.267 5 8.04193 -72.6845 -122.686
56 510.12 716.54 5 7.60516 -78.0078 -156.978
57 510.539 716.812 5 7.17665 -74.1573 28.9011
58 510.958 717.084 5 6.75797 -76.8987 -11.6053
59 511.378 717.357 5 6.35106 -67.0243 3.07587
60 511.797 717.629 5 5.95834 -69.5021 -93.9462
61 512.216 717.901 5 5.5828 -78.2863 169.045
62 512.636 718.174 5 5.22815 -66.7066 -92.5409
63 513.055 718.446 5 4.89891 -78.4849 -165.475
64 513.474 718.718 5 4.60057 -76.2822 62.6471
65 513.894 718.991 5 4.33948 -63.558 112.538
66 508.589 716.142 5 8.73411 -76.3285 -107.425
67 509.009 716.414 5 8.27348 -86.1358 -136.163
68 509.428 716.687 5 7.8177 -86.6696 47.9228
69 509.847 716.959 5 7.36765 -77.6262 103.665
70 510.267 717.231 5 6.92445 -85.3067 34.5957
71 510.686 717.504 5 6.48952 -80.6612 69.0965
72 511.105 717.776 5 6.06463 -79.0876 84.3583
73 511.525 718.048 5 5.65204 -71.4812 -96.091
74 511.944 718.321 5 5.25466 -77.6724 37.4441
75 512.363 718.593 5 4.8762 -74.9115 -128.015
76 512.783 718.865 5 4.52141 -73.3296 -176.194
77 513.202 719.138 5 4.19631 -80.7279 -41.0017
78 513.621 719.41 5 3.9083 -84.2656 -85.7287
79 510.414 717.923 5 6.24961 -73.4028 115.587
80 510.833 718.195 5 5.8072 -82.2179 -33.1014
81 511.672 718.74 5 4.95532 -74.8458 159.061
82 512.091 719.012 5 4.55204 -69.1864 -98.7982
83 512.51 719.285 5 4.16976 -73.0747 -133.956
84 512.93 719.557 5 3.81481 -74.6276 -127.188
85 513.349 719.829 5 3.49551 -73.8986 -10.8637
86 510.141 718.342 5 6.04164 -82.4245 121.239
87 510.561 718.615 5 5.58277 -87.6344 -46.8749
88 511.399 719.159 5 4.69031 -72.0672 155.951
89 511.819 719.432 5 4.26202 -67.9207 66.3764
90 512.238 719.704 5 3.85106 -72.7555 120.301
91 512.657 719.976 5 3.4636 -78.8256 86.3544
92 513.077 720.249 5 3.10844 -63.9157 -26.1017
93 509.869 718.762 5 5.86901 -95.4643 -119.695
94 510.288 719.034 5 5.39547 -98.2134 72.6534
95 511.127 719.579 5 4.46573 -93.5891 11.0947
96 511.546 719.851 5 4.01355 -70.8681 5.01583
97 511.966 720.123 5 3.57414 -63.4649 -168.26
98 512.385 720.396 5 3.15282 -66.0569 -10.7139
99 512.804 720.668 5 2.75792 -60.3964 127.813
100 509.597 719.181 5 5.73489 -93.9986 0.679287
101 510.016 719.453 5 5.24927 -91.3464 162.552
102 509.324 719.6 5 5.64205 -78.0758 -139.147
103 509.744 719.873 5 5.14768 -83.2291 -33.6036
104 509.052 720.02 5 5.59254 -84.9644 -118.575
105 509.471 720.292 5 5.09337 -90.1115 37.6832
