1 509.951 714.045 5 8.48911 -58.412 -85.3652
2 510.37 714.318 5 8.04528 -51.0048 98.3272
3 510.79 714.59 5 7.60841 -51.9603 -121.942
4 511.209 714.862 5 7.17979 -68.1461 -97.7489
5 511.628 715.135 5 6.76098 -51.6654 -122.355
6 512.048 715.407 5 6.35392 -50.9354 -102.162
7 512.467 715.679 5 5.96102 -57.0807 -12.4923
8 512.886 715.952 5 5.58527 -51.9945 -9.43188
9 513.306 716.224 5 5.23036 -55.0897 -67.6486
10 513.725 716.496 5 4.90083 -73.3285 115.822
11 514.144 716.769 5 4.60213 -65.829 20.004
12 514.564 717.041 5 4.34063 -99.5958 60.3452
13 514.983 717.313 5 4.12341 -119.463 129.115
14 509.679 714.465 5 8.27707 -60.44 -117.174
15 510.098 714.737 5 7.82121 -53.7622 -7.99009
16 510.517 715.009 5 7.37108 -76.6166 -94.3112
17 510.937 715.282 5 6.92779 -51.4109 69.6284
18 511.356 715.554 5 6.49274 -62.1922 -91.5974
19 511.775 715.826 5 6.06772 -53.6208 1.81184
20 512.195 716.099 5 5.65497 -55.5001 133.728
21 512.614 716.371 5 5.25738 -51.6209 -149.351
22 513.033 716.643 5 4.87868 -51.1281 -125.091
23 513.453 716.916 5 4.52361 -56.3235 -176.553
24 513.872 717.188 5 4.19815 -69.1352 -143.164
25 514.291 717.46 5 3.90972 -73.2634 121.201
26 514.711 717.733 5 3.66707 -79.5752 -53.542
27 509.406 714.884 5 8.09041 -63.0582 111.43
28 509.826 715.156 5 7.6234 -53.0807 178.141
29 510.245 715.429 5 7.16084 -55.287 139.27
30 510.664 715.701 5 6.70367 -59.3575 7.82227
31 511.084 715.973 5 6.25305 -59.6148 173.831
32 511.503 716.246 5 5.81051 -55.2041 34.2804
33 511.922 716.518 5 5.37806 -51.9546 -139.437
34 512.342 716.79 5 4.95832 -51.39 -16.6098
35 512.761 717.063 5 4.55482 -50.7718 81.2182
36 513.18 717.335 5 4.17227 -50.3412 106.653
37 513.6 717.607 5 3.81698 -64.1389 85.5455
38 514.019 717.88 5 3.49725 -74.2937 -158.597
39 514.438 718.152 5 3.2237 -65.946 -154.258
40 509.134 715.303 5 7.93093 -55.9998 -28.4245
41 509.553 715.576 5 7.45393 -55.5564 -44.0296
42 509.973 715.848 5 6.98015 -57.7893 -95.3623
43 510.392 716.12 5 6.5103 -53.0741 169.218
44 510.811 716.393 5 6.04528 -57.6675 108.135
45 511.231 716.665 5 5.58631 -58.3209 -21.6436
46 511.65 716.937 5 5.13501 -51.3069 170.547
47 512.069 717.21 5 4.69359 -51.921 53.3056
48 512.489 717.482 5 4.26512 -49.3103 173.338
49 512.908 717.754 5 3.85392 -51.0454 -73.2994
50 513.327 718.027 5 3.46615 -52.6076 -19.4316
51 513.747 718.299 5 3.11057 -58.2772 164.416
52 514.166 718.571 5 2.79948 -70.096 111.923
53 508.862 715.723 5 7.80029 -53.9427 73.4853
54 509.281 715.995 5 7.31478 -55.5004 25.8665
55 509.7 716.267 5 6.83135 -56.4914 -39.2298
56 510.12 716.54 5 6.3505 -58.1611 -90.3383
57 510.539 716.812 5 5.87285 -57.4567 -138.392
58 510.958 717.084 5 5.39924 -54.6598 149.228
59 511.378 717.357 5 4.93084 -60.1333 -7.14698
60 511.797 717.629 5 4.46931 -53.3384 -72.7669
61 512.216 717.901 5 4.01698 -48.4975 159.499
62 512.636 718.174 5 3.57737 -50.238 4.89563
63 513.055 718.446 5 3.1558 -47.72 134.813
64 513.474 718.718 5 2.76053 -48.137 -157.118
65 513.894 718.991 5 2.40457 -60.273 -99.6553
66 508.589 716.142 5 7.69996 -67.519 162.122
67 509.009 716.414 5 7.20769 -69.6903 66.3376
68 509.428 716.687 5 6.71657 -75.4577 -65.2377
69 509.847 716.959 5 6.22686 -70.6329 78.3812
70 510.267 717.231 5 5.73892 -63.0161 -108.029
71 510.686 717.504 5 5.25325 -58.7871 -162.548
72 511.105 717.776 5 4.77054 -54.5346 -179.086
73 511.525 718.048 5 4.2918 -56.5592 90.3582
74 511.944 718.321 5 3.81851 -49.4307 -8.42545
75 512.363 718.593 5 3.35298 -52.8593 -63.2801
76 512.783 718.865 5 2.89895 -47.9303 145.759
77 513.202 719.138 5 2.4628 -49.8357 -73.9401
78 513.621 719.41 5 2.05593 -46.3865 57.3726
79 510.414 717.923 5 5.15184 -79.9849 -160.051
80 510.833 718.195 5 4.65864 -75.7522 -159.923
81 511.672 718.74 5 3.67775 -59.5235 -164.669
82 512.091 719.012 5 3.19176 -54.1139 43.1615
83 512.51 719.285 5 2.71087 -50.3973 -35.6727
84 512.93 719.557 5 2.23836 -52.8346 -95.6204
85 513.349 719.829 5 1.78093 -45.7042 115.508
86 510.141 718.342 5 5.09768 -90.0807 28.8876
87 510.561 718.615 5 4.59868 -83.1114 46.9733
88 511.399 719.159 5 3.60149 -70.2988 42.0353
89 511.819 719.432 5 3.10358 -61.2192 -8.7824
90 512.238 719.704 5 2.60646 -61.0917 -119.48
91 512.657 719.976 5 2.11071 -62.5304 62.9789
92 513.077 720.249 5 1.61758 -63.8321 23.2664
93 509.869 718.762 5 5.09227 -83.1954 -94.9018
94 510.288 719.034 5 4.59268 -90.042 2.71479
95 511.127 719.579 5 3.59383 -72.1827 159.611
96 511.546 719.851 5 3.09468 -79.9447 179.627
97 511.966 720.123 5 2.59587 -67.2165 -179.048
98 512.385 720.396 5 2.09761 -56.8062 55.6641
99 512.804 720.668 5 1.60045 -56.6435 -27.8873
100 509.597 719.181 5 5.13577 -86.5229 0.271228
101 510.016 719.453 5 4.64086 -97.5544 58.7642
102 509.324 719.6 5 5.22695 -79.9895 86.2281
103 509.744 719.873 5 4.74156 -99.0835 -121.659
104 509.052 720.02 5 5.36338 -82.3999 130.546
105 509.471 720.292 5 4.89155 -93.1461 48.2793
