1 509.951 714.045 5 11.6286 -65.2407 -157.396
2 510.37 714.318 5 11.1753 -62.3649 102.358
3 510.79 714.59 5 10.7262 -58.884 -72.7825
4 511.209 714.862 5 10.2817 -57.4555 137.86
5 511.628 715.135 5 9.84265 -70.747 -104.977
6 512.048 715.407 5 9.40965 -76.3074 61.557
7 512.467 715.679 5 8.98361 -62.8576 -148.36
8 512.886 715.952 5 8.56556 -67.1727 -18.5994
9 513.306 716.224 5 8.15674 -66.3651 79.3594
10 513.725 716.496 5 7.75862 -62.5632 -87.807
11 514.144 716.769 5 7.37291 -81.5379 59.6061
12 514.564 717.041 5 7.00167 -103.488 77.6281
13 514.983 717.313 5 6.64734 -93.6984 6.44266
14 509.679 714.465 5 11.4307 -60.5687 56.1299
15 510.098 714.737 5 10.9693 -60.8726 7.65676
16 510.517 715.009 5 10.5114 -62.4876 -141.765
17 510.937 715.282 5 10.0575 -66.8195 87.3066
18 511.356 715.554 5 9.60813 -54.3267 -86.4403
19 511.775 715.826 5 9.16405 -68.2438 126.89
20 512.195 716.099 5 8.72602 -70.0074 -14.9409
21 512.614 716.371 5 8.295 -73.9563 -156.391
22 513.033 716.643 5 7.87215 -67.3937 93.8861
23 513.453 716.916 5 7.45885 -64.6349 -42.4539
24 513.872 717.188 5 7.05678 -62.5975 -133.49
25 514.291 717.46 5 6.66796 -75.4006 118.099
26 514.711 717.733 5 6.29487 -54.0637 -19.9096
27 509.406 714.884 5 11.2517 -67.2027 -158.017
28 509.826 715.156 5 10.7826 -60.6877 127.568
29 510.245 715.429 5 10.3164 -58.7833 29.2065
30 510.664 715.701 5 9.85346 -64.5888 -5.96431
31 511.084 715.973 5 9.39438 -61.0798 -163.91
32 511.503 716.246 5 8.93969 -70.465 88.1291
33 511.922 716.518 5 8.4901 -59.2424 -104.025
34 512.342 716.79 5 8.04645 -58.6191 90.4353
35 512.761 717.063 5 7.6098 -69.2835 -28.3997
36 513.18 717.335 5 7.18141 -89.4762 82.8887
37 513.6 717.607 5 6.76287 -63.2178 125.418
38 514.019 717.88 5 6.3561 -57.3737 -2.67501
39 514.438 718.152 5 5.96353 -62.3156 -45.4232
40 509.134 715.303 5 11.0923 -63.8871 -43.4489
41 509.553 715.576 5 10.6161 -69.2519 -146.72
42 509.973 715.848 5 10.1423 -61.9733 -160.795
43 510.392 716.12 5 9.67104 -69.488 52.099
44 510.811 716.393 5 9.20286 -60.6757 -21.3035
45 511.231 716.665 5 8.73821 -57.5156 -114.016
46 511.65 716.937 5 8.27768 -58.911 144.466
47 512.069 717.21 5 7.822 -61.198 25.5056
48 512.489 717.482 5 7.37206 -58.3544 -126.973
49 512.908 717.754 5 6.929 -68.5901 -16.4173
50 513.327 718.027 5 6.4942 -68.3545 55.8856
51 513.747 718.299 5 6.06946 -59.5203 111.225
52 514.166 718.571 5 5.65703 -58.076 -123.63
53 508.862 715.723 5 10.9534 -75.161 -157.494
54 509.281 715.995 5 10.4709 -64.6502 29.8676
55 509.7 716.267 5 9.99018 -65.3128 88.197
56 510.12 716.54 5 9.51143 -61.8451 -169.602
57 510.539 716.812 5 9.03499 -66.0249 100.832
58 510.958 717.084 5 8.56123 -68.2221 33.6398
59 511.378 717.357 5 8.09063 -76.8855 -24.774
60 511.797 717.629 5 7.62378 -70.8107 -91.403
61 512.216 717.901 5 7.1614 -54.7326 99.9681
62 512.636 718.174 5 6.70442 -54.4146 -36.4894
63 513.055 718.446 5 6.25403 -51.7915 -152.793
64 513.474 718.718 5 5.81176 -70.9067 -35.4924
65 513.894 718.991 5 5.37962 -59.6453 -74.9784
66 508.589 716.142 5 10.8358 -68.2024 111.329
67 509.009 716.414 5 10.3479 -79.8452 -171.915
68 509.428 716.687 5 9.86113 -72.3858 44.7476
69 509.847 716.959 5 9.3758 -82.5495 -68.9682
70 510.267 717.231 5 8.89209 -76.2346 -76.156
71 510.686 717.504 5 8.41029 -81.4667 -130.032
72 511.105 717.776 5 7.93074 -76.4832 -53.5447
73 511.525 718.048 5 7.45388 -67.2159 -10.1007
74 511.944 718.321 5 6.98025 -58.4668 -82.519
75 512.363 718.593 5 6.51057 -56.6078 -172.4
76 512.783 718.865 5 6.04576 -52.102 57.841
77 513.202 719.138 5 5.58703 -54.0498 -43.5835
78 513.621 719.41 5 5.136 -51.2841 164.288
79 510.414 717.923 5 8.28681 -77.6433 -15.0464
80 510.833 718.195 5 7.79967 -72.4862 9.02317
81 511.672 718.74 5 6.83097 -76.0657 95.1824
82 512.091 719.012 5 6.35026 -68.8906 80.0723
83 512.51 719.285 5 5.87278 -54.72 179.686
84 512.93 719.557 5 5.39937 -56.5122 165.968
85 513.349 719.829 5 4.93121 -53.836 -26.2625
86 510.141 718.342 5 8.19204 -78.3831 -155.088
87 510.561 718.615 5 7.69891 -83.7638 174.894
88 511.399 719.159 5 6.71569 -65.0121 -10.6071
89 511.819 719.432 5 6.22609 -62.799 -85.9714
90 512.238 719.704 5 5.73828 -58.4626 -27.9838
91 512.657 719.976 5 5.25276 -63.3123 71.0489
92 513.077 720.249 5 4.77023 -74.5641 -118.133
93 509.869 718.762 5 8.12698 -88.3838 -136.533
94 510.288 719.034 5 7.62964 -83.1511 -50.5125
95 511.127 719.579 5 6.63617 -62.6536 30.6499
96 511.546 719.851 5 6.14023 -61.7694 62.1773
97 511.966 720.123 5 5.64501 -70.4577 -158.393
98 512.385 720.396 5 5.1507 -74.6895 65.2819
99 512.804 720.668 5 4.65762 -69.6012 172.759
100 509.597 719.181 5 8.09235 -99.1516 126.641
101 510.016 719.453 5 7.59274 -81.7704 5.00141
102 509.324 719.6 5 8.08853 -91.5798 -5.26282
103 509.744 719.873 5 7.58868 -82.5512 30.9533
104 509.052 720.02 5 8.11558 -86.6444 -119.283
105 509.471 720.292 5 7.6175 -99.4208 173.714
