1 514.644 719.84 5 4.272 -54.1579 -57.3794
2 514.371 720.259 5 4.12311 -53.6138 7.29452
3 514.097 720.678 5 4.03113 -46.1475 -94.5675
4 513.824 721.096 5 4 -52.4465 -51.2842
5 513.551 721.515 5 4.03113 -48.106 153.196
6 513.278 721.934 5 4.12311 -51.7216 -21.2026
7 513.004 722.353 5 4.272 -49.1051 -110.788
8 512.731 722.771 5 4.47214 -48.2518 130.008
9 512.458 723.19 5 4.71699 -54.74 -3.10961
10 512.185 723.609 5 5 -61.868 -36.3823
11 515.063 720.113 5 3.80789 -51.5463 -168.048
12 514.789 720.532 5 3.64006 -48.9625 -92.6392
13 514.516 720.951 5 3.53553 -62.8767 141.688
14 514.243 721.37 5 3.5 -53.3504 87.939
15 513.97 721.788 5 3.53553 -53.3568 -88.3033
16 513.696 722.207 5 3.64006 -46.0633 -60.9114
17 513.423 722.626 5 3.80789 -56.0711 -117.726
18 513.15 723.045 5 4.03113 -43.6624 -99.8611
19 512.877 723.463 5 4.30116 -51.1863 -139.365
20 512.603 723.882 5 4.60977 -65.477 117.091
21 515.481 720.387 5 3.3541 -49.7092 7.57398
22 515.208 720.805 5 3.16228 -42.5428 -81.6168
23 514.935 721.224 5 3.04138 -54.7684 -120.846
24 514.662 721.643 5 3 -48.7656 -18.8828
25 514.388 722.062 5 3.04138 -55.3853 -41.7308
26 514.115 722.48 5 3.16228 -43.773 -113.079
27 513.842 722.899 5 3.3541 -48.7174 37.4724
28 513.568 723.318 5 3.60555 -48.6443 55.1323
29 513.295 723.737 5 3.90512 -48.0915 -116.368
30 513.022 724.155 5 4.24264 -53.158 49.2988
31 515.9 720.66 5 2.91548 -52.5895 -148.663
32 515.627 721.079 5 2.69258 -47.6054 -148.924
33 515.353 721.497 5 2.54951 -51.6279 -148.27
34 515.08 721.916 5 2.5 -52.2091 -25.2524
35 514.807 722.335 5 2.54951 -50.689 -133.109
36 514.534 722.754 5 2.69258 -47.8709 149.071
37 514.26 723.172 5 2.91548 -50.373 -96.9681
38 513.987 723.591 5 3.20156 -49.8213 71.7416
39 516.319 720.933 5 2.5 -45.4775 26.9925
40 516.045 721.352 5 2.23607 -51.7363 32.2508
41 515.772 721.771 5 2.06155 -46.4028 178.08
42 515.499 722.189 5 2 -44.9843 -3.00108
43 515.226 722.608 5 2.06155 -43.0582 -168.505
44 514.952 723.027 5 2.23607 -49.4854 20.2062
45 514.679 723.446 5 2.5 -45.711 67.1579
46 514.406 723.864 5 2.82843 -55.1817 -70.2352
47 516.737 721.206 5 2.12132 -44.283 12.6917
48 516.464 721.625 5 1.80278 -52.7246 169.954
49 516.191 722.044 5 1.58114 -40.8792 140.557
50 515.918 722.463 5 1.5 -41.7146 -16.7589
51 515.644 722.881 5 1.58114 -40.8293 109.283
52 515.371 723.3 5 1.80278 -45.4291 -153.307
53 515.098 723.719 5 2.12132 -44.2258 65.0168
54 514.825 724.138 5 2.5 -50.165 -149.972
55 517.156 721.48 5 1.80278 -38.5427 -173.12
56 516.883 721.898 5 1.41421 -38.4371 -117.889
57 516.61 722.317 5 1.11803 -41.8357 8.56513
58 516.336 722.736 5 1 -39.614 -25.3919
59 516.063 723.155 5 1.11803 -39.2744 24.8902
60 515.79 723.573 5 1.41421 -46.1134 -128.443
61 515.517 723.992 5 1.80278 -43.2697 164.75
62 515.243 724.411 5 2.23607 -49.5267 -156.137
63 517.575 721.753 5 1.58114 -40.1056 125.484
64 517.302 722.172 5 1.11803 -41.0985 8.6125
65 517.028 722.59 5 0.707107 -37.1508 110.871
66 516.755 723.009 5 0.5 -32.4603 -0.978803
67 516.482 723.428 5 0.707107 -37.0514 96.5564
68 516.209 723.847 5 1.11803 -39.4739 5.12046
69 515.935 724.265 5 1.58114 -42.4809 113.35
70 515.662 724.684 5 2.06155 -46.9474 -174.84
71 517.994 722.026 5 1.5 -40.5841 32.7553
72 517.72 722.445 5 1 -37.4828 20.3188
73 517.447 722.864 5 0.5 -33.2554 -2.42572
74 517.174 723.282 5 0 -55.6259 -31.65
75 516.901 723.701 5 0.5 -33.8416 1.21092
76 516.627 724.12 5 1 -37.9516 15.7985
77 516.354 724.539 5 1.5 -41.9316 6.10439
78 516.081 724.957 5 2 -42.7479 39.6124
