1 514.644 719.84 5 2 -50.2069 -104.969
2 514.371 720.259 5 1.5 -40.1296 -89.7312
3 514.097 720.678 5 1 -42.5443 -55.6339
4 513.824 721.096 5 0.5 -33.4283 -94.878
5 513.551 721.515 5 0 -39.2223 70.6526
6 513.278 721.934 5 0.5 -37.2888 -108.668
7 513.004 722.353 5 1 -70.4698 -165.746
8 512.731 722.771 5 1.5 -42.8554 -97.1612
9 512.458 723.19 5 2 -59.0809 -166.748
10 512.185 723.609 5 2.5 -51.2443 51.063
11 515.063 720.113 5 2.06155 -38.0426 112.894
12 514.789 720.532 5 1.58114 -66.7154 157.819
13 514.516 720.951 5 1.11803 -39.641 -83.562
14 514.243 721.37 5 0.707107 -38.2581 -16.7556
15 513.97 721.788 5 0.5 -33.6009 -117.809
16 513.696 722.207 5 0.707107 -41.476 36.262
17 513.423 722.626 5 1.11803 -39.4683 -80.878
18 513.15 723.045 5 1.58114 -49.7311 84.8612
19 512.877 723.463 5 2.06155 -45.4691 101.35
20 512.603 723.882 5 2.54951 -46.246 -169.267
21 515.481 720.387 5 2.23607 -42.1586 -52.6784
22 515.208 720.805 5 1.80278 -64.0622 91.5566
23 514.935 721.224 5 1.41421 -43.9484 121.54
24 514.662 721.643 5 1.11803 -37.5691 -94.7943
25 514.388 722.062 5 1 -40.3135 -101.88
26 514.115 722.48 5 1.11803 -39.9282 -109.329
27 513.842 722.899 5 1.41421 -38.5158 94.9663
28 513.568 723.318 5 1.80278 -43.9775 106.349
29 513.295 723.737 5 2.23607 -41.5097 -76.973
30 513.022 724.155 5 2.69258 -46.8038 -50.2624
31 515.9 720.66 5 2.5 -46.5591 -72.5518
32 515.627 721.079 5 2.12132 -47.3898 -125.659
33 515.353 721.497 5 1.80278 -47.139 85.2463
34 515.08 721.916 5 1.58114 -41.4266 -5.55519
35 514.807 722.335 5 1.5 -42.5171 -121.118
36 514.534 722.754 5 1.58114 -43.5093 -9.82409
37 514.26 723.172 5 1.80278 -44.1672 86.675
38 513.987 723.591 5 2.12132 -45.0872 -126.053
39 516.319 720.933 5 2.82843 -48.1531 -40.3753
40 516.045 721.352 5 2.5 -44.1766 -109.135
41 515.772 721.771 5 2.23607 -43.1969 -79.0113
42 515.499 722.189 5 2.06155 -44.6175 57.9744
43 515.226 722.608 5 2 -48.0948 -89.6356
44 514.952 723.027 5 2.06155 -47.0281 38.0971
45 514.679 723.446 5 2.23607 -41.6964 -93.2901
46 514.406 723.864 5 2.5 -45.0673 8.29333
47 516.737 721.206 5 3.20156 -54.7363 63.7789
48 516.464 721.625 5 2.91548 -50.2006 148.918
49 516.191 722.044 5 2.69258 -47.8327 32.75
50 515.918 722.463 5 2.54951 -54.5441 99.0319
51 515.644 722.881 5 2.5 -52.6005 -87.0176
52 515.371 723.3 5 2.54951 -53.2117 64.7392
53 515.098 723.719 5 2.69258 -52.7464 54.7927
54 514.825 724.138 5 2.91548 -44.0433 -87.5973
55 517.156 721.48 5 3.60555 -48.2913 -115.209
56 516.883 721.898 5 3.3541 -47.7917 -69.4494
57 516.61 722.317 5 3.16228 -46.1774 115.15
58 516.336 722.736 5 3.04138 -50.5344 103.671
59 516.063 723.155 5 3 -47.0156 -116.257
60 515.79 723.573 5 3.04138 -52.7914 49.8943
61 515.517 723.992 5 3.16228 -42.4021 76.2573
62 515.243 724.411 5 3.3541 -55.1467 144.814
63 517.575 721.753 5 4.03113 -47.4861 143.969
64 517.302 722.172 5 3.80789 -57.3202 92.2426
65 517.028 722.59 5 3.64006 -48.5877 -175.174
66 516.755 723.009 5 3.53553 -49.3277 124.397
67 516.482 723.428 5 3.5 -49.6572 -149.232
68 516.209 723.847 5 3.53553 -49.5782 160.428
69 515.935 724.265 5 3.64006 -46.2313 -168.609
70 515.662 724.684 5 3.80789 -52.0578 -19.2765
71 517.994 722.026 5 4.47214 -46.1632 -45.8575
72 517.72 722.445 5 4.272 -48.1418 99.2258
73 517.447 722.864 5 4.12311 -50.818 -167.377
74 517.174 723.282 5 4.03113 -47.0276 142.794
75 516.901 723.701 5 4 -73.2891 -118.15
76 516.627 724.12 5 4.03113 -52.0014 109.886
77 516.354 724.539 5 4.12311 -52.6881 -142.124
78 516.081 724.957 5 4.272 -50.799 127.074
