1 514.644 719.84 5 4.03113 -69.1141 -159.262
2 514.371 720.259 5 3.60555 -62.5421 -40.2669
3 514.097 720.678 5 3.20156 -63.3262 -16.2793
4 513.824 721.096 5 2.82843 -68.8328 -14.6775
5 513.551 721.515 5 2.5 -64.8943 57.2722
6 513.278 721.934 5 2.23607 -52.1103 -28.9884
7 513.004 722.353 5 2.06155 -49.5207 78.3492
8 512.731 722.771 5 2 -56.9274 -138.675
9 512.458 723.19 5 2.06155 -51.2883 45.2695
10 512.185 723.609 5 2.23607 -73.6478 32.2855
11 515.063 720.113 5 3.80789 -52.0801 -82.2459
12 514.789 720.532 5 3.3541 -70.8381 29.3865
13 514.516 720.951 5 2.91548 -63.7927 60.5743
14 514.243 721.37 5 2.5 -63.0707 -177.735
15 513.97 721.788 5 2.12132 -66.4604 -107.475
16 513.696 722.207 5 1.80278 -62.9405 21.2541
17 513.423 722.626 5 1.58114 -49.1072 2.48301
18 513.15 723.045 5 1.5 -53.1744 -133.806
19 512.877 723.463 5 1.58114 -58.1841 -110.14
20 512.603 723.882 5 1.80278 -68.5135 120.638
21 515.481 720.387 5 3.64006 -50.713 70.212
22 515.208 720.805 5 3.16228 -51.1263 3.53038
23 514.935 721.224 5 2.69258 -46.646 -94.4969
24 514.662 721.643 5 2.23607 -53.6986 -59.3289
25 514.388 722.062 5 1.80278 -60.7739 74.2577
26 514.115 722.48 5 1.41421 -64.3046 0.61606
27 513.842 722.899 5 1.11803 -63.0339 -100.01
28 513.568 723.318 5 1 -50.4844 -154.219
29 513.295 723.737 5 1.11803 -58.2613 -141.576
30 513.022 724.155 5 1.41421 -72.386 -168.716
31 515.9 720.66 5 3.53553 -54.9004 -14.5222
32 515.627 721.079 5 3.04138 -50.2912 -53.1094
33 515.353 721.497 5 2.54951 -47.9726 -49.1682
34 515.08 721.916 5 2.06155 -46.6814 -69.4648
35 514.807 722.335 5 1.58114 -43.6408 -140.256
36 514.534 722.754 5 1.11803 -41.3885 131.262
37 514.26 723.172 5 0.707107 -49.8177 138.694
38 513.987 723.591 5 0.5 -41.6095 -108.177
39 516.319 720.933 5 3.5 -46.0452 152.818
40 516.045 721.352 5 3 -44.028 158.301
41 515.772 721.771 5 2.5 -43.7558 162.681
42 515.499 722.189 5 2 -42.8514 163.209
43 515.226 722.608 5 1.5 -40.4162 167.314
44 514.952 723.027 5 1 -39.5769 154.259
45 514.679 723.446 5 0.5 -34.3164 166.354
46 514.406 723.864 5 0 9.69672 -109.077
47 516.737 721.206 5 3.53553 -48.0509 151.182
48 516.464 721.625 5 3.04138 -48.183 121.022
49 516.191 722.044 5 2.54951 -51.2828 126.118
50 515.918 722.463 5 2.06155 -52.7808 90.2805
51 515.644 722.881 5 1.58114 -57.447 6.57755
52 515.371 723.3 5 1.11803 -42.7373 160.503
53 515.098 723.719 5 0.707107 -37.1069 -57.3303
54 514.825 724.138 5 0.5 -30.9879 -25.6865
55 517.156 721.48 5 3.64005 -59.527 -91.5184
56 516.883 721.898 5 3.16228 -60.063 85.9582
57 516.61 722.317 5 2.69258 -50.5307 -39.6932
58 516.336 722.736 5 2.23607 -54.428 -178.994
59 516.063 723.155 5 1.80278 -43.1814 -8.23207
60 515.79 723.573 5 1.41421 -45.3422 50.1196
61 515.517 723.992 5 1.11803 -69.3593 8.71255
62 515.243 724.411 5 1 -31.6774 16.2606
63 517.575 721.753 5 3.80789 -57.0761 -102.902
64 517.302 722.172 5 3.3541 -54.9215 171.031
65 517.028 722.59 5 2.91548 -49.3552 20.8618
66 516.755 723.009 5 2.5 -47.7795 159.372
67 516.482 723.428 5 2.12132 -47.2217 174.674
68 516.209 723.847 5 1.80278 -48.4791 31.4109
69 515.935 724.265 5 1.58114 -45.8564 164.986
70 515.662 724.684 5 1.5 -33.0443 -133.648
71 517.994 722.026 5 4.03113 -49.062 74.124
72 517.72 722.445 5 3.60555 -48.5155 -179.605
73 517.447 722.864 5 3.20156 -47.2203 -76.6498
74 517.174 723.282 5 2.82843 -52.5402 -38.2826
75 516.901 723.701 5 2.5 -46.9164 162.929
76 516.627 724.12 5 2.23607 -53.1194 -100.741
77 516.354 724.539 5 2.06155 -46.5552 144.832
78 516.081 724.957 5 2 -40.9045 -63.3832
