1 505.473 717.831 5 12.3063 -104.553 35.3362
2 505.747 717.412 5 12.2823 -106.088 -41.8522
3 506.02 716.994 5 12.2787 -108.301 86.9363
4 506.294 716.575 5 12.2954 -103.801 141.436
5 506.567 716.157 5 12.3324 -114.555 57.7092
6 505.891 718.104 5 11.8075 -105.513 -5.3723
7 506.165 717.686 5 11.7825 -107.64 -136.438
8 506.439 717.267 5 11.7788 -107.305 16.7296
9 506.712 716.849 5 11.7962 -107.176 164.081
10 506.986 716.43 5 11.8347 -101.326 -119.175
11 506.31 718.378 5 11.3088 -110.614 -120.772
12 506.584 717.96 5 11.2828 -105.378 -109.119
13 506.857 717.541 5 11.2788 -104.783 -21.9501
14 507.131 717.123 5 11.297 -110.327 -82.1849
15 507.404 716.704 5 11.3372 -94.5056 -126.962
16 506.728 718.652 5 10.8103 -114.325 157.399
17 507.002 718.233 5 10.783 -111.46 116.973
18 507.276 717.815 5 10.7789 -106.379 49.8082
19 507.549 717.396 5 10.7979 -104.333 151.488
20 507.823 716.978 5 10.84 -101.1 151
21 507.147 718.925 5 10.3119 -110.33 -113.291
22 507.421 718.507 5 10.2833 -107.994 -131.394
23 507.694 718.088 5 10.2789 -91.7942 -29.4402
24 507.968 717.67 5 10.2989 -98.4216 -10.9891
25 508.241 717.251 5 10.343 -118.018 -36.598
26 507.565 719.199 5 9.81361 -108.215 58.6121
27 507.839 718.78 5 9.78354 -92.3226 -179.282
28 508.113 718.362 5 9.77898 -97.1798 15.2409
29 508.386 717.943 5 9.79996 -104.681 -164.675
30 508.66 717.525 5 9.84631 -118.848 -62.5049
31 507.984 719.472 5 9.31554 -98.6357 -56.5239
32 508.258 719.054 5 9.28386 -104.497 131.987
33 508.531 718.635 5 9.27905 -125.974 -152.27
34 508.805 718.217 5 9.30115 -119.794 -178.893
35 509.078 717.798 5 9.34998 -119.516 162.428
36 508.402 719.746 5 8.81769 -108.875 -12.4079
37 508.676 719.328 5 8.78421 -116.671 61.6415
38 508.95 718.909 5 8.77913 -250 0
39 509.223 718.491 5 8.80249 -250 0
40 509.497 718.072 5 8.85407 -250 0
