1 505.473 717.831 5 10.8041 -94.6965 -16.2379
2 505.747 717.412 5 10.6602 -101.567 -119.477
3 506.02 716.994 5 10.5381 -89.4671 -153.546
4 506.294 716.575 5 10.4386 -112.113 -61.4014
5 506.567 716.157 5 10.3623 -102.644 -36.8493
6 505.891 718.104 5 10.3297 -97.6183 -45.787
7 506.165 717.686 5 10.1791 -96.9592 108.419
8 506.439 717.267 5 10.0512 -96.5822 -83.2645
9 506.712 716.849 5 9.94682 -115.421 62.4984
10 506.986 716.43 5 9.86669 -113.74 -91.7801
11 506.31 718.378 5 9.85782 -103.505 -85.5216
12 506.584 717.96 5 9.69994 -99.4553 -24.8605
13 506.857 717.541 5 9.56563 -101.438 -3.99754
14 507.131 717.123 5 9.45588 -110.27 115.463
15 507.404 716.704 5 9.37155 -100.478 71.4709
16 506.728 718.652 5 9.38887 -108.454 9.4023
17 507.002 718.233 5 9.22298 -98.0173 -42.0454
18 507.276 717.815 5 9.08161 -101.234 -123.956
19 507.549 717.396 5 8.96594 -87.982 102.349
20 507.823 716.978 5 8.87696 -104.544 -49.4588
21 507.147 718.925 5 8.92331 -95.5053 22.1981
22 507.421 718.507 5 8.74858 -99.8418 -50.0259
23 507.694 718.088 5 8.59942 -101.475 94.9285
24 507.968 717.67 5 8.47717 -89.5375 160.689
25 508.241 717.251 5 8.38301 -97.5935 -88.6996
26 507.565 719.199 5 8.46167 -86.3542 -115.236
27 507.839 718.78 5 8.27721 -98.3348 18.8884
28 508.113 718.362 5 8.11939 -100.469 134.633
29 508.386 717.943 5 7.9898 -101.488 -15.8774
30 508.66 717.525 5 7.88982 -103.924 -111.643
31 507.984 719.472 5 8.00464 -103.336 137.716
32 508.258 719.054 5 7.80939 -106.558 31.5392
33 508.531 718.635 5 7.64192 -101.741 -167.948
34 508.805 718.217 5 7.50408 -106.002 33.2302
35 509.078 717.798 5 7.39754 -103.447 51.465
36 508.402 719.746 5 7.55305 -112.561 54.6511
37 508.676 719.328 5 7.34581 -114.087 89.1799
38 508.95 718.909 5 7.16752 -250 0
39 509.223 718.491 5 7.02037 -250 0
40 509.497 718.072 5 6.90637 -148.191 146.508
