1 514.644 719.84 5 3.60555 -58.2525 -47.6625
2 514.371 720.259 5 3.20156 -46.516 156.405
3 514.097 720.678 5 2.82843 -48.6109 143.298
4 513.824 721.096 5 2.5 -54.1058 125.13
5 513.551 721.515 5 2.23607 -42.1434 -99.5701
6 513.278 721.934 5 2.06155 -52.0282 146.991
7 513.004 722.353 5 2 -48.2486 -11.5793
8 512.731 722.771 5 2.06155 -46.8255 164.362
9 512.458 723.19 5 2.23607 -51.8866 19.9113
10 512.185 723.609 5 2.5 -49.879 28.6349
11 515.063 720.113 5 3.3541 -44.4444 28.4134
12 514.789 720.532 5 2.91548 -50.2525 -83.2714
13 514.516 720.951 5 2.5 -47.4087 -12.439
14 514.243 721.37 5 2.12132 -52.1843 24.0469
15 513.97 721.788 5 1.80278 -44.2793 -149.068
16 513.696 722.207 5 1.58114 -44.108 86.2958
17 513.423 722.626 5 1.5 -45.5103 -40.1389
18 513.15 723.045 5 1.58114 -42.4384 81.1516
19 512.877 723.463 5 1.80278 -43.8689 -150.537
20 512.603 723.882 5 2.12132 -47.3296 44.322
21 515.481 720.387 5 3.16228 -50.5958 -137.796
22 515.208 720.805 5 2.69258 -44.512 149.364
23 514.935 721.224 5 2.23607 -44.0233 42.6531
24 514.662 721.643 5 1.80278 -43.055 -133.323
25 514.388 722.062 5 1.41421 -40.2827 -125.716
26 514.115 722.48 5 1.11803 -40.739 19.4417
27 513.842 722.899 5 1 -40.4637 5.35665
28 513.568 723.318 5 1.11803 -37.1165 35.2324
29 513.295 723.737 5 1.41421 -46.9114 -96.0666
30 513.022 724.155 5 1.80278 -54.5873 -38.84
31 515.9 720.66 5 3.04138 -48.8254 -129.729
32 515.627 721.079 5 2.54951 -50.7614 -145.484
33 515.353 721.497 5 2.06155 -46.9611 160.131
34 515.08 721.916 5 1.58114 -46.9782 120.74
35 514.807 722.335 5 1.11803 -41.2067 -1.6114
36 514.534 722.754 5 0.707107 -37.2113 125.629
37 514.26 723.172 5 0.5 -36.5473 0.585111
38 513.987 723.591 5 0.707107 -36.0658 118.506
39 516.319 720.933 5 3 -40.8963 -37.2802
40 516.045 721.352 5 2.5 -39.958 -32.3323
41 515.772 721.771 5 2 -39.0395 -22.2197
42 515.499 722.189 5 1.5 -37.7321 -7.63905
43 515.226 722.608 5 1 -36.5081 -24.3911
44 514.952 723.027 5 0.5 -33.4021 -8.39633
45 514.679 723.446 5 0 -42.313 -88.9929
46 514.406 723.864 5 0.5 -35.8909 171.858
47 516.737 721.206 5 3.04138 -42.1961 -126.786
48 516.464 721.625 5 2.54951 -41.0954 -147.601
49 516.191 722.044 5 2.06155 -43.9432 -161.321
50 515.918 722.463 5 1.58114 -44.8336 163.246
51 515.644 722.881 5 1.11803 -42.7687 3.34899
52 515.371 723.3 5 0.707107 -36.2148 109.922
53 515.098 723.719 5 0.5 -35.6557 5.48964
54 514.825 724.138 5 0.707107 -36.2069 -57.2641
55 517.156 721.48 5 3.16228 -48.2591 -79.8993
56 516.883 721.898 5 2.69258 -47.2648 163.817
57 516.61 722.317 5 2.23607 -45.8206 65.305
58 516.336 722.736 5 1.80278 -49.1126 149.23
59 516.063 723.155 5 1.41421 -42.6816 -108.537
60 515.79 723.573 5 1.11803 -50.578 55.4236
61 515.517 723.992 5 1 -41.1487 71.7403
62 515.243 724.411 5 1.11803 -48.5439 -0.203268
63 517.575 721.753 5 3.3541 -51.6078 10.8184
64 517.302 722.172 5 2.91548 -64.2979 115.202
65 517.028 722.59 5 2.5 -47.6472 18.8142
66 516.755 723.009 5 2.12132 -44.6015 25.6309
67 516.482 723.428 5 1.80278 -47.5739 -143.452
68 516.209 723.847 5 1.58114 -45.8683 168.128
69 515.935 724.265 5 1.5 -41.0917 -55.7195
70 515.662 724.684 5 1.58114 -59.7823 -32.3824
71 517.994 722.026 5 3.60555 -48.145 4.40718
72 517.72 722.445 5 3.20156 -44.7939 156.578
73 517.447 722.864 5 2.82843 -50.4139 132.303
74 517.174 723.282 5 2.5 -45.7907 66.286
75 516.901 723.701 5 2.23607 -48.504 41.8945
76 516.627 724.12 5 2.06155 -39.0584 168.821
77 516.354 724.539 5 2 -42.5595 -32.6456
78 516.081 724.957 5 2.06155 -55.8335 151.614
