1 514.644 719.84 5 3.3541 -47.3214 18.8252
2 514.371 720.259 5 2.91548 -48.1818 -134.629
3 514.097 720.678 5 2.5 -47.904 -8.40514
4 513.824 721.096 5 2.12132 -46.6449 116.228
5 513.551 721.515 5 1.80278 -44.6815 91.3839
6 513.278 721.934 5 1.58114 -40.0523 92.836
7 513.004 722.353 5 1.5 -49.9809 -23.7728
8 512.731 722.771 5 1.58114 -44.9699 106.904
9 512.458 723.19 5 1.80278 -51.3106 90.8212
10 512.185 723.609 5 2.12132 -45.2048 -8.59674
11 515.063 720.113 5 3.16228 -73.7801 88.5826
12 514.789 720.532 5 2.69258 -51.8334 136.41
13 514.516 720.951 5 2.23607 -46.5909 12.8714
14 514.243 721.37 5 1.80278 -42.8672 -141.742
15 513.97 721.788 5 1.41421 -44.8024 -107.994
16 513.696 722.207 5 1.11803 -40.1731 33.4739
17 513.423 722.626 5 1 -42.3487 -16.6376
18 513.15 723.045 5 1.11803 -39.6949 24.6459
19 512.877 723.463 5 1.41421 -43.627 -87.8796
20 512.603 723.882 5 1.80278 -44.6274 -154.038
21 515.481 720.387 5 3.04138 -47.2436 -122.702
22 515.208 720.805 5 2.54951 -45.4999 -122.92
23 514.935 721.224 5 2.06155 -42.5419 -156.645
24 514.662 721.643 5 1.58114 -48.3405 132.46
25 514.388 722.062 5 1.11803 -42.3262 2.57501
26 514.115 722.48 5 0.707107 -35.9425 119.898
27 513.842 722.899 5 0.5 -33.5763 -1.18604
28 513.568 723.318 5 0.707107 -34.1136 107.558
29 513.295 723.737 5 1.11803 -38.3599 11.1004
30 513.022 724.155 5 1.58114 -48.8296 149.617
31 515.9 720.66 5 3 -51.1396 -14.7541
32 515.627 721.079 5 2.5 -50.7743 34.2434
33 515.353 721.497 5 2 -43.5154 25.7368
34 515.08 721.916 5 1.5 -50.4586 4.8264
35 514.807 722.335 5 1 -42.1876 14.6198
36 514.534 722.754 5 0.5 -34.0967 4.07895
37 514.26 723.172 5 0 -59.2544 90.3711
38 513.987 723.591 5 0.5 -32.4685 11.3581
39 516.319 720.933 5 3.04138 -43.7948 -98.6286
40 516.045 721.352 5 2.54951 -44.5968 -97.7618
41 515.772 721.771 5 2.06155 -49.151 -155.321
42 515.499 722.189 5 1.58114 -44.2847 136.017
43 515.226 722.608 5 1.11803 -42.6639 2.71165
44 514.952 723.027 5 0.707107 -37.3896 135.445
45 514.679 723.446 5 0.5 -37.6714 3.65237
46 514.406 723.864 5 0.707107 -35.7902 -131.683
47 516.737 721.206 5 3.16228 -54.7881 -60.1585
48 516.464 721.625 5 2.69258 -47.6421 102.062
49 516.191 722.044 5 2.23607 -43.5208 26.9421
50 515.918 722.463 5 1.80278 -44.1453 -164.721
51 515.644 722.881 5 1.41421 -40.5593 -129.655
52 515.371 723.3 5 1.11803 -42.1723 36.5187
53 515.098 723.719 5 1 -42.166 28.8791
54 514.825 724.138 5 1.11803 -40.3645 -122.392
55 517.156 721.48 5 3.3541 -49.6436 88.0405
56 516.883 721.898 5 2.91548 -49.7745 -127.862
57 516.61 722.317 5 2.5 -46.0795 -12.9228
58 516.336 722.736 5 2.12132 -42.9231 6.97651
59 516.063 723.155 5 1.80278 -46.3487 -127.975
60 515.79 723.573 5 1.58114 -40.4973 147.585
61 515.517 723.992 5 1.5 -45.0374 -52.6797
62 515.243 724.411 5 1.58114 -46.9304 85.0386
63 517.575 721.753 5 3.60555 -45.9184 78.5526
64 517.302 722.172 5 3.20156 -45.8896 158.446
65 517.028 722.59 5 2.82843 -59.2514 -158.189
66 516.755 723.009 5 2.5 -42.0517 11.392
67 516.482 723.428 5 2.23607 -41.145 12.7835
68 516.209 723.847 5 2.06155 -41.3377 174.113
69 515.935 724.265 5 2 -41.2488 -16.8642
70 515.662 724.684 5 2.06155 -59.4187 21.5855
71 517.994 722.026 5 3.90512 -48.5374 -104.036
72 517.72 722.445 5 3.53553 -48.3191 -70.7477
73 517.447 722.864 5 3.20156 -44.6386 105.062
74 517.174 723.282 5 2.91548 -51.062 -120.282
75 516.901 723.701 5 2.69258 -63.9141 160.982
76 516.627 724.12 5 2.54951 -47.9109 -158.2
77 516.354 724.539 5 2.5 -50.0657 -0.936391
78 516.081 724.957 5 2.54951 -51.784 -174.44
