1 514.644 719.84 5 2 -53.0413 31.2067
2 514.371 720.259 5 2.06155 -45.2571 133.473
3 514.097 720.678 5 2.23607 -44.6998 15.9404
4 513.824 721.096 5 2.5 -47.348 -4.82902
5 513.551 721.515 5 2.82843 -48.1128 -26.7137
6 513.278 721.934 5 3.20156 -56.4258 119.479
7 513.004 722.353 5 3.60555 -46.8487 60.4326
8 512.731 722.771 5 4.03113 -52.6731 -70.2186
9 512.458 723.19 5 4.47214 -61.1107 -102.051
10 512.185 723.609 5 4.92443 -56.0053 -64.9782
11 515.063 720.113 5 1.5 -51.4006 5.46208
12 514.789 720.532 5 1.58114 -39.7993 119.969
13 514.516 720.951 5 1.80278 -42.869 -176.661
14 514.243 721.37 5 2.12132 -38.7671 18.984
15 513.97 721.788 5 2.5 -53.5613 -14.1518
16 513.696 722.207 5 2.91548 -48.9534 -66.7851
17 513.423 722.626 5 3.3541 -44.7333 35.6695
18 513.15 723.045 5 3.80789 -54.4779 152.378
19 512.877 723.463 5 4.272 -69.0646 -22.173
20 512.603 723.882 5 4.74342 -47.8674 -58.567
21 515.481 720.387 5 1 -38.3886 -7.38941
22 515.208 720.805 5 1.11803 -39.5615 45.8186
23 514.935 721.224 5 1.41421 -40.226 -138.321
24 514.662 721.643 5 1.80278 -44.5794 -141.145
25 514.388 722.062 5 2.23607 -45.7092 -3.40998
26 514.115 722.48 5 2.69258 -55.0845 102.815
27 513.842 722.899 5 3.16228 -54.1382 -69.2122
28 513.568 723.318 5 3.64006 -48.2383 -5.92364
29 513.295 723.737 5 4.12311 -50.8436 0.31817
30 513.022 724.155 5 4.60977 -49.6983 106.589
31 515.9 720.66 5 0.5 -34.2019 2.98262
32 515.627 721.079 5 0.707107 -34.134 122.643
33 515.353 721.497 5 1.11803 -44.0521 -36.1304
34 515.08 721.916 5 1.58114 -44.5269 159.479
35 514.807 722.335 5 2.06155 -45.9508 -144.069
36 514.534 722.754 5 2.54951 -42.849 -106.612
37 514.26 723.172 5 3.04138 -43.7553 -105.916
38 513.987 723.591 5 3.53553 -41.9221 -82.2868
39 516.319 720.933 5 0 -44.4219 -12.5633
40 516.045 721.352 5 0.5 -31.931 -5.37157
41 515.772 721.771 5 1 -36.2252 -37.5435
42 515.499 722.189 5 1.5 -37.8907 -26.5763
43 515.226 722.608 5 2 -43.0776 -20.2928
44 514.952 723.027 5 2.5 -42.1614 -16.1541
45 514.679 723.446 5 3 -42.9392 -35.8082
46 514.406 723.864 5 3.5 -47.1404 -175.851
47 516.737 721.206 5 0.5 -32.4374 11.8538
48 516.464 721.625 5 0.707107 -36.0319 126.519
49 516.191 722.044 5 1.11803 -49.2253 -42.676
50 515.918 722.463 5 1.58114 -45.2613 -158.717
51 515.644 722.881 5 2.06155 -42.7749 -153.159
52 515.371 723.3 5 2.54951 -47.1014 -135.146
53 515.098 723.719 5 3.04138 -42.8394 -117.165
54 514.825 724.138 5 3.53553 -49.2442 137.739
55 517.156 721.48 5 1 -43.4585 -12.3821
56 516.883 721.898 5 1.11803 -40.6322 28.6202
57 516.61 722.317 5 1.41421 -48.811 -151.785
58 516.336 722.736 5 1.80278 -45.5804 179.787
59 516.063 723.155 5 2.23607 -43.1074 19.8745
60 515.79 723.573 5 2.69258 -54.0926 -164.122
61 515.517 723.992 5 3.16228 -48.8696 -46.0781
62 515.243 724.411 5 3.64005 -53.3048 164.071
63 517.575 721.753 5 1.5 -40.7524 -49.615
64 517.302 722.172 5 1.58114 -38.8132 100.057
65 517.028 722.59 5 1.80278 -42.9528 -167.179
66 516.755 723.009 5 2.12132 -44.6028 1.05307
67 516.482 723.428 5 2.5 -43.277 37.5343
68 516.209 723.847 5 2.91548 -46.7212 -121.176
69 515.935 724.265 5 3.3541 -50.7487 58.9735
70 515.662 724.684 5 3.80789 -51.1289 144.133
71 517.994 722.026 5 2 -53.4336 126.852
72 517.72 722.445 5 2.06155 -45.0249 78.2154
73 517.447 722.864 5 2.23607 -43.1091 42.4801
74 517.174 723.282 5 2.5 -45.4658 24.4207
75 516.901 723.701 5 2.82843 -44.0858 141.682
76 516.627 724.12 5 3.20156 -57.1209 90.5518
77 516.354 724.539 5 3.60555 -47.8072 91.6867
78 516.081 724.957 5 4.03113 -50.4131 -109.732
