1 505.473 717.831 5 10.5389 -119.408 127.353
2 505.747 717.412 5 10.4394 -115.083 -32.9394
3 506.02 716.994 5 10.3631 -113.022 30.7878
4 506.294 716.575 5 10.3105 -122.454 -81.3552
5 506.567 716.157 5 10.282 -118.793 -1.89616
6 505.891 718.104 5 10.052 -118.739 -145.245
7 506.165 717.686 5 9.94763 -110.495 -34.3251
8 506.439 717.267 5 9.86751 -113.548 95.0316
9 506.712 716.849 5 9.81224 -108.443 -158.423
10 506.986 716.43 5 9.78225 -139.625 -91.5379
11 506.31 718.378 5 9.56643 -126.112 -62.165
12 506.584 717.96 5 9.45669 -112.214 -85.5908
13 506.857 717.541 5 9.37237 -105.72 117.723
14 507.131 717.123 5 9.31416 -107.386 -89.7953
15 507.404 716.704 5 9.28256 -113.551 -13.4894
16 506.728 718.652 5 9.08241 -111.896 -45.1031
17 507.002 718.233 5 8.96674 -121.094 130.258
18 507.276 717.815 5 8.87777 -118.703 -2.39082
19 507.549 717.396 5 8.8163 -109.249 -72.7317
20 507.823 716.978 5 8.78291 -109.996 28.347
21 507.147 718.925 5 8.60022 -114.751 -13.0592
22 507.421 718.507 5 8.47798 -123.21 -93.8499
23 507.694 718.088 5 8.38382 -114.468 -89.8409
24 507.968 717.67 5 8.3187 -120.458 -123.414
25 508.241 717.251 5 8.28331 -107.07 86.5447
26 507.565 719.199 5 8.12018 -109.484 -110.849
27 507.839 718.78 5 7.9906 -123.967 45.5324
28 508.113 718.362 5 7.89063 -122.191 -3.15366
29 508.386 717.943 5 7.82141 -121.553 114.876
30 508.66 717.525 5 7.78375 -112.499 99.9877
31 507.984 719.472 5 7.6427 -119.682 -12.8085
32 508.258 719.054 5 7.50488 -121.591 -151.988
33 508.531 718.635 5 7.39835 -116.003 102.68
34 508.805 718.217 5 7.32448 -136.671 55.688
35 509.078 717.798 5 7.28425 -133.916 24.0214
36 508.402 719.746 5 7.1683 -114.8 9.86386
37 508.676 719.328 5 7.02117 -120.32 -119.775
38 508.95 718.909 5 6.90718 -134.869 164.796
39 509.223 718.491 5 6.828 -136.11 -134.281
40 509.497 718.072 5 6.78483 -250 0
