1 509.951 714.045 5 11.2074 -111.099 -121.89
2 510.37 714.318 5 10.783 -111.162 -161.301
3 510.79 714.59 5 10.3652 -136.865 -1.21318
4 511.209 714.862 5 9.9551 -142.139 -29.194
5 511.628 715.135 5 9.55352 -129.961 109.881
6 512.048 715.407 5 9.16164 -123.991 -28.6486
7 512.467 715.679 5 8.78075 -124.533 -12.506
8 512.886 715.952 5 8.41233 -137.776 120.451
9 513.306 716.224 5 8.05811 -119.224 58.0595
10 513.725 716.496 5 7.72004 -117.299 162.582
11 514.144 716.769 5 7.40033 -108.821 -42.7641
12 514.564 717.041 5 7.10146 -250 0
13 514.983 717.313 5 6.82617 -250 0
14 509.679 714.465 5 10.9566 -130.789 -141.793
15 510.098 714.737 5 10.522 -151.266 52.7434
16 510.517 715.009 5 10.0935 -142.458 177.222
17 510.937 715.282 5 9.67184 -132.209 -168.032
18 511.356 715.554 5 9.25799 -131.645 -26.7512
19 511.775 715.826 5 8.85303 -109.184 23.4449
20 512.195 716.099 5 8.45825 -111.636 -61.9602
21 512.614 716.371 5 8.07514 -122.859 128.425
22 513.033 716.643 5 7.70543 -120.83 58.0495
23 513.453 716.916 5 7.35116 -121.433 154.774
24 513.872 717.188 5 7.01466 -115.651 -26.6512
25 514.291 717.46 5 6.6986 -106.35 79.4923
26 514.711 717.733 5 6.40602 -133.874 141.109
27 509.406 714.884 5 10.7232 -136.507 112.007
28 509.826 715.156 5 10.2788 -136.648 9.49879
29 510.245 715.429 5 9.83967 -127.232 -109.516
30 510.664 715.701 5 9.40664 -129.529 52.3953
31 511.084 715.973 5 8.98058 -127.448 -132.171
32 511.503 716.246 5 8.56251 -128.892 -43.2207
33 511.922 716.518 5 8.15368 -131.443 28.3199
34 512.342 716.79 5 7.75554 -130.689 43.1503
35 512.761 717.063 5 7.36982 -132.012 -90.2741
36 513.18 717.335 5 6.99857 -108.283 -141.579
37 513.6 717.607 5 6.64424 -117.798 16.4834
38 514.019 717.88 5 6.30965 -120.464 -95.5517
39 514.438 718.152 5 5.99813 -125.756 -124.549
40 509.134 715.303 5 10.5085 -132.438 -140.239
41 509.553 715.576 5 10.0545 -171.81 123.458
42 509.973 715.848 5 9.60518 -122.498 129.382
43 510.392 716.12 5 9.16108 -119.847 -164.091
44 510.811 716.393 5 8.72303 -126.575 0.560291
45 511.231 716.665 5 8.29199 -136.733 128.95
46 511.65 716.937 5 7.86911 -131.136 16.3771
47 512.069 717.21 5 7.45579 -131.59 -73.716
48 512.489 717.482 5 7.0537 -121.427 77.6255
49 512.908 717.754 5 6.66487 -139.27 -79.2394
50 513.327 718.027 5 6.29177 -122.984 -156.221
51 513.747 718.299 5 5.93736 -136.027 -159.665
52 514.166 718.571 5 5.60518 -116.286 -45.585
53 508.862 715.723 5 10.3135 -131.028 54.0055
54 509.281 715.995 5 9.85059 -119.779 14.7598
55 509.7 716.267 5 9.39149 -134.213 176.332
56 510.12 716.54 5 8.93677 -130.079 -104.485
57 510.539 716.812 5 8.48715 -133.12 -31.5952
58 510.958 717.084 5 8.04348 -124.267 -71.5569
59 511.378 717.357 5 7.6068 -135.389 -178.947
60 511.797 717.629 5 7.17839 -99.0502 157.006
61 512.216 717.901 5 6.75982 -118.524 61.3008
62 512.636 718.174 5 6.35303 -106.699 -23.7571
63 513.055 718.446 5 5.96044 -124.196 164.157
64 513.474 718.718 5 5.58504 -128.781 -177.365
65 513.894 718.991 5 5.23054 -128.042 -99.138
66 508.589 716.142 5 10.1395 -123.606 -26.2361
67 509.009 716.414 5 9.66823 -124.614 47.0704
68 509.428 716.687 5 9.20003 -147.531 -166.356
69 509.847 716.959 5 8.73535 -129.156 -165.877
70 510.267 717.231 5 8.2748 -108.979 -119.467
71 510.686 717.504 5 7.81908 -109.267 160.259
72 511.105 717.776 5 7.36912 -109.414 118.086
73 511.525 718.048 5 6.92602 -134.44 63.0805
74 511.944 718.321 5 6.4912 -122.206 108.313
75 512.363 718.593 5 6.06642 -124.651 -163.862
76 512.783 718.865 5 5.65397 -122.282 -69.5224
77 513.202 719.138 5 5.25673 -136.311 24.7433
78 513.621 719.41 5 4.87843 -130.678 160.22
79 510.414 717.923 5 7.62093 -133.564 -132.338
80 510.833 718.195 5 7.15852 -170.614 43.4523
81 511.672 718.74 5 6.25109 -127.841 16.3897
82 512.091 719.012 5 5.80878 -132.252 152.004
83 512.51 719.285 5 5.3766 -125.395 126
84 512.93 719.557 5 4.95718 -130.029 -72.3075
85 513.349 719.829 5 4.55407 -130.745 80.4206
86 510.141 718.342 5 7.45111 -150.152 16.3532
87 510.561 718.615 5 6.97746 -188.135 67.1825
88 511.399 719.159 5 6.0429 -130.533 -89.4618
89 511.819 719.432 5 5.58412 -121.413 88.9612
90 512.238 719.704 5 5.13306 -121.224 31.4143
91 512.657 719.976 5 4.69192 -131.833 137.211
92 513.077 720.249 5 4.2638 -130.417 -78.3419
93 509.869 718.762 5 7.3116 -164.412 -137.216
94 510.288 719.034 5 6.82828 -174.374 103.317
95 511.127 719.579 5 5.87002 -151.608 15.9268
96 511.546 719.851 5 5.39657 -250 0
97 511.966 720.123 5 4.92837 -134.833 15.9996
98 512.385 720.396 5 4.46706 -137.213 170.563
99 512.804 720.668 5 4.01503 -250 0
100 509.597 719.181 5 7.20417 -131.337 16.4676
101 510.016 719.453 5 6.71311 -131.721 -25.8627
102 509.324 719.6 5 7.13025 -131.493 23.9153
103 509.744 719.873 5 6.63373 -131.799 -18.0696
104 509.052 720.02 5 7.09091 -131.595 31.7242
105 509.471 720.292 5 6.59142 -131.9 -7.31743
