1 505.473 717.831 5 11.2831 -108.633 96.2577
2 505.747 717.412 5 11.2792 -110.63 -104.477
3 506.02 716.994 5 11.2975 -113.796 16.089
4 506.294 716.575 5 11.3377 -117.713 135.889
5 506.567 716.157 5 11.3998 -121.561 -59.916
6 505.891 718.104 5 10.7834 -109.791 85.975
7 506.165 717.686 5 10.7793 -110.391 -79.0736
8 506.439 717.267 5 10.7984 -114.014 81.5546
9 506.712 716.849 5 10.8405 -125.563 -176.987
10 506.986 716.43 5 10.9054 -127.419 -74.6571
11 506.31 718.378 5 10.2836 -129.133 -32.328
12 506.584 717.96 5 10.2793 -110.19 -79.1651
13 506.857 717.541 5 10.2993 -128.462 101.219
14 507.131 717.123 5 10.3435 -119.756 -135.669
15 507.404 716.704 5 10.4115 -117.229 -76.2422
16 506.728 718.652 5 9.78393 -123.488 20.7915
17 507.002 718.233 5 9.77941 -130.214 -34.3852
18 507.276 717.815 5 9.80042 -124.558 134.713
19 507.549 717.396 5 9.84682 -108.422 -160.191
20 507.823 716.978 5 9.91823 -120.727 146.047
21 507.147 718.925 5 9.28424 -120.178 -126.573
22 507.421 718.507 5 9.27948 -117.698 178.376
23 507.694 718.088 5 9.30163 -107.408 5.10523
24 507.968 717.67 5 9.35049 -100.868 10.9322
25 508.241 717.251 5 9.42567 -119.394 -17.3409
26 507.565 719.199 5 8.7846 -119.497 31.2806
27 507.839 718.78 5 8.77956 -108.321 -146.059
28 508.113 718.362 5 8.80296 -111.618 -89.9113
29 508.386 717.943 5 8.85459 -112.049 -152.797
30 508.66 717.525 5 8.93394 -122.918 29.0776
31 507.984 719.472 5 8.28499 -112.059 47.7275
32 508.258 719.054 5 8.27965 -112.16 45.6633
33 508.531 718.635 5 8.30446 -113.879 155.295
34 508.805 718.217 5 8.35916 -134.862 20.8343
35 509.078 717.798 5 8.44317 -130.84 170.151
36 508.402 719.746 5 7.78543 -118.846 165.033
37 508.676 719.328 5 7.77975 -116.937 58.6742
38 508.95 718.909 5 7.80615 -147.467 -143.236
39 509.223 718.491 5 7.86432 -250 0
40 509.497 718.072 5 7.95356 -250 0
