1 514.644 719.84 5 3.5 -36.9975 137.434
2 514.371 720.259 5 3 -37.3228 130.751
3 514.097 720.678 5 2.5 -45.264 134.331
4 513.824 721.096 5 2 -47.6578 156.152
5 513.551 721.515 5 1.5 -42.2672 -90.681
6 513.278 721.934 5 1 -42.6575 15.0402
7 513.004 722.353 5 0.5 -31.3403 2.15272
8 512.731 722.771 5 0 -35.1506 -23.7136
9 512.458 723.19 5 0.5 -32.9981 -133.499
10 512.185 723.609 5 1 -44.2022 -152.67
11 515.063 720.113 5 3.53553 -45.395 1.38722
12 514.789 720.532 5 3.04138 -45.1558 -32.2339
13 514.516 720.951 5 2.54951 -44.1475 -140.676
14 514.243 721.37 5 2.06155 -46.4528 -128.003
15 513.97 721.788 5 1.58114 -48.4607 -153.887
16 513.696 722.207 5 1.11803 -39.6256 75.875
17 513.423 722.626 5 0.707107 -37.4778 100.539
18 513.15 723.045 5 0.5 -34.7172 -16.2792
19 512.877 723.463 5 0.707107 -44.695 161.625
20 512.603 723.882 5 1.11803 -40.1251 -126.545
21 515.481 720.387 5 3.64005 -44.78 -56.6909
22 515.208 720.805 5 3.16228 -43.7727 -81.353
23 514.935 721.224 5 2.69258 -46.1701 130.913
24 514.662 721.643 5 2.23607 -42.8172 62.2606
25 514.388 722.062 5 1.80278 -49.4242 -113.119
26 514.115 722.48 5 1.41421 -36.5789 -125.059
27 513.842 722.899 5 1.11803 -37.1459 28.5493
28 513.568 723.318 5 1 -48.7168 -21.3344
29 513.295 723.737 5 1.11803 -44.461 24.2967
30 513.022 724.155 5 1.41421 -44.4223 -60.3607
31 515.9 720.66 5 3.80789 -48.7731 149.21
32 515.627 721.079 5 3.3541 -56.2051 116.557
33 515.353 721.497 5 2.91548 -46.9326 -136.506
34 515.08 721.916 5 2.5 -44.1333 15.933
35 514.807 722.335 5 2.12132 -43.3919 21.7439
36 514.534 722.754 5 1.80278 -43.0268 -125.179
37 514.26 723.172 5 1.58114 -45.153 91.5023
38 513.987 723.591 5 1.5 -45.4535 -10.6984
39 516.319 720.933 5 4.03113 -48.4723 -74.1881
40 516.045 721.352 5 3.60555 -60.7141 69.1754
41 515.772 721.771 5 3.20156 -45.6125 128.88
42 515.499 722.189 5 2.82843 -49.2173 133.677
43 515.226 722.608 5 2.5 -48.6011 -12.9756
44 514.952 723.027 5 2.23607 -43.6786 75.3745
45 514.679 723.446 5 2.06155 -45.577 162.611
46 514.406 723.864 5 2 -45.0665 120.103
47 516.737 721.206 5 4.30116 -51.9544 106.402
48 516.464 721.625 5 3.90512 -46.8185 -103.801
49 516.191 722.044 5 3.53553 -46.4945 -112.972
50 515.918 722.463 5 3.20156 -44.3686 131.713
51 515.644 722.881 5 2.91548 -44.4297 -32.2011
52 515.371 723.3 5 2.69258 -45.2137 162.146
53 515.098 723.719 5 2.54951 -50.6976 -152.301
54 514.825 724.138 5 2.5 -46.8457 85.6865
55 517.156 721.48 5 4.60977 -45.1699 45.1778
56 516.883 721.898 5 4.24264 -56.3293 -31.958
57 516.61 722.317 5 3.90512 -45.9384 -109.628
58 516.336 722.736 5 3.60555 -64.9805 -141.266
59 516.063 723.155 5 3.3541 -45.512 69.1219
60 515.79 723.573 5 3.16228 -48.7933 -119.734
61 515.517 723.992 5 3.04138 -52.6009 -146.948
62 515.243 724.411 5 3 -40.154 81.4032
63 517.575 721.753 5 4.94975 -54.1534 83.1153
64 517.302 722.172 5 4.60977 -48.8483 65.3214
65 517.028 722.59 5 4.30116 -47.059 160.336
66 516.755 723.009 5 4.03113 -48.9463 -65.3071
67 516.482 723.428 5 3.80789 -49.7583 162.919
68 516.209 723.847 5 3.64006 -49.9814 -81.0266
69 515.935 724.265 5 3.53553 -57.0167 -76.8443
70 515.662 724.684 5 3.5 -59.8361 176.142
71 517.994 722.026 5 5.31507 -61.9428 23.0359
72 517.72 722.445 5 5 -46.341 -3.88424
73 517.447 722.864 5 4.71699 -54.0662 104.35
74 517.174 723.282 5 4.47214 -47.0494 129.894
75 516.901 723.701 5 4.272 -51.1575 -69.1607
76 516.627 724.12 5 4.12311 -48.1312 -43.2588
77 516.354 724.539 5 4.03113 -57.086 -117.525
78 516.081 724.957 5 4 -57.9198 -42.6402
