1 505.473 717.831 5 9.38844 -115.263 144.15
2 505.747 717.412 5 9.2226 -112.446 11.0007
3 506.02 716.994 5 9.08129 -111.376 144.888
4 506.294 716.575 5 8.96568 -102.315 -139.404
5 506.567 716.157 5 8.87677 -103.191 23.8327
6 505.891 718.104 5 8.92284 -114.083 -76.5619
7 506.165 717.686 5 8.74818 -119.647 -15.4948
8 506.439 717.267 5 8.59909 -116.524 98.6238
9 506.712 716.849 5 8.4769 -111.645 78.0145
10 506.986 716.43 5 8.38281 -99.2863 -71.6668
11 506.31 718.378 5 8.46118 -111.689 49.3983
12 506.584 717.96 5 8.27678 -114.403 -144.021
13 506.857 717.541 5 8.11903 -116.619 157.205
14 507.131 717.123 5 7.98951 -102.507 -31.8372
15 507.404 716.704 5 7.88961 -99.145 84.4035
16 506.728 718.652 5 8.00412 -118.882 -60.0704
17 507.002 718.233 5 7.80894 -120.628 179.427
18 507.276 717.815 5 7.64154 -109.245 81.8929
19 507.549 717.396 5 7.50378 -102.294 -80.979
20 507.823 716.978 5 7.39732 -107.759 -68.9312
21 507.147 718.925 5 7.55251 -109.568 -141.309
22 507.421 718.507 5 7.34533 -107.851 95.3202
23 507.694 718.088 5 7.16711 -103.803 138.324
24 507.968 717.67 5 7.02005 -100.986 125.495
25 508.241 717.251 5 6.90613 -102.925 31.0409
26 507.565 719.199 5 7.10737 -121.844 -171.118
27 507.839 718.78 5 6.88682 -100.301 24.91
28 508.113 718.362 5 6.69641 -113.688 70.0353
29 508.386 717.943 5 6.53877 -112.886 14.9475
30 508.66 717.525 5 6.41631 -103.111 -120.113
31 507.984 719.472 5 6.67002 -100.898 -105.305
32 508.258 719.054 5 6.4345 -100.931 -105.534
33 508.531 718.635 5 6.23027 -113.955 -75.7292
34 508.805 718.217 5 6.06052 -104.646 32.4652
35 509.078 717.798 5 5.9282 -98.6969 -62.4514
36 508.402 719.746 5 6.24208 -102.139 -39.6068
37 508.676 719.328 5 5.98975 -104.2 -7.92478
38 508.95 718.909 5 5.76981 -139.957 -56.946
39 509.223 718.491 5 5.58608 -139.83 -4.5341
40 509.497 718.072 5 5.44223 -250 0
