1 509.951 714.045 5 12.0859 -63.5339 -25.7875
2 510.37 714.318 5 11.629 -62.7372 -155.275
3 510.79 714.59 5 11.1758 -62.575 89.9523
4 511.209 714.862 5 10.7267 -71.575 -28.6696
5 511.628 715.135 5 10.2823 -81.6167 164.879
6 512.048 715.407 5 9.84319 -60.3315 130.002
7 512.467 715.679 5 9.41021 -76.1879 -85.1393
8 512.886 715.952 5 8.98419 -76.4729 71.5868
9 513.306 716.224 5 8.56618 -56.4467 -174.325
10 513.725 716.496 5 8.15739 -74.0685 167.264
11 514.144 716.769 5 7.7593 -64.1062 115.46
12 514.564 717.041 5 7.37362 -100.421 -150.929
13 514.983 717.313 5 7.00243 -95.194 -175.923
14 509.679 714.465 5 11.8957 -67.8367 -158.501
15 510.098 714.737 5 11.4311 -65.0803 112.906
16 510.517 715.009 5 10.9697 -69.0301 -68.3792
17 510.937 715.282 5 10.5118 -61.71 -169.399
18 511.356 715.554 5 10.0579 -56.7654 78.1031
19 511.775 715.826 5 9.60862 -68.809 -14.6086
20 512.195 716.099 5 9.16456 -78.2418 92.0286
21 512.614 716.371 5 8.72656 -72.903 -136.09
22 513.033 716.643 5 8.29557 -69.2838 14.988
23 513.453 716.916 5 7.87275 -63.7214 70.2686
24 513.872 717.188 5 7.45948 -71.8408 -7.05509
25 514.291 717.46 5 7.05744 -65.9529 -57.3776
26 514.711 717.733 5 6.66867 -63.0223 -18.3595
27 509.406 714.884 5 11.7237 -61.8833 -79.1715
28 509.826 715.156 5 11.252 -67.7923 -123.617
29 510.245 715.429 5 10.7829 -64.4735 -73.0631
30 510.664 715.701 5 10.3168 -60.8255 110.598
31 511.084 715.973 5 9.85389 -66.3696 -89.0176
32 511.503 716.246 5 9.39483 -66.8084 -167.142
33 511.922 716.518 5 8.94016 -58.8637 42.9878
34 512.342 716.79 5 8.49059 -80.7211 28.0955
35 512.761 717.063 5 8.04697 -70.1789 169.827
36 513.18 717.335 5 7.61035 -71.6713 175.936
37 513.6 717.607 5 7.182 -63.605 -51.8684
38 514.019 717.88 5 6.76348 -68.9858 39.6043
39 514.438 718.152 5 6.35676 -62.0936 56.0947
40 509.134 715.303 5 11.5707 -60.0704 23.2493
41 509.553 715.576 5 11.0926 -67.5658 -26.6953
42 509.973 715.848 5 10.6164 -59.0801 -125.049
43 510.392 716.12 5 10.1426 -62.869 -83.5811
44 510.811 716.393 5 9.67142 -59.53 67.103
45 511.231 716.665 5 9.20326 -69.1027 -18.8937
46 511.65 716.937 5 8.73863 -64.2366 -79.5024
47 512.069 717.21 5 8.27812 -62.14 135.086
48 512.489 717.482 5 7.82246 -57.903 30.4308
49 512.908 717.754 5 7.37256 -67.4353 69.3495
50 513.327 718.027 5 6.92952 -67.0455 -173.677
51 513.747 718.299 5 6.49476 -59.0747 176.888
52 514.166 718.571 5 6.07005 -59.9178 -158.303
53 508.862 715.723 5 11.4376 -71.0627 176.605
54 509.281 715.995 5 10.9537 -78.1633 168.291
55 509.7 716.267 5 10.4712 -68.4525 -81.2631
56 510.12 716.54 5 9.99049 -67.7331 -139.428
57 510.539 716.812 5 9.51176 -60.0816 158.342
58 510.958 717.084 5 9.03533 -82.5845 -24.1882
59 511.378 717.357 5 8.56159 -60.6807 114.138
60 511.797 717.629 5 8.09101 -57.7963 -50.4493
61 512.216 717.901 5 7.62418 -56.1772 -157.215
62 512.636 718.174 5 7.16183 -57.9662 89.7177
63 513.055 718.446 5 6.70488 -54.5137 -29.0001
64 513.474 718.718 5 6.25453 -76.8487 60.579
65 513.894 718.991 5 5.81229 -61.9845 158.747
66 508.589 716.142 5 11.325 -69.1318 23.2439
67 509.009 716.414 5 10.836 -70.6787 -60.4162
68 509.428 716.687 5 10.3481 -73.7611 22.3234
69 509.847 716.959 5 9.86139 -85.2837 -71.8191
70 510.267 717.231 5 9.37607 -65.6686 115.835
71 510.686 717.504 5 8.89237 -72.5412 -34.5091
72 511.105 717.776 5 8.41059 -68.1695 164.515
73 511.525 718.048 5 7.93106 -60.1198 60.5763
74 511.944 718.321 5 7.45421 -60.5296 5.08131
75 512.363 718.593 5 6.98061 -58.9923 -26.0467
76 512.783 718.865 5 6.51096 -57.7372 177.414
77 513.202 719.138 5 6.04618 -53.0066 93.1332
78 513.621 719.41 5 5.58748 -59.377 -75.2563
79 510.414 717.923 5 8.77562 -81.7583 81.619
80 510.833 718.195 5 8.28705 -74.6218 -130.175
81 511.672 718.74 5 7.31454 -59.8595 -158.231
82 512.091 719.012 5 6.83126 -56.1995 4.47607
83 512.51 719.285 5 6.35058 -56.9437 -81.5603
84 512.93 719.557 5 5.87311 -62.2369 -134.598
85 513.349 719.829 5 5.39973 -55.8479 109.527
86 510.141 718.342 5 8.68612 -73.1416 12.9599
87 510.561 718.615 5 8.19221 -87.4311 -9.00935
88 511.399 719.159 5 7.20692 -65.9141 167.14
89 511.819 719.432 5 6.7159 -59.6641 81.152
90 512.238 719.704 5 6.22632 -63.8793 67.6277
91 512.657 719.976 5 5.73852 -63.9422 -136.088
92 513.077 720.249 5 5.25303 -66.3207 -62.1447
93 509.869 718.762 5 8.62473 -88.3692 -55.8867
94 510.288 719.034 5 8.12709 -84.7284 0.31702
95 511.127 719.579 5 7.1328 -68.4544 -102.624
96 511.546 719.851 5 6.6363 -61.7012 133.91
97 511.966 720.123 5 6.14037 -65.6634 70.2683
98 512.385 720.396 5 5.64516 -74.0607 148.435
99 512.804 720.668 5 5.15088 -67.788 93.4094
100 509.597 719.181 5 8.59204 -100.792 -74.4252
101 510.016 719.453 5 8.09239 -82.5089 101.929
102 509.324 719.6 5 8.58838 -87.2002 -52.7953
103 509.744 719.873 5 8.08851 -92.7629 154.799
104 509.052 720.02 5 8.6138 -96.2952 93.6093
105 509.471 720.292 5 8.11549 -97.6928 -109.307
