1 505.473 717.831 5 11.3088 -109.329 -19.3419
2 505.747 717.412 5 11.2827 -111.88 143.827
3 506.02 716.994 5 11.2788 -108.614 -86.2453
4 506.294 716.575 5 11.297 -107.058 -23.3029
5 506.567 716.157 5 11.3373 -105.437 -102.548
6 505.891 718.104 5 10.8102 -109.664 -43.4938
7 506.165 717.686 5 10.783 -113.037 155.29
8 506.439 717.267 5 10.7789 -111.794 -25.6639
9 506.712 716.849 5 10.7979 -112.103 78.7278
10 506.986 716.43 5 10.8401 -113.564 152.951
11 506.31 718.378 5 10.3118 -122.703 -148.29
12 506.584 717.96 5 10.2832 -112.086 170.452
13 506.857 717.541 5 10.2789 -114.266 -54.3129
14 507.131 717.123 5 10.2989 -111.091 124.898
15 507.404 716.704 5 10.3431 -102.856 -77.8853
16 506.728 718.652 5 9.81354 -118.77 100.301
17 507.002 718.233 5 9.78352 -115.411 -37.0775
18 507.276 717.815 5 9.77899 -108.977 20.3235
19 507.549 717.396 5 9.80001 -100.269 164.714
20 507.823 716.978 5 9.84641 -115.23 -149.573
21 507.147 718.925 5 9.31547 -110.703 -46.4493
22 507.421 718.507 5 9.28383 -108.441 -81.3762
23 507.694 718.088 5 9.27906 -110.936 106.253
24 507.968 717.67 5 9.30121 -106.815 94.2102
25 508.241 717.251 5 9.35009 -120.466 158.366
26 507.565 719.199 5 8.81762 -113.474 82.4574
27 507.839 718.78 5 8.78418 -101.924 -82.1481
28 508.113 718.362 5 8.77914 -106.495 30.2934
29 508.386 717.943 5 8.80255 -126.005 80.803
30 508.66 717.525 5 8.85418 -119.592 178.183
31 507.984 719.472 5 8.32002 -106.611 134.816
32 508.258 719.054 5 8.28458 -106.209 67.8762
33 508.531 718.635 5 8.27923 -121.042 19.0358
34 508.805 718.217 5 8.30405 -127.835 155.305
35 509.078 717.798 5 8.35875 -128.918 -133.985
36 508.402 719.746 5 7.82272 -119.855 163.628
37 508.676 719.328 5 7.78502 -112.327 -170.775
38 508.95 718.909 5 7.77934 -250 0
39 509.223 718.491 5 7.80574 -250 0
40 509.497 718.072 5 7.86391 -250 0
