1 505.473 717.831 5 11.6278 -118.249 178.189
2 505.747 717.412 5 11.5159 -94.2856 13.8379
3 506.02 716.994 5 11.4249 -99.7543 -49.8669
4 506.294 716.575 5 11.3552 -98.4547 -124.935
5 506.567 716.157 5 11.3071 -101.998 -108.377
6 505.891 718.104 5 11.1436 -94.5146 -149.602
7 506.165 717.686 5 11.0268 -96.9497 60.9003
8 506.439 717.267 5 10.9317 -102.043 64.8827
9 506.712 716.849 5 10.8588 -111.087 55.1581
10 506.986 716.43 5 10.8086 -100.401 12.3699
11 506.31 718.378 5 10.6608 -98.8985 108.615
12 506.584 717.96 5 10.5387 -97.3313 38.6247
13 506.857 717.541 5 10.4392 -96.0202 -148.825
14 507.131 717.123 5 10.3628 -97.1288 -156.44
15 507.404 716.704 5 10.3102 -103.611 18.8534
16 506.728 718.652 5 10.1797 -113.162 -137.305
17 507.002 718.233 5 10.0518 -97.6738 46.6063
18 507.276 717.815 5 9.94738 -104.6 147.822
19 507.549 717.396 5 9.86721 -94.9188 -18.8895
20 507.823 716.978 5 9.8119 -101.699 115.961
21 507.147 718.925 5 9.70058 -95.5989 -114.717
22 507.421 718.507 5 9.56623 -97.4019 152.873
23 507.694 718.088 5 9.45644 -96.9591 160.579
24 507.968 717.67 5 9.37208 -95.6182 -9.91785
25 508.241 717.251 5 9.31383 -97.3148 -159.915
26 507.565 719.199 5 9.22362 -90.1538 63.9711
27 507.839 718.78 5 9.08222 -97.7494 116.042
28 508.113 718.362 5 8.96651 -101.524 -154.785
29 508.386 717.943 5 8.87749 -97.6722 105.139
30 508.66 717.525 5 8.81597 -91.8066 135.48
31 507.984 719.472 5 8.74924 -95.087 -37.7918
32 508.258 719.054 5 8.60004 -97.9552 170.279
33 508.531 718.635 5 8.47775 -104.091 -14.9251
34 508.805 718.217 5 8.38354 -110.556 -178.799
35 509.078 717.798 5 8.31837 -108.834 132.646
36 508.402 719.746 5 8.27788 -92.7734 7.06385
37 508.676 719.328 5 8.12002 -98.9601 -134.255
38 508.95 718.909 5 7.99039 -250 0
39 509.223 718.491 5 7.89036 -250 0
40 509.497 718.072 5 7.82108 -250 0
