1 514.644 719.84 5 1.11803 -39.6258 24.3062
2 514.371 720.259 5 0.707107 -40.9782 111.724
3 514.097 720.678 5 0.5 -36.8799 -7.63736
4 513.824 721.096 5 0.707107 -46.4724 127.43
5 513.551 721.515 5 1.11803 -40.3068 -84.8672
6 513.278 721.934 5 1.58114 -50.1876 158.55
7 513.004 722.353 5 2.06155 -41.5954 -29.881
8 512.731 722.771 5 2.54951 -44.7303 -106.8
9 512.458 723.19 5 3.04138 -55.604 124.216
10 512.185 723.609 5 3.53553 -51.1034 138.819
11 515.063 720.113 5 1 -39.7965 -21.5401
12 514.789 720.532 5 0.5 -32.0623 -5.85987
13 514.516 720.951 5 0 -45.9975 -163.295
14 514.243 721.37 5 0.5 -33.3175 -0.693957
15 513.97 721.788 5 1 -39.3075 -2.63404
16 513.696 722.207 5 1.5 -48.6738 3.64751
17 513.423 722.626 5 2 -41.3708 -79.3366
18 513.15 723.045 5 2.5 -45.9709 -28.9536
19 512.877 723.463 5 3 -41.1798 3.17476
20 512.603 723.882 5 3.5 -42.4888 -8.59372
21 515.481 720.387 5 1.11803 -37.696 -23.0999
22 515.208 720.805 5 0.707107 -38.2501 116.505
23 514.935 721.224 5 0.5 -34.1463 1.48316
24 514.662 721.643 5 0.707107 -37.3881 103.433
25 514.388 722.062 5 1.11803 -39.3875 12.1851
26 514.115 722.48 5 1.58114 -43.3606 118.201
27 513.842 722.899 5 2.06155 -49.9199 -121.369
28 513.568 723.318 5 2.54951 -44.2826 -111.46
29 513.295 723.737 5 3.04138 -41.9938 -83.7705
30 513.022 724.155 5 3.53553 -43.3147 -110.433
31 515.9 720.66 5 1.41421 -41.1649 -106.451
32 515.627 721.079 5 1.11803 -39.4309 17.9549
33 515.353 721.497 5 1 -39.8252 -12.9532
34 515.08 721.916 5 1.11803 -39.1494 28.3003
35 514.807 722.335 5 1.41421 -43.4921 -132.002
36 514.534 722.754 5 1.80278 -43.7416 -148.737
37 514.26 723.172 5 2.23607 -46.9194 5.52128
38 513.987 723.591 5 2.69258 -48.3084 159.576
39 516.319 720.933 5 1.80278 -41.4279 -176.863
40 516.045 721.352 5 1.58114 -41.9589 88.8544
41 515.772 721.771 5 1.5 -44.8581 48.5893
42 515.499 722.189 5 1.58114 -41.9737 105.947
43 515.226 722.608 5 1.80278 -47.1122 -173.092
44 514.952 723.027 5 2.12132 -46.0922 -0.473593
45 514.679 723.446 5 2.5 -45.2339 -21.2198
46 514.406 723.864 5 2.91548 -51.748 -41.689
47 516.737 721.206 5 2.23607 -45.8375 101.048
48 516.464 721.625 5 2.06155 -46.6463 150.573
49 516.191 722.044 5 2 -47.3321 22.5489
50 515.918 722.463 5 2.06155 -45.2437 147.537
51 515.644 722.881 5 2.23607 -53.8212 64.6499
52 515.371 723.3 5 2.5 -53.0491 9.3991
53 515.098 723.719 5 2.82843 -48.2268 113.208
54 514.825 724.138 5 3.20156 -46.9446 -71.7608
55 517.156 721.48 5 2.69258 -39.4558 179.116
56 516.883 721.898 5 2.54951 -51.7985 161.1
57 516.61 722.317 5 2.5 -48.4932 -29.6812
58 516.336 722.736 5 2.54951 -47.555 169.84
59 516.063 723.155 5 2.69258 -45.2874 -170.441
60 515.79 723.573 5 2.91548 -48.6641 -126.95
61 515.517 723.992 5 3.20156 -50.0427 156.05
62 515.243 724.411 5 3.53553 -47.0251 48.8651
63 517.575 721.753 5 3.16228 -39.2359 -130.569
64 517.302 722.172 5 3.04138 -50.4183 -57.1683
65 517.028 722.59 5 3 -55.1188 -21.5902
66 516.755 723.009 5 3.04138 -51.9026 -155.71
67 516.482 723.428 5 3.16228 -46.568 -108.385
68 516.209 723.847 5 3.3541 -50.1487 32.3734
69 515.935 724.265 5 3.60555 -55.0981 -17.8143
70 515.662 724.684 5 3.90512 -54.5825 -117.098
71 517.994 722.026 5 3.64006 -42.7786 -47.8433
72 517.72 722.445 5 3.53553 -44.9137 -122.209
73 517.447 722.864 5 3.5 -56.2037 36.9822
74 517.174 723.282 5 3.53553 -53.4138 168.265
75 516.901 723.701 5 3.64006 -53.7038 -89.2884
76 516.627 724.12 5 3.80789 -54.7152 155.861
77 516.354 724.539 5 4.03113 -49.9502 -106.117
78 516.081 724.957 5 4.30116 -52.3565 160.968
