1 514.644 719.84 5 3.80789 -50.5239 157.841
2 514.371 720.259 5 3.64006 -52.6298 -57.6748
3 514.097 720.678 5 3.53553 -49.6384 -107.995
4 513.824 721.096 5 3.5 -48.4944 -37.7789
5 513.551 721.515 5 3.53553 -48.9686 129.035
6 513.278 721.934 5 3.64006 -55.2477 -83.3699
7 513.004 722.353 5 3.80789 -46.677 155.909
8 512.731 722.771 5 4.03113 -47.8926 -70.7821
9 512.458 723.19 5 4.30116 -56.6608 -162.775
10 512.185 723.609 5 4.60977 -52.9864 32.5068
11 515.063 720.113 5 3.3541 -54.4057 -35.4618
12 514.789 720.532 5 3.16228 -44.6775 -117.555
13 514.516 720.951 5 3.04138 -48.9772 -134.128
14 514.243 721.37 5 3 -47.6605 -54.1166
15 513.97 721.788 5 3.04138 -53.7488 -86.6124
16 513.696 722.207 5 3.16228 -45.3867 -94.7965
17 513.423 722.626 5 3.3541 -52.453 2.23372
18 513.15 723.045 5 3.60555 -46.2672 129.3
19 512.877 723.463 5 3.90512 -49.7825 -112.112
20 512.603 723.882 5 4.24264 -49.8901 26.5241
21 515.481 720.387 5 2.91548 -52.6045 -112.886
22 515.208 720.805 5 2.69258 -44.715 -159.41
23 514.935 721.224 5 2.54951 -49.9094 179.263
24 514.662 721.643 5 2.5 -52.3281 -43.7242
25 514.388 722.062 5 2.54951 -53.1 -80.6163
26 514.115 722.48 5 2.69258 -51.3 169.517
27 513.842 722.899 5 2.91548 -51.7666 -112.769
28 513.568 723.318 5 3.20156 -48.4892 147.54
29 513.295 723.737 5 3.53553 -59.2352 -15.6234
30 513.022 724.155 5 3.90512 -56.2445 174.325
31 515.9 720.66 5 2.5 -43.5561 -14.7236
32 515.627 721.079 5 2.23607 -54.1076 12.2784
33 515.353 721.497 5 2.06155 -47.8857 152.859
34 515.08 721.916 5 2 -53.0011 -17.7061
35 514.807 722.335 5 2.06155 -46.575 170.187
36 514.534 722.754 5 2.23607 -46.197 26.8262
37 514.26 723.172 5 2.5 -44.2652 9.04139
38 513.987 723.591 5 2.82843 -47.761 135.205
39 516.319 720.933 5 2.12132 -44.9112 1.86961
40 516.045 721.352 5 1.80278 -48.9152 -140.06
41 515.772 721.771 5 1.58114 -43.9679 144.537
42 515.499 722.189 5 1.5 -41.3676 -24.0729
43 515.226 722.608 5 1.58114 -42.3038 82.0674
44 514.952 723.027 5 1.80278 -47.9362 175.868
45 514.679 723.446 5 2.12132 -46.0253 26.4093
46 514.406 723.864 5 2.5 -47.2775 161.405
47 516.737 721.206 5 1.80278 -41.3328 172.86
48 516.464 721.625 5 1.41421 -40.8457 -117.242
49 516.191 722.044 5 1.11803 -40.5112 8.31672
50 515.918 722.463 5 1 -38.0423 -11.769
51 515.644 722.881 5 1.11803 -41.9178 10.8117
52 515.371 723.3 5 1.41421 -43.8489 -132.831
53 515.098 723.719 5 1.80278 -47.7584 142.712
54 514.825 724.138 5 2.23607 -48.1178 -160.418
55 517.156 721.48 5 1.58114 -41.4777 109.054
56 516.883 721.898 5 1.11803 -40.3229 7.60314
57 516.61 722.317 5 0.707107 -36.6263 127.301
58 516.336 722.736 5 0.5 -32.9815 -6.60976
59 516.063 723.155 5 0.707107 -37.1988 119.183
60 515.79 723.573 5 1.11803 -41.3525 -2.08795
61 515.517 723.992 5 1.58114 -42.1546 131.295
62 515.243 724.411 5 2.06155 -45.5257 -29.0498
63 517.575 721.753 5 1.5 -42.5322 30.5132
64 517.302 722.172 5 1 -38.7947 8.49842
65 517.028 722.59 5 0.5 -33.9408 16.1344
66 516.755 723.009 5 0 -53.1222 -70.316
67 516.482 723.428 5 0.5 -33.5407 6.83273
68 516.209 723.847 5 1 -38.6956 23.7207
69 515.935 724.265 5 1.5 -42.8941 50.3855
70 515.662 724.684 5 2 -42.5516 38.8877
71 517.994 722.026 5 1.58114 -47.9502 104.667
72 517.72 722.445 5 1.11803 -40.6771 4.93451
73 517.447 722.864 5 0.707107 -37.759 113.632
74 517.174 723.282 5 0.5 -32.9755 0.660252
75 516.901 723.701 5 0.707107 -37.3315 98.6211
76 516.627 724.12 5 1.11803 -37.9496 16.6341
77 516.354 724.539 5 1.58114 -42.8456 107.717
78 516.081 724.957 5 2.06155 -54.2661 -170.5
