1 514.644 719.84 5 4.52769 -57.2597 -130.186
2 514.371 720.259 5 4.03113 -57.1269 55.3143
3 514.097 720.678 5 3.53553 -48.0474 38.1631
4 513.824 721.096 5 3.04138 -45.4884 -10.8418
5 513.551 721.515 5 2.54951 -48.2106 -156.335
6 513.278 721.934 5 2.06155 -46.7485 144.784
7 513.004 722.353 5 1.58114 -43.8821 170.204
8 512.731 722.771 5 1.11803 -40.2128 -132.653
9 512.458 723.19 5 0.707107 -40.1868 133.591
10 512.185 723.609 5 0.5 -33.3005 -10.5517
11 515.063 720.113 5 4.5 -46.1564 -2.34932
12 514.789 720.532 5 4 -42.5309 -15.8397
13 514.516 720.951 5 3.5 -43.2011 -13.8308
14 514.243 721.37 5 3 -44.4106 -3.827
15 513.97 721.788 5 2.5 -41.7613 -39.1475
16 513.696 722.207 5 2 -39.1182 -23.5046
17 513.423 722.626 5 1.5 -40.0427 -19.3762
18 513.15 723.045 5 1 -37.6455 -3.61071
19 512.877 723.463 5 0.5 -31.9238 1.03626
20 512.603 723.882 5 0 -46.5664 27.1177
21 515.481 720.387 5 4.52769 -47.8162 -116.979
22 515.208 720.805 5 4.03113 -49.5488 -120.091
23 514.935 721.224 5 3.53553 -47.5275 -75.755
24 514.662 721.643 5 3.04138 -66.8314 3.38374
25 514.388 722.062 5 2.54951 -54.0982 -119.898
26 514.115 722.48 5 2.06155 -47.3318 -161.02
27 513.842 722.899 5 1.58114 -51.13 140.496
28 513.568 723.318 5 1.11803 -39.5293 2.56885
29 513.295 723.737 5 0.707107 -36.8077 135.249
30 513.022 724.155 5 0.5 -33.5482 13.6401
31 515.9 720.66 5 4.60977 -49.5385 73.2029
32 515.627 721.079 5 4.12311 -47.8649 96.6568
33 515.353 721.497 5 3.64005 -55.1479 173.611
34 515.08 721.916 5 3.16228 -45.6124 -166.043
35 514.807 722.335 5 2.69258 -45.1552 128.55
36 514.534 722.754 5 2.23607 -44.2035 43.6968
37 514.26 723.172 5 1.80278 -44.9894 -158.906
38 513.987 723.591 5 1.41421 -49.3602 -134.049
39 516.319 720.933 5 4.74342 -48.8559 -52.1556
40 516.045 721.352 5 4.272 -48.06 -67.2177
41 515.772 721.771 5 3.80789 -53.4174 122.997
42 515.499 722.189 5 3.3541 -46.0007 55.3725
43 515.226 722.608 5 2.91548 -58.9807 -115.458
44 514.952 723.027 5 2.5 -48.5771 14.8838
45 514.679 723.446 5 2.12132 -47.6148 26.742
46 514.406 723.864 5 1.80278 -59.1004 -96.0201
47 516.737 721.206 5 4.92443 -49.7085 105.505
48 516.464 721.625 5 4.47214 -46.3536 106.084
49 516.191 722.044 5 4.03113 -45.7306 -89.6957
50 515.918 722.463 5 3.60555 -48.7012 61.3467
51 515.644 722.881 5 3.20156 -51.5389 152.776
52 515.371 723.3 5 2.82843 -53.4321 156.479
53 515.098 723.719 5 2.5 -55.648 -177.384
54 514.825 724.138 5 2.23607 -65.5087 45.0801
55 517.156 721.48 5 5.14782 -47.3457 -113.377
56 516.883 721.898 5 4.71699 -53.0979 87.8142
57 516.61 722.317 5 4.30116 -52.0426 166.61
58 516.336 722.736 5 3.90512 -53.9246 -126.882
59 516.063 723.155 5 3.53553 -48.6753 -99.7016
60 515.79 723.573 5 3.20156 -52.3104 72.4234
61 515.517 723.992 5 2.91548 -57.5833 -69.113
62 515.243 724.411 5 2.69258 -61.6074 -73.4221
63 517.575 721.753 5 5.40833 -51.2592 -49.0962
64 517.302 722.172 5 5 -55.5902 66.7873
65 517.028 722.59 5 4.60977 -58.507 -14.9447
66 516.755 723.009 5 4.24264 -48.4211 20.8506
67 516.482 723.428 5 3.90512 -56.5518 -172.222
68 516.209 723.847 5 3.60555 -53.9459 -151.251
69 515.935 724.265 5 3.3541 -53.731 -47.0078
70 515.662 724.684 5 3.16228 -62.0371 63.3571
71 517.994 722.026 5 5.70088 -54.6935 75.6112
72 517.72 722.445 5 5.31507 -53.7214 -161.745
73 517.447 722.864 5 4.94975 -67.2207 81.0654
74 517.174 723.282 5 4.60977 -59.2118 129.864
75 516.901 723.701 5 4.30116 -55.8174 -48.6105
76 516.627 724.12 5 4.03113 -55.1853 2.07449
77 516.354 724.539 5 3.80789 -50.7922 157.912
78 516.081 724.957 5 3.64006 -53.854 -111.406
