1 509.951 714.045 5 10.5115 -62.3261 176.063
2 510.37 714.318 5 10.0575 -60.3674 62.2918
3 510.79 714.59 5 9.60813 -59.9991 -120.055
4 511.209 714.862 5 9.16399 -58.6296 101.003
5 511.628 715.135 5 8.72589 -66.0514 -140.181
6 512.048 715.407 5 8.2948 -67.4686 -65.2362
7 512.467 715.679 5 7.87187 -67.0338 27.8991
8 512.886 715.952 5 7.45848 -66.2682 176.642
9 513.306 716.224 5 7.05631 -64.4933 51.2542
10 513.725 716.496 5 6.66738 -60.204 -132.981
11 514.144 716.769 5 6.29417 -70.1442 -115.064
12 514.564 717.041 5 5.93962 -108.797 165.013
13 514.983 717.313 5 5.60729 -113.314 -113.33
14 509.679 714.465 5 10.3166 -67.5987 48.8495
15 510.098 714.737 5 9.85363 -63.282 -37.9307
16 510.517 715.009 5 9.3945 -59.8664 -179.296
17 510.937 715.282 5 8.93975 -61.9505 46.2348
18 511.356 715.554 5 8.49009 -54.9836 -131.08
19 511.775 715.826 5 8.04638 -63.0483 121.021
20 512.195 716.099 5 7.60965 -70.7044 -19.9552
21 512.614 716.371 5 7.18118 -83.8425 -156.469
22 513.033 716.643 5 6.76254 -68.792 -115.619
23 513.453 716.916 5 6.35567 -65.977 169.32
24 513.872 717.188 5 5.96297 -55.1138 31.8498
25 514.291 717.46 5 5.58745 -74.1814 23.8768
26 514.711 717.733 5 5.2328 -55.2708 -173.197
27 509.406 714.884 5 10.1426 -64.2826 -148.899
28 509.826 715.156 5 9.67132 -58.0303 68.0761
29 510.245 715.429 5 9.2031 -62.3379 4.50767
30 510.664 715.701 5 8.7384 -63.68 -66.4614
31 511.084 715.973 5 8.27781 -62.2773 114.883
32 511.503 716.246 5 7.82207 -59.3273 16.3497
33 511.922 716.518 5 7.37206 -53.6237 -121.795
34 512.342 716.79 5 6.92891 -58.0407 70.5654
35 512.761 717.063 5 6.49403 -69.987 35.9568
36 513.18 717.335 5 6.06918 -78.0862 85.0827
37 513.6 717.607 5 5.65664 -77.2673 -40.8352
38 514.019 717.88 5 5.25929 -63.3138 -127.556
39 514.438 718.152 5 4.88085 -64.1322 150.418
40 509.134 715.303 5 9.99062 -64.6053 -130.336
41 509.553 715.576 5 9.51183 -64.5175 174.61
42 509.973 715.848 5 9.03535 -61.7371 134.024
43 510.392 716.12 5 8.56155 -60.5279 113.412
44 510.811 716.393 5 8.0909 -60.3758 -49.0163
45 511.231 716.665 5 7.62399 -60.1166 -95.0421
46 511.65 716.937 5 7.16155 -59.1696 135.084
47 512.069 717.21 5 6.7045 -57.3258 -20.2216
48 512.489 717.482 5 6.25403 -53.0572 -150.541
49 512.908 717.754 5 5.81167 -75.3077 -31.1911
50 513.327 718.027 5 5.37941 -72.0797 -29.0911
51 513.747 718.299 5 4.9599 -77.7445 33.7901
52 514.166 718.571 5 4.55666 -73.1037 89.1063
53 508.862 715.723 5 9.86169 -73.9592 45.7537
54 509.281 715.995 5 9.37632 -63.2436 -138.103
55 509.7 716.267 5 8.89258 -63.5732 -162.333
56 510.12 716.54 5 8.41074 -65.0601 127.399
57 510.539 716.812 5 7.93115 -59.6552 49.5106
58 510.958 717.084 5 7.45424 -63.9671 42.7771
59 511.378 717.357 5 6.98056 -64.1744 -45.8513
60 511.797 717.629 5 6.51082 -56.326 165.277
61 512.216 717.901 5 6.04594 -57.6632 85.6273
62 512.636 718.174 5 5.58712 -53.8756 -30.4254
63 513.055 718.446 5 5.136 -51.1473 169.696
64 513.474 718.718 5 4.69479 -65.2897 120.247
65 513.894 718.991 5 4.26657 -54.4748 122.483
66 508.589 716.142 5 9.75671 -78.5034 51.5504
67 509.009 716.414 5 9.26585 -68.8781 94.432
68 509.428 716.687 5 8.77602 -85.0412 115.397
69 509.847 716.959 5 8.2874 -84.2645 -127.301
70 510.267 717.231 5 7.80023 -75.098 -125.899
71 510.686 717.504 5 7.31479 -61.4459 77.2069
72 511.105 717.776 5 6.83145 -59.7993 -4.28558
73 511.525 718.048 5 6.35069 -61.0166 -43.5296
74 511.944 718.321 5 5.87315 -57.0789 -115.869
75 512.363 718.593 5 5.39967 -56.1605 174.116
76 512.783 718.865 5 4.93143 -53.1736 32.4774
77 513.202 719.138 5 4.47007 -48.8234 -77.7947
78 513.621 719.41 5 4.01797 -53.8321 137.549
79 510.414 717.923 5 7.2074 -78.2857 -41.5021
80 510.833 718.195 5 6.71634 -73.7487 -101.585
81 511.672 718.74 5 5.73884 -64.1043 13.0432
82 512.091 719.012 5 5.25327 -61.7798 -82.286
83 512.51 719.285 5 4.77069 -62.3172 153.634
84 512.93 719.557 5 4.29209 -56.9099 100.262
85 513.349 719.829 5 3.81898 -51.3893 -55.3626
86 510.141 718.342 5 7.13352 -79.8973 133.675
87 510.561 718.615 5 6.63699 -93.592 -61.6795
88 511.399 719.159 5 5.64578 -62.7289 -72.1378
89 511.819 719.432 5 5.15144 -60.8289 131.633
90 512.238 719.704 5 4.65832 -58.2235 -55.6849
91 512.657 719.976 5 4.16683 -64.0838 67.7973
92 513.077 720.249 5 3.67764 -69.8488 -57.1938
93 509.869 718.762 5 7.0942 -97.4531 91.0946
94 510.288 719.034 5 6.59471 -93.0172 -123.031
95 511.127 719.579 5 5.59601 -55.1372 -93.749
96 511.546 719.851 5 5.09685 -65.3409 46.9337
97 511.966 720.123 5 4.59787 -63.8492 85.5187
98 512.385 720.396 5 4.09914 -80.8374 -83.6136
99 512.804 720.668 5 3.60077 -68.3597 -168.35
100 509.597 719.181 5 7.09 -82.3201 -179.368
101 510.016 719.453 5 6.59019 -89.1567 -81.4179
102 509.324 719.6 5 7.121 -96.2072 -66.3816
103 509.744 719.873 5 6.62353 -87.0621 -89.3922
104 509.052 720.02 5 7.18673 -87.2019 -123.395
105 509.471 720.292 5 6.69415 -98.5891 -136.201
