1 505.473 717.831 5 9.37307 -111.343 -28.4807
2 505.747 717.412 5 9.31491 -112.04 -135.211
3 506.02 716.994 5 9.28336 -110.764 -75.7274
4 506.294 716.575 5 9.27868 -110.341 -34.043
5 506.567 716.157 5 9.30092 -114.884 25.1787
6 505.891 718.104 5 8.87847 -111.552 -66.2658
7 506.165 717.686 5 8.81705 -120.906 91.2301
8 506.439 717.267 5 8.78371 -121.15 139.911
9 506.712 716.849 5 8.77876 -113.42 15.3222
10 506.986 716.43 5 8.80226 -119.231 86.4975
11 506.31 718.378 5 8.3845 -115.524 -102.696
12 506.584 717.96 5 8.31944 -113.476 125.482
13 506.857 717.541 5 8.2841 -119.058 -111.109
14 507.131 717.123 5 8.27885 -119.972 36.0521
15 507.404 716.704 5 8.30377 -128.674 162.082
16 506.728 718.652 5 7.8913 -126.642 -5.42575
17 507.002 718.233 5 7.82214 -117.266 -113.586
18 507.276 717.815 5 7.78454 -117.211 -65.2434
19 507.549 717.396 5 7.77896 -117.068 45.6032
20 507.823 716.978 5 7.80547 -112.855 -109.814
21 507.147 718.925 5 7.39901 -109.84 69.4474
22 507.421 718.507 5 7.3252 -124.312 -22.6212
23 507.694 718.088 5 7.28504 -114.428 131.308
24 507.968 717.67 5 7.27908 -109.55 92.5375
25 508.241 717.251 5 7.3074 -111.62 -121.688
26 507.565 719.199 5 6.90783 -110.41 -145.849
27 507.839 718.78 5 6.82871 -118.117 15.5996
28 508.113 718.362 5 6.78561 -120.385 41.2379
29 508.386 717.943 5 6.77921 -139.6 -77.5398
30 508.66 717.525 5 6.80962 -111.3 -79.3824
31 507.984 719.472 5 6.41802 -113.9 -102.758
32 508.258 719.054 5 6.33278 -124.872 -138.603
33 508.531 718.635 5 6.28628 -122.968 -48.859
34 508.805 718.217 5 6.27937 -121.261 -51.9354
35 509.078 717.798 5 6.31218 -117.211 -131.612
36 508.402 719.746 5 5.9299 -117.282 142.541
37 508.676 719.328 5 5.83754 -126.395 -154.7
38 508.95 718.909 5 5.78706 -170.901 114.81
39 509.223 718.491 5 5.77955 -158.078 -113.429
40 509.497 718.072 5 5.81519 -250 0
