1 505.473 717.831 5 9.78389 -112.533 -94.6377
2 505.747 717.412 5 9.77943 -115.877 73.9896
3 506.02 716.994 5 9.80051 -121.497 -171.212
4 506.294 716.575 5 9.84696 -120.001 -68.5066
5 506.567 716.157 5 9.91844 -118.913 -39.3434
6 505.891 718.104 5 9.2842 -114.608 -95.3502
7 506.165 717.686 5 9.2795 -110.94 98.8476
8 506.439 717.267 5 9.30171 -114.939 -100.848
9 506.712 716.849 5 9.35065 -115.403 42.5098
10 506.986 716.43 5 9.42589 -119.351 -99.9431
11 506.31 718.378 5 8.78455 -117.816 -82.9028
12 506.584 717.96 5 8.77958 -114.521 80.747
13 506.857 717.541 5 8.80306 -112.427 -94.8666
14 507.131 717.123 5 8.85475 -116.071 32.9447
15 507.404 716.704 5 8.93417 -121.254 125.625
16 506.728 718.652 5 8.28494 -113.606 -155.906
17 507.002 718.233 5 8.27967 -116.169 -94.6507
18 507.276 717.815 5 8.30456 -115.863 -86.1919
19 507.549 717.396 5 8.35934 -110.104 -179.542
20 507.823 716.978 5 8.44341 -127.675 80.9401
21 507.147 718.925 5 7.78538 -112.632 164.701
22 507.421 718.507 5 7.77977 -123.493 75.719
23 507.694 718.088 5 7.80626 -123.931 -88.7261
24 507.968 717.67 5 7.8645 -120.202 -178.17
25 508.241 717.251 5 7.95382 -122.639 -29.5175
26 507.565 719.199 5 7.28588 -119.005 25.1638
27 507.839 718.78 5 7.27989 -124.059 -178.811
28 508.113 718.362 5 7.30819 -123.485 -175.498
29 508.386 717.943 5 7.37037 -133.856 -88.5035
30 508.66 717.525 5 7.4656 -127.498 170.426
31 507.984 719.472 5 6.78646 -136.651 103.928
32 508.258 719.054 5 6.78003 -126.037 -170.291
33 508.531 718.635 5 6.8104 -131.179 -135.053
34 508.805 718.217 5 6.87708 -137.936 -169.101
35 509.078 717.798 5 6.97904 -130.396 -52.2095
36 508.402 719.746 5 6.28712 -116.292 -153.287
37 508.676 719.328 5 6.28018 -121.352 49.9396
38 508.95 718.909 5 6.31296 -141.072 -55.5343
39 509.223 718.491 5 6.38484 -131.254 173.925
40 509.497 718.072 5 6.49453 -250 0
