1 505.473 717.831 5 10.1794 -119.917 41.5349
2 505.747 717.412 5 10.0515 -108.721 29.3332
3 506.02 716.994 5 9.94715 -117.281 -81.7512
4 506.294 716.575 5 9.86704 -115.826 44.3073
5 506.567 716.157 5 9.81179 -116.179 -94.1286
6 505.891 718.104 5 9.70022 -113.465 -119.071
7 506.165 717.686 5 9.56593 -109.386 -2.87523
8 506.439 717.267 5 9.4562 -116.83 149.825
9 506.712 716.849 5 9.3719 -109.349 106.136
10 506.986 716.43 5 9.31372 -124.582 -54.7673
11 506.31 718.378 5 9.22324 -105.02 28.6238
12 506.584 717.96 5 9.0819 -114.149 45.3313
13 506.857 717.541 5 8.96626 -114.794 -91.046
14 507.131 717.123 5 8.8773 -111.959 -71.7279
15 507.404 716.704 5 8.81585 -115.294 90.367
16 506.728 718.652 5 8.74884 -103.184 -115.935
17 507.002 718.233 5 8.59971 -112.953 108.414
18 507.276 717.815 5 8.47748 -109.073 -49.3675
19 507.549 717.396 5 8.38335 -111.369 174.905
20 507.823 716.978 5 8.31825 -112.497 -63.5251
21 507.147 718.925 5 8.27745 -127.872 30.8362
22 507.421 718.507 5 8.11967 -131.891 49.2454
23 507.694 718.088 5 7.9901 -108.178 86.3286
24 507.968 717.67 5 7.89015 -115.247 141.079
25 508.241 717.251 5 7.82095 -112.582 -148.867
26 507.565 719.199 5 7.80962 -104.601 83.436
27 507.839 718.78 5 7.64218 -110.781 -129.84
28 508.113 718.362 5 7.50438 -109.312 57.4209
29 508.386 717.943 5 7.39787 -112.112 -104.31
30 508.66 717.525 5 7.32402 -108.06 -42.3399
31 507.984 719.472 5 7.34603 -108.353 58.8684
32 508.258 719.054 5 7.16777 -116.373 82.3363
33 508.531 718.635 5 7.02066 -110.766 13.3912
34 508.805 718.217 5 6.9067 -115.516 35.8196
35 509.078 717.798 5 6.82754 -99.975 -94.5469
36 508.402 719.746 5 6.88754 -116.313 -82.264
37 508.676 719.328 5 6.69709 -107.105 69.7421
38 508.95 718.909 5 6.5394 -134.071 -11.5904
39 509.223 718.491 5 6.41689 -135.555 24.4989
40 509.497 718.072 5 6.33161 -140.7 28.8872
