1 514.644 719.84 5 3 -54.7076 -8.64029
2 514.371 720.259 5 3.04138 -41.605 154.638
3 514.097 720.678 5 3.16228 -55.3283 155.427
4 513.824 721.096 5 3.3541 -45.2531 -20.4911
5 513.551 721.515 5 3.60555 -48.9165 -123.412
6 513.278 721.934 5 3.90512 -54.4854 -128.528
7 513.004 722.353 5 4.24264 -53.9264 -36.7657
8 512.731 722.771 5 4.60977 -44.6977 46.4787
9 512.458 723.19 5 5 -57.5485 93.3264
10 512.185 723.609 5 5.40833 -55.6632 10.3905
11 515.063 720.113 5 2.5 -52.0672 14.5806
12 514.789 720.532 5 2.54951 -54.1151 -80.7344
13 514.516 720.951 5 2.69258 -39.9754 176.364
14 514.243 721.37 5 2.91548 -41.0712 -128.046
15 513.97 721.788 5 3.20156 -45.6047 152.034
16 513.696 722.207 5 3.53553 -50.0795 -89.0955
17 513.423 722.626 5 3.90512 -51.1402 -136.667
18 513.15 723.045 5 4.30116 -58.7282 -149.251
19 512.877 723.463 5 4.71699 -46.1737 92.8054
20 512.603 723.882 5 5.14782 -50.0966 -106.302
21 515.481 720.387 5 2 -44.8509 86.5205
22 515.208 720.805 5 2.06155 -45.5422 77.4207
23 514.935 721.224 5 2.23607 -56.1133 -77.1636
24 514.662 721.643 5 2.5 -43.2069 -14.7321
25 514.388 722.062 5 2.82843 -44.4986 151.01
26 514.115 722.48 5 3.20156 -64.5645 114.383
27 513.842 722.899 5 3.60555 -53.4329 57.7748
28 513.568 723.318 5 4.03113 -46.1962 -85.6486
29 513.295 723.737 5 4.47214 -53.0722 39.921
30 513.022 724.155 5 4.92443 -65.0759 171.001
31 515.9 720.66 5 1.5 -40.5052 -39.132
32 515.627 721.079 5 1.58114 -41.7157 96.2155
33 515.353 721.497 5 1.80278 -38.9094 -164.461
34 515.08 721.916 5 2.12132 -44.0632 -4.09131
35 514.807 722.335 5 2.5 -47.4037 8.98958
36 514.534 722.754 5 2.91548 -46.1797 -150.084
37 514.26 723.172 5 3.3541 -57.3248 58.6519
38 513.987 723.591 5 3.80789 -60.0882 138.044
39 516.319 720.933 5 1 -44.2276 2.50368
40 516.045 721.352 5 1.11803 -40.2589 27.514
41 515.772 721.771 5 1.41421 -44.997 -152.58
42 515.499 722.189 5 1.80278 -42.0489 172.711
43 515.226 722.608 5 2.23607 -43.6091 36.1855
44 514.952 723.027 5 2.69258 -53.8265 131.382
45 514.679 723.446 5 3.16228 -49.3801 -77.6498
46 514.406 723.864 5 3.64005 -56.5437 -71.3341
47 516.737 721.206 5 0.5 -34.1716 0.7576
48 516.464 721.625 5 0.707107 -34.4506 121.214
49 516.191 722.044 5 1.11803 -44.1204 -5.76001
50 515.918 722.463 5 1.58114 -50.6689 -176.004
51 515.644 722.881 5 2.06155 -42.0346 -164.047
52 515.371 723.3 5 2.54951 -41.4703 -113.976
53 515.098 723.719 5 3.04138 -41.1838 -118.114
54 514.825 724.138 5 3.53553 -49.3746 119.733
55 517.156 721.48 5 0 -45.0953 -70.4654
56 516.883 721.898 5 0.5 -31.1729 3.74388
57 516.61 722.317 5 1 -36.0094 -6.25569
58 516.336 722.736 5 1.5 -40.0777 -0.726407
59 516.063 723.155 5 2 -42.8702 -17.9913
60 515.79 723.573 5 2.5 -39.1943 7.72606
61 515.517 723.992 5 3 -41.7398 -10.9124
62 515.243 724.411 5 3.5 -55.4771 149.417
63 517.575 721.753 5 0.5 -33.134 18.4853
64 517.302 722.172 5 0.707107 -36.1112 109.567
65 517.028 722.59 5 1.11803 -40.4695 -5.60376
66 516.755 723.009 5 1.58114 -40.661 112.968
67 516.482 723.428 5 2.06155 -47.6785 -166.402
68 516.209 723.847 5 2.54951 -49.6961 -98.3555
69 515.935 724.265 5 3.04138 -46.8115 -73.6322
70 515.662 724.684 5 3.53553 -48.3572 -66.5845
71 517.994 722.026 5 1 -40.8771 -49.0775
72 517.72 722.445 5 1.11803 -37.2179 -4.59262
73 517.447 722.864 5 1.41421 -42.4242 -109.343
74 517.174 723.282 5 1.80278 -38.5141 -175.676
75 516.901 723.701 5 2.23607 -50.2458 -124.192
76 516.627 724.12 5 2.69258 -45.7887 -168.98
77 516.354 724.539 5 3.16228 -52.8645 -143.559
78 516.081 724.957 5 3.64005 -53.4523 -13.5522
