1 509.951 714.045 5 7.62504 -89.4763 -38.352
2 510.37 714.318 5 7.16243 -67.55 -31.7906
3 510.79 714.59 5 6.7052 -89.6688 -31.8907
4 511.209 714.862 5 6.25452 -74.4119 -122.871
5 511.628 715.135 5 5.81191 -70.4731 -35.2042
6 512.048 715.407 5 5.37936 -78.0109 42.2482
7 512.467 715.679 5 4.95951 -67.1867 163.41
8 512.886 715.952 5 4.55588 -66.7045 120.574
9 513.306 716.224 5 4.17316 -74.6211 -132.633
10 513.725 716.496 5 3.81766 -68.8166 170.082
11 514.144 716.769 5 3.49769 -67.6452 56.0078
12 514.564 717.041 5 3.22383 -97.9261 -160.133
13 514.983 717.313 5 3.00871 -108.372 15.8849
14 509.679 714.465 5 7.45568 -60.5442 -20.5843
15 510.098 714.737 5 6.98186 -69.9887 -178.283
16 510.517 715.009 5 6.51196 -65.3433 -139.273
17 510.937 715.282 5 6.0469 -82.2096 -99.0949
18 511.356 715.554 5 5.58786 -72.7503 167.659
19 511.775 715.826 5 5.13648 -81.9129 84.4899
20 512.195 716.099 5 4.69497 -76.3091 35.4132
21 512.614 716.371 5 4.26638 -78.9017 154.266
22 513.033 716.643 5 3.85503 -65.4 38.5642
23 513.453 716.916 5 3.46706 -70.5285 -39.6014
24 513.872 717.188 5 3.11123 -69.4172 46.7647
25 514.291 717.46 5 2.79983 -66.1776 -69.9476
26 514.711 717.733 5 2.54918 -63.4174 141.015
27 509.406 714.884 5 7.31663 -60.0478 18.4437
28 509.826 715.156 5 6.83318 -57.0483 -37.0399
29 510.245 715.429 5 6.35229 -57.3774 -78.5308
30 510.664 715.701 5 5.8746 -58.8536 -156.882
31 511.084 715.973 5 5.40094 -99.1868 -33.9533
32 511.503 716.246 5 4.93249 -82.5851 165.065
33 511.922 716.518 5 4.47087 -74.5023 19.5908
34 512.342 716.79 5 4.01845 -73.6829 105.117
35 512.761 717.063 5 3.57872 -67.87 -6.17429
36 513.18 717.335 5 3.15697 -79.7633 -151.253
37 513.6 717.607 5 2.76147 -72.4075 -77.2723
38 514.019 717.88 5 2.4052 -62.62 -93.5916
39 514.438 718.152 5 2.10814 -65.1961 -176.474
40 509.134 715.303 5 7.20965 -59.1489 -20.6506
41 509.553 715.576 5 6.71851 -61.8199 -53.4493
42 509.973 715.848 5 6.22877 -59.2062 -94.5373
43 510.392 716.12 5 5.74081 -56.4638 -127.219
44 510.811 716.393 5 5.25511 -57.3334 -157.029
45 511.231 716.665 5 4.77236 -62.0149 144.753
46 511.65 716.937 5 4.29356 -55.7376 64.9429
47 512.069 717.21 5 3.8202 -81.3127 -88.4363
48 512.489 717.482 5 3.35458 -66.5905 4.53748
49 512.908 717.754 5 2.90042 -79.0581 35.8015
50 513.327 718.027 5 2.46408 -70.9902 -45.6268
51 513.747 718.299 5 2.05693 -65.0612 -81.3829
52 514.166 718.571 5 1.70007 -71.823 -143.753
53 508.862 715.723 5 7.13618 -64.4561 156.006
54 509.281 715.995 5 6.6396 -66.3296 138.821
55 509.7 716.267 5 6.14358 -70.9553 140.906
56 510.12 716.54 5 5.64826 -75.2287 81.861
57 510.539 716.812 5 5.15384 -61.1432 96.1373
58 510.958 717.084 5 4.66062 -60.9375 104.892
59 511.378 717.357 5 4.16901 -59.542 88.1838
60 511.797 717.629 5 3.67966 -54.4102 31.0994
61 512.216 717.901 5 3.19361 -52.2819 27.3568
62 512.636 718.174 5 2.71264 -49.3556 -49.4945
63 513.055 718.446 5 2.24001 -62.6261 105.389
64 513.474 718.718 5 1.78239 -65.2474 95.6892
65 513.894 718.991 5 1.35506 -68.8867 111.9
66 508.589 716.142 5 7.09725 -63.2527 -40.4802
67 509.009 716.414 5 6.59775 -64.4643 -19.8485
68 509.428 716.687 5 6.09832 -63.6217 -51.2938
69 509.847 716.959 5 5.599 -64.3968 -36.8301
70 510.267 717.231 5 5.09981 -58.713 -64.8188
71 510.686 717.504 5 4.60079 -59.2987 -55.0351
72 511.105 717.776 5 4.10202 -57.7595 -30.3255
73 511.525 718.048 5 3.60359 -56.1449 -34.8236
74 511.944 718.321 5 3.10566 -55.7557 -48.9719
75 512.363 718.593 5 2.60852 -58.5077 -91.2471
76 512.783 718.865 5 2.11273 -52.4197 -119.028
77 513.202 719.138 5 1.61953 -49.9517 -116.079
78 513.621 719.41 5 1.13232 -44.9029 -155.518
79 510.414 717.923 5 4.59492 -68.3585 19.6406
80 510.833 718.195 5 4.09543 -60.7145 0.130349
81 511.672 718.74 5 3.09694 -54.684 -27.8602
82 512.091 719.012 5 2.59814 -62.2065 -16.4515
83 512.51 719.285 5 2.0999 -50.1477 -23.0511
84 512.93 719.557 5 1.60276 -50.4872 -97.3501
85 513.349 719.829 5 1.1082 -43.38 -46.9519
86 510.141 718.342 5 4.64319 -80.1279 163.388
87 510.561 718.615 5 4.14952 -84.0312 133.459
88 511.399 719.159 5 3.16813 -66.2307 -43.5373
89 511.819 719.432 5 2.68259 -56.2492 27.6569
90 512.238 719.704 5 2.20353 -44.175 -0.205793
91 512.657 719.976 5 1.73632 -43.6269 -138.219
92 513.077 720.249 5 1.29386 -42.5432 78.5176
93 509.869 718.762 5 4.74396 -85.8983 57.7578
94 510.288 719.034 5 4.26198 -80.1994 -173.358
95 511.127 719.579 5 3.31406 -63.4816 -16.8058
96 511.546 719.851 5 2.85346 -46.8049 127.449
97 511.966 720.123 5 2.40863 -50.2296 53.6537
98 512.385 720.396 5 1.99017 -57.534 88.5459
99 512.804 720.668 5 1.61865 -51.5279 146.612
100 509.597 719.181 5 4.89399 -88.2054 -143.449
101 510.016 719.453 5 4.42837 -82.6799 -123.195
102 509.324 719.6 5 5.08892 -96.5408 33.7658
103 509.744 719.873 5 4.64288 -80.9792 -63.2579
104 509.052 720.02 5 5.32382 -90.6387 -141.829
105 509.471 720.292 5 4.89922 -84.6038 -73.166
