1 514.644 719.84 5 2.69258 -45.2354 125.02
2 514.371 720.259 5 2.54951 -52.2294 77.0654
3 514.097 720.678 5 2.5 -52.3757 -99.931
4 513.824 721.096 5 2.54951 -50.4705 155.07
5 513.551 721.515 5 2.69258 -46.0257 44.5667
6 513.278 721.934 5 2.91548 -50.5713 -161.477
7 513.004 722.353 5 3.20156 -49.5136 130.531
8 512.731 722.771 5 3.53553 -47.8022 -113.709
9 512.458 723.19 5 3.90512 -51.6629 -169.436
10 512.185 723.609 5 4.30116 -52.6065 -73.2287
11 515.063 720.113 5 2.23607 -47.298 42.815
12 514.789 720.532 5 2.06155 -49.7435 158.356
13 514.516 720.951 5 2 -51.9527 4.74307
14 514.243 721.37 5 2.06155 -42.6305 148.909
15 513.97 721.788 5 2.23607 -43.2457 24.7685
16 513.696 722.207 5 2.5 -45.3871 4.54643
17 513.423 722.626 5 2.82843 -50.2814 85.8909
18 513.15 723.045 5 3.20156 -46.5417 137.198
19 512.877 723.463 5 3.60555 -50.7047 79.0266
20 512.603 723.882 5 4.03113 -44.6361 -86.662
21 515.481 720.387 5 1.80278 -46.0014 -160.106
22 515.208 720.805 5 1.58114 -40.4395 112.99
23 514.935 721.224 5 1.5 -47.1111 -22.8844
24 514.662 721.643 5 1.58114 -43.1406 137.897
25 514.388 722.062 5 1.80278 -50.1624 -169.934
26 514.115 722.48 5 2.12132 -39.9321 16.0476
27 513.842 722.899 5 2.5 -44.7954 48.7458
28 513.568 723.318 5 2.91548 -44.9936 166.528
29 513.295 723.737 5 3.3541 -48.2743 82.231
30 513.022 724.155 5 3.80789 -47.7911 170.81
31 515.9 720.66 5 1.41421 -37.4169 -120.13
32 515.627 721.079 5 1.11803 -41.8026 35.0971
33 515.353 721.497 5 1 -44.2279 -39.4259
34 515.08 721.916 5 1.11803 -40.9517 1.88551
35 514.807 722.335 5 1.41421 -41.5253 -130.281
36 514.534 722.754 5 1.80278 -47.195 -158.991
37 514.26 723.172 5 2.23607 -44.5509 34.1998
38 513.987 723.591 5 2.69258 -47.0289 167.43
39 516.319 720.933 5 1.11803 -47.2483 -62.4124
40 516.045 721.352 5 0.707107 -36.3633 126.139
41 515.772 721.771 5 0.5 -36.438 -18.4357
42 515.499 722.189 5 0.707107 -37.1786 135.592
43 515.226 722.608 5 1.11803 -43.9949 -7.40609
44 514.952 723.027 5 1.58114 -42.654 166.452
45 514.679 723.446 5 2.06155 -43.3532 -159.916
46 514.406 723.864 5 2.54951 -47.7147 152.846
47 516.737 721.206 5 1 -37.0518 -19.6171
48 516.464 721.625 5 0.5 -32.9236 2.10152
49 516.191 722.044 5 0 -44.2354 -56.5497
50 515.918 722.463 5 0.5 -33.3966 -2.70256
51 515.644 722.881 5 1 -36.241 -1.38629
52 515.371 723.3 5 1.5 -41.1516 -24.0007
53 515.098 723.719 5 2 -41.6792 -21.6737
54 514.825 724.138 5 2.5 -44.7154 -129.861
55 517.156 721.48 5 1.11803 -44.2569 -16.0743
56 516.883 721.898 5 0.707107 -37.0321 131.227
57 516.61 722.317 5 0.5 -35.285 -16.8584
58 516.336 722.736 5 0.707107 -38.9217 143.693
59 516.063 723.155 5 1.11803 -42.4027 -1.45536
60 515.79 723.573 5 1.58114 -46.3443 -168.422
61 515.517 723.992 5 2.06155 -43.4758 -169.476
62 515.243 724.411 5 2.54951 -50.0643 35.5057
63 517.575 721.753 5 1.41421 -54.6721 168.506
64 517.302 722.172 5 1.11803 -39.9019 44.1853
65 517.028 722.59 5 1 -40.6837 -24.6117
66 516.755 723.009 5 1.11803 -40.4036 1.9993
67 516.482 723.428 5 1.41421 -43.9067 -92.4342
68 516.209 723.847 5 1.80278 -45.7984 -137.127
69 515.935 724.265 5 2.23607 -47.0922 19.4563
70 515.662 724.684 5 2.69258 -50.5016 139.685
71 517.994 722.026 5 1.80278 -51.7853 -174.438
72 517.72 722.445 5 1.58114 -42.1154 94.9952
73 517.447 722.864 5 1.5 -43.8467 4.26633
74 517.174 723.282 5 1.58114 -41.4366 142.886
75 516.901 723.701 5 1.80278 -50.8386 -117.87
76 516.627 724.12 5 2.12132 -43.9244 26.6416
77 516.354 724.539 5 2.5 -44.6023 -1.46943
78 516.081 724.957 5 2.91548 -48.1568 -107.32
