1 505.473 717.831 5 9.35193 -121.906 -169.721
2 505.747 717.412 5 9.42718 -120.441 -56.6755
3 506.02 716.994 5 9.52811 -111.354 124.433
4 506.294 716.575 5 9.65392 -132.054 -6.15758
5 506.567 716.157 5 9.80364 -122.599 -146.521
6 505.891 718.104 5 8.85603 -127.369 117.658
7 506.165 717.686 5 8.93546 -124.369 7.22843
8 506.439 717.267 5 9.04188 -110.403 -96.9165
9 506.712 716.849 5 9.17436 -129.83 -94.634
10 506.986 716.43 5 9.33177 -130.143 142.683
11 506.31 718.378 5 8.36062 -140.336 176.085
12 506.584 717.96 5 8.44471 -125.562 -72.0741
13 506.857 717.541 5 8.55724 -110.56 -133.018
14 507.131 717.123 5 8.6971 -129.178 158.555
15 507.404 716.704 5 8.86299 -130.07 38.1795
16 506.728 718.652 5 7.86579 -119.871 -113.348
17 507.002 718.233 5 7.95511 -131.339 75.8377
18 507.276 717.815 5 8.07447 -117.537 109.231
19 507.549 717.396 5 8.22254 -139.814 19.8424
20 507.823 716.978 5 8.39782 -137.193 83.12
21 507.147 718.925 5 7.37166 -119.051 -118.695
22 507.421 718.507 5 7.46689 -124.635 -133.722
23 507.694 718.088 5 7.59392 -132.493 14.9041
24 507.968 717.67 5 7.75118 -130.222 6.34271
25 508.241 717.251 5 7.93688 -130.045 99.36
26 507.565 719.199 5 6.87837 -143.705 176.307
27 507.839 718.78 5 6.98034 -131.181 -101.957
28 508.113 718.362 5 7.11606 -117.283 92.1306
29 508.386 717.943 5 7.28365 -116.603 -100.141
30 508.66 717.525 5 7.48096 -132.933 -14.7985
31 507.984 719.472 5 6.38613 -138.218 -26.0082
32 508.258 719.054 5 6.49584 -132.308 109.625
33 508.531 718.635 5 6.64147 -127.821 152.324
34 508.805 718.217 5 6.82072 -132.333 -43.8948
35 509.078 717.798 5 7.03103 -123.379 -55.7368
36 508.402 719.746 5 5.8952 -139.286 167.886
37 508.676 719.328 5 6.01387 -109.904 -108.189
38 508.95 718.909 5 6.17088 -153.647 37.5441
39 509.223 718.491 5 6.36341 -153.82 86.9179
40 509.497 718.072 5 6.58833 -250 0
