1 514.644 719.84 5 4.47214 -52.8256 31.0351
2 514.371 720.259 5 4.272 -44.5096 -89.1288
3 514.097 720.678 5 4.12311 -62.9243 -96.6826
4 513.824 721.096 5 4.03113 -52.189 -120.762
5 513.551 721.515 5 4 -59.14 -14.8856
6 513.278 721.934 5 4.03113 -53.01 -124.756
7 513.004 722.353 5 4.12311 -51.122 -13.8642
8 512.731 722.771 5 4.272 -49.6115 -70.4738
9 512.458 723.19 5 4.47214 -53.3689 69.6019
10 512.185 723.609 5 4.71699 -56.509 74.5846
11 515.063 720.113 5 4.03113 -53.8951 -130.695
12 514.789 720.532 5 3.80789 -56.428 -150.246
13 514.516 720.951 5 3.64006 -56.5771 -88.5443
14 514.243 721.37 5 3.53553 -49.7024 -120.929
15 513.97 721.788 5 3.5 -45.2712 -52.316
16 513.696 722.207 5 3.53553 -51.766 -170.154
17 513.423 722.626 5 3.64006 -44.5973 -41.6059
18 513.15 723.045 5 3.80789 -59.526 162.147
19 512.877 723.463 5 4.03113 -45.9875 -110.209
20 512.603 723.882 5 4.30116 -58.1402 -7.72283
21 515.481 720.387 5 3.60555 -54.6042 1.51733
22 515.208 720.805 5 3.3541 -49.3593 6.79709
23 514.935 721.224 5 3.16228 -47.002 -86.4198
24 514.662 721.643 5 3.04138 -54.116 -126.901
25 514.388 722.062 5 3 -46.1261 -44.7713
26 514.115 722.48 5 3.04138 -45.3981 160.343
27 513.842 722.899 5 3.16228 -47.8525 -109.615
28 513.568 723.318 5 3.3541 -44.3746 30.2698
29 513.295 723.737 5 3.60555 -56.9555 -32.8421
30 513.022 724.155 5 3.90512 -78.5155 -116.11
31 515.9 720.66 5 3.20156 -53.697 133.577
32 515.627 721.079 5 2.91548 -54.3987 -27.5475
33 515.353 721.497 5 2.69258 -49.9479 143.592
34 515.08 721.916 5 2.54951 -53.2737 -101.275
35 514.807 722.335 5 2.5 -48.4537 -31.8053
36 514.534 722.754 5 2.54951 -42.3901 -167.862
37 514.26 723.172 5 2.69258 -54.9361 -178.077
38 513.987 723.591 5 2.91548 -60.8944 -140.419
39 516.319 720.933 5 2.82843 -45.38 150.124
40 516.045 721.352 5 2.5 -43.6813 -1.40784
41 515.772 721.771 5 2.23607 -43.5963 38.962
42 515.499 722.189 5 2.06155 -46.54 -172.21
43 515.226 722.608 5 2 -44.3664 -11.8133
44 514.952 723.027 5 2.06155 -39.5383 157.602
45 514.679 723.446 5 2.23607 -47.3526 24.0432
46 514.406 723.864 5 2.5 -48.0134 168.146
47 516.737 721.206 5 2.5 -50.355 3.11894
48 516.464 721.625 5 2.12132 -49.9538 36.3345
49 516.191 722.044 5 1.80278 -55.8605 -144.286
50 515.918 722.463 5 1.58114 -43.6567 83.0108
51 515.644 722.881 5 1.5 -44.4304 -3.94664
52 515.371 723.3 5 1.58114 -40.3442 129.687
53 515.098 723.719 5 1.80278 -48.6095 -161.948
54 514.825 724.138 5 2.12132 -51.6502 -156.113
55 517.156 721.48 5 2.23607 -50.5185 -122.981
56 516.883 721.898 5 1.80278 -42.6908 -153.511
57 516.61 722.317 5 1.41421 -41.0081 -130.133
58 516.336 722.736 5 1.11803 -40.1634 25.8343
59 516.063 723.155 5 1 -39.4322 13.8615
60 515.79 723.573 5 1.11803 -41.4394 26.12
61 515.517 723.992 5 1.41421 -43.1067 -111.235
62 515.243 724.411 5 1.80278 -42.177 29.6529
63 517.575 721.753 5 2.06155 -46.4124 178.764
64 517.302 722.172 5 1.58114 -45.0486 121.252
65 517.028 722.59 5 1.11803 -37.55 23.5156
66 516.755 723.009 5 0.707107 -37.4505 100.721
67 516.482 723.428 5 0.5 -33.1681 -3.28285
68 516.209 723.847 5 0.707107 -35.6805 109.566
69 515.935 724.265 5 1.11803 -36.1876 3.34438
70 515.662 724.684 5 1.58114 -53.4346 119.673
71 517.994 722.026 5 2 -44.3671 15.669
72 517.72 722.445 5 1.5 -42.7144 4.46411
73 517.447 722.864 5 1 -37.3011 16.3986
74 517.174 723.282 5 0.5 -34.7325 0.392252
75 516.901 723.701 5 0 -61.844 140.779
76 516.627 724.12 5 0.5 -32.8271 6.79129
77 516.354 724.539 5 1 -36.9311 19.4451
78 516.081 724.957 5 1.5 -42.4976 37.652
