1 509.951 714.045 5 10.9699 -61.6997 -39.4876
2 510.37 714.318 5 10.5119 -58.7916 -146.947
3 510.79 714.59 5 10.058 -75.1905 -80.3081
4 511.209 714.862 5 9.60862 -73.4841 -104.745
5 511.628 715.135 5 9.1645 -70.7108 98.8591
6 512.048 715.407 5 8.72643 -58.9441 62.0305
7 512.467 715.679 5 8.29537 -64.9645 -7.94317
8 512.886 715.952 5 7.87247 -66.4659 167.125
9 513.306 716.224 5 7.45911 -78.8804 -48.8044
10 513.725 716.496 5 7.05698 -64.7082 -137.774
11 514.144 716.769 5 6.66809 -68.1854 114.339
12 514.564 717.041 5 6.29492 -90.6597 -21.8312
13 514.983 717.313 5 5.94042 -95.9546 106.639
14 509.679 714.465 5 10.7832 -63.1893 157.781
15 510.098 714.737 5 10.317 -60.3011 44.3831
16 510.517 715.009 5 9.85405 -65.1738 -85.5506
17 510.937 715.282 5 9.39494 -63.2181 144.637
18 511.356 715.554 5 8.94022 -59.1841 14.4638
19 511.775 715.826 5 8.49059 -66.5222 -9.66752
20 512.195 716.099 5 8.0469 -70.4496 119.834
21 512.614 716.371 5 7.6102 -74.7555 161.489
22 513.033 716.643 5 7.18176 -70.6293 -57.497
23 513.453 716.916 5 6.76316 -62.787 156.544
24 513.872 717.188 5 6.35632 -59.3643 103.394
25 514.291 717.46 5 5.96367 -74.7157 -18.3215
26 514.711 717.733 5 5.5882 -56.8008 -151.265
27 509.406 714.884 5 10.6168 -62.9968 -144.581
28 509.826 715.156 5 10.1429 -65.3872 -136.916
29 510.245 715.429 5 9.6717 -63.436 120.931
30 510.664 715.701 5 9.20349 -60.7019 23.838
31 511.084 715.973 5 8.73881 -60.8439 -69.952
32 511.503 716.246 5 8.27825 -60.7118 130.601
33 511.922 716.518 5 7.82253 -55.9184 10.1051
34 512.342 716.79 5 7.37255 -71.2719 93.8147
35 512.761 717.063 5 6.92944 -67.2817 158.008
36 513.18 717.335 5 6.49459 -75.3714 -166.252
37 513.6 717.607 5 6.06978 -66.713 -89.2896
38 514.019 717.88 5 5.65728 -57.5038 -135.333
39 514.438 718.152 5 5.25998 -64.4076 -176.315
40 509.134 715.303 5 10.4717 -64.5866 -47.0713
41 509.553 715.576 5 9.99092 -62.0331 -51.2116
42 509.973 715.848 5 9.51216 -65.3004 -142.404
43 510.392 716.12 5 9.03569 -59.9575 139.261
44 510.811 716.393 5 8.56191 -63.3493 47.2704
45 511.231 716.665 5 8.09128 -61.7827 9.12517
46 511.65 716.937 5 7.62439 -57.9926 -151.18
47 512.069 717.21 5 7.16198 -57.1898 110.002
48 512.489 717.482 5 6.70496 -56.0753 -5.46064
49 512.908 717.754 5 6.25452 -67.2207 104.709
50 513.327 718.027 5 5.81219 -74.5319 -109.945
51 513.747 718.299 5 5.37998 -58.7071 -51.7805
52 514.166 718.571 5 4.96052 -55.5982 74.0888
53 508.862 715.723 5 10.3487 -66.2557 -151.821
54 509.281 715.995 5 9.86194 -62.3048 -95.4252
55 509.7 716.267 5 9.37659 -64.8644 -138.248
56 510.12 716.54 5 8.89287 -60.9761 142.434
57 510.539 716.812 5 8.41104 -67.0028 -163.42
58 510.958 717.084 5 7.93147 -62.9379 128.146
59 511.378 717.357 5 7.45458 -61.8145 -20.11
60 511.797 717.629 5 6.98093 -63.9497 -87.5076
61 512.216 717.901 5 6.51121 -58.5815 -162.87
62 512.636 718.174 5 6.04636 -55.1579 81.893
63 513.055 718.446 5 5.58757 -55.5091 -36.0163
64 513.474 718.718 5 5.13649 -68.9981 159.931
65 513.894 718.991 5 4.69533 -61.969 130.218
66 508.589 716.142 5 10.2486 -67.857 -170.532
67 509.009 716.414 5 9.75691 -73.2165 -153.931
68 509.428 716.687 5 9.26606 -67.4034 -86.1252
69 509.847 716.959 5 8.77624 -65.2291 -43.7152
70 510.267 717.231 5 8.28764 -64.8309 100.364
71 510.686 717.504 5 7.80049 -66.6831 131.069
72 511.105 717.776 5 7.31506 -61.8996 62.382
73 511.525 718.048 5 6.83174 -66.9491 24.5644
74 511.944 718.321 5 6.351 -59.5433 -15.3619
75 512.363 718.593 5 5.87348 -54.2947 -151.162
76 512.783 718.865 5 5.40003 -57.571 120.185
77 513.202 719.138 5 4.93183 -54.165 20.6136
78 513.621 719.41 5 4.47051 -53.6149 -75.7278
79 510.414 717.923 5 7.6998 -86.1168 144.003
80 510.833 718.195 5 7.2076 -74.8288 161.061
81 511.672 718.74 5 6.22693 -63.2399 -64.2761
82 512.091 719.012 5 5.73909 -70.5326 -106.665
83 512.51 719.285 5 5.25355 -59.1612 -153.072
84 512.93 719.557 5 4.77099 -57.5685 137.113
85 513.349 719.829 5 4.29242 -53.3899 43.9579
86 510.141 718.342 5 7.63062 -73.4461 10.7431
87 510.561 718.615 5 7.13365 -90.7325 50.2957
88 511.399 719.159 5 6.14117 -88.0628 33.3651
89 511.819 719.432 5 5.64593 -63.611 76.5809
90 512.238 719.704 5 5.15162 -60.4218 61.6206
91 512.657 719.976 5 4.65851 -58.8437 -148.245
92 513.077 720.249 5 4.16704 -73.0693 95.5839
93 509.869 718.762 5 7.5938 -88.3642 33.7694
94 510.288 719.034 5 7.09424 -87.3169 161.7
95 511.127 719.579 5 6.09536 -77.8571 69.323
96 511.546 719.851 5 5.59607 -63.7682 129.191
97 511.966 720.123 5 5.09691 -63.472 -22.3807
98 512.385 720.396 5 4.59794 -76.2369 88.1658
99 512.804 720.668 5 4.09922 -67.9791 127.01
100 509.597 719.181 5 7.5898 -98.9871 107.697
101 510.016 719.453 5 7.08997 -87.4904 -170.623
102 509.324 719.6 5 7.61869 -94.8972 98.9295
103 509.744 719.873 5 7.12089 -88.6 -99.7809
104 509.052 720.02 5 7.6801 -86.2064 40.0693
105 509.471 720.292 5 7.18655 -87.731 121.576
