1 509.951 714.045 5 8.04476 -53.7857 72.782
2 510.37 714.318 5 7.60786 -51.9063 -140.684
3 510.79 714.59 5 7.17921 -61.4793 -23.3272
4 511.209 714.862 5 6.76036 -54.5707 -126.332
5 511.628 715.135 5 6.35326 -54.0292 -88.5923
6 512.048 715.407 5 5.96032 -61.8817 -32.0442
7 512.467 715.679 5 5.58452 -56.5701 38.2175
8 512.886 715.952 5 5.22956 -56.0795 -54.1671
9 513.306 716.224 5 4.89998 -63.0948 -141.479
10 513.725 716.496 5 4.60122 -64.652 -88.2013
11 514.144 716.769 5 4.33967 -103.357 86.6756
12 514.564 717.041 5 4.1224 -102.56 117.231
13 514.983 717.313 5 3.95672 -99.668 -46.8956
14 509.679 714.465 5 7.82075 -51.6654 -38.7402
15 510.098 714.737 5 7.37059 -60.4551 121.504
16 510.517 715.009 5 6.92727 -53.4648 43.9486
17 510.937 715.282 5 6.49219 -55.9488 -82.2379
18 511.356 715.554 5 6.06712 -51.982 17.3922
19 511.775 715.826 5 5.65433 -52.3356 144.204
20 512.195 716.099 5 5.2567 -51.8287 -138.127
21 512.614 716.371 5 4.87794 -52.7281 -114.92
22 513.033 716.643 5 4.5228 -55.9389 166.136
23 513.453 716.916 5 4.19729 -61.2295 69.0938
24 513.872 717.188 5 3.90879 -68.6328 115.459
25 514.291 717.46 5 3.66608 -75.2131 -176.376
26 514.711 717.733 5 3.47873 -84.2137 43.1792
27 509.406 714.884 5 7.623 -55.8441 141.159
28 509.826 715.156 5 7.16041 -55.1698 109.683
29 510.245 715.429 5 6.70321 -62.3058 -81.4223
30 510.664 715.701 5 6.25256 -55.0298 138.315
31 511.084 715.973 5 5.80998 -51.7954 9.73016
32 511.503 716.246 5 5.37749 -55.0224 -107.038
33 511.922 716.518 5 4.9577 -51.539 -11.4409
34 512.342 716.79 5 4.55415 -51.0077 77.4158
35 512.761 717.063 5 4.17154 -52.8839 120.953
36 513.18 717.335 5 3.81617 -55.3916 36.4311
37 513.6 717.607 5 3.49637 -62.5832 -93.9998
38 514.019 717.88 5 3.22275 -63.8003 -72.5196
39 514.438 718.152 5 3.00791 -73.0103 -82.1981
40 509.134 715.303 5 7.45359 -60.6796 -99.3882
41 509.553 715.576 5 6.97979 -64.6097 -114.344
42 509.973 715.848 5 6.50991 -62.4472 178.786
43 510.392 716.12 5 6.04487 -54.5426 81.7488
44 510.811 716.393 5 5.58586 -57.5196 -76.4616
45 511.231 716.665 5 5.13452 -52.0212 148.666
46 511.65 716.937 5 4.69306 -55.4893 -5.95387
47 512.069 717.21 5 4.26453 -50.5644 179.285
48 512.489 717.482 5 3.85327 -51.5053 -69.6176
49 512.908 717.754 5 3.46542 -52.7502 -19.3253
50 513.327 718.027 5 3.10976 -54.0183 -96.4393
51 513.747 718.299 5 2.79858 -58.5038 110.464
52 514.166 718.571 5 2.54824 -72.6182 137.646
53 508.862 715.723 5 7.31451 -66.1374 106.065
54 509.281 715.995 5 6.83107 -71.9623 -31.5139
55 509.7 716.267 5 6.35019 -78.0232 160.353
56 510.12 716.54 5 5.87251 -64.858 38.3977
57 510.539 716.812 5 5.39887 -69.1181 -78.1549
58 510.958 717.084 5 4.93044 -67.3463 -13.6961
59 511.378 717.357 5 4.46886 -54.0821 -96.3008
60 511.797 717.629 5 4.01649 -50.8735 136.62
61 512.216 717.901 5 3.57682 -50.3414 -17.2051
62 512.636 718.174 5 3.15517 -47.5745 134.151
63 513.055 718.446 5 2.75981 -47.2438 -160.604
64 513.474 718.718 5 2.40375 -55.8272 152.326
65 513.894 718.991 5 2.10701 -57.505 -75.1246
66 508.589 716.142 5 7.20749 -60.4587 113.114
67 509.009 716.414 5 6.71635 -65.4207 -24.5701
68 509.428 716.687 5 6.22663 -71.9018 -71.5852
69 509.847 716.959 5 5.73867 -79.8298 -128.368
70 510.267 717.231 5 5.25298 -72.6793 8.71572
71 510.686 717.504 5 4.77025 -63.4367 -71.275
72 511.105 717.776 5 4.29147 -55.5831 -95.3422
73 511.525 718.048 5 3.81814 -65.476 157.536
74 511.944 718.321 5 3.35255 -56.946 -123.169
75 512.363 718.593 5 2.89846 -50.9537 125.141
76 512.783 718.865 5 2.46222 -42.8944 -26.8706
77 513.202 719.138 5 2.05523 -45.4809 71.9806
78 513.621 719.41 5 1.69866 -52.8253 35.0694
79 510.414 717.923 5 4.65846 -79.5059 -88.2987
80 510.833 718.195 5 4.16685 -73.9908 131.919
81 511.672 718.74 5 3.19149 -70.0313 -100.919
82 512.091 719.012 5 2.71054 -63.1801 -142.375
83 512.51 719.285 5 2.23797 -57.3675 57.6513
84 512.93 719.557 5 1.78043 -47.3473 95.7219
85 513.349 719.829 5 1.35329 -41.0028 -74.805
86 510.141 718.342 5 4.59861 -79.6902 10.3663
87 510.561 718.615 5 4.09983 -86.5235 92.5249
88 511.399 719.159 5 3.10347 -67.4196 84.2169
89 511.819 719.432 5 2.60634 -56.0787 36.4634
90 512.238 719.704 5 2.11056 -65.9024 -142.138
91 512.657 719.976 5 1.61738 -66.6919 170.616
92 513.077 720.249 5 1.13021 -59.6297 29.3607
93 509.869 718.762 5 4.59273 -78.5214 89.2873
94 510.288 719.034 5 4.09324 -85.3357 146.55
95 511.127 719.579 5 3.09475 -68.1376 -149.09
96 511.546 719.851 5 2.59595 -64.0927 172.458
97 511.966 720.123 5 2.09772 -70.7455 172.411
98 512.385 720.396 5 1.60059 -59.5783 37.135
99 512.804 720.668 5 1.10604 -55.3711 -84.3127
100 509.597 719.181 5 4.64102 -87.4365 -1.6926
101 510.016 719.453 5 4.14736 -93.7626 59.9822
102 509.324 719.6 5 4.74184 -94.653 125.922
103 509.744 719.873 5 4.25987 -107.057 -107.088
104 509.052 720.02 5 4.89193 -87.8195 114.205
105 509.471 720.292 5 4.42634 -90.5365 -35.5877
