1 509.951 714.045 5 7.93408 -61.5511 -113.226
2 510.37 714.318 5 7.45706 -57.8469 -70.6491
3 510.79 714.59 5 6.98326 -58.2345 -178.302
4 511.209 714.862 5 6.51338 -57.9449 102.726
5 511.628 715.135 5 6.04833 -53.9043 58.4654
6 512.048 715.407 5 5.58931 -53.8755 -61.9166
7 512.467 715.679 5 5.13796 -61.4242 104.373
8 512.886 715.952 5 4.69646 -60.2235 -141.867
9 513.306 716.224 5 4.26789 -59.7863 -61.0617
10 513.725 716.496 5 3.85656 -67.6137 -133.171
11 514.144 716.769 5 3.46861 -57.3642 -105.49
12 514.564 717.041 5 3.11278 -101.448 -173.927
13 514.983 717.313 5 2.80136 -89.9866 -54.1418
14 509.679 714.465 5 7.80349 -64.022 -89.1337
15 510.098 714.737 5 7.31797 -67.1649 -35.6332
16 510.517 715.009 5 6.83453 -63.4724 168.47
17 510.937 715.282 5 6.35366 -64.3715 -64.4986
18 511.356 715.554 5 5.87598 -63.1726 54.3365
19 511.775 715.826 5 5.40234 -65.3114 133.539
20 512.195 716.099 5 4.93391 -58.0352 6.61196
21 512.614 716.371 5 4.47232 -52.58 -95.3411
22 513.033 716.643 5 4.01992 -69.3497 62.5031
23 513.453 716.916 5 3.58022 -53.017 178.352
24 513.872 717.188 5 3.1585 -56.9873 113.259
25 514.291 717.46 5 2.76302 -51.6518 81.3592
26 514.711 717.733 5 2.40675 -48.3871 13.0939
27 509.406 714.884 5 7.7032 -69.146 143.769
28 509.826 715.156 5 7.21093 -67.6709 -23.9531
29 510.245 715.429 5 6.7198 -63.9059 141.508
30 510.664 715.701 5 6.23007 -67.3509 -153.066
31 511.084 715.973 5 5.74212 -65.7507 76.0466
32 511.503 716.246 5 5.25644 -64.5502 124.476
33 511.922 716.518 5 4.77371 -61.2422 89.1259
34 512.342 716.79 5 4.29494 -61.3032 4.7338
35 512.761 717.063 5 3.8216 -57.2874 -55.0125
36 513.18 717.335 5 3.35601 -50.1102 -118.981
37 513.6 717.607 5 2.90189 -57.438 54.6085
38 514.019 717.88 5 2.46559 -58.0623 32.2263
39 514.438 718.152 5 2.05847 -58.8234 -40.7405
40 509.134 715.303 5 7.63441 -60.5717 156.6
41 509.553 715.576 5 7.13739 -64.636 -55.8901
42 509.973 715.848 5 6.64082 -66.8764 110.474
43 510.392 716.12 5 6.14481 -68.7315 106.773
44 510.811 716.393 5 5.6495 -69.6585 27.7271
45 511.231 716.665 5 5.1551 -66.7255 -103.582
46 511.65 716.937 5 4.66189 -66.4189 -27.6637
47 512.069 717.21 5 4.17029 -61.1052 -14.6296
48 512.489 717.482 5 3.68097 -62.6522 33.248
49 512.908 717.754 5 3.19495 -68.2161 47.6426
50 513.327 718.027 5 2.71401 -69.4706 -22.9858
51 513.747 718.299 5 2.24143 -56.2092 173.553
52 514.166 718.571 5 1.78387 -51.3868 21.9075
53 508.862 715.723 5 7.59796 -61.0207 62.652
54 509.281 715.995 5 7.09839 -65.7041 -1.03534
55 509.7 716.267 5 6.59889 -66.2833 -10.1439
56 510.12 716.54 5 6.09947 -65.4533 46.7651
57 510.539 716.812 5 5.60015 -71.5141 -35.9228
58 510.958 717.084 5 5.10097 -63.2755 74.3313
59 511.378 717.357 5 4.60196 -73.4633 -129.639
60 511.797 717.629 5 4.10319 -75.4657 86.558
61 512.216 717.901 5 3.60477 -62.2315 6.98965
62 512.636 718.174 5 3.10685 -66.058 -26.8685
63 513.055 718.446 5 2.60973 -64.2458 34.1047
64 513.474 718.718 5 2.11397 -66.6444 106.015
65 513.894 718.991 5 1.62082 -45.591 4.17309
66 508.589 716.142 5 7.59433 -67.0597 142.731
67 509.009 716.414 5 7.09451 -66.1936 72.216
68 509.428 716.687 5 6.59471 -70.1269 158.514
69 509.847 716.959 5 6.09495 -63.9602 25.6634
70 510.267 717.231 5 5.59523 -65.8654 -34.3087
71 510.686 717.504 5 5.09556 -65.8407 -34.7063
72 511.105 717.776 5 4.59597 -66.4175 -77.7682
73 511.525 718.048 5 4.09647 -61.6116 7.40256
74 511.944 718.321 5 3.59712 -64.7872 -62.8159
75 512.363 718.593 5 3.09797 -61.7647 -154.293
76 512.783 718.865 5 2.59915 -52.0613 8.33222
77 513.202 719.138 5 2.10089 -46.5745 178.798
78 513.621 719.41 5 1.60372 -58.4352 -138.823
79 510.414 717.923 5 5.13903 -61.0202 42.7423
80 510.833 718.195 5 4.64411 -62.2744 -35.9821
81 511.672 718.74 5 3.65843 -55.4487 53.3386
82 512.091 719.012 5 3.16895 -62.7854 86.9123
83 512.51 719.285 5 2.68336 -56.6736 48.8882
84 512.93 719.557 5 2.20422 -53.6705 -49.8776
85 513.349 719.829 5 1.73688 -48.984 -86.2775
86 510.141 718.342 5 5.23015 -80.5252 93.5354
87 510.561 718.615 5 4.74475 -72.1051 0.322069
88 511.399 719.159 5 3.78536 -54.2202 55.1363
89 511.819 719.432 5 3.31468 -58.3368 -22.9411
90 512.238 719.704 5 2.854 -54.9901 -45.7232
91 512.657 719.976 5 2.40904 -59.1923 72.987
92 513.077 720.249 5 1.99038 -44.3525 -90.7396
93 509.869 718.762 5 5.3665 -81.4343 67.8844
94 510.288 719.034 5 4.89464 -79.7098 8.24708
95 511.127 719.579 5 3.97163 -58.7683 -120.113
96 511.546 719.851 5 3.5259 -46.6729 61.9097
97 511.966 720.123 5 3.0968 -46.3474 -17.2771
98 512.385 720.396 5 2.69227 -54.0273 -49.6682
99 512.804 720.668 5 2.32519 -53.1367 -97.0608
100 509.597 719.181 5 5.54474 -83.2728 -145.641
101 510.016 719.453 5 5.08944 -78.308 17.0249
102 509.324 719.6 5 5.76099 -81.4876 -145.241
103 509.744 719.873 5 5.32421 -86.1699 37.02
104 509.052 720.02 5 6.01115 -89.1608 -31.1394
105 509.471 720.292 5 5.59393 -91.9189 150.308
