1 509.951 714.045 5 10.1447 -68.989 -32.9352
2 510.37 714.318 5 9.67339 -63.8919 137.657
3 510.79 714.59 5 9.20515 -60.4535 -65.7397
4 511.209 714.862 5 8.74043 -60.7563 -172.361
5 511.628 715.135 5 8.27982 -66.3757 156.307
6 512.048 715.407 5 7.82406 -76.7582 77.023
7 512.467 715.679 5 7.37402 -60.4097 -162.179
8 512.886 715.952 5 6.93084 -76.0237 59.3917
9 513.306 716.224 5 6.49592 -70.254 17.0238
10 513.725 716.496 5 6.07102 -64.652 -132.91
11 514.144 716.769 5 5.65842 -60.6409 -156.925
12 514.564 717.041 5 5.26099 -85.7099 11.2051
13 514.983 717.313 5 4.88246 -98.4395 -128.718
14 509.679 714.465 5 9.99272 -64.2535 108.317
15 510.098 714.737 5 9.51393 -72.8075 -101.964
16 510.517 715.009 5 9.03744 -68.6162 101.177
17 510.937 715.282 5 8.56362 -64.3115 97.6178
18 511.356 715.554 5 8.09296 -62.827 -73.6894
19 511.775 715.826 5 7.62603 -73.3395 -152.466
20 512.195 716.099 5 7.16357 -61.2638 53.0612
21 512.614 716.371 5 6.70649 -64.7435 -40.8913
22 513.033 716.643 5 6.25599 -56.7213 144.607
23 513.453 716.916 5 5.81359 -66.1795 96.8431
24 513.872 717.188 5 5.38128 -71.4787 51.5938
25 514.291 717.46 5 4.96171 -72.5949 -137.811
26 514.711 717.733 5 4.55839 -59.4782 -113.09
27 509.406 714.884 5 9.86382 -65.2575 98.587
28 509.826 715.156 5 9.37845 -69.6062 -148.472
29 510.245 715.429 5 8.8947 -72.2684 52.6687
30 510.664 715.701 5 8.41285 -74.5165 123.642
31 511.084 715.973 5 7.93325 -66.0887 -109.681
32 511.503 716.246 5 7.45633 -64.8498 -147.528
33 511.922 716.518 5 6.98263 -65.4593 177.663
34 512.342 716.79 5 6.51288 -79.099 130.739
35 512.761 717.063 5 6.04797 -70.3478 73.9108
36 513.18 717.335 5 5.58912 -62.0042 -83.1448
37 513.6 717.607 5 5.13796 -55.0195 119.862
38 514.019 717.88 5 4.6967 -63.9258 41.7586
39 514.438 718.152 5 4.26842 -55.1584 76.0388
40 509.134 715.303 5 9.75887 -66.4308 -114.683
41 509.553 715.576 5 9.268 -60.4639 -166.681
42 509.973 715.848 5 8.77817 -56.2635 138.244
43 510.392 716.12 5 8.28955 -61.9054 107.099
44 510.811 716.393 5 7.80237 -67.2136 129.865
45 511.231 716.665 5 7.31692 -76.7231 179.36
46 511.65 716.937 5 6.83357 -72.6533 88.0308
47 512.069 717.21 5 6.3528 -69.2173 27.1909
48 512.489 717.482 5 5.87524 -72.178 76.904
49 512.908 717.754 5 5.40174 -68.4756 -56.326
50 513.327 718.027 5 4.93347 -64.3256 -74.4204
51 513.747 718.299 5 4.47208 -57.8814 -170.419
52 514.166 718.571 5 4.01993 -86.0119 -143.549
53 508.862 715.723 5 9.67863 -65.9733 100.6
54 509.281 715.995 5 9.18348 -61.4795 61.8621
55 509.7 716.267 5 8.68888 -57.8609 50.7637
56 510.12 716.54 5 8.19494 -61.7056 29.7284
57 510.539 716.812 5 7.70178 -59.8106 17.9253
58 510.958 717.084 5 7.20956 -57.8545 -4.19407
59 511.378 717.357 5 6.71849 -57.2412 -24.7701
60 511.797 717.629 5 6.22884 -55.798 -41.5952
61 512.216 717.901 5 5.74098 -84.1537 -81.6921
62 512.636 718.174 5 5.2554 -65.1166 -30.0315
63 513.055 718.446 5 4.7728 -59.4594 -85.4056
64 513.474 718.718 5 4.29418 -60.5327 130.985
65 513.894 718.991 5 3.82104 -49.4593 28.5775
66 508.589 716.142 5 9.62374 -60.5201 -118.775
67 509.009 716.414 5 9.12561 -61.9538 -144.288
68 509.428 716.687 5 8.6277 -59.3743 -69.2646
69 509.847 716.959 5 8.13004 -60.3193 -133.369
70 510.267 717.231 5 7.63269 -57.7574 -124.238
71 510.686 717.504 5 7.1357 -62.4873 -168.179
72 511.105 717.776 5 6.63917 -73.2174 156.355
73 511.525 718.048 5 6.14321 -71.1797 -121.626
74 511.944 718.321 5 5.64795 -63.9756 179.294
75 512.363 718.593 5 5.15361 -54.858 94.5274
76 512.783 718.865 5 4.66048 -48.0105 90.6696
77 513.202 719.138 5 4.16899 -53.664 78.9915
78 513.621 719.41 5 3.67978 -57.3451 59.9376
79 510.414 717.923 5 7.09639 -75.0762 -34.8546
80 510.833 718.195 5 6.5969 -69.8369 -75.3769
81 511.672 718.74 5 5.5982 -50.3312 94.6239
82 512.091 719.012 5 5.09904 -47.736 -89.8759
83 512.51 719.285 5 4.60006 -68.1112 143.285
84 512.93 719.557 5 4.10133 -58.1378 -19.3623
85 513.349 719.829 5 3.60295 -60.889 -42.4814
86 510.141 718.342 5 7.09219 -76.3328 38.2018
87 510.561 718.615 5 6.59239 -91.4894 61.5351
88 511.399 719.159 5 5.59288 -59.5516 62.3092
89 511.819 719.432 5 5.0932 -62.7841 49.3272
90 512.238 719.704 5 4.59359 -54.9012 -22.7223
91 512.657 719.976 5 4.09407 -60.0163 21.8644
92 513.077 720.249 5 3.59468 -61.2305 -58.0976
93 509.869 718.762 5 7.12318 -94.6087 -24.275
94 510.288 719.034 5 6.62571 -81.5015 -158.625
95 511.127 719.579 5 5.63212 -66.2401 -100.818
96 511.546 719.851 5 5.13626 -62.1282 176.001
97 511.966 720.123 5 4.64128 -62.0525 -0.954302
98 512.385 720.396 5 4.14751 -67.1239 -171.162
99 512.804 720.668 5 3.65544 -58.6634 166.345
100 509.597 719.181 5 7.18889 -93.5229 167.156
101 510.016 719.453 5 6.69631 -83.3532 -120.69
102 509.324 719.6 5 7.28839 -100.705 119.2
103 509.744 719.873 5 6.80301 -85.39 -30.7419
104 509.052 720.02 5 7.42032 -82.1269 160.273
105 509.471 720.292 5 6.94417 -87.3585 -151.115
