1 505.473 717.831 5 11.1435 -93.877 -149.241
2 505.747 717.412 5 11.0267 -106.699 62.5493
3 506.02 716.994 5 10.9316 -117.369 79.5622
4 506.294 716.575 5 10.8588 -119.138 56.779
5 506.567 716.157 5 10.8085 -119.38 56.948
6 505.891 718.104 5 10.6607 -98.0439 161.91
7 506.165 717.686 5 10.5386 -98.3437 27.4916
8 506.439 717.267 5 10.4391 -107.741 -146.611
9 506.712 716.849 5 10.3628 -116 -100.972
10 506.986 716.43 5 10.3101 -102.313 136.967
11 506.31 718.378 5 10.1796 -118.751 -8.58079
12 506.584 717.96 5 10.0517 -97.6531 -15.062
13 506.857 717.541 5 9.9473 -99.257 -175.272
14 507.131 717.123 5 9.86715 -97.7353 -13.3875
15 507.404 716.704 5 9.81186 -112.989 21.5547
16 506.728 718.652 5 9.70046 -109.256 63.1598
17 507.002 718.233 5 9.56613 -105.971 58.2936
18 507.276 717.815 5 9.45636 -95.9916 -171.777
19 507.549 717.396 5 9.37202 -101.332 26.3806
20 507.823 716.978 5 9.31379 -103.314 135.553
21 507.147 718.925 5 9.2235 -118.334 -52.052
22 507.421 718.507 5 9.08212 -104.411 95.1136
23 507.694 718.088 5 8.96643 -130.886 -164.818
24 507.968 717.67 5 8.87743 -94.1033 -12.8161
25 508.241 717.251 5 8.81593 -90.867 154.302
26 507.565 719.199 5 8.74911 -102.144 -43.4826
27 507.839 718.78 5 8.59993 -103.448 174.68
28 508.113 718.362 5 8.47766 -107.492 -75.125
29 508.386 717.943 5 8.38348 -108.969 -158.284
30 508.66 717.525 5 8.31833 -93.9779 157.271
31 507.984 719.472 5 8.27774 -105.283 179.113
32 508.258 719.054 5 8.1199 -107.265 14.7055
33 508.531 718.635 5 7.99029 -111.348 -6.5402
34 508.805 718.217 5 7.89029 -110.942 113.534
35 509.078 717.798 5 7.82104 -114.439 4.19262
36 508.402 719.746 5 7.80992 -101.686 -40.4883
37 508.676 719.328 5 7.64244 -118.238 -137.622
38 508.95 718.909 5 7.50458 -250 0
39 509.223 718.491 5 7.39802 -250 0
40 509.497 718.072 5 7.32411 -250 0
