1 514.644 719.84 5 3.64006 -49.0802 -57.9103
2 514.371 720.259 5 3.53553 -48.9333 -114.596
3 514.097 720.678 5 3.5 -52.3179 -18.4617
4 513.824 721.096 5 3.53553 -51.8285 -135.596
5 513.551 721.515 5 3.64006 -46.9933 175.669
6 513.278 721.934 5 3.80789 -50.9669 130.735
7 513.004 722.353 5 4.03113 -50.4771 -34.1467
8 512.731 722.771 5 4.30116 -47.0722 160.998
9 512.458 723.19 5 4.60977 -71.5048 -60.278
10 512.185 723.609 5 4.94975 -53.532 86.4445
11 515.063 720.113 5 3.16228 -44.7791 -121.372
12 514.789 720.532 5 3.04138 -65.3567 120.949
13 514.516 720.951 5 3 -53.8602 -21.162
14 514.243 721.37 5 3.04138 -45.3748 -172.563
15 513.97 721.788 5 3.16228 -58.2718 176.938
16 513.696 722.207 5 3.3541 -50.8938 15.2983
17 513.423 722.626 5 3.60555 -51.3828 101.314
18 513.15 723.045 5 3.90512 -46.8917 -106.48
19 512.877 723.463 5 4.24264 -51.4212 64.5143
20 512.603 723.882 5 4.60977 -60.9175 -2.55715
21 515.481 720.387 5 2.69258 -46.9211 -168.695
22 515.208 720.805 5 2.54951 -47.5691 177.665
23 514.935 721.224 5 2.5 -50.6607 -12.1818
24 514.662 721.643 5 2.54951 -46.6382 -168.329
25 514.388 722.062 5 2.69258 -43.5721 140.383
26 514.115 722.48 5 2.91548 -51.4474 -105.868
27 513.842 722.899 5 3.20156 -49.9555 167.324
28 513.568 723.318 5 3.53553 -52.2351 -131.933
29 513.295 723.737 5 3.90512 -54.3229 -53.4295
30 513.022 724.155 5 4.30116 -67.4991 -27.7467
31 515.9 720.66 5 2.23607 -46.3017 44.7789
32 515.627 721.079 5 2.06155 -47.7564 168.629
33 515.353 721.497 5 2 -52.1724 -5.23679
34 515.08 721.916 5 2.06155 -49.5231 143.694
35 514.807 722.335 5 2.23607 -45.6194 88.0153
36 514.534 722.754 5 2.5 -55.443 -18.8632
37 514.26 723.172 5 2.82843 -58.8359 -146.413
38 513.987 723.591 5 3.20156 -47.0767 129.413
39 516.319 720.933 5 1.80278 -42.7275 -169.382
40 516.045 721.352 5 1.58114 -44.1742 91.5527
41 515.772 721.771 5 1.5 -44.3349 -1.05729
42 515.499 722.189 5 1.58114 -46.8875 135.104
43 515.226 722.608 5 1.80278 -42.5237 -150.571
44 514.952 723.027 5 2.12132 -44.0723 14.7659
45 514.679 723.446 5 2.5 -47.2612 23.7629
46 514.406 723.864 5 2.91548 -48.5812 59.4922
47 516.737 721.206 5 1.41421 -46.7488 168.992
48 516.464 721.625 5 1.11803 -40.2955 66.7848
49 516.191 722.044 5 1 -44.0933 -18.636
50 515.918 722.463 5 1.11803 -39.7053 -1.56026
51 515.644 722.881 5 1.41421 -43.0913 -93.9133
52 515.371 723.3 5 1.80278 -42.5466 -134.369
53 515.098 723.719 5 2.23607 -44.3478 60.2437
54 514.825 724.138 5 2.69258 -52.3326 -47.2538
55 517.156 721.48 5 1.11803 -40.0336 1.30916
56 516.883 721.898 5 0.707107 -35.2418 116.026
57 516.61 722.317 5 0.5 -34.1523 -2.36395
58 516.336 722.736 5 0.707107 -37.8524 129.922
59 516.063 723.155 5 1.11803 -39.4979 3.3934
60 515.79 723.573 5 1.58114 -47.1724 120.912
61 515.517 723.992 5 2.06155 -43.2691 -141.164
62 515.243 724.411 5 2.54951 -66.5966 -140.98
63 517.575 721.753 5 1 -37.7748 -0.917961
64 517.302 722.172 5 0.5 -33.1704 11.2653
65 517.028 722.59 5 0 -55.6674 12.8931
66 516.755 723.009 5 0.5 -33.5233 16.4542
67 516.482 723.428 5 1 -40.6427 19.3046
68 516.209 723.847 5 1.5 -39.8594 14.9762
69 515.935 724.265 5 2 -39.7789 22.9552
70 515.662 724.684 5 2.5 -46.5779 31.0366
71 517.994 722.026 5 1.11803 -42.2901 16.9448
72 517.72 722.445 5 0.707107 -38.2224 115.631
73 517.447 722.864 5 0.5 -34.7569 1.2127
74 517.174 723.282 5 0.707107 -37.9997 118.515
75 516.901 723.701 5 1.11803 -38.0305 17.5043
76 516.627 724.12 5 1.58114 -45.8006 86.9812
77 516.354 724.539 5 2.06155 -49.9125 99.1873
78 516.081 724.957 5 2.54951 -49.5333 -76.3997
