1 505.473 717.831 5 10.2798 -111.102 -34.371
2 505.747 717.412 5 10.2998 -113.668 126.765
3 506.02 716.994 5 10.344 -133.45 -129.35
4 506.294 716.575 5 10.412 -130.904 24.6691
5 506.567 716.157 5 10.5035 -132.24 161.159
6 505.891 718.104 5 9.77983 -111.025 -42.646
7 506.165 717.686 5 9.80089 -126.93 142.68
8 506.439 717.267 5 9.84733 -123.855 -46.2327
9 506.712 716.849 5 9.91878 -136.175 177.61
10 506.986 716.43 5 10.0147 -119.62 142.033
11 506.31 718.378 5 9.2799 -124.407 -162.904
12 506.584 717.96 5 9.3021 -130.917 121.766
13 506.857 717.541 5 9.35101 -125.053 -62.1977
14 507.131 717.123 5 9.42622 -131.849 46.6089
15 507.404 716.704 5 9.52712 -114.196 -157.652
16 506.728 718.652 5 8.77999 -126.894 -14.9095
17 507.002 718.233 5 8.80344 -127.369 -44.3338
18 507.276 717.815 5 8.8551 -123.28 170.722
19 507.549 717.396 5 8.93449 -118.329 153.437
20 507.823 716.978 5 9.04088 -136.765 -153.025
21 507.147 718.925 5 8.28008 -121.198 119.473
22 507.421 718.507 5 8.30494 -120.933 -14.6655
23 507.694 718.088 5 8.35969 -121.172 -81.1117
24 507.968 717.67 5 8.44374 -124.398 179.433
25 508.241 717.251 5 8.55623 -131.482 23.4029
26 507.565 719.199 5 7.78018 -141.388 -114.567
27 507.839 718.78 5 7.80663 -114.441 -127.088
28 508.113 718.362 5 7.86485 -119.041 126.687
29 508.386 717.943 5 7.95413 -112.716 37.023
30 508.66 717.525 5 8.07345 -120.831 -90.2651
31 507.984 719.472 5 7.2803 -126.341 -160.244
32 508.258 719.054 5 7.30856 -136.721 87.0581
33 508.531 718.635 5 7.37071 -142.15 23.5479
34 508.805 718.217 5 7.46591 -137.084 -11.2227
35 509.078 717.798 5 7.5929 -117.918 65.3541
36 508.402 719.746 5 6.78043 -134.034 51.1062
37 508.676 719.328 5 6.81077 -131.635 112.104
38 508.95 718.909 5 6.87742 -250 0
39 509.223 718.491 5 6.97935 -250 0
40 509.497 718.072 5 7.11503 -250 0
