1 505.473 717.831 5 12.8473 -93.9279 109.34
2 505.747 717.412 5 12.8048 -91.5631 -4.08145
3 506.02 716.994 5 12.7818 -101.98 48.2615
4 506.294 716.575 5 12.7783 -102.43 175.783
5 506.567 716.157 5 12.7943 -118.336 179.492
6 505.891 718.104 5 12.3501 -93.2001 53.0918
7 506.165 717.686 5 12.3059 -87.9098 23.5719
8 506.439 717.267 5 12.2819 -93.3762 129.787
9 506.712 716.849 5 12.2783 -124.746 97.4471
10 506.986 716.43 5 12.295 -109.453 40.5162
11 506.31 718.378 5 11.8532 -99.0706 -155.207
12 506.584 717.96 5 11.8071 -88.8434 -5.98279
13 506.857 717.541 5 11.7821 -105.801 121.371
14 507.131 717.123 5 11.7783 -101.158 -58.4296
15 507.404 716.704 5 11.7957 -115.575 -54.6783
16 506.728 718.652 5 11.3565 -109.335 89.2222
17 507.002 718.233 5 11.3085 -105.828 -47.4734
18 507.276 717.815 5 11.2824 -100.469 133.273
19 507.549 717.396 5 11.2784 -103.42 -46.5484
20 507.823 716.978 5 11.2966 -101.358 48.9623
21 507.147 718.925 5 10.8602 -99.064 -140.158
22 507.421 718.507 5 10.8099 -108.426 -94.2117
23 507.694 718.088 5 10.7826 -109.976 101.054
24 507.968 717.67 5 10.7784 -100.726 -68.4119
25 508.241 717.251 5 10.7975 -98.8626 85.3333
26 507.565 719.199 5 10.3642 -124.944 82.1732
27 507.839 718.78 5 10.3115 -117.897 -179.348
28 508.113 718.362 5 10.2829 -105.267 71.7325
29 508.386 717.943 5 10.2785 -109.112 -84.7914
30 508.66 717.525 5 10.2984 -102.59 95.5859
31 507.984 719.472 5 9.86861 -115.181 50.6534
32 508.258 719.054 5 9.81324 -110.963 38.8984
33 508.531 718.635 5 9.78315 -117.268 68.4593
34 508.805 718.217 5 9.77856 -110.628 -135.39
35 509.078 717.798 5 9.79952 -102.085 93.8382
36 508.402 719.746 5 9.37348 -110.964 29.8695
37 508.676 719.328 5 9.31517 -114.276 -97.2583
38 508.95 718.909 5 9.28346 -250 0
39 509.223 718.491 5 9.27863 -250 0
40 509.497 718.072 5 9.30071 -250 0
