1 514.644 719.84 5 3.16228 -43.9181 -70.873
2 514.371 720.259 5 2.69258 -46.0965 132.546
3 514.097 720.678 5 2.23607 -53.0988 81.5174
4 513.824 721.096 5 1.80278 -52.3358 -16.7578
5 513.551 721.515 5 1.41421 -39.2427 98.7742
6 513.278 721.934 5 1.11803 -36.9954 20.5846
7 513.004 722.353 5 1 -44.4196 -42.5733
8 512.731 722.771 5 1.11803 -36.931 35.0856
9 512.458 723.19 5 1.41421 -56.4128 155.544
10 512.185 723.609 5 1.80278 -44.8266 -138.218
11 515.063 720.113 5 3.04138 -46.9277 -94.4284
12 514.789 720.532 5 2.54951 -42.1306 -104.856
13 514.516 720.951 5 2.06155 -47.8406 -126.599
14 514.243 721.37 5 1.58114 -44.6523 119.681
15 513.97 721.788 5 1.11803 -38.6242 2.14296
16 513.696 722.207 5 0.707107 -38.0235 83.2562
17 513.423 722.626 5 0.5 -34.35 -8.96261
18 513.15 723.045 5 0.707107 -38.3607 111.728
19 512.877 723.463 5 1.11803 -38.6253 -9.35747
20 512.603 723.882 5 1.58114 -49.2554 166.761
21 515.481 720.387 5 3 -46.7772 47.8479
22 515.208 720.805 5 2.5 -44.3396 18.6301
23 514.935 721.224 5 2 -44.2829 28.5279
24 514.662 721.643 5 1.5 -41.2724 -15.6332
25 514.388 722.062 5 1 -37.3625 13.63
26 514.115 722.48 5 0.5 -33.6288 13.0059
27 513.842 722.899 5 0 -54.7092 132.818
28 513.568 723.318 5 0.5 -32.5507 4.25998
29 513.295 723.737 5 1 -39.8601 14.2677
30 513.022 724.155 5 1.5 -40.8115 40.4153
31 515.9 720.66 5 3.04138 -49.883 -102.316
32 515.627 721.079 5 2.54951 -58.4581 -60.0492
33 515.353 721.497 5 2.06155 -45.3017 -177.011
34 515.08 721.916 5 1.58114 -42.5251 104.582
35 514.807 722.335 5 1.11803 -39.0983 25.5558
36 514.534 722.754 5 0.707107 -37.6549 112.019
37 514.26 723.172 5 0.5 -34.2923 -2.91946
38 513.987 723.591 5 0.707107 -34.7796 107.451
39 516.319 720.933 5 3.16228 -56.1143 -86.203
40 516.045 721.352 5 2.69258 -51.5375 125.004
41 515.772 721.771 5 2.23607 -43.8161 13.618
42 515.499 722.189 5 1.80278 -42.9336 -178.602
43 515.226 722.608 5 1.41421 -40.4763 -138.95
44 514.952 723.027 5 1.11803 -38.821 35.2427
45 514.679 723.446 5 1 -41.1856 -1.5858
46 514.406 723.864 5 1.11803 -41.5512 -169.706
47 516.737 721.206 5 3.3541 -49.7756 13.1854
48 516.464 721.625 5 2.91548 -51.1097 -121.684
49 516.191 722.044 5 2.5 -47.3637 58.3084
50 515.918 722.463 5 2.12132 -54.4922 72.2213
51 515.644 722.881 5 1.80278 -42.6697 -132.619
52 515.371 723.3 5 1.58114 -43.0274 130.085
53 515.098 723.719 5 1.5 -51.8186 9.33212
54 514.825 724.138 5 1.58114 -41.6826 -140.858
55 517.156 721.48 5 3.60555 -49.1728 62.6998
56 516.883 721.898 5 3.20156 -50.1555 154.461
57 516.61 722.317 5 2.82843 -51.0625 154.491
58 516.336 722.736 5 2.5 -46.3647 -12.4381
59 516.063 723.155 5 2.23607 -55.6315 44.3367
60 515.79 723.573 5 2.06155 -45.9109 177.602
61 515.517 723.992 5 2 -44.4277 -40.3337
62 515.243 724.411 5 2.06155 -40.5358 -57.901
63 517.575 721.753 5 3.90512 -46.482 -152.539
64 517.302 722.172 5 3.53553 -47.3828 -91.7791
65 517.028 722.59 5 3.20156 -47.9432 159.122
66 516.755 723.009 5 2.91548 -52.1555 -110.512
67 516.482 723.428 5 2.69258 -59.4047 119.685
68 516.209 723.847 5 2.54951 -43.8976 168.105
69 515.935 724.265 5 2.5 -53.2607 -12.6791
70 515.662 724.684 5 2.54951 -67.8545 104.341
71 517.994 722.026 5 4.24264 -51.8483 52.3879
72 517.72 722.445 5 3.90512 -49.0976 -149.531
73 517.447 722.864 5 3.60555 -52.0345 -30.7289
74 517.174 723.282 5 3.3541 -48.4408 26.0264
75 516.901 723.701 5 3.16228 -50.0761 -125.356
76 516.627 724.12 5 3.04138 -45.1179 -146.34
77 516.354 724.539 5 3 -46.7846 -8.18871
78 516.081 724.957 5 3.04138 -56 158.958
