1 505.473 717.831 5 11.8075 -105.888 58.7322
2 505.747 717.412 5 11.7825 -108.687 -87.888
3 506.02 716.994 5 11.7788 -110.287 40.2873
4 506.294 716.575 5 11.7962 -106.169 104.585
5 506.567 716.157 5 11.8348 -115.532 121.83
6 505.891 718.104 5 11.3088 -106.688 45.2362
7 506.165 717.686 5 11.2827 -105.709 -81.3652
8 506.439 717.267 5 11.2788 -110.83 89.5754
9 506.712 716.849 5 11.297 -112.712 163.886
10 506.986 716.43 5 11.3373 -110.388 -52.2441
11 506.31 718.378 5 10.8103 -126.547 -58.8635
12 506.584 717.96 5 10.783 -107.555 -83.8569
13 506.857 717.541 5 10.7789 -107.487 83.2496
14 507.131 717.123 5 10.7979 -111.636 -126.208
15 507.404 716.704 5 10.84 -107.997 61.7887
16 506.728 718.652 5 10.3118 -117.708 -131.075
17 507.002 718.233 5 10.2832 -117.501 -156.679
18 507.276 717.815 5 10.2789 -109.16 87.3326
19 507.549 717.396 5 10.2989 -102.497 -42.0456
20 507.823 716.978 5 10.343 -95.5441 3.20703
21 507.147 718.925 5 9.81358 -120.158 82.2288
22 507.421 718.507 5 9.78353 -122.307 -64.3814
23 507.694 718.088 5 9.77899 -105.225 -138.371
24 507.968 717.67 5 9.79998 -95.893 -142.559
25 508.241 717.251 5 9.84636 -101.854 -78.3365
26 507.565 719.199 5 9.31551 -123.819 -100.757
27 507.839 718.78 5 9.28385 -107.839 99.948
28 508.113 718.362 5 9.27906 -124.588 -122.293
29 508.386 717.943 5 9.30118 -123.263 -131.534
30 508.66 717.525 5 9.35003 -116.157 -77.7627
31 507.984 719.472 5 8.81765 -103.714 -11.5567
32 508.258 719.054 5 8.7842 -110.576 75.3848
33 508.531 718.635 5 8.77914 -126.67 -151.425
34 508.805 718.217 5 8.80252 -133.527 -107.056
35 509.078 717.798 5 8.85412 -122.6 -120.389
36 508.402 719.746 5 8.32006 -109.03 -50.432
37 508.676 719.328 5 8.28459 -122.245 34.4181
38 508.95 718.909 5 8.27923 -250 0
39 509.223 718.491 5 8.30402 -250 0
40 509.497 718.072 5 8.3587 -250 0
