1 514.644 719.84 5 0.707107 -35.2144 126.383
2 514.371 720.259 5 0.5 -36.5231 -2.83964
3 514.097 720.678 5 0.707107 -40.9351 124.703
4 513.824 721.096 5 1.11803 -50.8801 10.3709
5 513.551 721.515 5 1.58114 -50.4831 147.354
6 513.278 721.934 5 2.06155 -46.8956 13.3225
7 513.004 722.353 5 2.54951 -48.4778 -96.1472
8 512.731 722.771 5 3.04138 -45.666 -36.7279
9 512.458 723.19 5 3.53553 -61.0398 133.168
10 512.185 723.609 5 4.03113 -52.3498 161.083
11 515.063 720.113 5 0.5 -32.6464 -8.44262
12 514.789 720.532 5 0 -45.826 -163.3
13 514.516 720.951 5 0.5 -32.2953 -9.68952
14 514.243 721.37 5 1 -40.438 -31.3013
15 513.97 721.788 5 1.5 -42.5691 39.7152
16 513.696 722.207 5 2 -44.0542 0.699627
17 513.423 722.626 5 2.5 -52.8596 -20.9815
18 513.15 723.045 5 3 -44.3023 -8.68623
19 512.877 723.463 5 3.5 -50.4186 -58.5509
20 512.603 723.882 5 4 -43.4462 -8.87069
21 515.481 720.387 5 0.707107 -37.3752 110.19
22 515.208 720.805 5 0.5 -34.6691 -16.2263
23 514.935 721.224 5 0.707107 -38.3254 121.719
24 514.662 721.643 5 1.11803 -38.2191 -1.41749
25 514.388 722.062 5 1.58114 -47.2548 116.236
26 514.115 722.48 5 2.06155 -47.17 -141.931
27 513.842 722.899 5 2.54951 -44.0481 -121.677
28 513.568 723.318 5 3.04138 -44.2471 -64.9563
29 513.295 723.737 5 3.53553 -41.3909 -124.045
30 513.022 724.155 5 4.03113 -50.458 -43.7523
31 515.9 720.66 5 1.11803 -40.9586 15.9423
32 515.627 721.079 5 1 -46.6734 -18.1712
33 515.353 721.497 5 1.11803 -39.9278 25.1894
34 515.08 721.916 5 1.41421 -43.8671 -100.028
35 514.807 722.335 5 1.80278 -43.9066 -134.174
36 514.534 722.754 5 2.23607 -45.3547 33.1974
37 514.26 723.172 5 2.69258 -49.4673 151.143
38 513.987 723.591 5 3.16228 -55.6829 -65.388
39 516.319 720.933 5 1.58114 -40.5664 127.359
40 516.045 721.352 5 1.5 -53.3022 49.8009
41 515.772 721.771 5 1.58114 -39.9158 96.6441
42 515.499 722.189 5 1.80278 -42.8245 -176.67
43 515.226 722.608 5 2.12132 -39.8822 4.50078
44 514.952 723.027 5 2.5 -45.0127 29.1725
45 514.679 723.446 5 2.91548 -50.7962 -89.6645
46 514.406 723.864 5 3.3541 -55.422 171.806
47 516.737 721.206 5 2.06155 -40.5989 140.72
48 516.464 721.625 5 2 -51.2551 15.1041
49 516.191 722.044 5 2.06155 -47.0816 168.758
50 515.918 722.463 5 2.23607 -48.7339 68.7758
51 515.644 722.881 5 2.5 -44.2389 38.1748
52 515.371 723.3 5 2.82843 -46.0915 164.238
53 515.098 723.719 5 3.20156 -50.8064 123.72
54 514.825 724.138 5 3.60555 -51.5061 -131.19
55 517.156 721.48 5 2.54951 -60.8059 132.661
56 516.883 721.898 5 2.5 -52.3432 27.4035
57 516.61 722.317 5 2.54951 -53.6855 84.0111
58 516.336 722.736 5 2.69258 -45.3741 -179.554
59 516.063 723.155 5 2.91548 -46.9418 -157.384
60 515.79 723.573 5 3.20156 -52.5332 103.058
61 515.517 723.992 5 3.53553 -48.8183 -83.5711
62 515.243 724.411 5 3.90512 -47.3051 65.3909
63 517.575 721.753 5 3.04138 -45.6929 116.634
64 517.302 722.172 5 3 -60.5317 -117.154
65 517.028 722.59 5 3.04138 -61.2392 164.173
66 516.755 723.009 5 3.16228 -44.4305 -124.363
67 516.482 723.428 5 3.3541 -54.1477 -12.4479
68 516.209 723.847 5 3.60555 -47.9782 93.125
69 515.935 724.265 5 3.90512 -45.4721 -72.6684
70 515.662 724.684 5 4.24264 -55.7315 24.6426
71 517.994 722.026 5 3.53553 -47.6103 -52.0086
72 517.72 722.445 5 3.5 -46.9439 -5.98942
73 517.447 722.864 5 3.53553 -51.0674 -112.084
74 517.174 723.282 5 3.64006 -51.2074 -86.9408
75 516.901 723.701 5 3.80789 -58.3582 -136.845
76 516.627 724.12 5 4.03113 -45.0633 -125.82
77 516.354 724.539 5 4.30116 -55.8467 99.7423
78 516.081 724.957 5 4.60977 -47.0041 50.7821
