1 509.951 714.045 5 8.98009 -73.1536 -20.9895
2 510.37 714.318 5 8.56187 -75.0547 -40.617
3 510.79 714.59 5 8.15287 -82.3904 -130.712
4 511.209 714.862 5 7.75454 -69.5886 41.8786
5 511.628 715.135 5 7.36862 -78.5683 -15.6293
6 512.048 715.407 5 6.99716 -69.8982 83.8548
7 512.467 715.679 5 6.64258 -81.5823 146.932
8 512.886 715.952 5 6.30774 -80.4986 65.8123
9 513.306 716.224 5 5.99593 -72.8715 122.638
10 513.725 716.496 5 5.71094 -73.8956 160.942
11 514.144 716.769 5 5.45697 -77.0164 165.475
12 514.564 717.041 5 5.23852 -112.415 -146.086
13 514.983 717.313 5 5.06022 -109.498 90.5987
14 509.679 714.465 5 8.72278 -81.8601 -97.719
15 510.098 714.737 5 8.29159 -75.0366 170.766
16 510.517 715.009 5 7.86855 -82.7342 163.575
17 510.937 715.282 5 7.45505 -71.0564 164.242
18 511.356 715.554 5 7.05276 -71.9443 124.779
19 511.775 715.826 5 6.66372 -73.1862 11.2406
20 512.195 716.099 5 6.29037 -75.4649 -83.0041
21 512.614 716.371 5 5.93569 -76.6586 89.9861
22 513.033 716.643 5 5.60322 -75.794 81.9615
23 513.453 716.916 5 5.29714 -72.6426 -54.2226
24 513.872 717.188 5 5.02229 -85.6008 -7.76669
25 514.291 717.46 5 4.78404 -74.6556 71.9863
26 514.711 717.733 5 4.5881 -73.1656 48.0086
27 509.406 714.884 5 8.48715 -80.6126 -40.3053
28 509.826 715.156 5 8.04334 -78.9487 133.105
29 510.245 715.429 5 7.60651 -80.5003 -6.46637
30 510.664 715.701 5 7.17793 -88.7673 -66.5797
31 511.084 715.973 5 6.75917 -79.4813 122.18
32 511.503 716.246 5 6.35216 -72.8226 -15.7474
33 511.922 716.518 5 5.95933 -72.6916 90.2238
34 512.342 716.79 5 5.58366 -88.5797 -113.982
35 512.761 717.063 5 5.22885 -66.6272 -113.861
36 513.18 717.335 5 4.89945 -75.2704 -41.1562
37 513.6 717.607 5 4.60089 -70.0697 175.411
38 514.019 717.88 5 4.33957 -75.1305 96.635
39 514.438 718.152 5 4.12256 -76.0415 -89.7313
40 509.134 715.303 5 8.27506 -82.0586 -28.0674
41 509.553 715.576 5 7.81922 -79.2885 -151.318
42 509.973 715.848 5 7.36912 -84.5254 -95.7453
43 510.392 716.12 5 6.92586 -80.1562 -114.193
44 510.811 716.393 5 6.49085 -79.6383 134.879
45 511.231 716.665 5 6.06587 -71.7271 -35.4238
46 511.65 716.937 5 5.65318 -82.8461 -145.472
47 512.069 717.21 5 5.25568 -75.0577 -59.3101
48 512.489 717.482 5 4.87707 -79.4331 -178.644
49 512.908 717.754 5 4.52211 -69.5749 -61.7567
50 513.327 718.027 5 4.1968 -69.103 179.307
51 513.747 718.299 5 3.90855 -69.0189 29.7759
52 514.166 718.571 5 3.66611 -71.0804 -54.3753
53 508.862 715.723 5 8.08835 -80.9158 -90.8756
54 509.281 715.995 5 7.62136 -83.7825 -174.277
55 509.7 716.267 5 7.15882 -95.6516 -154.175
56 510.12 716.54 5 6.70167 -79.9018 -121.873
57 510.539 716.812 5 6.25108 -91.1242 164.198
58 510.958 717.084 5 5.80859 -87.9077 162.894
59 511.378 717.357 5 5.37618 -81.6859 19.4216
60 511.797 717.629 5 4.95651 -74.3405 -28.9607
61 512.216 717.901 5 4.55309 -73.9841 -1.60984
62 512.636 718.174 5 4.17065 -70.9047 -36.3896
63 513.055 718.446 5 3.81549 -72.6553 -35.1333
64 513.474 718.718 5 3.49594 -65.9336 19.3175
65 513.894 718.991 5 3.22262 -70.7766 -173.739
66 508.589 716.142 5 7.92883 -75.4763 -121.052
67 509.009 716.414 5 7.45184 -83.4034 -172.182
68 509.428 716.687 5 6.97808 -84.8697 108.198
69 509.847 716.959 5 6.50825 -83.2602 157.302
70 510.267 717.231 5 6.04325 -84.7572 91.9384
71 510.686 717.504 5 5.58432 -78.3294 68.4218
72 511.105 717.776 5 5.13305 -75.6786 53.2092
73 511.525 718.048 5 4.69168 -72.8874 21.9833
74 511.944 718.321 5 4.26328 -79.8673 0.608713
75 512.363 718.593 5 3.85217 -73.4707 -122.012
76 512.783 718.865 5 3.46451 -59.7056 151.303
77 513.202 719.138 5 3.1091 -61.3727 -115.742
78 513.621 719.41 5 2.79824 -72.3918 -57.9682
79 510.414 717.923 5 5.39717 -96.8002 -33.8119
80 510.833 718.195 5 4.9288 -82.003 -20.3602
81 511.672 718.74 5 4.01502 -61.0825 120.248
82 512.091 719.012 5 3.57548 -61.0042 -124.707
83 512.51 719.285 5 3.154 -63.4885 170.888
84 512.93 719.557 5 2.75887 -78.3713 -26.1256
85 513.349 719.829 5 2.40312 -67.2719 134.704
86 510.141 718.342 5 5.25112 -88.3443 -71.3812
87 510.561 718.615 5 4.76843 -93.8234 -101.569
88 511.399 719.159 5 3.81645 -57.3819 -139.917
89 511.819 719.432 5 3.35096 -50.4391 -100.571
90 512.238 719.704 5 2.89699 -72.2574 -72.7122
91 512.657 719.976 5 2.46094 -64.9629 89.318
92 513.077 720.249 5 2.05423 -63.9544 -81.6221
93 509.869 718.762 5 5.14968 -86.7627 3.97935
94 510.288 719.034 5 4.65648 -94.51 -170.814
95 511.127 719.579 5 3.67561 -88.615 140.435
96 511.546 719.851 5 3.18964 -61.5006 -5.9543
97 511.966 720.123 5 2.70877 -59.7994 89.8858
98 512.385 720.396 5 2.23631 -55.7712 -144.073
99 512.804 720.668 5 1.77897 -53.6541 -39.6752
100 509.597 719.181 5 5.09549 -96.1772 175.216
101 510.016 719.453 5 4.59649 -90.1586 158.968
102 509.324 719.6 5 5.09008 -74.2581 -150.596
103 509.744 719.873 5 4.59049 -78.6402 -108.118
104 509.052 720.02 5 5.13359 -77.3833 -8.19036
105 509.471 720.292 5 4.63869 -81.7848 163.6
