1 514.644 719.84 5 2.23607 -47.5987 34.4451
2 514.371 720.259 5 2.06155 -41.7869 160.078
3 514.097 720.678 5 2 -47.2502 -33.9024
4 513.824 721.096 5 2.06155 -42.853 137.014
5 513.551 721.515 5 2.23607 -45.3275 -69.4929
6 513.278 721.934 5 2.5 -44.6472 -22.0135
7 513.004 722.353 5 2.82843 -43.2347 139.115
8 512.731 722.771 5 3.20156 -45.9748 141.622
9 512.458 723.19 5 3.60555 -48.9348 -104.202
10 512.185 723.609 5 4.03113 -59.0553 -89.0692
11 515.063 720.113 5 1.80278 -43.756 -177.316
12 514.789 720.532 5 1.58114 -39.3123 104.001
13 514.516 720.951 5 1.5 -49.6339 78.5293
14 514.243 721.37 5 1.58114 -41.3714 106.548
15 513.97 721.788 5 1.80278 -42.6115 -131.21
16 513.696 722.207 5 2.12132 -47.6263 -22.031
17 513.423 722.626 5 2.5 -48.4419 -23.8656
18 513.15 723.045 5 2.91548 -46.5922 -118.087
19 512.877 723.463 5 3.3541 -53.8982 53.59
20 512.603 723.882 5 3.80789 -53.519 108.264
21 515.481 720.387 5 1.41421 -43.3011 -135.618
22 515.208 720.805 5 1.11803 -41.4589 36.8053
23 514.935 721.224 5 1 -44.8002 11.2358
24 514.662 721.643 5 1.11803 -38.7449 48.1532
25 514.388 722.062 5 1.41421 -43.7651 -113.621
26 514.115 722.48 5 1.80278 -52.6841 -156.399
27 513.842 722.899 5 2.23607 -44.161 20.5541
28 513.568 723.318 5 2.69258 -48.2624 170.874
29 513.295 723.737 5 3.16228 -48.2458 -127.618
30 513.022 724.155 5 3.64005 -51.9258 -18.1595
31 515.9 720.66 5 1.11803 -37.2769 -8.66636
32 515.627 721.079 5 0.707107 -34.833 106.958
33 515.353 721.497 5 0.5 -33.1699 -3.95177
34 515.08 721.916 5 0.707107 -37.1662 118.98
35 514.807 722.335 5 1.11803 -39.446 -10.3117
36 514.534 722.754 5 1.58114 -50.1606 90.3752
37 514.26 723.172 5 2.06155 -46.4535 -140.737
38 513.987 723.591 5 2.54951 -44.4411 -113.903
39 516.319 720.933 5 1 -34.9637 -36.0555
40 516.045 721.352 5 0.5 -31.5243 4.04015
41 515.772 721.771 5 0 -43.6401 -55.6142
42 515.499 722.189 5 0.5 -34.186 -10.9206
43 515.226 722.608 5 1 -35.7119 -15.7018
44 514.952 723.027 5 1.5 -39.6454 -19.9351
45 514.679 723.446 5 2 -39.5661 -23.9795
46 514.406 723.864 5 2.5 -47.3325 -175.618
47 516.737 721.206 5 1.11803 -47.5843 -48.8179
48 516.464 721.625 5 0.707107 -36.0205 124.26
49 516.191 722.044 5 0.5 -35.5786 -18.6459
50 515.918 722.463 5 0.707107 -37.4811 144.401
51 515.644 722.881 5 1.11803 -47.2213 -15.2803
52 515.371 723.3 5 1.58114 -42.7986 154.819
53 515.098 723.719 5 2.06155 -42.5177 -158.389
54 514.825 724.138 5 2.54951 -47.7122 107.032
55 517.156 721.48 5 1.41421 -45.4075 -145.518
56 516.883 721.898 5 1.11803 -41.5127 39.7334
57 516.61 722.317 5 1 -41.6923 -3.48105
58 516.336 722.736 5 1.11803 -38.3645 10.998
59 516.063 723.155 5 1.41421 -41.8903 -95.7184
60 515.79 723.573 5 1.80278 -41.8113 -169.568
61 515.517 723.992 5 2.23607 -45.7282 73.547
62 515.243 724.411 5 2.69258 -46.6823 -65.9645
63 517.575 721.753 5 1.80278 -41.5927 -175.231
64 517.302 722.172 5 1.58114 -51.3582 95.3581
65 517.028 722.59 5 1.5 -42.3031 -9.0053
66 516.755 723.009 5 1.58114 -45.5587 134.537
67 516.482 723.428 5 1.80278 -43.1159 -114.21
68 516.209 723.847 5 2.12132 -44.8579 23.2736
69 515.935 724.265 5 2.5 -47.0326 20.7658
70 515.662 724.684 5 2.91548 -52.2863 -156.087
71 517.994 722.026 5 2.23607 -42.7657 57.157
72 517.72 722.445 5 2.06155 -46.493 120.683
73 517.447 722.864 5 2 -52.8513 -41.0258
74 517.174 723.282 5 2.06155 -47.012 169.57
75 516.901 723.701 5 2.23607 -43.8506 39.7622
76 516.627 724.12 5 2.5 -47.6548 -21.2539
77 516.354 724.539 5 2.82843 -55.218 -138.581
78 516.081 724.957 5 3.20156 -45.2227 118.617
