1 509.951 714.045 5 11.8967 -65.3013 84.4346
2 510.37 714.318 5 11.4322 -68.5473 -161.963
3 510.79 714.59 5 10.9707 -64.4988 168.07
4 511.209 714.862 5 10.5128 -59.6853 14.3312
5 511.628 715.135 5 10.0589 -68.2609 -122.295
6 512.048 715.407 5 9.6096 -76.3401 87.5371
7 512.467 715.679 5 9.16553 -65.6 18.3569
8 512.886 715.952 5 8.72752 -54.7443 143.884
9 513.306 716.224 5 8.29651 -72.5621 5.51557
10 513.725 716.496 5 7.87367 -63.5335 -100.08
11 514.144 716.769 5 7.46038 -61.9583 175.456
12 514.564 717.041 5 7.05831 -102.001 25.6612
13 514.983 717.313 5 6.66951 -109.229 -155.867
14 509.679 714.465 5 11.7247 -62.2483 -99.9566
15 510.098 714.737 5 11.2531 -62.1611 -92.3097
16 510.517 715.009 5 10.784 -60.943 107.29
17 510.937 715.282 5 10.3178 -68.9073 49.034
18 511.356 715.554 5 9.8549 -72.6472 -30.8203
19 511.775 715.826 5 9.39583 -70.7627 149.016
20 512.195 716.099 5 8.94115 -60.7111 -107.181
21 512.614 716.371 5 8.49157 -69.1994 -121.624
22 513.033 716.643 5 8.04794 -72.9143 50.0406
23 513.453 716.916 5 7.6113 -69.7899 45.2005
24 513.872 717.188 5 7.18293 -61.2881 -18.1262
25 514.291 717.46 5 6.76439 -64.6207 -29.9583
26 514.711 717.733 5 6.35764 -63.0025 118.537
27 509.406 714.884 5 11.5718 -71.7616 149.699
28 509.826 715.156 5 11.0936 -64.6723 -5.23661
29 510.245 715.429 5 10.6175 -60.3405 -73.361
30 510.664 715.701 5 10.1437 -58.9696 174.017
31 511.084 715.973 5 9.67245 -64.3206 36.5486
32 511.503 716.246 5 9.20428 -75.196 0.304155
33 511.922 716.518 5 8.73964 -72.3778 -43.5373
34 512.342 716.79 5 8.27913 -87.5895 163.624
35 512.761 717.063 5 7.82346 -65.7772 -173.374
36 513.18 717.335 5 7.37354 -71.3621 160.326
37 513.6 717.607 5 6.93048 -60.1262 -23.8797
38 514.019 717.88 5 6.4957 -63.7512 75.9927
39 514.438 718.152 5 6.07097 -77.9429 64.6268
40 509.134 715.303 5 11.4387 -66.6889 69.0338
41 509.553 715.576 5 10.9547 -64.7363 19.1792
42 509.973 715.848 5 10.4723 -66.6079 -4.44374
43 510.392 716.12 5 9.99154 -66.3668 -45.4111
44 510.811 716.393 5 9.5128 -61.308 165.983
45 511.231 716.665 5 9.03637 -64.1028 114.824
46 511.65 716.937 5 8.56263 -61.8056 36.9022
47 512.069 717.21 5 8.09204 -61.2681 -23.6107
48 512.489 717.482 5 7.6252 -78.3802 -147.645
49 512.908 717.754 5 7.16284 -65.9326 21.7595
50 513.327 718.027 5 6.70588 -62.4017 167.191
51 513.747 718.299 5 6.25551 -58.764 77.8128
52 514.166 718.571 5 5.81325 -68.9125 -95.0663
53 508.862 715.723 5 11.3261 -69.1496 106.849
54 509.281 715.995 5 10.8371 -68.0094 9.57936
55 509.7 716.267 5 10.3492 -67.3458 32.1276
56 510.12 716.54 5 9.86246 -65.2133 -29.0256
57 510.539 716.812 5 9.37713 -65.5658 -142.226
58 510.958 717.084 5 8.89343 -69.1403 -111.192
59 511.378 717.357 5 8.41164 -59.7769 112.259
60 511.797 717.629 5 7.93211 -60.3559 50.7382
61 512.216 717.901 5 7.45526 -62.5929 -8.25875
62 512.636 718.174 5 6.98165 -59.9962 -54.0927
63 513.055 718.446 5 6.51199 -66.8726 -166.054
64 513.474 718.718 5 6.04719 -77.7575 -148.916
65 513.894 718.991 5 5.58848 -56.5904 -168.731
66 508.589 716.142 5 11.2347 -65.782 4.00735
67 509.009 716.414 5 10.7415 -74.5501 3.79173
68 509.428 716.687 5 10.249 -80.0463 -169.342
69 509.847 716.959 5 9.75732 -62.9967 -156.278
70 510.267 717.231 5 9.26649 -63.3466 -136.17
71 510.686 717.504 5 8.77669 -69.4671 117.205
72 511.105 717.776 5 8.28812 -63.2364 -148.335
73 511.525 718.048 5 7.80099 -60.3091 45.0658
74 511.944 718.321 5 7.3156 -56.7916 23.6053
75 512.363 718.593 5 6.83232 -56.7576 -19.2583
76 512.783 718.865 5 6.35163 -58.375 -82.83
77 513.202 719.138 5 5.87416 -55.8444 155.496
78 513.621 719.41 5 5.40077 -54.9918 127.098
79 510.414 717.923 5 8.68721 -77.0416 69.0863
80 510.833 718.195 5 8.1933 -65.566 -174.237
81 511.672 718.74 5 7.208 -58.7533 11.334
82 512.091 719.012 5 6.71698 -55.21 7.76654
83 512.51 719.285 5 6.22739 -57.1387 -44.0235
84 512.93 719.557 5 5.73959 -69.7206 132.261
85 513.349 719.829 5 5.25409 -53.5314 -120.334
86 510.141 718.342 5 8.62582 -67.9838 -15.754
87 510.561 718.615 5 8.12818 -81.4865 -60.5098
88 511.399 719.159 5 7.13389 -66.3236 -170.98
89 511.819 719.432 5 6.63739 -60.9681 85.6631
90 512.238 719.704 5 6.14146 -68.1575 -7.63622
91 512.657 719.976 5 5.64625 -65.0254 94.0627
92 513.077 720.249 5 5.15196 -66.6935 -70.8796
93 509.869 718.762 5 8.59313 -97.8442 149.403
94 510.288 719.034 5 8.09348 -87.3903 -92.44
95 511.127 719.579 5 7.09434 -70.6983 -80.5322
96 511.546 719.851 5 6.59486 -59.8938 10.1412
97 511.966 720.123 5 6.09547 -67.3077 -69.5574
98 512.385 720.396 5 5.59619 -86.0701 13.579
99 512.804 720.668 5 5.09705 -67.3252 56.0622
100 509.597 719.181 5 8.58948 -92.3187 -31.7301
101 510.016 719.453 5 8.0896 -97.1702 -3.36116
102 509.324 719.6 5 8.61489 -99.7692 -34.5121
103 509.744 719.873 5 8.11658 -94.8843 133.272
104 509.052 720.02 5 8.66911 -104.717 52.7012
105 509.471 720.292 5 8.17411 -97.1973 67.3735
