1 514.644 719.84 5 2.12132 -42.3139 29.6824
2 514.371 720.259 5 1.80278 -75.5801 -103.745
3 514.097 720.678 5 1.58114 -41.7136 104.78
4 513.824 721.096 5 1.5 -42.8542 14.6673
5 513.551 721.515 5 1.58114 -41.8088 -5.64484
6 513.278 721.934 5 1.80278 -47.5158 -165.299
7 513.004 722.353 5 2.12132 -45.9375 6.22416
8 512.731 722.771 5 2.5 -44.4344 10.576
9 512.458 723.19 5 2.91548 -45.5234 78.7045
10 512.185 723.609 5 3.3541 -48.2428 63.1743
11 515.063 720.113 5 1.80278 -42.615 -168.355
12 514.789 720.532 5 1.41421 -44.8734 -89.2068
13 514.516 720.951 5 1.11803 -37.9567 26.7538
14 514.243 721.37 5 1 -42.6559 -21.3671
15 513.97 721.788 5 1.11803 -40.8008 -28.5116
16 513.696 722.207 5 1.41421 -39.3608 -129.285
17 513.423 722.626 5 1.80278 -40.6394 -154.594
18 513.15 723.045 5 2.23607 -51.4525 87.6695
19 512.877 723.463 5 2.69258 -41.9302 151.779
20 512.603 723.882 5 3.16228 -44.4692 -155.265
21 515.481 720.387 5 1.58114 -42.1239 57.8457
22 515.208 720.805 5 1.11803 -44.6454 18.1232
23 514.935 721.224 5 0.707107 -37.275 114.704
24 514.662 721.643 5 0.5 -33.7494 -8.97061
25 514.388 722.062 5 0.707107 -41.5865 118.849
26 514.115 722.48 5 1.11803 -39.1935 0.897296
27 513.842 722.899 5 1.58114 -44.2737 100.259
28 513.568 723.318 5 2.06155 -45.5782 175.833
29 513.295 723.737 5 2.54951 -60.75 -101.667
30 513.022 724.155 5 3.04138 -46.6555 -75.514
31 515.9 720.66 5 1.5 -41.867 6.59782
32 515.627 721.079 5 1 -45.3673 16.0056
33 515.353 721.497 5 0.5 -35.9725 10.0194
34 515.08 721.916 5 0 -54.6673 155.602
35 514.807 722.335 5 0.5 -34.3184 3.0455
36 514.534 722.754 5 1 -38.6129 8.38807
37 514.26 723.172 5 1.5 -47.3409 26.4325
38 513.987 723.591 5 2 -44.3414 7.3473
39 516.319 720.933 5 1.58114 -48.0221 152.656
40 516.045 721.352 5 1.11803 -40.6938 -12.2162
41 515.772 721.771 5 0.707107 -37.1343 115.271
42 515.499 722.189 5 0.5 -32.9802 -1.98738
43 515.226 722.608 5 0.707107 -36.9754 106.34
44 514.952 723.027 5 1.11803 -38.4781 21.5782
45 514.679 723.446 5 1.58114 -46.6224 119.817
46 514.406 723.864 5 2.06155 -49.0798 -87.3879
47 516.737 721.206 5 1.80278 -41.822 -159.784
48 516.464 721.625 5 1.41421 -36.7959 -124.821
49 516.191 722.044 5 1.11803 -40.0461 6.13685
50 515.918 722.463 5 1 -38.1486 -9.29968
51 515.644 722.881 5 1.11803 -39.2945 7.2238
52 515.371 723.3 5 1.41421 -41.4677 -147.117
53 515.098 723.719 5 1.80278 -43.8119 154.807
54 514.825 724.138 5 2.23607 -54.1223 141.049
55 517.156 721.48 5 2.12132 -44.7057 -14.9068
56 516.883 721.898 5 1.80278 -43.6198 -177.839
57 516.61 722.317 5 1.58114 -44.6675 143.402
58 516.336 722.736 5 1.5 -45.5345 -30.7048
59 516.063 723.155 5 1.58114 -44.0192 73.6533
60 515.79 723.573 5 1.80278 -46.6025 177.923
61 515.517 723.992 5 2.12132 -48.272 49.8905
62 515.243 724.411 5 2.5 -50.3722 152.695
63 517.575 721.753 5 2.5 -43.2587 5.87154
64 517.302 722.172 5 2.23607 -51.9986 70.4628
65 517.028 722.59 5 2.06155 -52.9734 167.109
66 516.755 723.009 5 2 -51.5161 -2.58479
67 516.482 723.428 5 2.06155 -50.6023 -172.077
68 516.209 723.847 5 2.23607 -46.414 51.6243
69 515.935 724.265 5 2.5 -48.209 36.7692
70 515.662 724.684 5 2.82843 -55.6125 117.498
71 517.994 722.026 5 2.91548 -49.791 -22.6249
72 517.72 722.445 5 2.69258 -44.6758 -171.066
73 517.447 722.864 5 2.54951 -45.7153 -154.65
74 517.174 723.282 5 2.5 -50.2835 -27.3663
75 516.901 723.701 5 2.54951 -53.7532 -81.3922
76 516.627 724.12 5 2.69258 -43.9337 157.367
77 516.354 724.539 5 2.91548 -43.3982 -123.321
78 516.081 724.957 5 3.20156 -51.5726 114.788
