1 509.951 714.045 5 10.3176 -72.1112 119.874
2 510.37 714.318 5 9.85464 -68.6423 125.166
3 510.79 714.59 5 9.3955 -91.6922 69.6075
4 511.209 714.862 5 8.94074 -69.7459 111.438
5 511.628 715.135 5 8.49108 -66.1283 -40.9791
6 512.048 715.407 5 8.04735 -56.8885 -80.5882
7 512.467 715.679 5 7.6106 -71.8764 112.902
8 512.886 715.952 5 7.18211 -62.3998 -43.33
9 513.306 716.224 5 6.76345 -57.0402 21.485
10 513.725 716.496 5 6.35655 -66.1838 128.901
11 514.144 716.769 5 5.96382 -61.1854 -117.303
12 514.564 717.041 5 5.58826 -108.672 -83.4683
13 514.983 717.313 5 5.23355 -100.434 -17.8925
14 509.679 714.465 5 10.1436 -62.1934 116.919
15 510.098 714.737 5 9.67236 -61.2383 92.7361
16 510.517 715.009 5 9.20412 -55.8509 -0.0981412
17 510.937 715.282 5 8.73942 -62.8716 -10.9865
18 511.356 715.554 5 8.27882 -68.8719 54.7263
19 511.775 715.826 5 7.82306 -60.8967 148.818
20 512.195 716.099 5 7.37304 -74.4619 13.6914
21 512.614 716.371 5 6.92988 -65.6034 -41.8118
22 513.033 716.643 5 6.49497 -64.809 151.762
23 513.453 716.916 5 6.0701 -65.1003 -125.676
24 513.872 717.188 5 5.65753 -64.0201 49.0653
25 514.291 717.46 5 5.26014 -64.3931 -133.174
26 514.711 717.733 5 4.88165 -56.3047 102.748
27 509.406 714.884 5 9.99167 -61.667 -71.3993
28 509.826 715.156 5 9.51288 -58.4933 170.146
29 510.245 715.429 5 9.03639 -54.8272 112.5
30 510.664 715.701 5 8.56258 -60.374 40.5824
31 511.084 715.973 5 8.09193 -56.1654 -51.958
32 511.503 716.246 5 7.62501 -69.7419 -134.002
33 511.922 716.518 5 7.16256 -76.7113 75.1775
34 512.342 716.79 5 6.7055 -62.4117 30.8904
35 512.761 717.063 5 6.25501 -73.4535 21.9677
36 513.18 717.335 5 5.81263 -65.3783 -89.6949
37 513.6 717.607 5 5.38034 -72.7605 90.7574
38 514.019 717.88 5 4.9608 -68.0159 127.055
39 514.438 718.152 5 4.55752 -68.8091 86.7793
40 509.134 715.303 5 9.86276 -65.0123 -78.8608
41 509.553 715.576 5 9.37739 -58.4635 -103.715
42 509.973 715.848 5 8.89364 -65.1028 -168.918
43 510.392 716.12 5 8.4118 -65.1842 130.374
44 510.811 716.393 5 7.9322 -59.7019 69.0285
45 511.231 716.665 5 7.45528 -61.1359 -21.2325
46 511.65 716.937 5 6.9816 -61.1856 -106.259
47 512.069 717.21 5 6.51185 -55.6294 -172.582
48 512.489 717.482 5 6.04695 -74.7528 -155.858
49 512.908 717.754 5 5.58812 -76.4396 81.6672
50 513.327 718.027 5 5.13698 -65.9255 83.2942
51 513.747 718.299 5 4.69575 -60.2513 -141.624
52 514.166 718.571 5 4.26749 -53.7546 -32.5155
53 508.862 715.723 5 9.75779 -67.4427 -126.161
54 509.281 715.995 5 9.26692 -60.3749 -162.499
55 509.7 716.267 5 8.77709 -60.7314 169.414
56 510.12 716.54 5 8.28847 -64.6236 179.95
57 510.539 716.812 5 7.8013 -61.054 111.284
58 510.958 717.084 5 7.31586 -65.4822 50.6139
59 511.378 717.357 5 6.83251 -59.6479 7.14372
60 511.797 717.629 5 6.35174 -58.424 -76.7532
61 512.216 717.901 5 5.87419 -58.7896 -134.158
62 512.636 718.174 5 5.4007 -56.8858 159.492
63 513.055 718.446 5 4.93245 -77.3104 166.909
64 513.474 718.718 5 4.47107 -64.0587 47.8869
65 513.894 718.991 5 4.01895 -61.8331 -7.83941
66 508.589 716.142 5 9.67755 -66.7297 -51.6974
67 509.009 716.414 5 9.18239 -79.7012 176.15
68 509.428 716.687 5 8.6878 -59.2609 95.7986
69 509.847 716.959 5 8.19386 -61.5432 86.4392
70 510.267 717.231 5 7.7007 -57.9727 7.667
71 510.686 717.504 5 7.20848 -63.5742 17.7936
72 511.105 717.776 5 6.71742 -57.6471 19.8923
73 511.525 718.048 5 6.22777 -56.3986 -31.7237
74 511.944 718.321 5 5.73991 -56.1209 -93.1961
75 512.363 718.593 5 5.25434 -54.0849 -141.887
76 512.783 718.865 5 4.77174 -57.801 156.776
77 513.202 719.138 5 4.29313 -51.795 48.8177
78 513.621 719.41 5 3.82001 -54.5156 -9.2656
79 510.414 717.923 5 7.13461 -69.7149 -80.3563
80 510.833 718.195 5 6.63808 -73.5014 -61.4174
81 511.672 718.74 5 5.64686 -55.4456 -103.648
82 512.091 719.012 5 5.15253 -60.8612 168.248
83 512.51 719.285 5 4.6594 -60.1877 148.726
84 512.93 719.557 5 4.16791 -59.4564 13.0572
85 513.349 719.829 5 3.67871 -57.7232 95.9015
86 510.141 718.342 5 7.09529 -81.9091 -179.589
87 510.561 718.615 5 6.5958 -72.7802 -96.4801
88 511.399 719.159 5 5.5971 -57.9936 61.0425
89 511.819 719.432 5 5.09794 -58.9426 -2.90687
90 512.238 719.704 5 4.59897 -61.4487 -154.329
91 512.657 719.976 5 4.10024 -61.702 -28.3888
92 513.077 720.249 5 3.60186 -52.8798 -86.3797
93 509.869 718.762 5 7.0911 -73.3014 67.7588
94 510.288 719.034 5 6.59129 -86.3457 -83.3179
95 511.127 719.579 5 5.59178 -62.5324 -172.026
96 511.546 719.851 5 5.0921 -66.372 -95.2546
97 511.966 720.123 5 4.59249 -62.5556 -94.591
98 512.385 720.396 5 4.09297 -74.8756 109.098
99 512.804 720.668 5 3.59359 -66.1902 -63.5259
100 509.597 719.181 5 7.12209 -87.6298 40.6911
101 510.016 719.453 5 6.62462 -89.0286 -35.1352
102 509.324 719.6 5 7.18781 -92.5335 69.203
103 509.744 719.873 5 6.69523 -82.5565 15.5601
104 509.052 720.02 5 7.28732 -82.1615 -176.728
105 509.471 720.292 5 6.80195 -99.2078 173.195
