1 514.644 719.84 5 4 -65.3952 -83.6903
2 514.371 720.259 5 3.5 -61.4282 -110.996
3 514.097 720.678 5 3 -61.3015 -85.4503
4 513.824 721.096 5 2.5 -68.9286 -80.6308
5 513.551 721.515 5 2 -69.0559 25.4986
6 513.278 721.934 5 1.5 -40.9247 -113.818
7 513.004 722.353 5 1 -44.7115 153.089
8 512.731 722.771 5 0.5 -33.0302 -135.568
9 512.458 723.19 5 0 -24.2197 -78.0279
10 512.185 723.609 5 0.5 -31.3795 -38.4437
11 515.063 720.113 5 4.03113 -67.9599 -179.796
12 514.789 720.532 5 3.53553 -62.156 138.429
13 514.516 720.951 5 3.04138 -56.3101 121.721
14 514.243 721.37 5 2.54951 -55.9301 72.5732
15 513.97 721.788 5 2.06155 -44.6353 62.6127
16 513.696 722.207 5 1.58114 -47.661 -95.5921
17 513.423 722.626 5 1.11803 -41.2547 -131.86
18 513.15 723.045 5 0.707107 -44.4548 33.1645
19 512.877 723.463 5 0.5 -30.7423 -4.07923
20 512.603 723.882 5 0.707107 -40.1868 129.3
21 515.481 720.387 5 4.12311 -63.1672 -163.453
22 515.208 720.805 5 3.64005 -58.9288 130.203
23 514.935 721.224 5 3.16228 -47.3433 96.4639
24 514.662 721.643 5 2.69258 -46.9467 -45.7324
25 514.388 722.062 5 2.23607 -45.1479 -101.236
26 514.115 722.48 5 1.80278 -45.4801 77.0845
27 513.842 722.899 5 1.41421 -51.8917 139.249
28 513.568 723.318 5 1.11803 -45.7921 17.3512
29 513.295 723.737 5 1 -35.9716 10.4296
30 513.022 724.155 5 1.11803 -48.932 84.1396
31 515.9 720.66 5 4.272 -53.7986 176.384
32 515.627 721.079 5 3.80789 -49.0685 -19.5402
33 515.353 721.497 5 3.3541 -55.433 -24.8513
34 515.08 721.916 5 2.91548 -47.9622 83.5366
35 514.807 722.335 5 2.5 -48.7952 -132.342
36 514.534 722.754 5 2.12132 -48.7201 -107.731
37 514.26 723.172 5 1.80278 -52.4224 102.759
38 513.987 723.591 5 1.58114 -48.6422 124.525
39 516.319 720.933 5 4.47214 -63.5023 -81.6884
40 516.045 721.352 5 4.03113 -46.8244 152.122
41 515.772 721.771 5 3.60555 -49.2766 -104.827
42 515.499 722.189 5 3.20156 -53.9009 20.9001
43 515.226 722.608 5 2.82843 -54.3056 74.8733
44 514.952 723.027 5 2.5 -55.0649 -69.7499
45 514.679 723.446 5 2.23607 -54.4865 11.9602
46 514.406 723.864 5 2.06155 -47.6342 29.8735
47 516.737 721.206 5 4.71699 -46.1988 -29.8246
48 516.464 721.625 5 4.30116 -52.8242 61.331
49 516.191 722.044 5 3.90512 -51.7473 -169.349
50 515.918 722.463 5 3.53553 -56.3014 -166.747
51 515.644 722.881 5 3.20156 -58.9863 29.164
52 515.371 723.3 5 2.91548 -62.2018 128.19
53 515.098 723.719 5 2.69258 -55.1162 -147.795
54 514.825 724.138 5 2.54951 -51.2014 62.9858
55 517.156 721.48 5 5 -61.2285 105.504
56 516.883 721.898 5 4.60977 -63.4027 49.3789
57 516.61 722.317 5 4.24264 -53.9444 -75.8207
58 516.336 722.736 5 3.90512 -51.2067 176.297
59 516.063 723.155 5 3.60555 -56.507 6.97639
60 515.79 723.573 5 3.3541 -50.1243 53.494
61 515.517 723.992 5 3.16228 -57.3313 -170.223
62 515.243 724.411 5 3.04138 -49.1511 32.1772
63 517.575 721.753 5 5.31507 -59.0393 94.1314
64 517.302 722.172 5 4.94975 -54.2321 63.0214
65 517.028 722.59 5 4.60977 -65.9749 -42.397
66 516.755 723.009 5 4.30116 -57.2576 -152.101
67 516.482 723.428 5 4.03113 -63.0515 174.46
68 516.209 723.847 5 3.80789 -54.7313 -151.71
69 515.935 724.265 5 3.64006 -65.3977 -101.33
70 515.662 724.684 5 3.53553 -65.7246 78.5354
71 517.994 722.026 5 5.65685 -69.545 -170.578
72 517.72 722.445 5 5.31507 -56.5142 40.1006
73 517.447 722.864 5 5 -60.0933 -85.2857
74 517.174 723.282 5 4.71699 -55.4581 1.79537
75 516.901 723.701 5 4.47214 -51.2744 94.2342
76 516.627 724.12 5 4.272 -56.2149 -105.687
77 516.354 724.539 5 4.12311 -66.5534 -45.4182
78 516.081 724.957 5 4.03113 -66.0057 -168.021
