1 505.473 717.831 5 8.81742 -122.14 39.0122
2 505.747 717.412 5 8.7841 -141.634 98.707
3 506.02 716.994 5 8.77918 -136.288 -91.0425
4 506.294 716.575 5 8.80271 -130.14 -13.7868
5 506.567 716.157 5 8.85445 -136.911 110.669
6 505.891 718.104 5 8.31981 -132.519 -58.5867
7 506.165 717.686 5 8.28449 -137.281 -108.757
8 506.439 717.267 5 8.27928 -118.161 91.0209
9 506.712 716.849 5 8.30422 -142.598 -59.9361
10 506.986 716.43 5 8.35904 -118.631 142.277
11 506.31 718.378 5 7.8225 -132.095 -128.308
12 506.584 717.96 5 7.78493 -124.275 27.1965
13 506.857 717.541 5 7.77938 -129.797 -62.287
14 507.131 717.123 5 7.80592 -131.81 -49.7339
15 507.404 716.704 5 7.86422 -130.619 -52.6343
16 506.728 718.652 5 7.32557 -121.653 -48.5279
17 507.002 718.233 5 7.28543 -142.973 -111.303
18 507.276 717.815 5 7.2795 -151.972 75.5335
19 507.549 717.396 5 7.30785 -119.199 116.998
20 507.823 716.978 5 7.37009 -132.578 170.176
21 507.147 718.925 5 6.82907 -122.923 46.6449
22 507.421 718.507 5 6.786 -132.213 -126.716
23 507.694 718.088 5 6.77963 -132.123 -132.357
24 507.968 717.67 5 6.81007 -132.742 66.8624
25 508.241 717.251 5 6.87682 -124.095 124.124
26 507.565 719.199 5 6.33313 -113.984 89.4828
27 507.839 718.78 5 6.28667 -115.965 -70.1944
28 508.113 718.362 5 6.27979 -133.185 142.262
29 508.386 717.943 5 6.31263 -136.339 170.914
30 508.66 717.525 5 6.38459 -121.559 134.452
31 507.984 719.472 5 5.83789 -116.305 -67.2365
32 508.258 719.054 5 5.78745 -120.539 -30.2234
33 508.531 718.635 5 5.77998 -140.566 -65.7852
34 508.805 718.217 5 5.81564 -136.393 -40.5552
35 509.078 717.798 5 5.89367 -118.88 -112.842
36 508.402 719.746 5 5.34353 -118.74 46.1343
37 508.676 719.328 5 5.28837 -129.665 -170.927
38 508.95 718.909 5 5.28019 -250 0
39 509.223 718.491 5 5.31921 -165.17 -53.6294
40 509.497 718.072 5 5.40441 -250 0
