1 505.473 717.831 5 11.0271 -105.779 -115.358
2 505.747 717.412 5 10.932 -103.71 28.9364
3 506.02 716.994 5 10.8592 -112.609 78.6809
4 506.294 716.575 5 10.809 -107.573 -174.175
5 506.567 716.157 5 10.7817 -115.524 -57.3819
6 505.891 718.104 5 10.539 -105.648 85.8393
7 506.165 717.686 5 10.4395 -110.256 -43.1855
8 506.439 717.267 5 10.3632 -107.411 92.4194
9 506.712 716.849 5 10.3105 -109.234 154.192
10 506.986 716.43 5 10.282 -123.918 -58.799
11 506.31 718.378 5 10.0521 -118.592 -24.7259
12 506.584 717.96 5 9.94771 -107.226 -77.0558
13 506.857 717.541 5 9.86756 -108.637 122.043
14 507.131 717.123 5 9.81228 -108.094 -130.523
15 507.404 716.704 5 9.78226 -109.049 -60.8039
16 506.728 718.652 5 9.56653 -116.47 -91.8515
17 507.002 718.233 5 9.45677 -116.631 28.3826
18 507.276 717.815 5 9.37243 -107.454 19.8283
19 507.549 717.396 5 9.3142 -106.497 -66.7525
20 507.823 716.978 5 9.28258 -108.27 -6.86078
21 507.147 718.925 5 9.08252 -104.351 126.12
22 507.421 718.507 5 8.96683 -116.579 47.1277
23 507.694 718.088 5 8.87784 -127.085 21.9077
24 507.968 717.67 5 8.81634 -106.792 -130.272
25 508.241 717.251 5 8.78293 -113.469 123.523
26 507.565 719.199 5 8.60033 -108.251 -153.109
27 507.839 718.78 5 8.47807 -119.367 -174.839
28 508.113 718.362 5 8.38389 -118.643 -53.669
29 508.386 717.943 5 8.31874 -122.62 82.2698
30 508.66 717.525 5 8.28332 -109.633 100.036
31 507.984 719.472 5 8.1203 -104.842 -115.571
32 508.258 719.054 5 7.99069 -117.513 157.075
33 508.531 718.635 5 7.8907 -121.405 -96.4776
34 508.805 718.217 5 7.82145 -126.064 147.58
35 509.078 717.798 5 7.78377 -114.982 32.8907
36 508.402 719.746 5 7.64283 -112.024 6.84656
37 508.676 719.328 5 7.50498 -111.645 8.76054
38 508.95 718.909 5 7.39843 -250 0
39 509.223 718.491 5 7.32452 -250 0
40 509.497 718.072 5 7.28427 -250 0
