1 514.644 719.84 5 4.60977 -41.7396 95.5015
2 514.371 720.259 5 4.12311 -58.6022 -29.0377
3 514.097 720.678 5 3.64005 -44.5442 -174.529
4 513.824 721.096 5 3.16228 -43.5716 49.8119
5 513.551 721.515 5 2.69258 -44.8922 -51.2275
6 513.278 721.934 5 2.23607 -43.2524 21.6266
7 513.004 722.353 5 1.80278 -41.1938 -139.15
8 512.731 722.771 5 1.41421 -43.8701 -50.8043
9 512.458 723.19 5 1.11803 -50.0203 58.9502
10 512.185 723.609 5 1 -39.3999 7.35126
11 515.063 720.113 5 4.52769 -41.6133 -113.207
12 514.789 720.532 5 4.03113 -55.9072 -12.015
13 514.516 720.951 5 3.53553 -42.0884 -114.922
14 514.243 721.37 5 3.04138 -41.8916 -105.76
15 513.97 721.788 5 2.54951 -43.534 -149.63
16 513.696 722.207 5 2.06155 -60.1356 -54.157
17 513.423 722.626 5 1.58114 -49.1527 146.693
18 513.15 723.045 5 1.11803 -40.3186 -17.0436
19 512.877 723.463 5 0.707107 -34.8432 126.202
20 512.603 723.882 5 0.5 -33.6227 14.9671
21 515.481 720.387 5 4.5 -49.86 -58.3297
22 515.208 720.805 5 4 -43.7874 20.0212
23 514.935 721.224 5 3.5 -46.4452 10.4094
24 514.662 721.643 5 3 -44.0696 -24.0499
25 514.388 722.062 5 2.5 -44.3715 38.0014
26 514.115 722.48 5 2 -44.3253 -0.486585
27 513.842 722.899 5 1.5 -40.7423 38.5047
28 513.568 723.318 5 1 -36.6709 4.20291
29 513.295 723.737 5 0.5 -32.9342 0.988796
30 513.022 724.155 5 0 -37.4573 45.1502
31 515.9 720.66 5 4.52769 -49.7013 -103.048
32 515.627 721.079 5 4.03113 -47.1075 -86.408
33 515.353 721.497 5 3.53553 -47.8568 -70.8641
34 515.08 721.916 5 3.04138 -45.1906 -77.4433
35 514.807 722.335 5 2.54951 -48.2623 -82.6529
36 514.534 722.754 5 2.06155 -47.1846 -117.356
37 514.26 723.172 5 1.58114 -48.5945 144.998
38 513.987 723.591 5 1.11803 -55.9021 39.1479
39 516.319 720.933 5 4.60977 -52.5985 121.956
40 516.045 721.352 5 4.12311 -59.5798 105.729
41 515.772 721.771 5 3.64005 -51.9803 -8.5895
42 515.499 722.189 5 3.16228 -51.7585 -38.7513
43 515.226 722.608 5 2.69258 -57.8447 101.041
44 514.952 723.027 5 2.23607 -55.1438 27.0946
45 514.679 723.446 5 1.80278 -51.9245 -4.36822
46 514.406 723.864 5 1.41421 -70.3928 -81.3844
47 516.737 721.206 5 4.74342 -61.9299 56.2177
48 516.464 721.625 5 4.272 -58.4419 -126.53
49 516.191 722.044 5 3.80789 -50.6239 179.096
50 515.918 722.463 5 3.3541 -62.9265 -1.81786
51 515.644 722.881 5 2.91548 -56.3004 -37.8275
52 515.371 723.3 5 2.5 -58.2743 90.5022
53 515.098 723.719 5 2.12132 -52.9321 91.2373
54 514.825 724.138 5 1.80278 -63.9024 -67.5514
55 517.156 721.48 5 4.92443 -61.9883 -151.4
56 516.883 721.898 5 4.47214 -54.4214 143.581
57 516.61 722.317 5 4.03113 -54.2161 -133.356
58 516.336 722.736 5 3.60555 -59.7684 -96.9704
59 516.063 723.155 5 3.20156 -53.4271 -1.56884
60 515.79 723.573 5 2.82843 -55.9009 -34.2667
61 515.517 723.992 5 2.5 -52.9989 93.7749
62 515.243 724.411 5 2.23607 -57.5188 -58.175
63 517.575 721.753 5 5.14782 -63.4833 -76.1352
64 517.302 722.172 5 4.71699 -51.3917 -4.44098
65 517.028 722.59 5 4.30116 -59.1536 52.8636
66 516.755 723.009 5 3.90512 -54.7052 -162.336
67 516.482 723.428 5 3.53553 -57.9576 -134.124
68 516.209 723.847 5 3.20156 -58.3767 1.39478
69 515.935 724.265 5 2.91548 -56.7231 92.4672
70 515.662 724.684 5 2.69258 -64.7036 144.28
71 517.994 722.026 5 5.40833 -60.0338 144.512
72 517.72 722.445 5 5 -61.0712 -81.0795
73 517.447 722.864 5 4.60977 -63.8563 -134.573
74 517.174 723.282 5 4.24264 -54.4311 42.8376
75 516.901 723.701 5 3.90512 -72.4131 54.0896
76 516.627 724.12 5 3.60555 -53.0035 -121.597
77 516.354 724.539 5 3.3541 -55.5171 -20.1997
78 516.081 724.957 5 3.16228 -53.8205 38.7142
