1 505.473 717.831 5 10.4398 -109.608 -140.409
2 505.747 717.412 5 10.3635 -120.33 90.1343
3 506.02 716.994 5 10.3109 -108.611 -178.719
4 506.294 716.575 5 10.2824 -103.958 -133.959
5 506.567 716.157 5 10.2781 -114.826 -69.1143
6 505.891 718.104 5 9.94804 -110.675 -171.925
7 506.165 717.686 5 9.86792 -109.792 -22.4967
8 506.439 717.267 5 9.81265 -114.756 158.053
9 506.712 716.849 5 9.78266 -117.125 -131.086
10 506.986 716.43 5 9.77818 -111.67 61.3441
11 506.31 718.378 5 9.45709 -116.352 90.2884
12 506.584 717.96 5 9.37278 -110.351 -3.34056
13 506.857 717.541 5 9.31457 -105.019 148.469
14 507.131 717.123 5 9.28298 -113.161 -51.464
15 507.404 716.704 5 9.27825 -110.123 -158.992
16 506.728 718.652 5 8.96715 -115.78 -149.412
17 507.002 718.233 5 8.87818 -117.969 21.6477
18 507.276 717.815 5 8.81671 -110.266 114.87
19 507.549 717.396 5 8.78333 -103.306 60.6261
20 507.823 716.978 5 8.77833 -105.57 112.919
21 507.147 718.925 5 8.47838 -130.812 92.7248
22 507.421 718.507 5 8.38423 -116.901 -165.648
23 507.694 718.088 5 8.31911 -103.713 -17.6458
24 507.968 717.67 5 8.28372 -106.866 -27.9401
25 508.241 717.251 5 8.27843 -114.595 105.519
26 507.565 719.199 5 7.991 -121.851 -137.785
27 507.839 718.78 5 7.89104 -103.062 -153.399
28 508.113 718.362 5 7.82182 -111.532 -83.6507
29 508.386 717.943 5 7.78416 -119.21 175.625
30 508.66 717.525 5 7.77853 -120.565 120.859
31 507.984 719.472 5 7.50528 -100.477 84.45
32 508.258 719.054 5 7.39876 -112.362 141.89
33 508.531 718.635 5 7.32489 -121.608 51.2002
34 508.805 718.217 5 7.28466 -129.003 -17.9743
35 509.078 717.798 5 7.27864 -118.164 -111.543
36 508.402 719.746 5 7.02157 -104.98 7.14434
37 508.676 719.328 5 6.90759 -111.31 -72.3217
38 508.95 718.909 5 6.82841 -147.207 -113.533
39 509.223 718.491 5 6.78524 -250 0
40 509.497 718.072 5 6.77878 -250 0
