1 505.473 717.831 5 12.3501 -90.9588 117.034
2 505.747 717.412 5 12.3059 -95.5874 139.706
3 506.02 716.994 5 12.2819 -96.4199 -25.1686
4 506.294 716.575 5 12.2783 -96.1787 -30.8517
5 506.567 716.157 5 12.295 -96.0647 -90.9575
6 505.891 718.104 5 11.8532 -86.3863 11.4054
7 506.165 717.686 5 11.8071 -100.522 58.7836
8 506.439 717.267 5 11.7821 -92.1032 63.1498
9 506.712 716.849 5 11.7783 -99.6116 -167.028
10 506.986 716.43 5 11.7958 -94.9908 -157.985
11 506.31 718.378 5 11.3565 -106.836 -44.1562
12 506.584 717.96 5 11.3084 -92.874 -110.079
13 506.857 717.541 5 11.2823 -102.691 9.09869
14 507.131 717.123 5 11.2784 -103.563 -159.53
15 507.404 716.704 5 11.2966 -94.6689 -125.582
16 506.728 718.652 5 10.8601 -99.2289 -22.5507
17 507.002 718.233 5 10.8099 -106.829 -116.386
18 507.276 717.815 5 10.7826 -95.7109 23.8202
19 507.549 717.396 5 10.7784 -97.1162 131.685
20 507.823 716.978 5 10.7975 -111.246 -23.4636
21 507.147 718.925 5 10.3641 -101.443 -178.845
22 507.421 718.507 5 10.3115 -110.766 -170.889
23 507.694 718.088 5 10.2828 -90.8838 -63.3963
24 507.968 717.67 5 10.2785 -92.6222 45.1225
25 508.241 717.251 5 10.2985 -106.384 -0.862721
26 507.565 719.199 5 9.86855 -103.767 38.1085
27 507.839 718.78 5 9.8132 -90.4654 136.459
28 508.113 718.362 5 9.78313 -95.8928 -56.5016
29 508.386 717.943 5 9.77857 -109.863 -50.782
30 508.66 717.525 5 9.79954 -122.161 100.129
31 507.984 719.472 5 9.37342 -88.5466 -34.0777
32 508.258 719.054 5 9.31513 -103.344 -22.295
33 508.531 718.635 5 9.28345 -111.167 36.0561
34 508.805 718.217 5 9.27864 -112.161 173.198
35 509.078 717.798 5 9.30074 -109.819 98.3851
36 508.402 719.746 5 8.87884 -104.696 -152.253
37 508.676 719.328 5 8.81728 -122.091 57.8285
38 508.95 718.909 5 8.7838 -250 0
39 509.223 718.491 5 8.77872 -250 0
40 509.497 718.072 5 8.80208 -250 0
