1 505.473 717.831 5 10.86 -107.511 -5.84854
2 505.747 717.412 5 10.8098 -115.36 -135.712
3 506.02 716.994 5 10.7825 -109.953 -57.1671
4 506.294 716.575 5 10.7785 -107.098 46.2511
5 506.567 716.157 5 10.7976 -110.113 99.1216
6 505.891 718.104 5 10.364 -107.95 -39.7851
7 506.165 717.686 5 10.3114 -111.447 143.53
8 506.439 717.267 5 10.2828 -114.802 -74.2998
9 506.712 716.849 5 10.2785 -117.366 1.88634
10 506.986 716.43 5 10.2985 -122.446 -15.7184
11 506.31 718.378 5 9.86838 -122.675 -83.9763
12 506.584 717.96 5 9.8131 -110.658 143.346
13 506.857 717.541 5 9.78309 -108.286 -16.7014
14 507.131 717.123 5 9.77859 -113.373 102.789
15 507.404 716.704 5 9.79963 -114.092 76.5371
16 506.728 718.652 5 9.37324 -131.064 -177.169
17 507.002 718.233 5 9.31502 -118.012 155.017
18 507.276 717.815 5 9.2834 -111.775 -25.4682
19 507.549 717.396 5 9.27866 -108.283 -75.5771
20 507.823 716.978 5 9.30083 -108.998 -57.1133
21 507.147 718.925 5 8.87865 -119.548 -127.306
22 507.421 718.507 5 8.81717 -124.107 105.83
23 507.694 718.088 5 8.78375 -105.139 -169.483
24 507.968 717.67 5 8.77874 -105.663 169.284
25 508.241 717.251 5 8.80217 -111.634 -57.5103
26 507.565 719.199 5 8.3847 -117.359 53.5656
27 507.839 718.78 5 8.31956 -101.229 82.3753
28 508.113 718.362 5 8.28415 -126.241 49.1899
29 508.386 717.943 5 8.27883 -120.824 -128.111
30 508.66 717.525 5 8.30367 -111.498 -54.6593
31 507.984 719.472 5 7.89151 -101.514 -44.9068
32 508.258 719.054 5 7.82227 -128.597 -60.7781
33 508.531 718.635 5 7.78459 -116.609 -111.043
34 508.805 718.217 5 7.77893 -130.33 -106.381
35 509.078 717.798 5 7.80536 -134.238 174.94
36 508.402 719.746 5 7.39924 -118.806 -149.198
37 508.676 719.328 5 7.32534 -116.736 86.6246
38 508.95 718.909 5 7.28509 -250 0
39 509.223 718.491 5 7.27905 -146.556 92.9078
40 509.497 718.072 5 7.30729 -250 0
