1 514.644 719.84 5 0.5 -32.4135 -2.29758
2 514.371 720.259 5 0 -46.3368 149.895
3 514.097 720.678 5 0.5 -32.6627 -7.50923
4 513.824 721.096 5 1 -39.2806 -35.7546
5 513.551 721.515 5 1.5 -39.068 -96.3948
6 513.278 721.934 5 2 -39.6036 155.961
7 513.004 722.353 5 2.5 -36.8122 134.518
8 512.731 722.771 5 3 -37.8215 139.294
9 512.458 723.19 5 3.5 -61.4735 -127.046
10 512.185 723.609 5 4 -66.4681 -83.7982
11 515.063 720.113 5 0.707107 -36.2577 120.851
12 514.789 720.532 5 0.5 -36.3145 -6.90756
13 514.516 720.951 5 0.707107 -41.6913 117.603
14 514.243 721.37 5 1.11803 -42.2574 -2.66982
15 513.97 721.788 5 1.58114 -42.8101 98.9507
16 513.696 722.207 5 2.06155 -49.5985 -81.2747
17 513.423 722.626 5 2.54951 -43.9246 -113.939
18 513.15 723.045 5 3.04138 -43.2927 -49.2264
19 512.877 723.463 5 3.53553 -45.1934 10.2006
20 512.603 723.882 5 4.03113 -52.2265 8.50587
21 515.481 720.387 5 1.11803 -38.0342 16.9933
22 515.208 720.805 5 1 -42.4573 -9.13358
23 514.935 721.224 5 1.11803 -39.2295 -0.924166
24 514.662 721.643 5 1.41421 -37.8267 -117.101
25 514.388 722.062 5 1.80278 -50.1648 -146.832
26 514.115 722.48 5 2.23607 -50.0668 11.6172
27 513.842 722.899 5 2.69258 -44.3399 134.912
28 513.568 723.318 5 3.16228 -61.9013 -79.9842
29 513.295 723.737 5 3.64005 -47.8067 -136.78
30 513.022 724.155 5 4.12311 -63.2537 -38.0803
31 515.9 720.66 5 1.58114 -40.3637 107.289
32 515.627 721.079 5 1.5 -52.4962 -35.594
33 515.353 721.497 5 1.58114 -40.7263 113.946
34 515.08 721.916 5 1.80278 -69.8746 49.4665
35 514.807 722.335 5 2.12132 -47.3891 47.7877
36 514.534 722.754 5 2.5 -43.0463 9.3631
37 514.26 723.172 5 2.91548 -48.4786 -141.033
38 513.987 723.591 5 3.3541 -47.7883 -38.668
39 516.319 720.933 5 2.06155 -44.3766 144.869
40 516.045 721.352 5 2 -58.5155 -117.681
41 515.772 721.771 5 2.06155 -42.0021 150.115
42 515.499 722.189 5 2.23607 -42.4941 27.0482
43 515.226 722.608 5 2.5 -57.2431 -13.6113
44 514.952 723.027 5 2.82843 -47.1884 136.799
45 514.679 723.446 5 3.20156 -45.8907 153.801
46 514.406 723.864 5 3.60555 -52.9331 135.411
47 516.737 721.206 5 2.54951 -46.646 114.473
48 516.464 721.625 5 2.5 -49.2248 111.82
49 516.191 722.044 5 2.54951 -49.1599 87.7231
50 515.918 722.463 5 2.69258 -44.9509 145.336
51 515.644 722.881 5 2.91548 -54.2261 -91.1358
52 515.371 723.3 5 3.20156 -45.9884 119.987
53 515.098 723.719 5 3.53553 -47.416 -112.562
54 514.825 724.138 5 3.90512 -51.4472 107.656
55 517.156 721.48 5 3.04138 -41.5695 156.113
56 516.883 721.898 5 3 -52.8991 53.1046
57 516.61 722.317 5 3.04138 -50.1615 -68.8018
58 516.336 722.736 5 3.16228 -48.4304 -105.586
59 516.063 723.155 5 3.3541 -47.7326 84.8351
60 515.79 723.573 5 3.60555 -57.6496 99.6742
61 515.517 723.992 5 3.90512 -48.3962 -77.2515
62 515.243 724.411 5 4.24264 -48.586 -153.037
63 517.575 721.753 5 3.53553 -49.9057 2.27946
64 517.302 722.172 5 3.5 -44.1716 21.2477
65 517.028 722.59 5 3.53553 -48.1518 -115.221
66 516.755 723.009 5 3.64006 -52.5656 -62.8391
67 516.482 723.428 5 3.80789 -46.9919 165.826
68 516.209 723.847 5 4.03113 -54.4963 -97.2056
69 515.935 724.265 5 4.30116 -51.4573 128.951
70 515.662 724.684 5 4.60977 -55.3516 15.2841
71 517.994 722.026 5 4.03113 -41.7082 35.7033
72 517.72 722.445 5 4 -45.8069 -93.313
73 517.447 722.864 5 4.03113 -51.3194 -71.0664
74 517.174 723.282 5 4.12311 -57.8331 -37.5464
75 516.901 723.701 5 4.272 -45.0134 -92.2021
76 516.627 724.12 5 4.47214 -48.4408 110.457
77 516.354 724.539 5 4.71699 -57.762 103.578
78 516.081 724.957 5 5 -51.7649 -31.9873
