1 514.644 719.84 5 3.80789 -52.9534 90.898
2 514.371 720.259 5 3.3541 -46.1784 -44.4296
3 514.097 720.678 5 2.91548 -51.8228 -110.965
4 513.824 721.096 5 2.5 -44.584 163.583
5 513.551 721.515 5 2.12132 -44.9921 -119.093
6 513.278 721.934 5 1.80278 -48.6014 -140.589
7 513.004 722.353 5 1.58114 -42.1663 93.4062
8 512.731 722.771 5 1.5 -46.8934 -15.1511
9 512.458 723.19 5 1.58114 -46.3135 122.628
10 512.185 723.609 5 1.80278 -46.1283 -151.747
11 515.063 720.113 5 3.64005 -50.0569 -17.961
12 514.789 720.532 5 3.16228 -58.9073 -34.7833
13 514.516 720.951 5 2.69258 -49.0799 171.369
14 514.243 721.37 5 2.23607 -53.4335 61.9358
15 513.97 721.788 5 1.80278 -45.2353 -161.588
16 513.696 722.207 5 1.41421 -42.655 -109.547
17 513.423 722.626 5 1.11803 -43.5009 39.7796
18 513.15 723.045 5 1 -41.1499 -12.4934
19 512.877 723.463 5 1.11803 -42.0076 1.89945
20 512.603 723.882 5 1.41421 -45.7404 -125.174
21 515.481 720.387 5 3.53553 -43.0177 -119.028
22 515.208 720.805 5 3.04138 -44.3505 -154.916
23 514.935 721.224 5 2.54951 -43.9958 -115.373
24 514.662 721.643 5 2.06155 -41.6498 -161.342
25 514.388 722.062 5 1.58114 -47.6104 112.254
26 514.115 722.48 5 1.11803 -40.7292 44.317
27 513.842 722.899 5 0.707107 -34.7494 104.432
28 513.568 723.318 5 0.5 -32.8938 -3.15509
29 513.295 723.737 5 0.707107 -39.338 125.296
30 513.022 724.155 5 1.11803 -56.1745 -13.8137
31 515.9 720.66 5 3.5 -53.2224 -31.6509
32 515.627 721.079 5 3 -57.901 69.0525
33 515.353 721.497 5 2.5 -54.5207 16.6568
34 515.08 721.916 5 2 -46.9646 -14.2083
35 514.807 722.335 5 1.5 -41.2331 16.0698
36 514.534 722.754 5 1 -40.0876 2.76701
37 514.26 723.172 5 0.5 -32.128 11.9189
38 513.987 723.591 5 0 -37.332 15.3621
39 516.319 720.933 5 3.53553 -41.6053 -81.8697
40 516.045 721.352 5 3.04138 -43.9329 -101.046
41 515.772 721.771 5 2.54951 -45.0048 -110.216
42 515.499 722.189 5 2.06155 -46.4216 -157.596
43 515.226 722.608 5 1.58114 -43.0105 154.852
44 514.952 723.027 5 1.11803 -44.6822 -7.8658
45 514.679 723.446 5 0.707107 -35.8805 119.448
46 514.406 723.864 5 0.5 -30.5642 146.647
47 516.737 721.206 5 3.64006 -48.568 -11.545
48 516.464 721.625 5 3.16228 -50.4934 -51.6776
49 516.191 722.044 5 2.69258 -49.5447 160
50 515.918 722.463 5 2.23607 -46.3161 82.7464
51 515.644 722.881 5 1.80278 -44.2082 -166.532
52 515.371 723.3 5 1.41421 -39.3146 -131.612
53 515.098 723.719 5 1.11803 -46.4028 42.4467
54 514.825 724.138 5 1 -42.1599 155.577
55 517.156 721.48 5 3.80789 -54.3285 156.268
56 516.883 721.898 5 3.3541 -51.126 54.4926
57 516.61 722.317 5 2.91548 -52.2591 109.443
58 516.336 722.736 5 2.5 -49.4531 -26.2975
59 516.063 723.155 5 2.12132 -42.2032 -3.11285
60 515.79 723.573 5 1.80278 -44.4351 -109.434
61 515.517 723.992 5 1.58114 -51.2801 118.666
62 515.243 724.411 5 1.5 -35.3169 179.529
63 517.575 721.753 5 4.03113 -51.2815 -147.047
64 517.302 722.172 5 3.60555 -51.902 -25.8588
65 517.028 722.59 5 3.20156 -47.7937 121.826
66 516.755 723.009 5 2.82843 -45.9239 125.865
67 516.482 723.428 5 2.5 -47.322 32.7822
68 516.209 723.847 5 2.23607 -46.6818 0.69219
69 515.935 724.265 5 2.06155 -49.2399 152.883
70 515.662 724.684 5 2 -59.0873 24.1346
71 517.994 722.026 5 4.30116 -59.1402 121.871
72 517.72 722.445 5 3.90512 -64.6446 -102.892
73 517.447 722.864 5 3.53553 -45.0675 -93.8161
74 517.174 723.282 5 3.20156 -48.2054 66.1571
75 516.901 723.701 5 2.91548 -62.0948 -90.6503
76 516.627 724.12 5 2.69258 -55.2575 -154.165
77 516.354 724.539 5 2.54951 -48.1767 -154.867
78 516.081 724.957 5 2.5 -59.5836 -128.217
