1 509.951 714.045 5 9.82085 -84.0517 54.2993
2 510.37 714.318 5 9.46663 -85.4953 76.0885
3 510.79 714.59 5 9.12607 -86.3837 153.936
4 511.209 714.862 5 8.80075 -89.2469 114.986
5 511.628 715.135 5 8.49242 -81.6093 -113.708
6 512.048 715.407 5 8.203 -83.1764 -130.98
7 512.467 715.679 5 7.93456 -81.3016 -34.7781
8 512.886 715.952 5 7.6893 -87.455 -94.5618
9 513.306 716.224 5 7.46949 -80.9144 87.2478
10 513.725 716.496 5 7.27745 -88.6868 65.5121
11 514.144 716.769 5 7.11543 -83.8869 27.2943
12 514.564 717.041 5 6.98552 -119.607 -52.7281
13 514.983 717.313 5 6.88952 -123.939 -74.2249
14 509.679 714.465 5 9.4813 -84.7884 -117.597
15 510.098 714.737 5 9.11389 -88.8669 63.8282
16 510.517 715.009 5 8.75963 -83.588 109.675
17 510.937 715.282 5 8.42016 -83.0681 57.0348
18 511.356 715.554 5 8.09735 -83.7646 33.1154
19 511.775 715.826 5 7.79328 -73.8239 -38.11
20 512.195 716.099 5 7.51021 -77.3269 89.2666
21 512.614 716.371 5 7.2506 -83.5632 2.38262
22 513.033 716.643 5 7.01707 -83.3617 -8.79634
23 513.453 716.916 5 6.81229 -78.7822 -90.3189
24 513.872 717.188 5 6.63893 -95.5527 40.8867
25 514.291 717.46 5 6.49949 -81.3017 -30.2981
26 514.711 717.733 5 6.3962 -89.569 -82.0134
27 509.406 714.884 5 9.15647 -87.5999 134.65
28 509.826 715.156 5 8.77548 -87.1069 117.258
29 510.245 715.429 5 8.40696 -88.8334 7.93483
30 510.664 715.701 5 8.05264 -76.2995 -14.141
31 511.084 715.973 5 7.71447 -78.5442 -72.0901
32 511.503 716.246 5 7.39467 -77.4943 -67.4426
33 511.922 716.518 5 7.09572 -81.0324 -172.122
34 512.342 716.79 5 6.82035 -77.2337 -131.71
35 512.761 717.063 5 6.57155 -97.7547 123.33
36 513.18 717.335 5 6.35242 -83.0462 -16.0991
37 513.6 717.607 5 6.16614 -79.1482 83.8275
38 514.019 717.88 5 6.01576 -87.9927 -36.9973
39 514.438 718.152 5 5.90402 -85.1728 -83.3179
40 509.134 715.303 5 8.84799 -109.351 -124.973
41 509.553 715.576 5 8.4531 -88.5245 -84.8628
42 509.973 715.848 5 8.06988 -84.1734 140.648
43 510.392 716.12 5 7.70007 -89.3971 -40.6424
44 510.811 716.393 5 7.34568 -81.6204 91.5787
45 511.231 716.665 5 7.00907 -82.2429 175.416
46 511.65 716.937 5 6.69292 -83.1169 -156.981
47 512.069 717.21 5 6.40025 -75.3363 5.04731
48 512.489 717.482 5 6.13443 -82.9836 56.9867
49 512.908 717.754 5 5.89909 -93.3792 -48.8056
50 513.327 718.027 5 5.69801 -89.1605 -119.84
51 513.747 718.299 5 5.53492 -92.7531 -72.2736
52 514.166 718.571 5 5.41326 -92.9136 54.5104
53 508.862 715.723 5 8.55762 -90.1826 -176.687
54 509.281 715.995 5 8.14868 -88.0446 114.311
55 509.7 716.267 5 7.75042 -82.5683 98.6475
56 510.12 716.54 5 7.36458 -87.3604 52.9984
57 510.539 716.812 5 6.99321 -85.5067 1.8063
58 510.958 717.084 5 6.63876 -82.3226 -97.4798
59 511.378 717.357 5 6.30406 -79.0612 81.0869
60 511.797 717.629 5 5.99242 -80.3937 -29.4399
61 512.216 717.901 5 5.70764 -79.4703 -91.0315
62 512.636 718.174 5 5.45392 -78.606 -113.99
63 513.055 718.446 5 5.23577 -89.5524 29.356
64 513.474 718.718 5 5.0578 -76.888 59.151
65 513.894 718.991 5 4.92436 -99.1608 -135.144
66 508.589 716.142 5 8.28727 -89.0422 -134.49
67 509.009 716.414 5 7.86428 -83.4016 -89.4105
68 509.428 716.687 5 7.45083 -85.042 -67.8901
69 509.847 716.959 5 7.04862 -92.9006 -138.376
70 510.267 717.231 5 6.65966 -87.6655 -131.743
71 510.686 717.504 5 6.28642 -92.9142 148.981
72 511.105 717.776 5 5.93187 -90.8054 -154.207
73 511.525 718.048 5 5.59956 -84.8986 -81.0469
74 511.944 718.321 5 5.29369 -68.7167 -35.6813
75 512.363 718.593 5 5.01908 -77.6731 -48.0124
76 512.783 718.865 5 4.78113 -77.6364 -64.9649
77 513.202 719.138 5 4.58555 -78.5659 -143.688
78 513.621 719.41 5 4.43794 -93.9738 -23.7715
79 510.414 717.923 5 5.95525 -85.9504 -108.049
80 510.833 718.195 5 5.5797 -90.6545 -17.7731
81 511.672 718.74 5 4.89583 -87.6944 31.1036
82 512.091 719.012 5 4.59752 -70.8039 -178.009
83 512.51 719.285 5 4.3365 -82.3599 111.483
84 512.93 719.557 5 4.11986 -92.5233 111.686
85 513.349 719.829 5 3.95491 -89.2205 -95.0181
86 510.141 718.342 5 5.64898 -94.4519 28.3566
87 510.561 718.615 5 5.25157 -93.1111 -36.5908
88 511.399 719.159 5 4.51831 -87.4077 17.6089
89 511.819 719.432 5 4.19323 -85.3996 13.01
90 512.238 719.704 5 3.90528 -70.4296 12.2045
91 512.657 719.976 5 3.66322 -78.3628 94.3949
92 513.077 720.249 5 3.47667 -76.9172 -26.2817
93 509.869 718.762 5 5.37187 -106.479 32.547
94 510.288 719.034 5 4.95227 -101.122 69.1088
95 511.127 719.579 5 4.16666 -100.849 -92.0284
96 511.546 719.851 5 3.81171 -79.7432 19.934
97 511.966 720.123 5 3.49244 -70.6569 -76.2059
98 512.385 720.396 5 3.2195 -74.9295 141.317
99 512.804 720.668 5 3.00553 -70.4001 63.8006
100 509.597 719.181 5 5.12864 -90.8353 62.7496
101 510.016 719.453 5 4.68732 -86.3676 -0.122652
102 509.324 719.6 5 4.92432 -99.4838 107.841
103 509.744 719.873 5 4.46284 -86.1079 155.456
104 509.052 720.02 5 4.76391 -104.207 -179.095
105 509.471 720.292 5 4.2852 -78.1846 11.8248
