1 505.473 717.831 5 10.8102 -110.41 54.6943
2 505.747 717.412 5 10.783 -114.531 -58.9241
3 506.02 716.994 5 10.7789 -118.712 -3.56206
4 506.294 716.575 5 10.798 -104.541 107.68
5 506.567 716.157 5 10.8401 -110.868 136.598
6 505.891 718.104 5 10.3118 -110.518 12.385
7 506.165 717.686 5 10.2832 -112.296 -154.419
8 506.439 717.267 5 10.2789 -112.498 -4.51682
9 506.712 716.849 5 10.299 -116.112 120.482
10 506.986 716.43 5 10.3431 -115.089 -11.4704
11 506.31 718.378 5 9.81351 -124.387 -170.62
12 506.584 717.96 5 9.7835 -114.426 -150.154
13 506.857 717.541 5 9.779 -112.231 48.5196
14 507.131 717.123 5 9.80004 -115.291 164.939
15 507.404 716.704 5 9.84646 -113.402 57.4318
16 506.728 718.652 5 9.31543 -132.244 -171.545
17 507.002 718.233 5 9.28382 -120.446 -79.4445
18 507.276 717.815 5 9.27907 -111.762 34.6275
19 507.549 717.396 5 9.30124 -102.423 -45.1996
20 507.823 716.978 5 9.35014 -109.006 -36.8041
21 507.147 718.925 5 8.81758 -115.365 -42.4426
22 507.421 718.507 5 8.78417 -119.168 71.6413
23 507.694 718.088 5 8.77915 -102.842 -143.276
24 507.968 717.67 5 8.80258 -102.811 -132.426
25 508.241 717.251 5 8.85423 -116.398 64.5345
26 507.565 719.199 5 8.31998 -123.297 80.0432
27 507.839 718.78 5 8.28456 -102.983 112.462
28 508.113 718.362 5 8.27924 -117.498 170.066
29 508.386 717.943 5 8.30408 -119.737 130.479
30 508.66 717.525 5 8.35881 -115.122 137.212
31 507.984 719.472 5 7.82268 -101.914 -9.92773
32 508.258 719.054 5 7.785 -127.897 34.1114
33 508.531 718.635 5 7.77934 -123.586 139.284
34 508.805 718.217 5 7.80578 -132.755 100.658
35 509.078 717.798 5 7.86397 -131.901 -105.399
36 508.402 719.746 5 7.32575 -113.36 0.386248
37 508.676 719.328 5 7.28551 -127.485 -15.2058
38 508.95 718.909 5 7.27946 -250 0
39 509.223 718.491 5 7.3077 -135.976 168.842
40 509.497 718.072 5 7.36983 -250 0
