1 505.473 717.831 5 12.0064 -92.3446 164.173
2 505.747 717.412 5 11.9191 -95.9187 -37.0353
3 506.02 716.994 5 11.8523 -96.4448 34.4222
4 506.294 716.575 5 11.8063 -91.8233 113.979
5 506.567 716.157 5 11.7813 -96.0356 112.227
6 505.891 718.104 5 11.5164 -93.6015 37.7835
7 506.165 717.686 5 11.4254 -101.329 -58.9638
8 506.439 717.267 5 11.3556 -106.263 67.2266
9 506.712 716.849 5 11.3076 -99.1933 -175.483
10 506.986 716.43 5 11.2815 -90.9905 -111.841
11 506.31 718.378 5 11.0273 -106.03 -54.3454
12 506.584 717.96 5 10.9322 -95.5936 -137.852
13 506.857 717.541 5 10.8593 -102.639 170.6
14 507.131 717.123 5 10.809 -94.0442 -88.0241
15 507.404 716.704 5 10.7817 -97.6124 -28.1799
16 506.728 718.652 5 10.5392 -113.691 -132.907
17 507.002 718.233 5 10.4397 -132.189 0.225797
18 507.276 717.815 5 10.3633 -94.9368 96.0339
19 507.549 717.396 5 10.3106 -101.533 -66.9002
20 507.823 716.978 5 10.282 -96.4252 36.3626
21 507.147 718.925 5 10.0523 -107.844 -109.991
22 507.421 718.507 5 9.94786 -115.807 102.799
23 507.694 718.088 5 9.86768 -114.962 -100.644
24 507.968 717.67 5 9.81235 -103.564 -151.676
25 508.241 717.251 5 9.78229 -100.133 20.811
26 507.565 719.199 5 9.56673 -108.668 -167.756
27 507.839 718.78 5 9.45693 -108.912 -146.213
28 508.113 718.362 5 9.37254 -108.143 50.5447
29 508.386 717.943 5 9.31427 -113.986 -73.769
30 508.66 717.525 5 9.28261 -94.2389 10.4651
31 507.984 719.472 5 9.08273 -115.255 -97.519
32 508.258 719.054 5 8.967 -111.168 7.85482
33 508.531 718.635 5 8.87796 -99.8046 -76.6415
34 508.805 718.217 5 8.81642 -111.915 -108.057
35 509.078 717.798 5 8.78296 -109.768 -166.469
36 508.402 719.746 5 8.60055 -107.981 15.265
37 508.676 719.328 5 8.47825 -112.137 68.6868
38 508.95 718.909 5 8.38402 -159.182 125.254
39 509.223 718.491 5 8.31883 -159.23 31.7296
40 509.497 718.072 5 8.28336 -250 0
