1 514.644 719.84 5 3.5 -60.7341 -10.451
2 514.371 720.259 5 3.53553 -51.3969 -34.5786
3 514.097 720.678 5 3.64006 -45.0535 -11.5279
4 513.824 721.096 5 3.80789 -43.7533 -157.051
5 513.551 721.515 5 4.03113 -49.6616 137.209
6 513.278 721.934 5 4.30116 -53.1713 167.211
7 513.004 722.353 5 4.60977 -61.6225 49.3413
8 512.731 722.771 5 4.94975 -51.9533 83.9265
9 512.458 723.19 5 5.31507 -62.0654 119.442
10 512.185 723.609 5 5.70088 -51.6545 137.475
11 515.063 720.113 5 3 -42.4646 2.347
12 514.789 720.532 5 3.04138 -46.3032 117.292
13 514.516 720.951 5 3.16228 -40.1742 -129.051
14 514.243 721.37 5 3.3541 -43.685 -54.9555
15 513.97 721.788 5 3.60555 -49.8342 48.0842
16 513.696 722.207 5 3.90512 -49.2424 -102.388
17 513.423 722.626 5 4.24264 -48.1286 -48.2599
18 513.15 723.045 5 4.60977 -54.8022 36.8112
19 512.877 723.463 5 5 -55.2372 -108.99
20 512.603 723.882 5 5.40833 -51.5725 -66.5161
21 515.481 720.387 5 2.5 -43.3692 -60.7393
22 515.208 720.805 5 2.54951 -50.5096 -35.3495
23 514.935 721.224 5 2.69258 -42.2539 176.391
24 514.662 721.643 5 2.91548 -44.3582 -142.413
25 514.388 722.062 5 3.20156 -58.5446 -130.299
26 514.115 722.48 5 3.53553 -62.7366 -135.363
27 513.842 722.899 5 3.90512 -48.8837 -148.033
28 513.568 723.318 5 4.30116 -51.6487 -131.358
29 513.295 723.737 5 4.71699 -55.2908 136.337
30 513.022 724.155 5 5.14782 -56.4077 -63.3924
31 515.9 720.66 5 2 -50.8826 58.4547
32 515.627 721.079 5 2.06155 -45.2708 135.682
33 515.353 721.497 5 2.23607 -51.0312 63.719
34 515.08 721.916 5 2.5 -44.6054 5.10624
35 514.807 722.335 5 2.82843 -48.8002 144.48
36 514.534 722.754 5 3.20156 -61.7965 116.877
37 514.26 723.172 5 3.60555 -46.4993 81.2091
38 513.987 723.591 5 4.03113 -51.9432 -138.233
39 516.319 720.933 5 1.5 -40.3867 -64.3894
40 516.045 721.352 5 1.58114 -39.6801 91.5387
41 515.772 721.771 5 1.80278 -41.9315 -176.167
42 515.499 722.189 5 2.12132 -39.8017 -4.16472
43 515.226 722.608 5 2.5 -44.3966 39.507
44 514.952 723.027 5 2.91548 -44.2878 -87.8572
45 514.679 723.446 5 3.3541 -52.1502 9.42389
46 514.406 723.864 5 3.80789 -55.1238 -79.6435
47 516.737 721.206 5 1 -53.4136 -2.58619
48 516.464 721.625 5 1.11803 -39.1882 19.8992
49 516.191 722.044 5 1.41421 -51.3626 174.225
50 515.918 722.463 5 1.80278 -40.36 178.806
51 515.644 722.881 5 2.23607 -47.7019 16.4806
52 515.371 723.3 5 2.69258 -58.4309 163.72
53 515.098 723.719 5 3.16228 -45.7389 -76.2652
54 514.825 724.138 5 3.64005 -57.8366 -95.0176
55 517.156 721.48 5 0.5 -33.3385 22.3806
56 516.883 721.898 5 0.707107 -34.5735 106.748
57 516.61 722.317 5 1.11803 -39.4285 -9.42629
58 516.336 722.736 5 1.58114 -42.9071 122.199
59 516.063 723.155 5 2.06155 -46.4293 168.135
60 515.79 723.573 5 2.54951 -41.7933 -138.578
61 515.517 723.992 5 3.04138 -42.8973 -91.9217
62 515.243 724.411 5 3.53553 -51.5492 35.5299
63 517.575 721.753 5 0 -49.8983 -63.7682
64 517.302 722.172 5 0.5 -30.8444 3.98201
65 517.028 722.59 5 1 -37.9436 -5.73894
66 516.755 723.009 5 1.5 -43.3201 23.2222
67 516.482 723.428 5 2 -44.9201 8.92602
68 516.209 723.847 5 2.5 -46.6702 27.1862
69 515.935 724.265 5 3 -46.4468 35.3944
70 515.662 724.684 5 3.5 -45.6536 26.0836
71 517.994 722.026 5 0.5 -35.9558 2.28508
72 517.72 722.445 5 0.707107 -38.3218 127.059
73 517.447 722.864 5 1.11803 -39.2642 9.54323
74 517.174 723.282 5 1.58114 -39.773 119.16
75 516.901 723.701 5 2.06155 -45.7058 -178.209
76 516.627 724.12 5 2.54951 -50.4161 -115.355
77 516.354 724.539 5 3.04138 -55.9661 -142.706
78 516.081 724.957 5 3.53553 -48.5169 -62.6331
