1 505.473 717.831 5 10.3639 -112.185 -104.857
2 505.747 717.412 5 10.3113 -116.773 55.9283
3 506.02 716.994 5 10.2828 -108.654 -145.625
4 506.294 716.575 5 10.2785 -106.64 -82.5413
5 506.567 716.157 5 10.2986 -112.891 -17.0521
6 505.891 718.104 5 9.86833 -110.64 -167.428
7 506.165 717.686 5 9.81306 -111.999 49.8569
8 506.439 717.267 5 9.78307 -113.683 -152.365
9 506.712 716.849 5 9.77859 -117.295 -52.6204
10 506.986 716.43 5 9.79966 -122.286 173.221
11 506.31 718.378 5 9.37319 -119.239 -52.6932
12 506.584 717.96 5 9.31499 -107.865 46.7033
13 506.857 717.541 5 9.28339 -107.973 -138.758
14 507.131 717.123 5 9.27867 -113.387 -24.0059
15 507.404 716.704 5 9.30086 -111.111 -97.3759
16 506.728 718.652 5 8.87859 -115.385 -127.452
17 507.002 718.233 5 8.81713 -135.297 -116.586
18 507.276 717.815 5 8.78374 -114.353 -165.872
19 507.549 717.396 5 8.77875 -104.499 147.091
20 507.823 716.978 5 8.8022 -105.123 176.276
21 507.147 718.925 5 8.38464 -126.91 138.449
22 507.421 718.507 5 8.31952 -113.812 -105.771
23 507.694 718.088 5 8.28413 -101.754 59.8066
24 507.968 717.67 5 8.27884 -103.124 66.271
25 508.241 717.251 5 8.3037 -116.857 -134.44
26 507.565 719.199 5 7.89144 -126.417 -20.7901
27 507.839 718.78 5 7.82223 -101.313 -79.6698
28 508.113 718.362 5 7.78457 -111 -34.8701
29 508.386 717.943 5 7.77894 -119.987 -147.621
30 508.66 717.525 5 7.8054 -116.087 -164.152
31 507.984 719.472 5 7.39916 -99.0362 161.24
32 508.258 719.054 5 7.3253 -115.87 -131.236
33 508.531 718.635 5 7.28508 -123.089 -97.8808
34 508.805 718.217 5 7.27906 -128.949 -93.4385
35 509.078 717.798 5 7.30733 -116.856 -102.725
36 508.402 719.746 5 6.90799 -116.798 -157.814
37 508.676 719.328 5 6.82882 -118.497 -78.3294
38 508.95 718.909 5 6.78565 -250 0
39 509.223 718.491 5 6.77919 -250 0
40 509.497 718.072 5 6.80954 -250 0
