1 509.951 714.045 5 10.188 -86.9262 -139.916
2 510.37 714.318 5 9.8216 -78.4187 162.997
3 510.79 714.59 5 9.46742 -76.5168 -82.7065
4 511.209 714.862 5 9.12688 -72.9295 92.1228
5 511.628 715.135 5 8.80159 -79.4627 -176.421
6 512.048 715.407 5 8.4933 -78.1293 -12.4387
7 512.467 715.679 5 8.20391 -74.2784 14.2437
8 512.886 715.952 5 7.9355 -73.8897 -58.3363
9 513.306 716.224 5 7.69027 -78.7471 143.033
10 513.725 716.496 5 7.47049 -86.5584 15.1293
11 514.144 716.769 5 7.27848 -85.0668 -57.4357
12 514.564 717.041 5 7.11648 -126.958 110.734
13 514.983 717.313 5 6.98658 -124.63 118.674
14 509.679 714.465 5 9.86107 -91.8851 80.9874
15 510.098 714.737 5 9.48202 -82.5683 4.13738
16 510.517 715.009 5 9.11465 -76.2236 -80.9118
17 510.937 715.282 5 8.76042 -77.1843 151.708
18 511.356 715.554 5 8.42098 -69.4998 -53.6926
19 511.775 715.826 5 8.09821 -77.6415 104.548
20 512.195 716.099 5 7.79416 -75.7048 168.681
21 512.614 716.371 5 7.51113 -72.9821 177.496
22 513.033 716.643 5 7.25156 -74.5576 128.183
23 513.453 716.916 5 7.01806 -74.7976 149.045
24 513.872 717.188 5 6.81331 -83.0086 105.312
25 514.291 717.46 5 6.63997 -80.5865 -72.4979
26 514.711 717.733 5 6.50056 -88.7563 -130.899
27 509.406 714.884 5 9.54912 -80.7825 41.3411
28 509.826 715.156 5 9.15716 -95.378 85.4402
29 510.245 715.429 5 8.7762 -78.6552 90.7446
30 510.664 715.701 5 8.40772 -83.7661 18.407
31 511.084 715.973 5 8.05343 -82.8605 30.2805
32 511.503 716.246 5 7.7153 -73.3217 175.004
33 511.922 716.518 5 7.39553 -72.3018 -39.366
34 512.342 716.79 5 7.09661 -72.439 -12.0106
35 512.761 717.063 5 6.82129 -74.3561 -15.327
36 513.18 717.335 5 6.57252 -81.0026 -157.726
37 513.6 717.607 5 6.35343 -79.7801 49.0362
38 514.019 717.88 5 6.16718 -88.9151 72.0192
39 514.438 718.152 5 6.01682 -78.1024 -0.923311
40 509.134 715.303 5 9.25368 -86.2712 137.203
41 509.553 715.576 5 8.84865 -91.9539 125.675
42 509.973 715.848 5 8.45379 -79.6796 30.1999
43 510.392 716.12 5 8.0706 -89.0909 -21.4935
44 510.811 716.393 5 7.70082 -85.6968 -21.7343
45 511.231 716.665 5 7.34648 -73.8802 -94.6422
46 511.65 716.937 5 7.0099 -74.6787 78.5544
47 512.069 717.21 5 6.69379 -72.721 117.288
48 512.489 717.482 5 6.40116 -71.4159 157.713
49 512.908 717.754 5 6.13538 -76.8554 51.3
50 513.327 718.027 5 5.90008 -78.0966 -141.616
51 513.747 718.299 5 5.69903 -79.2357 91.9406
52 514.166 718.571 5 5.53597 -78.8858 29.2899
53 508.862 715.723 5 8.97638 -98.802 62.9722
54 509.281 715.995 5 8.55824 -86.6376 -137.949
55 509.7 716.267 5 8.14932 -82.4674 136.301
56 510.12 716.54 5 7.7511 -81.8592 106.898
57 510.539 716.812 5 7.36529 -87.3846 100.772
58 510.958 717.084 5 6.99397 -93.3117 -39.4348
59 511.378 717.357 5 6.63955 -70.4089 152.491
60 511.797 717.629 5 6.30489 -80.0308 -18.3843
61 512.216 717.901 5 5.9933 -73.6166 -66.492
62 512.636 718.174 5 5.70857 -77.5109 -40.671
63 513.055 718.446 5 5.45488 -76.1272 118.355
64 513.474 718.718 5 5.23677 -77.1726 114.04
65 513.894 718.991 5 5.05884 -77.9634 -136.681
66 508.589 716.142 5 8.71896 -82.9645 55.9598
67 509.009 716.414 5 8.28784 -92.4791 18.2092
68 509.428 716.687 5 7.86488 -87.3561 -29.6009
69 509.847 716.959 5 7.45147 -80.0513 -44.953
70 510.267 717.231 5 7.04928 -79.8311 -143.423
71 510.686 717.504 5 6.66036 -86.1375 107.117
72 511.105 717.776 5 6.28717 -81.7722 -81.5414
73 511.525 718.048 5 5.93267 -74.4329 19.9345
74 511.944 718.321 5 5.60041 -70.4725 120.857
75 512.363 718.593 5 5.29458 -75.3049 161.585
76 512.783 718.865 5 5.02002 -78.6728 135.622
77 513.202 719.138 5 4.78212 -78.2369 -21.7433
78 513.621 719.41 5 4.58658 -72.53 -4.63717
79 510.414 717.923 5 6.34865 -89.8328 -136.173
80 510.833 718.195 5 5.95595 -83.0508 41.1731
81 511.672 718.74 5 5.22584 -70.4464 -102.346
82 512.091 719.012 5 4.89668 -72.684 -19.2593
83 512.51 719.285 5 4.59842 -73.7366 -66.5838
84 512.93 719.557 5 4.33746 -78.1564 30.2335
85 513.349 719.829 5 4.12087 -73.0757 -155.408
86 510.141 718.342 5 6.06219 -82.4997 -93.4225
87 510.561 718.615 5 5.64962 -91.222 122.911
88 511.399 719.159 5 4.87384 -90.1102 -19.2234
89 511.819 719.432 5 4.51911 -91.4345 22.5335
90 512.238 719.704 5 4.19409 -75.136 98.3961
91 512.657 719.976 5 3.9062 -80.1316 15.9622
92 513.077 720.249 5 3.66421 -72.4524 -153.461
93 509.869 718.762 5 5.80474 -85.0727 70.1434
94 510.288 719.034 5 5.37244 -93.8122 110.701
95 511.127 719.579 5 4.54964 -97.9274 -35.3627
96 511.546 719.851 5 4.1674 -80.4407 23.7061
97 511.966 720.123 5 3.81251 -63.4886 -34.5392
98 512.385 720.396 5 3.49332 -75.2233 -87.5696
99 512.804 720.668 5 3.22046 -70.4792 -113.341
100 509.597 719.181 5 5.58032 -83.1662 -103.628
101 510.016 719.453 5 5.12913 -95.0616 122.775
102 509.324 719.6 5 5.39303 -95.8646 -160.496
103 509.744 719.873 5 4.92472 -88.6537 -136.429
104 509.052 720.02 5 5.24687 -82.1612 -91.7131
105 509.471 720.292 5 4.76421 -89.8716 109.358
