1 509.951 714.045 5 9.99378 -66.0683 114.611
2 510.37 714.318 5 9.51498 -65.3304 120.879
3 510.79 714.59 5 9.03848 -59.125 64.2668
4 511.209 714.862 5 8.56466 -67.1994 152.179
5 511.628 715.135 5 8.09399 -56.7874 -62.6295
6 512.048 715.407 5 7.62705 -69.9634 -107.987
7 512.467 715.679 5 7.16458 -55.4806 -149.992
8 512.886 715.952 5 6.70749 -50.3441 28.7649
9 513.306 716.224 5 6.25697 -61.7299 40.4879
10 513.725 716.496 5 5.81455 -61.3343 -112.955
11 514.144 716.769 5 5.38222 -53.9283 86.912
12 514.564 717.041 5 4.96261 -92.1709 -22.7398
13 514.983 717.313 5 4.55925 -105.425 -134.277
14 509.679 714.465 5 9.86489 -61.3958 59.9335
15 510.098 714.737 5 9.37952 -59.7932 -108.521
16 510.517 715.009 5 8.89576 -68.0705 -94.0095
17 510.937 715.282 5 8.41391 -63.1169 65.2818
18 511.356 715.554 5 7.9343 -65.6896 116.265
19 511.775 715.826 5 7.45737 -55.4315 13.1943
20 512.195 716.099 5 6.98367 -56.8028 -23.9165
21 512.614 716.371 5 6.5139 -64.492 148.899
22 513.033 716.643 5 6.04898 -55.7232 -160.392
23 513.453 716.916 5 5.59012 -52.8048 39.7625
24 513.872 717.188 5 5.13894 -59.8937 9.93259
25 514.291 717.46 5 4.69766 -55.4102 -113.627
26 514.711 717.733 5 4.26934 -53.8321 48.5417
27 509.406 714.884 5 9.75994 -70.0974 -166.67
28 509.826 715.156 5 9.26908 -60.7625 125.5
29 510.245 715.429 5 8.77924 -64.2967 -147.588
30 510.664 715.701 5 8.29062 -72.7804 -34.3285
31 511.084 715.973 5 7.80343 -66.0761 -70.4351
32 511.503 716.246 5 7.31798 -68.996 -99.962
33 511.922 716.518 5 6.83463 -67.608 -42.2102
34 512.342 716.79 5 6.35385 -65.9259 -11.5597
35 512.761 717.063 5 5.87628 -58.9293 -135.251
36 513.18 717.335 5 5.40277 -70.6438 -152.509
37 513.6 717.607 5 4.93449 -60.3477 -153.541
38 514.019 717.88 5 4.47308 -54.164 -6.49645
39 514.438 718.152 5 4.02091 -55.3076 -27.44
40 509.134 715.303 5 9.67972 -63.8004 -83.481
41 509.553 715.576 5 9.18457 -71.0077 -158.863
42 509.973 715.848 5 8.68997 -55.7572 -107.022
43 510.392 716.12 5 8.19602 -62.2689 -102.633
44 510.811 716.393 5 7.70286 -71.088 -85.4434
45 511.231 716.665 5 7.21064 -62.5383 -98.5425
46 511.65 716.937 5 6.71957 -62.4728 -72.2333
47 512.069 717.21 5 6.22992 -66.4652 -42.8299
48 512.489 717.482 5 5.74205 -60.7246 -54.8318
49 512.908 717.754 5 5.25646 -61.6386 -77.6852
50 513.327 718.027 5 4.77385 -58.0947 -173.359
51 513.747 718.299 5 4.29522 -51.6576 138.963
52 514.166 718.571 5 3.82207 -54.907 -171.271
53 508.862 715.723 5 9.62484 -60.834 -45.062
54 509.281 715.995 5 9.1267 -72.1927 56.4957
55 509.7 716.267 5 8.62879 -67.6086 50.0758
56 510.12 716.54 5 8.13113 -68.2517 -24.8665
57 510.539 716.812 5 7.63378 -69.8539 -8.47665
58 510.958 717.084 5 7.13679 -61.2836 -41.2165
59 511.378 717.357 5 6.64026 -65.2308 35.6843
60 511.797 717.629 5 6.14429 -58.5459 -10.0511
61 512.216 717.901 5 5.64904 -74.1479 -100.618
62 512.636 718.174 5 5.15469 -78.7913 76.4073
63 513.055 718.446 5 4.66156 -62.3665 107.247
64 513.474 718.718 5 4.17006 -59.7246 73.3079
65 513.894 718.991 5 3.68085 -60.7308 29.5225
66 508.589 716.142 5 9.59573 -71.1344 -4.26749
67 509.009 716.414 5 9.096 -66.4332 -70.579
68 509.428 716.687 5 8.59631 -65.2487 -20.1877
69 509.847 716.959 5 8.09665 -64.0344 10.7136
70 510.267 717.231 5 7.59704 -62.0666 -11.7585
71 510.686 717.504 5 7.09748 -60.3363 -12.4586
72 511.105 717.776 5 6.598 -64.9929 -160.042
73 511.525 718.048 5 6.09859 -53.8055 -3.98717
74 511.944 718.321 5 5.59929 -55.3335 -60.4281
75 512.363 718.593 5 5.10013 -59.0327 13.8087
76 512.783 718.865 5 4.60115 -56.0884 -10.8448
77 513.202 719.138 5 4.10242 -67.588 60.5938
78 513.621 719.41 5 3.60405 -64.4071 -20.5063
79 510.414 717.923 5 7.09329 -62.7368 30.5134
80 510.833 718.195 5 6.59348 -55.6928 -97.9118
81 511.672 718.74 5 5.59398 -54.0643 109.343
82 512.091 719.012 5 5.09429 -71.6369 -51.9011
83 512.51 719.285 5 4.59468 -58.8415 -62.6603
84 512.93 719.557 5 4.09516 -71.5243 163.689
85 513.349 719.829 5 3.59578 -61.2804 -34.7174
86 510.141 718.342 5 7.12427 -69.4531 102.149
87 510.561 718.615 5 6.6268 -63.1331 -49.4101
88 511.399 719.159 5 5.63321 -60.6277 -103.289
89 511.819 719.432 5 5.13734 -52.1928 -158.13
90 512.238 719.704 5 4.64237 -55.0643 -147.999
91 512.657 719.976 5 4.1486 -57.1455 -175.64
92 513.077 720.249 5 3.65652 -64.1428 -26.8649
93 509.869 718.762 5 7.18997 -81.209 44.5304
94 510.288 719.034 5 6.69739 -99.1586 164.477
95 511.127 719.579 5 5.71607 -65.8791 97.7442
96 511.546 719.851 5 5.22808 -56.5566 20.4173
97 511.966 720.123 5 4.74258 -58.9926 -28.9397
98 512.385 720.396 5 4.26044 -68.2156 167.928
99 512.804 720.668 5 3.78293 -53.0464 58.7461
100 509.597 719.181 5 7.28946 -82.3957 -19.7136
101 510.016 719.453 5 6.80408 -84.3017 -44.777
102 509.324 719.6 5 7.42137 -87.3799 172.345
103 509.744 719.873 5 6.94521 -89.7648 54.6084
104 509.052 720.02 5 7.58401 -96.6246 170.636
105 509.471 720.292 5 7.11874 -89.184 24.1158
