1 514.644 719.84 5 3.3541 -51.6637 16.6782
2 514.371 720.259 5 3.16228 -47.9321 -101.193
3 514.097 720.678 5 3.04138 -49.8505 -160.062
4 513.824 721.096 5 3 -57.5736 -33.5098
5 513.551 721.515 5 3.04138 -50.134 118.919
6 513.278 721.934 5 3.16228 -43.7107 -117.721
7 513.004 722.353 5 3.3541 -47.3509 82.9559
8 512.731 722.771 5 3.60555 -64.8936 -161.369
9 512.458 723.19 5 3.90512 -50.9875 168.899
10 512.185 723.609 5 4.24264 -50.0978 -12.3468
11 515.063 720.113 5 2.91548 -46.0111 -172.637
12 514.789 720.532 5 2.69258 -46.4754 175.052
13 514.516 720.951 5 2.54951 -46.7615 175.406
14 514.243 721.37 5 2.5 -47.0454 -28.1418
15 513.97 721.788 5 2.54951 -51.955 -60.0637
16 513.696 722.207 5 2.69258 -46.3826 150.575
17 513.423 722.626 5 2.91548 -50.0844 -135.017
18 513.15 723.045 5 3.20156 -47.7811 56.6798
19 512.877 723.463 5 3.53553 -53.1856 -84.4753
20 512.603 723.882 5 3.90512 -55.0823 -151.1
21 515.481 720.387 5 2.5 -47.4419 -31.733
22 515.208 720.805 5 2.23607 -65.4332 -95.9514
23 514.935 721.224 5 2.06155 -45.1444 162.006
24 514.662 721.643 5 2 -50.4185 0.683933
25 514.388 722.062 5 2.06155 -45.2701 -151.702
26 514.115 722.48 5 2.23607 -45.7906 4.09531
27 513.842 722.899 5 2.5 -47.0483 -22.1827
28 513.568 723.318 5 2.82843 -42.9739 129.527
29 513.295 723.737 5 3.20156 -45.4811 -174.07
30 513.022 724.155 5 3.60555 -58.3518 -135.407
31 515.9 720.66 5 2.12132 -41.8586 0.11384
32 515.627 721.079 5 1.80278 -46.2822 -168.575
33 515.353 721.497 5 1.58114 -40.5143 128.138
34 515.08 721.916 5 1.5 -48.7023 -20.8744
35 514.807 722.335 5 1.58114 -44.1274 92.1688
36 514.534 722.754 5 1.80278 -54.5809 -154.186
37 514.26 723.172 5 2.12132 -41.8248 5.88831
38 513.987 723.591 5 2.5 -48.2907 -25.9942
39 516.319 720.933 5 1.80278 -47.6263 169.042
40 516.045 721.352 5 1.41421 -46.6804 -112.864
41 515.772 721.771 5 1.11803 -38.0847 8.97937
42 515.499 722.189 5 1 -38.1096 -1.77653
43 515.226 722.608 5 1.11803 -40.7839 18.4592
44 514.952 723.027 5 1.41421 -42.9786 -139.105
45 514.679 723.446 5 1.80278 -49.3223 156.397
46 514.406 723.864 5 2.23607 -50.188 -179.816
47 516.737 721.206 5 1.58114 -49.5133 148.949
48 516.464 721.625 5 1.11803 -43.8912 -12.2176
49 516.191 722.044 5 0.707107 -38.8834 134.447
50 515.918 722.463 5 0.5 -35.1456 -11.9005
51 515.644 722.881 5 0.707107 -38.5086 136.479
52 515.371 723.3 5 1.11803 -44.2067 1.1173
53 515.098 723.719 5 1.58114 -42.6719 134.722
54 514.825 724.138 5 2.06155 -48.0994 120.406
55 517.156 721.48 5 1.5 -39.3913 3.13052
56 516.883 721.898 5 1 -35.8856 -20.6739
57 516.61 722.317 5 0.5 -32.5354 -7.00562
58 516.336 722.736 5 0 -43.0042 -30.9655
59 516.063 723.155 5 0.5 -32.4042 -4.94651
60 515.79 723.573 5 1 -37.5248 -2.01171
61 515.517 723.992 5 1.5 -40.4145 -11.7997
62 515.243 724.411 5 2 -47.9114 176.872
63 517.575 721.753 5 1.58114 -42.9524 136.015
64 517.302 722.172 5 1.11803 -38.4705 -12.5467
65 517.028 722.59 5 0.707107 -37.1696 122.099
66 516.755 723.009 5 0.5 -33.0601 -4.83941
67 516.482 723.428 5 0.707107 -36.3756 113.915
68 516.209 723.847 5 1.11803 -40.0954 -4.72087
69 515.935 724.265 5 1.58114 -48.5495 76.9236
70 515.662 724.684 5 2.06155 -50.5851 -106.052
71 517.994 722.026 5 1.80278 -39.7755 -158.145
72 517.72 722.445 5 1.41421 -38.0149 -126.3
73 517.447 722.864 5 1.11803 -42.4482 26.0116
74 517.174 723.282 5 1 -40.4027 -27.5995
75 516.901 723.701 5 1.11803 -40.1762 21.1626
76 516.627 724.12 5 1.41421 -45.8464 -96.4571
77 516.354 724.539 5 1.80278 -49.2231 -159.107
78 516.081 724.957 5 2.23607 -52.7703 -19.851
