1 505.473 717.831 5 8.80394 -136.946 59.3012
2 505.747 717.412 5 8.85568 -128.569 -153.632
3 506.02 716.994 5 8.93513 -121.77 -99.6836
4 506.294 716.575 5 9.04158 -129.67 72.087
5 506.567 716.157 5 9.17408 -135.577 -109.904
6 505.891 718.104 5 8.30545 -133.656 -133.568
7 506.165 717.686 5 8.36027 -140.517 94.5193
8 506.439 717.267 5 8.44439 -138.335 140.891
9 506.712 716.849 5 8.55694 -124.876 87.2148
10 506.986 716.43 5 8.69683 -131.719 61.4885
11 506.31 718.378 5 7.80715 -129.197 44.3656
12 506.584 717.96 5 7.86544 -139.812 75.9615
13 506.857 717.541 5 7.9548 -151.615 98.6199
14 507.131 717.123 5 8.07418 -136.926 -89.5871
15 507.404 716.704 5 8.22228 -123.327 -30.3339
16 506.728 718.652 5 7.30908 -139.442 -50.979
17 507.002 718.233 5 7.37132 -137.118 8.10207
18 507.276 717.815 5 7.46658 -132.398 -71.869
19 507.549 717.396 5 7.59365 -133.591 43.4935
20 507.823 716.978 5 7.75094 -128.768 146.947
21 507.147 718.925 5 6.8113 -143.493 36.3955
22 507.421 718.507 5 6.87804 -132.681 87.1422
23 507.694 718.088 5 6.98004 -116.029 89.6915
24 507.968 717.67 5 7.1158 -123.365 169.432
25 508.241 717.251 5 7.28342 -129.247 84.9015
26 507.565 719.199 5 6.31387 -129.096 -150.646
27 507.839 718.78 5 6.3858 -152.393 -115.898
28 508.113 718.362 5 6.49554 -129.283 111.514
29 508.386 717.943 5 6.64121 -122.898 157.081
30 508.66 717.525 5 6.8205 -131.968 169.955
31 507.984 719.472 5 5.81687 -113.185 92.9742
32 508.258 719.054 5 5.89488 -127.839 59.992
33 508.531 718.635 5 6.01358 -128.899 99.1482
34 508.805 718.217 5 6.17064 -138.748 -83.0695
35 509.078 717.798 5 6.3632 -123.743 -97.723
36 508.402 719.746 5 5.32044 -131.156 28.8457
37 508.676 719.328 5 5.40562 -127.279 90.9974
38 508.95 718.909 5 5.53483 -250 0
39 509.223 718.491 5 5.70507 -250 0
40 509.497 718.072 5 5.91282 -250 0
