1 505.473 717.831 5 10.6606 -132.564 122.546
2 505.747 717.412 5 10.5385 -127.333 -63.4974
3 506.02 716.994 5 10.439 -118.242 -175.497
4 506.294 716.575 5 10.3627 -115.501 -30.3344
5 506.567 716.157 5 10.3101 -115.092 48.3454
6 505.891 718.104 5 10.1795 -112.046 169.517
7 506.165 717.686 5 10.0516 -113.742 -152.793
8 506.439 717.267 5 9.94722 -111.451 -85.2809
9 506.712 716.849 5 9.8671 -114.805 -85.9746
10 506.986 716.43 5 9.81183 -111.348 -146.282
11 506.31 718.378 5 9.70034 -112.035 -59.1266
12 506.584 717.96 5 9.56603 -117.942 128.963
13 506.857 717.541 5 9.45628 -108.055 -4.76563
14 507.131 717.123 5 9.37196 -111.217 -45.9365
15 507.404 716.704 5 9.31375 -121.889 53.1033
16 506.728 718.652 5 9.22337 -111.936 171.089
17 507.002 718.233 5 9.08201 -108.951 167.692
18 507.276 717.815 5 8.96634 -114.263 89.0854
19 507.549 717.396 5 8.87737 -98.5443 154.689
20 507.823 716.978 5 8.81589 -112.843 65.1654
21 507.147 718.925 5 8.74897 -107.915 -82.6155
22 507.421 718.507 5 8.59982 -106.251 -26.3995
23 507.694 718.088 5 8.47757 -117.444 171.335
24 507.968 717.67 5 8.38341 -104.605 111.582
25 508.241 717.251 5 8.31829 -107.369 -31.6675
26 507.565 719.199 5 8.27759 -107.198 -9.19247
27 507.839 718.78 5 8.11978 -113.031 -9.40847
28 508.113 718.362 5 7.9902 -118.969 92.8536
29 508.386 717.943 5 7.89022 -110.209 -176.376
30 508.66 717.525 5 7.82099 -102.137 -1.56818
31 507.984 719.472 5 7.80977 -103.59 48.5167
32 508.258 719.054 5 7.64231 -124.885 171.385
33 508.531 718.635 5 7.50448 -100.925 -33.8943
34 508.805 718.217 5 7.39795 -104.078 -75.1714
35 509.078 717.798 5 7.32407 -113.868 -143.971
36 508.402 719.746 5 7.34619 -106.763 -21.7243
37 508.676 719.328 5 7.16791 -105.836 165.02
38 508.95 718.909 5 7.02077 -143.812 -170.163
39 509.223 718.491 5 6.90678 -142.844 -118.84
40 509.497 718.072 5 6.82759 -250 0
