1 509.951 714.045 5 9.67095 -68.0456 107.842
2 510.37 714.318 5 9.257 -82.6787 -173.377
3 510.79 714.59 5 8.85194 -76.3923 -109.926
4 511.209 714.862 5 8.45704 -74.3792 -105.965
5 511.628 715.135 5 8.0738 -67.6527 -11.1395
6 512.048 715.407 5 7.70396 -73.0744 -77.1653
7 512.467 715.679 5 7.34955 -69.5087 52.0057
8 512.886 715.952 5 7.01289 -66.0404 42.9101
9 513.306 716.224 5 6.69666 -71.4035 -93.2104
10 513.725 716.496 5 6.40391 -69.1362 92.1995
11 514.144 716.769 5 6.13798 -79.2745 -58.6963
12 514.564 717.041 5 5.90251 -93.949 174.843
13 514.983 717.313 5 5.70126 -117.663 -84.6091
14 509.679 714.465 5 9.40591 -74.7746 -55.9328
15 510.098 714.737 5 8.97975 -73.4494 -91.7568
16 510.517 715.009 5 8.56158 -68.5896 68.3458
17 510.937 715.282 5 8.15263 -65.4333 -171.96
18 511.356 715.554 5 7.75436 -66.5237 48.3537
19 511.775 715.826 5 7.3685 -74.4005 -144.227
20 512.195 716.099 5 6.99711 -74.3589 -127.995
21 512.614 716.371 5 6.64262 -86.8822 -77.7221
22 513.033 716.643 5 6.30786 -69.184 -82.4331
23 513.453 716.916 5 5.99615 -72.9344 147.525
24 513.872 717.188 5 5.71127 -65.2877 -130.857
25 514.291 717.46 5 5.45741 -69.5048 86.3487
26 514.711 717.733 5 5.23909 -66.67 -66.0654
27 509.406 714.884 5 9.16051 -75.9665 158.307
28 509.826 715.156 5 8.72236 -58.5421 -96.2368
29 510.245 715.429 5 8.29122 -71.6301 -179.067
30 510.664 715.701 5 7.86823 -67.7117 -148.241
31 511.084 715.973 5 7.45479 -70.4792 52.6904
32 511.503 716.246 5 7.05256 -70.3167 -90.0599
33 511.922 716.518 5 6.66359 -85.1127 65.9043
34 512.342 716.79 5 6.29032 -83.6278 18.757
35 512.761 717.063 5 5.93573 -70.2802 166.892
36 513.18 717.335 5 5.60336 -76.5259 86.4132
37 513.6 717.607 5 5.29739 -77.2219 2.3737
38 514.019 717.88 5 5.02266 -75.2862 -20.8081
39 514.438 718.152 5 4.78454 -70.6344 -134.998
40 509.134 715.303 5 8.93637 -76.8743 23.0511
41 509.553 715.576 5 8.48666 -72.9976 -33.6909
42 509.973 715.848 5 8.04289 -73.5235 -78.9292
43 510.392 716.12 5 7.60611 -76.1797 -20.1159
44 510.811 716.393 5 7.17758 -70.3405 112.623
45 511.231 716.665 5 6.75887 -72.5359 134.323
46 511.65 716.937 5 6.35194 -75.1467 32.5312
47 512.069 717.21 5 5.95919 -75.9943 -89.5441
48 512.489 717.482 5 5.5836 -75.0985 27.1734
49 512.908 717.754 5 5.2289 -68.6751 21.8841
50 513.327 718.027 5 4.89961 -69.473 29.0574
51 513.747 718.299 5 4.60118 -72.8665 -31.595
52 514.166 718.571 5 4.34 -67.5397 -40.3846
53 508.862 715.723 5 8.73513 -75.3092 54.0447
54 509.281 715.995 5 8.27449 -75.8751 28.7322
55 509.7 716.267 5 7.81869 -82.4944 -62.4282
56 510.12 716.54 5 7.36863 -82.3596 -132.923
57 510.539 716.812 5 6.92542 -80.0971 160.325
58 510.958 717.084 5 6.49047 -68.2947 -0.737507
59 511.378 717.357 5 6.06555 -74.3459 43.2277
60 511.797 717.629 5 5.65293 -74.4297 -10.2147
61 512.216 717.901 5 5.25551 -73.9296 -12.0991
62 512.636 718.174 5 4.877 -69.9047 127.248
63 513.055 718.446 5 4.52216 -69.7349 -145.429
64 513.474 718.718 5 4.19698 -66.3023 -50.0121
65 513.894 718.991 5 3.90889 -63.2067 47.6762
66 508.589 716.142 5 8.5584 -78.3644 -149.425
67 509.009 716.414 5 8.0877 -86.544 69.2206
68 509.428 716.687 5 7.62074 -82.4951 70.4318
69 509.847 716.959 5 7.15824 -78.578 -155.279
70 510.267 717.231 5 6.70113 -75.4687 145.555
71 510.686 717.504 5 6.25059 -88.1659 71.1411
72 511.105 717.776 5 5.80816 -70.9108 86.0404
73 511.525 718.048 5 5.37582 -78.7779 125.198
74 511.944 718.321 5 4.95623 -82.5509 -11.252
75 512.363 718.593 5 4.5529 -68.7696 111.627
76 512.783 718.865 5 4.17057 -78.3267 -14.3652
77 513.202 719.138 5 3.81555 -70.8986 -123.912
78 513.621 719.41 5 3.49617 -64.9523 124.431
79 510.414 717.923 5 6.04266 -73.459 169.227
80 510.833 718.195 5 5.58377 -82.385 159.233
81 511.672 718.74 5 4.69126 -52.6117 36.5796
82 512.091 719.012 5 4.26295 -72.6401 141.155
83 512.51 719.285 5 3.85194 -69.5123 115.097
84 512.93 719.557 5 3.46442 -73.2767 -158.582
85 513.349 719.829 5 3.10917 -70.3647 42.4034
86 510.141 718.342 5 5.87005 -82.1961 108.457
87 510.561 718.615 5 5.3965 -88.3137 126.107
88 511.399 719.159 5 4.46674 -72.3136 66.0669
89 511.819 719.432 5 4.01453 -61.1764 -49.3505
90 512.238 719.704 5 3.57508 -65.9146 78.9338
91 512.657 719.976 5 3.15372 -68.016 -110.38
92 513.077 720.249 5 2.75875 -76.0388 -147.82
93 509.869 718.762 5 5.73596 -93.2086 -25.9772
94 510.288 719.034 5 5.25033 -94.8466 -62.4734
95 511.127 719.579 5 4.289 -86.9572 -74.7264
96 511.546 719.851 5 3.81579 -61.3636 -127.173
97 511.966 720.123 5 3.35037 -60.8561 -140.985
98 512.385 720.396 5 2.89651 -57.2738 -109.903
99 512.804 720.668 5 2.46059 -49.4919 176.466
100 509.597 719.181 5 5.64314 -87.4941 -95.1314
101 510.016 719.453 5 5.14876 -93.1872 -24.9971
102 509.324 719.6 5 5.59364 -85.5388 127.08
103 509.744 719.873 5 5.09446 -86.3994 120.766
104 509.052 720.02 5 5.58861 -84.7275 79.6011
105 509.471 720.292 5 5.08894 -97.1848 158.669
