1 509.951 714.045 5 8.29196 -65.7199 -18.1044
2 510.37 714.318 5 7.86887 -70.1236 -45.5289
3 510.79 714.59 5 7.45532 -70.2956 -129.897
4 511.209 714.862 5 7.05296 -72.386 -59.163
5 511.628 715.135 5 6.66385 -67.3111 -88.3994
6 512.048 715.407 5 6.29042 -64.2951 -88.3188
7 512.467 715.679 5 5.93565 -62.0929 38.8245
8 512.886 715.952 5 5.60308 -66.4892 -50.1061
9 513.306 716.224 5 5.29689 -68.6143 -142.777
10 513.725 716.496 5 5.02191 -68.1864 33.0324
11 514.144 716.769 5 4.78353 -72.367 19.3486
12 514.564 717.041 5 4.58745 -250 0
13 514.983 717.313 5 4.43929 -250 0
14 509.679 714.465 5 8.04379 -71.447 -109.638
15 510.098 714.737 5 7.60691 -74.1173 78.1006
16 510.517 715.009 5 7.17828 -71.3242 43.4477
17 510.937 715.282 5 6.75946 -74.8738 8.10796
18 511.356 715.554 5 6.35239 -71.1677 140.73
19 511.775 715.826 5 5.95948 -65.7657 175.07
20 512.195 716.099 5 5.58372 -68.3767 -168.537
21 512.614 716.371 5 5.22881 -65.0723 -134.57
22 513.033 716.643 5 4.89929 -62.0686 127.619
23 513.453 716.916 5 4.60061 -90.2566 128.313
24 513.872 717.188 5 4.33914 -60.8833 -172.736
25 514.291 717.46 5 4.12197 -68.1935 61.7547
26 514.711 717.733 5 3.95642 -69.9364 -11.2643
27 509.406 714.884 5 7.81975 -75.0332 148.625
28 509.826 715.156 5 7.36961 -77.368 99.0057
29 510.245 715.429 5 6.9263 -91.6477 178.4
30 510.664 715.701 5 6.49124 -77.1878 -96.21
31 511.084 715.973 5 6.0662 -75.6913 -72.5105
32 511.503 716.246 5 5.65343 -68.515 -122.842
33 511.922 716.518 5 5.25584 -71.4508 -43.5916
34 512.342 716.79 5 4.87713 -71.4246 -21.3121
35 512.761 717.063 5 4.52205 -68.6101 71.0419
36 513.18 717.335 5 4.19661 -67.9182 -22.7581
37 513.6 717.607 5 3.90821 -59.6092 -36.4595
38 514.019 717.88 5 3.6656 -70.8662 -72.7004
39 514.438 718.152 5 3.47839 -64.7474 165.598
40 509.134 715.303 5 7.62198 -69.4001 -70.755
41 509.553 715.576 5 7.1594 -71.4241 -63.7782
42 509.973 715.848 5 6.70221 -74.6102 -72.7012
43 510.392 716.12 5 6.25157 -72.6119 30.1517
44 510.811 716.393 5 5.80902 -78.1969 -30.4653
45 511.231 716.665 5 5.37655 -70.9392 -4.19613
46 511.65 716.937 5 4.9568 -70.542 30.3692
47 512.069 717.21 5 4.55328 -71.1939 5.94824
48 512.489 717.482 5 4.17072 -67.3603 -25.6835
49 512.908 717.754 5 3.81543 -63.9088 18.2104
50 513.327 718.027 5 3.49572 -66.6498 -158.371
51 513.747 718.299 5 3.2222 -58.6919 141.063
52 514.166 718.571 5 3.00752 -66.2633 -33.3133
53 508.862 715.723 5 7.45255 -66.8091 68.0247
54 509.281 715.995 5 6.97876 -67.8652 59.4703
55 509.7 716.267 5 6.50889 -69.2222 86.983
56 510.12 716.54 5 6.04385 -66.9571 60.5255
57 510.539 716.812 5 5.58486 -68.244 46.1691
58 510.958 717.084 5 5.13354 -69.0729 67.9618
59 511.378 717.357 5 4.6921 -71.441 37.5233
60 511.797 717.629 5 4.26361 -66.5338 39.6009
61 512.216 717.901 5 3.85239 -72.1536 43.3884
62 512.636 718.174 5 3.4646 -65.5274 88.0081
63 513.055 718.446 5 3.10902 -66.8423 -82.7919
64 513.474 718.718 5 2.79796 -69.7929 -80.6039
65 513.894 718.991 5 2.54777 -60.917 -88.7287
66 508.589 716.142 5 7.31344 -69.2218 -67.1013
67 509.009 716.414 5 6.83001 -70.7724 -134.091
68 509.428 716.687 5 6.34914 -72.3225 -99.9019
69 509.847 716.959 5 5.87147 -86.3892 -136.561
70 510.267 717.231 5 5.39784 -81.6107 -90.4895
71 510.686 717.504 5 4.92942 -71.3972 -149.527
72 511.105 717.776 5 4.46786 -67.0347 -124.872
73 511.525 718.048 5 4.01551 -65.9892 90.0277
74 511.944 718.321 5 3.57587 -61.6558 1.01763
75 512.363 718.593 5 3.15427 -72.2723 1.87735
76 512.783 718.865 5 2.75898 -70.2634 40.6627
77 513.202 719.138 5 2.40303 -64.3275 34.9428
78 513.621 719.41 5 2.10644 -59.2033 51.8248
79 510.414 717.923 5 4.76919 -60.5542 138.956
80 510.833 718.195 5 4.29042 -76.431 -157.956
81 511.672 718.74 5 3.35154 -76.8997 -5.59629
82 512.091 719.012 5 2.89748 -79.1463 103.179
83 512.51 719.285 5 2.46129 -67.4125 -149.056
84 512.93 719.557 5 2.05438 -68.2386 -171.797
85 513.349 719.829 5 1.69795 -58.1483 -64.5447
86 510.141 718.342 5 4.65738 -81.6837 27.317
87 510.561 718.615 5 4.16578 -74.534 -177.558
88 511.399 719.159 5 3.19042 -67.1168 -125.344
89 511.819 719.432 5 2.70949 -63.4062 166.09
90 512.238 719.704 5 2.23694 -63.2742 28.8659
91 512.657 719.976 5 1.77946 -62.1466 -24.4674
92 513.077 720.249 5 1.35241 -63.5164 -119.239
93 509.869 718.762 5 4.59751 -80.8596 -154.532
94 510.288 719.034 5 4.09874 -86.036 123.437
95 511.127 719.579 5 3.10238 -67.6089 5.63652
96 511.546 719.851 5 2.60525 -104.434 64.0783
97 511.966 720.123 5 2.10947 -48.5148 -117.143
98 512.385 720.396 5 1.6163 -45.9306 -155.445
99 512.804 720.668 5 1.12915 -108.581 83.4559
100 509.597 719.181 5 4.59163 -80.2722 -67.8755
101 510.016 719.453 5 4.09214 -87.9044 84.6711
102 509.324 719.6 5 4.63994 -88.4276 108.49
103 509.744 719.873 5 4.14627 -94.3433 -120.836
104 509.052 720.02 5 4.74078 -87.8144 -58.3346
105 509.471 720.292 5 4.25882 -83.1617 2.42016
