1 514.644 719.84 5 1.41421 -43.596 -111.287
2 514.371 720.259 5 1.11803 -38.9959 9.59734
3 514.097 720.678 5 1 -42.5526 5.38381
4 513.824 721.096 5 1.11803 -38.0281 0.195748
5 513.551 721.515 5 1.41421 -43.6466 122.387
6 513.278 721.934 5 1.80278 -52.6991 -160.919
7 513.004 722.353 5 2.23607 -69.3285 136.582
8 512.731 722.771 5 2.69258 -47.8479 149.645
9 512.458 723.19 5 3.16228 -48.1979 105.19
10 512.185 723.609 5 3.64005 -52.5063 -57.5545
11 515.063 720.113 5 1.11803 -36.8157 -12.7929
12 514.789 720.532 5 0.707107 -37.9484 111.455
13 514.516 720.951 5 0.5 -34.2083 1.80071
14 514.243 721.37 5 0.707107 -37.4533 103.422
15 513.97 721.788 5 1.11803 -40.3726 24.1235
16 513.696 722.207 5 1.58114 -48.0214 103.819
17 513.423 722.626 5 2.06155 -49.6952 159.972
18 513.15 723.045 5 2.54951 -47.1927 -103.766
19 512.877 723.463 5 3.04138 -46.6341 -114.055
20 512.603 723.882 5 3.53553 -48.6469 -73.214
21 515.481 720.387 5 1 -38.6238 19.4503
22 515.208 720.805 5 0.5 -33.3974 10.1906
23 514.935 721.224 5 0 -50.871 -91.397
24 514.662 721.643 5 0.5 -33.3643 12.1527
25 514.388 722.062 5 1 -40.0523 15.2584
26 514.115 722.48 5 1.5 -44.8506 17.6989
27 513.842 722.899 5 2 -40.9155 24.3857
28 513.568 723.318 5 2.5 -44.3835 12.7687
29 513.295 723.737 5 3 -42.6649 44.5422
30 513.022 724.155 5 3.5 -45.6874 13.3353
31 515.9 720.66 5 1.11803 -51.9072 2.02584
32 515.627 721.079 5 0.707107 -36.3216 114.523
33 515.353 721.497 5 0.5 -34.7116 -11.4981
34 515.08 721.916 5 0.707107 -36.4292 122.028
35 514.807 722.335 5 1.11803 -42.0173 8.81473
36 514.534 722.754 5 1.58114 -42.9593 140.798
37 514.26 723.172 5 2.06155 -42.616 -165.496
38 513.987 723.591 5 2.54951 -43.3464 -132.642
39 516.319 720.933 5 1.41421 -40.6178 -135.105
40 516.045 721.352 5 1.11803 -39.9303 24.1284
41 515.772 721.771 5 1 -42.8165 11.3409
42 515.499 722.189 5 1.11803 -40.1581 47.4603
43 515.226 722.608 5 1.41421 -43.6181 -146.876
44 514.952 723.027 5 1.80278 -47.2702 -169.949
45 514.679 723.446 5 2.23607 -43.1234 45.9897
46 514.406 723.864 5 2.69258 -46.7047 -89.0373
47 516.737 721.206 5 1.80278 -41.3601 -135.37
48 516.464 721.625 5 1.58114 -41.6934 108.33
49 516.191 722.044 5 1.5 -46.244 8.91562
50 515.918 722.463 5 1.58114 -41.0322 110.571
51 515.644 722.881 5 1.80278 -42.7702 -155.838
52 515.371 723.3 5 2.12132 -44.8843 -2.63474
53 515.098 723.719 5 2.5 -53.9983 42.8816
54 514.825 724.138 5 2.91548 -52.5258 26.154
55 517.156 721.48 5 2.23607 -53.8964 -79.1159
56 516.883 721.898 5 2.06155 -43.7662 124.949
57 516.61 722.317 5 2 -51.9224 38.143
58 516.336 722.736 5 2.06155 -44.162 155.154
59 516.063 723.155 5 2.23607 -69.6394 114.281
60 515.79 723.573 5 2.5 -45.3335 -27.7609
61 515.517 723.992 5 2.82843 -49.1405 170.912
62 515.243 724.411 5 3.20156 -48.2247 -36.7396
63 517.575 721.753 5 2.69258 -41.7105 156.424
64 517.302 722.172 5 2.54951 -47.7894 151.598
65 517.028 722.59 5 2.5 -53.5515 -32.1786
66 516.755 723.009 5 2.54951 -48.2473 170.394
67 516.482 723.428 5 2.69258 -46.6276 -178.811
68 516.209 723.847 5 2.91548 -50.5487 -88.8741
69 515.935 724.265 5 3.20156 -51.5231 128.411
70 515.662 724.684 5 3.53553 -59.2225 -95.1202
71 517.994 722.026 5 3.16228 -45.6789 141.755
72 517.72 722.445 5 3.04138 -48.2192 -108.304
73 517.447 722.864 5 3 -46.7383 -41.3243
74 517.174 723.282 5 3.04138 -50.2477 -152.206
75 516.901 723.701 5 3.16228 -47.2424 -87.4375
76 516.627 724.12 5 3.3541 -50.1958 17.7274
77 516.354 724.539 5 3.60555 -53.0825 37.9792
78 516.081 724.957 5 3.90512 -50.8588 -90.7575
