1 505.473 717.831 5 12.8052 -90.1776 -76.1948
2 505.747 717.412 5 12.7822 -96.8748 75.5954
3 506.02 716.994 5 12.7787 -92.0277 110.001
4 506.294 716.575 5 12.7947 -90.4478 102.285
5 506.567 716.157 5 12.8302 -102.429 22.4477
6 505.891 718.104 5 12.3063 -98.7999 -142.973
7 506.165 717.686 5 12.2824 -93.3739 -104.986
8 506.439 717.267 5 12.2787 -90.5613 -89.6776
9 506.712 716.849 5 12.2954 -95.8293 4.45818
10 506.986 716.43 5 12.3324 -99.0163 -2.89306
11 506.31 718.378 5 11.8076 -99.9949 31.7999
12 506.584 717.96 5 11.7826 -92.4905 57.8131
13 506.857 717.541 5 11.7787 -98.4844 103.391
14 507.131 717.123 5 11.7962 -104.748 -87.2131
15 507.404 716.704 5 11.8347 -105.371 -56.8172
16 506.728 718.652 5 11.3089 -93.8465 160.728
17 507.002 718.233 5 11.2828 -100.843 -162.619
18 507.276 717.815 5 11.2788 -99.367 108.389
19 507.549 717.396 5 11.297 -94.2798 -93.9961
20 507.823 716.978 5 11.3372 -91.277 62.4311
21 507.147 718.925 5 10.8103 -99.7476 5.94486
22 507.421 718.507 5 10.783 -105.463 158.55
23 507.694 718.088 5 10.7789 -88.1639 84.1888
24 507.968 717.67 5 10.7979 -94.2632 -148.392
25 508.241 717.251 5 10.8399 -110.588 129.916
26 507.565 719.199 5 10.3119 -96.171 -26.1864
27 507.839 718.78 5 10.2833 -88.5514 -71.4668
28 508.113 718.362 5 10.2789 -109.455 129.517
29 508.386 717.943 5 10.2988 -107.559 -82.6955
30 508.66 717.525 5 10.3429 -112.651 -138.398
31 507.984 719.472 5 9.81365 -95.5066 107.493
32 508.258 719.054 5 9.78356 -92.8967 -171.231
33 508.531 718.635 5 9.77897 -106.484 93.8887
34 508.805 718.217 5 9.79993 -109.316 -33.9431
35 509.078 717.798 5 9.84626 -108.846 -127.323
36 508.402 719.746 5 9.31558 -96.1378 -68.8195
37 508.676 719.328 5 9.28388 -114.155 73.479
38 508.95 718.909 5 9.27904 -122.994 18.647
39 509.223 718.491 5 9.30112 -120.807 31.261
40 509.497 718.072 5 9.34993 -143.738 -146.154
