1 514.644 719.84 5 3.60555 -52.7206 2.78709
2 514.371 720.259 5 3.3541 -49.5619 81.8105
3 514.097 720.678 5 3.16228 -47.2897 -132.4
4 513.824 721.096 5 3.04138 -49.5739 -137.161
5 513.551 721.515 5 3 -48.8814 -122.519
6 513.278 721.934 5 3.04138 -48.9737 -126.676
7 513.004 722.353 5 3.16228 -47.0512 -113.139
8 512.731 722.771 5 3.3541 -45.2013 75.8703
9 512.458 723.19 5 3.60555 -54.863 1.30979
10 512.185 723.609 5 3.90512 -54.1501 -127.449
11 515.063 720.113 5 3.20156 -53.0833 73.213
12 514.789 720.532 5 2.91548 -46.6102 -155.949
13 514.516 720.951 5 2.69258 -44.3906 -173.227
14 514.243 721.37 5 2.54951 -48.3446 -160.072
15 513.97 721.788 5 2.5 -47.292 7.56695
16 513.696 722.207 5 2.54951 -49.6113 171.469
17 513.423 722.626 5 2.69258 -48.1783 147.294
18 513.15 723.045 5 2.91548 -47.2131 -140.777
19 512.877 723.463 5 3.20156 -49.7537 -152.101
20 512.603 723.882 5 3.53553 -47.039 -97.3843
21 515.481 720.387 5 2.82843 -41.6757 149.544
22 515.208 720.805 5 2.5 -51.7066 -38.0261
23 514.935 721.224 5 2.23607 -54.3955 -33.2354
24 514.662 721.643 5 2.06155 -46.9993 -154.12
25 514.388 722.062 5 2 -41.89 4.81453
26 514.115 722.48 5 2.06155 -42.5384 152.868
27 513.842 722.899 5 2.23607 -53.5282 27.2295
28 513.568 723.318 5 2.5 -45.6402 -13.0806
29 513.295 723.737 5 2.82843 -49.9034 144.474
30 513.022 724.155 5 3.20156 -56.9635 -42.7038
31 515.9 720.66 5 2.5 -48.1327 -17.5225
32 515.627 721.079 5 2.12132 -44.2758 -23.6261
33 515.353 721.497 5 1.80278 -43.2382 -130.734
34 515.08 721.916 5 1.58114 -44.2304 79.3581
35 514.807 722.335 5 1.5 -40.3115 -0.98611
36 514.534 722.754 5 1.58114 -41.2657 117.486
37 514.26 723.172 5 1.80278 -45.1536 -130.523
38 513.987 723.591 5 2.12132 -42.1266 -11.4849
39 516.319 720.933 5 2.23607 -45.1037 13.3111
40 516.045 721.352 5 1.80278 -57.0216 164.556
41 515.772 721.771 5 1.41421 -42.6654 -91.1382
42 515.499 722.189 5 1.11803 -40.063 25.2212
43 515.226 722.608 5 1 -43.0007 6.03312
44 514.952 723.027 5 1.11803 -42.1337 37.1612
45 514.679 723.446 5 1.41421 -43.1573 -114.213
46 514.406 723.864 5 1.80278 -45.2079 3.12659
47 516.737 721.206 5 2.06155 -43.2649 -142.406
48 516.464 721.625 5 1.58114 -51.8387 171.095
49 516.191 722.044 5 1.11803 -43.6705 -4.87277
50 515.918 722.463 5 0.707107 -39.2715 127.132
51 515.644 722.881 5 0.5 -33.2237 -11.1507
52 515.371 723.3 5 0.707107 -37.052 146.933
53 515.098 723.719 5 1.11803 -40.3956 20.9085
54 514.825 724.138 5 1.58114 -46.9301 -123.7
55 517.156 721.48 5 2 -40.5722 -14.3547
56 516.883 721.898 5 1.5 -40.6911 -14.4076
57 516.61 722.317 5 1 -35.8266 0.098024
58 516.336 722.736 5 0.5 -32.876 -4.89391
59 516.063 723.155 5 0 -42.7664 -27.9034
60 515.79 723.573 5 0.5 -32.885 -1.82513
61 515.517 723.992 5 1 -35.2108 -11.171
62 515.243 724.411 5 1.5 -47.5542 -143.356
63 517.575 721.753 5 2.06155 -45.3524 -179.916
64 517.302 722.172 5 1.58114 -45.4122 161.644
65 517.028 722.59 5 1.11803 -39.0181 -2.53566
66 516.755 723.009 5 0.707107 -37.28 121.935
67 516.482 723.428 5 0.5 -32.2828 -7.81417
68 516.209 723.847 5 0.707107 -37.7084 114.278
69 515.935 724.265 5 1.11803 -37.5153 2.59792
70 515.662 724.684 5 1.58114 -50.684 93.2808
71 517.994 722.026 5 2.23607 -50.9657 -0.741592
72 517.72 722.445 5 1.80278 -46.312 174.124
73 517.447 722.864 5 1.41421 -40.6032 -112.766
74 517.174 723.282 5 1.11803 -39.7685 15.5449
75 516.901 723.701 5 1 -40.3792 5.69941
76 516.627 724.12 5 1.11803 -39.4642 32.859
77 516.354 724.539 5 1.41421 -43.0084 -104.583
78 516.081 724.957 5 1.80278 -40.8066 -152.703
