1 514.644 719.84 5 4 -51.6946 72.9356
2 514.371 720.259 5 4.03113 -43.8296 33.2915
3 514.097 720.678 5 4.12311 -43.8194 -105.31
4 513.824 721.096 5 4.272 -45.3026 -144.158
5 513.551 721.515 5 4.47214 -45.1136 -36.7233
6 513.278 721.934 5 4.71699 -53.4574 103.095
7 513.004 722.353 5 5 -46.3219 -85.8727
8 512.731 722.771 5 5.31507 -58.1345 -4.93052
9 512.458 723.19 5 5.65685 -69.2174 169.375
10 512.185 723.609 5 6.0208 -51.0022 -52.9427
11 515.063 720.113 5 3.5 -51.6067 -33.0404
12 514.789 720.532 5 3.53553 -45.723 -46.7305
13 514.516 720.951 5 3.64006 -42.7449 -44.1976
14 514.243 721.37 5 3.80789 -41.4804 -150.04
15 513.97 721.788 5 4.03113 -45.8384 3.50959
16 513.696 722.207 5 4.30116 -46.9304 143.509
17 513.423 722.626 5 4.60977 -54.1884 3.77808
18 513.15 723.045 5 4.94975 -52.6636 70.858
19 512.877 723.463 5 5.31507 -54.5659 179.66
20 512.603 723.882 5 5.70088 -59.0805 65.1171
21 515.481 720.387 5 3 -43.6374 -53.9485
22 515.208 720.805 5 3.04138 -43.2998 158.988
23 514.935 721.224 5 3.16228 -48.7458 154.705
24 514.662 721.643 5 3.3541 -49.0335 -40.6526
25 514.388 722.062 5 3.60555 -50.2393 13.1673
26 514.115 722.48 5 3.90512 -58.7822 -131.629
27 513.842 722.899 5 4.24264 -54.6399 28.669
28 513.568 723.318 5 4.60977 -47.7904 50.4071
29 513.295 723.737 5 5 -57.8963 -176.732
30 513.022 724.155 5 5.40833 -60.9441 146.78
31 515.9 720.66 5 2.5 -53.1625 -12.0782
32 515.627 721.079 5 2.54951 -60.3466 -13.994
33 515.353 721.497 5 2.69258 -39.4217 146.309
34 515.08 721.916 5 2.91548 -49.6296 -44.0741
35 514.807 722.335 5 3.20156 -50.198 -162.007
36 514.534 722.754 5 3.53553 -50.1884 -64.4957
37 514.26 723.172 5 3.90512 -47.7107 -110.623
38 513.987 723.591 5 4.30116 -66.0153 90.5191
39 516.319 720.933 5 2 -48.7876 130.876
40 516.045 721.352 5 2.06155 -43.7198 83.8882
41 515.772 721.771 5 2.23607 -40.1989 61.8038
42 515.499 722.189 5 2.5 -52.6475 -3.32819
43 515.226 722.608 5 2.82843 -48.6633 131.044
44 514.952 723.027 5 3.20156 -51.3812 175.176
45 514.679 723.446 5 3.60555 -48.42 9.67892
46 514.406 723.864 5 4.03113 -48.9667 83.1299
47 516.737 721.206 5 1.5 -45.8618 -73.5546
48 516.464 721.625 5 1.58114 -41.7807 71.9474
49 516.191 722.044 5 1.80278 -49.4066 -157.964
50 515.918 722.463 5 2.12132 -64.8344 124.378
51 515.644 722.881 5 2.5 -41.6276 54.1139
52 515.371 723.3 5 2.91548 -42.5194 -153.831
53 515.098 723.719 5 3.3541 -52.7301 98.1675
54 514.825 724.138 5 3.80789 -50.245 -86.0142
55 517.156 721.48 5 1 -42.2338 -63.4866
56 516.883 721.898 5 1.11803 -36.6232 -14.1238
57 516.61 722.317 5 1.41421 -39.9577 -105.724
58 516.336 722.736 5 1.80278 -39.495 -158.379
59 516.063 723.155 5 2.23607 -47.2608 13.8322
60 515.79 723.573 5 2.69258 -47.5224 67.8361
61 515.517 723.992 5 3.16228 -41.4031 -91.7886
62 515.243 724.411 5 3.64005 -48.6013 168.527
63 517.575 721.753 5 0.5 -35.8834 -3.42806
64 517.302 722.172 5 0.707107 -38.5607 113.575
65 517.028 722.59 5 1.11803 -44.6588 12.6914
66 516.755 723.009 5 1.58114 -50.5652 110.971
67 516.482 723.428 5 2.06155 -38.4782 -145.754
68 516.209 723.847 5 2.54951 -73.631 -129.527
69 515.935 724.265 5 3.04138 -51.2453 -81.5602
70 515.662 724.684 5 3.53553 -47.0876 -62.1679
71 517.994 722.026 5 0 -47.2888 -139.35
72 517.72 722.445 5 0.5 -34.526 10.0895
73 517.447 722.864 5 1 -43.693 57.8607
74 517.174 723.282 5 1.5 -39.5296 29.586
75 516.901 723.701 5 2 -43.2074 9.71645
76 516.627 724.12 5 2.5 -47.9097 55.5149
77 516.354 724.539 5 3 -47.3829 -29.2364
78 516.081 724.957 5 3.5 -45.6589 7.33717
