1 509.951 714.045 5 11.2537 -69.7309 -11.9097
2 510.37 714.318 5 10.7846 -68.3784 -125.46
3 510.79 714.59 5 10.3184 -60.4871 -24.3812
4 511.209 714.862 5 9.85549 -62.9701 -106.381
5 511.628 715.135 5 9.39639 -70.6436 118.761
6 512.048 715.407 5 8.94168 -65.7589 179.04
7 512.467 715.679 5 8.49206 -57.34 174.307
8 512.886 715.952 5 8.04839 -79.3375 -4.93882
9 513.306 716.224 5 7.6117 -69.7507 -21.8843
10 513.725 716.496 5 7.18327 -64.7295 -113.413
11 514.144 716.769 5 6.76468 -59.7384 2.39258
12 514.564 717.041 5 6.35786 -98.764 125.963
13 514.983 717.313 5 5.96522 -95.1505 59.6133
14 509.679 714.465 5 11.0943 -65.1055 2.06666
15 510.098 714.737 5 10.6182 -65.0785 -153.183
16 510.517 715.009 5 10.1443 -69.8826 -160.149
17 510.937 715.282 5 9.6731 -68.642 -66.5332
18 511.356 715.554 5 9.20491 -60.4465 -110.288
19 511.775 715.826 5 8.74024 -66.6799 85.9426
20 512.195 716.099 5 8.27969 -61.4302 78.995
21 512.614 716.371 5 7.82399 -65.688 -46.8346
22 513.033 716.643 5 7.37403 -61.2078 133.765
23 513.453 716.916 5 6.93092 -61.4389 56.0197
24 513.872 717.188 5 6.49609 -75.4979 -163.365
25 514.291 717.46 5 6.0713 -61.4001 -152.03
26 514.711 717.733 5 5.65881 -60.6102 11.3512
27 509.406 714.884 5 10.9555 -80.5791 -94.8252
28 509.826 715.156 5 10.473 -61.2359 -89.6076
29 510.245 715.429 5 9.99228 -60.87 -94.2943
30 510.664 715.701 5 9.51353 -67.288 -103.226
31 511.084 715.973 5 9.03707 -64.5166 164.912
32 511.503 716.246 5 8.5633 -70.2585 152.882
33 511.922 716.518 5 8.09269 -69.9677 74.4269
34 512.342 716.79 5 7.62582 -67.9028 94.2548
35 512.761 717.063 5 7.16342 -69.1254 38.5374
36 513.18 717.335 5 6.70642 -63.716 -38.674
37 513.6 717.607 5 6.25599 -61.7593 178.687
38 514.019 717.88 5 5.81369 -74.9405 10.6096
39 514.438 718.152 5 5.38149 -66.0287 -148.629
40 509.134 715.303 5 10.8379 -72.1166 -61.7035
41 509.553 715.576 5 10.35 -67.6218 -48.4934
42 509.973 715.848 5 9.86327 -61.6568 -104.829
43 510.392 716.12 5 9.37793 -60.8692 -117.349
44 510.811 716.393 5 8.89421 -61.5061 -171.693
45 511.231 716.665 5 8.4124 -63.2189 132.558
46 511.65 716.937 5 7.93284 -76.7404 -105.797
47 512.069 717.21 5 7.45596 -71.8421 -133.725
48 512.489 717.482 5 6.98232 -67.3327 -30.6957
49 512.908 717.754 5 6.51263 -69.245 -113.36
50 513.327 718.027 5 6.04779 -68.831 56.7275
51 513.747 718.299 5 5.58903 -60.2344 -49.2261
52 514.166 718.571 5 5.13796 -60.8946 -116.486
53 508.862 715.723 5 10.7424 -67.5615 -92.8469
54 509.281 715.995 5 10.2499 -63.3836 -58.5688
55 509.7 716.267 5 9.75819 -64.6383 -149.288
56 510.12 716.54 5 9.26735 -65.0403 -127.617
57 510.539 716.812 5 8.77754 -64.6663 -153.279
58 510.958 717.084 5 8.28895 -64.8369 146.696
59 511.378 717.357 5 7.80181 -61.1294 51.2496
60 511.797 717.629 5 7.3164 -61.6394 11.4837
61 512.216 717.901 5 6.83309 -60.3356 -29.187
62 512.636 718.174 5 6.35237 -61.4677 -129.43
63 513.055 718.446 5 5.87487 -78.9726 -82.6353
64 513.474 718.718 5 5.40144 -84.2145 -2.82463
65 513.894 718.991 5 4.93325 -48.9826 52.6824
66 508.589 716.142 5 10.6695 -62.2397 -161.12
67 509.009 716.414 5 10.1735 -69.0419 146.927
68 509.428 716.687 5 9.67784 -77.3517 67.0289
69 509.847 716.959 5 9.18271 -63.6362 155.97
70 510.267 717.231 5 8.68813 -62.9148 52.4767
71 510.686 717.504 5 8.19421 -60.7592 51.3829
72 511.105 717.776 5 7.70107 -64.7184 70.0617
73 511.525 718.048 5 7.20888 -61.5358 -34.423
74 511.944 718.321 5 6.71784 -58.4475 -70.6345
75 512.363 718.593 5 6.22823 -59.7669 -111.737
76 512.783 718.865 5 5.74041 -54.3203 90.2857
77 513.202 719.138 5 5.25488 -60.4409 -151.231
78 513.621 719.41 5 4.77234 -57.1775 154.172
79 510.414 717.923 5 8.12916 -73.1469 -118.164
80 510.833 718.195 5 7.63183 -65.2176 51.1035
81 511.672 718.74 5 6.63835 -56.7056 130.287
82 512.091 719.012 5 6.14241 -55.3636 -136.529
83 512.51 719.285 5 5.64718 -63.1118 132.907
84 512.93 719.557 5 5.15287 -53.8375 125.697
85 513.349 719.829 5 4.65978 -58.6736 130.928
86 510.141 718.342 5 8.09454 -69.2222 -114.822
87 510.561 718.615 5 7.59494 -95.4294 142.575
88 511.399 719.159 5 6.59591 -63.9514 -60.2407
89 511.819 719.432 5 6.09651 -77.2533 149.413
90 512.238 719.704 5 5.59722 -66.9158 -31.768
91 512.657 719.976 5 5.09807 -62.6376 29.946
92 513.077 720.249 5 4.59911 -55.3656 -70.9657
93 509.869 718.762 5 8.09073 -74.7616 -96.8713
94 510.288 719.034 5 7.59087 -87.0318 110.935
95 511.127 719.579 5 6.59123 -69.7434 -51.4751
96 511.546 719.851 5 6.09145 -66.776 -61.5184
97 511.966 720.123 5 5.59171 -66.1547 -161.778
98 512.385 720.396 5 5.09202 -74.3882 162.879
99 512.804 720.668 5 4.5924 -57.5661 -40.209
100 509.597 719.181 5 8.11777 -88.1908 -16.3553
101 510.016 719.453 5 7.61969 -84.42 143.489
102 509.324 719.6 5 8.17535 -97.9637 -13.4017
103 509.744 719.873 5 7.68101 -104.342 -43.2513
104 509.052 720.02 5 8.26285 -108.687 81.3776
105 509.471 720.292 5 7.77407 -97.5415 -7.70906
