1 505.473 717.831 5 9.84819 -121.77 -55.2451
2 505.747 717.412 5 9.91966 -110.425 -117.051
3 506.02 716.994 5 10.0156 -102.591 5.02223
4 506.294 716.575 5 10.1353 -126.187 -83.0702
5 506.567 716.157 5 10.278 -119.546 -29.1317
6 505.891 718.104 5 9.35188 -126.733 158.805
7 506.165 717.686 5 9.42711 -123.324 56.5366
8 506.439 717.267 5 9.52802 -107.764 102.159
9 506.712 716.849 5 9.6538 -138.111 13.9449
10 506.986 716.43 5 9.8035 -121.305 111.759
11 506.31 718.378 5 8.85598 -118.311 -26.1857
12 506.584 717.96 5 8.93538 -120.614 78.0898
13 506.857 717.541 5 9.04178 -123.288 -52.6236
14 507.131 717.123 5 9.17424 -118.228 124.714
15 507.404 716.704 5 9.33163 -125.282 -74.1388
16 506.728 718.652 5 8.36056 -126.377 -117.335
17 507.002 718.233 5 8.44463 -121.358 111.471
18 507.276 717.815 5 8.55713 -109.048 -10.3942
19 507.549 717.396 5 8.69697 -133.379 -156.567
20 507.823 716.978 5 8.86285 -128.111 -56.0348
21 507.147 718.925 5 7.86573 -116.855 -81.5467
22 507.421 718.507 5 7.95503 -123.973 32.415
23 507.694 718.088 5 8.07436 -128.931 129.203
24 507.968 717.67 5 8.22241 -128.371 -0.138547
25 508.241 717.251 5 8.39766 -122.722 -83.7293
26 507.565 719.199 5 7.37159 -140.5 102.141
27 507.839 718.78 5 7.4668 -114.393 166.459
28 508.113 718.362 5 7.59381 -118.803 -49.3035
29 508.386 717.943 5 7.75104 -111.263 141.764
30 508.66 717.525 5 7.93671 -117.042 152.592
31 507.984 719.472 5 6.8783 -130.997 160.648
32 508.258 719.054 5 6.98025 -131.928 143.416
33 508.531 718.635 5 7.11594 -128.207 43.2253
34 508.805 718.217 5 7.2835 -120.747 122.001
35 509.078 717.798 5 7.48078 -129.299 37.4371
36 508.402 719.746 5 6.38606 -128.972 -77.7786
37 508.676 719.328 5 6.49573 -118.526 -135.975
38 508.95 718.909 5 6.64133 -250 0
39 509.223 718.491 5 6.82056 -147.548 -142.071
40 509.497 718.072 5 7.03085 -250 0
