1 509.951 714.045 5 9.0378 -68.6255 94.0319
2 510.37 714.318 5 8.56394 -71.9956 14.6187
3 510.79 714.59 5 8.09323 -57.8601 -138.384
4 511.209 714.862 5 7.62624 -56.9938 153.566
5 511.628 715.135 5 7.16372 -67.8623 61.3398
6 512.048 715.407 5 6.70657 -63.7018 30.2429
7 512.467 715.679 5 6.25599 -59.5763 85.4885
8 512.886 715.952 5 5.81349 -58.7015 -73.8792
9 513.306 716.224 5 5.38107 -60.0788 -162.905
10 513.725 716.496 5 4.96137 -82.8596 -61.6018
11 514.144 716.769 5 4.5579 -63.0295 -54.8684
12 514.564 717.041 5 4.17537 -95.7341 -72.79
13 514.983 717.313 5 3.82008 -85.4541 61.6451
14 509.679 714.465 5 8.89519 -65.4254 -89.7821
15 510.098 714.737 5 8.41331 -72.476 2.9569
16 510.517 715.009 5 7.93366 -62.8919 -51.575
17 510.937 715.282 5 7.45669 -64.4344 164.066
18 511.356 715.554 5 6.98295 -57.9387 178.824
19 511.775 715.826 5 6.51313 -81.11 -105.948
20 512.195 716.099 5 6.04815 -58.1543 21.1164
21 512.614 716.371 5 5.58922 -58.7348 -87.6244
22 513.033 716.643 5 5.13796 -65.0677 72.3093
23 513.453 716.916 5 4.69658 -63.5312 -69.3083
24 513.872 717.188 5 4.26815 -62.6361 142.02
25 514.291 717.46 5 3.85699 -56.9506 140.96
26 514.711 717.733 5 3.46925 -56.1031 -156.733
27 509.406 714.884 5 8.77879 -64.0761 35.5401
28 509.826 715.156 5 8.29014 -63.2925 -167.291
29 510.245 715.429 5 7.80293 -69.2842 -154.31
30 510.664 715.701 5 7.31744 -65.1132 -1.13149
31 511.084 715.973 5 6.83405 -72.4907 103.236
32 511.503 716.246 5 6.35323 -66.2101 110.235
33 511.922 716.518 5 5.87561 -59.4729 79.0206
34 512.342 716.79 5 5.40204 -62.6177 49.8708
35 512.761 717.063 5 4.93369 -58.429 -22.9068
36 513.18 717.335 5 4.4722 -54.8307 -110.835
37 513.6 717.607 5 4.01993 -54.9718 132.388
38 514.019 717.88 5 3.58037 -54.8781 -48.4211
39 514.438 718.152 5 3.15885 -61.5149 146.959
40 509.134 715.303 5 8.68964 -66.4674 -39.2741
41 509.553 715.576 5 8.19568 -67.4566 51.9018
42 509.973 715.848 5 7.70249 -69.5687 -172.644
43 510.392 716.12 5 7.21024 -74.233 -159.66
44 510.811 716.393 5 6.71914 -77.2409 -111.926
45 511.231 716.665 5 6.22946 -70.5144 171.81
46 511.65 716.937 5 5.74155 -68.6151 40.0991
47 512.069 717.21 5 5.25592 -64.9487 31.3399
48 512.489 717.482 5 4.77325 -63.4105 60.9313
49 512.908 717.754 5 4.29456 -69.5293 37.8863
50 513.327 718.027 5 3.82132 -75.883 -133.277
51 513.747 718.299 5 3.35585 -57.3022 -178.572
52 514.166 718.571 5 2.9019 -52.8936 58.4371
53 508.862 715.723 5 8.62859 -57.5972 -156.183
54 509.281 715.995 5 8.13091 -63.0743 -135.167
55 509.7 716.267 5 7.63355 -65.9048 4.37153
56 510.12 716.54 5 7.13655 -72.3014 45.6414
57 510.539 716.812 5 6.64 -63.4218 21.0196
58 510.958 717.084 5 6.14401 -61.8781 1.83963
59 511.378 717.357 5 5.64872 -59.8752 38.5684
60 511.797 717.629 5 5.15435 -64.9263 11.1657
61 512.216 717.901 5 4.66118 -69.8415 5.77236
62 512.636 718.174 5 4.16964 -67.3252 46.0301
63 513.055 718.446 5 3.68037 -60.9542 119.5
64 513.474 718.718 5 3.19444 -58.2834 136.036
65 513.894 718.991 5 2.71361 -49.0181 19.7689
66 508.589 716.142 5 8.59623 -60.7039 39.7584
67 509.009 716.414 5 8.09657 -60.3216 -24.0162
68 509.428 716.687 5 7.59695 -61.108 0.933743
69 509.847 716.959 5 7.09739 -57.5364 -20.184
70 510.267 717.231 5 6.5979 -58.8299 -13.374
71 510.686 717.504 5 6.09848 -59.0394 -50.922
72 511.105 717.776 5 5.59917 -58.1697 -24.7947
73 511.525 718.048 5 5.1 -50.4921 -56.673
74 511.944 718.321 5 4.60101 -52.1379 -48.1474
75 512.363 718.593 5 4.10226 -54.015 -42.495
76 512.783 718.865 5 3.60386 -47.8721 24.1601
77 513.202 719.138 5 3.10598 -48.6081 -78.9013
78 513.621 719.41 5 2.6089 -67.7253 -99.8646
79 510.414 717.923 5 6.09378 -64.3737 116.237
80 510.833 718.195 5 5.59405 -66.4639 45.121
81 511.672 718.74 5 4.59478 -49.8534 53.1714
82 512.091 719.012 5 4.09527 -52.0811 -68.7717
83 512.51 719.285 5 3.5959 -50.9624 -28.7984
84 512.93 719.557 5 3.09673 -50.5887 -55.9491
85 513.349 719.829 5 2.59789 -56.9413 -67.1999
86 510.141 718.342 5 6.12999 -80.2209 116.569
87 510.561 718.615 5 5.63348 -70.974 64.2098
88 511.399 719.159 5 4.6427 -62.6125 -98.5981
89 511.819 719.432 5 4.14896 -53.2047 -152.118
90 512.238 719.704 5 3.65693 -52.1255 123.944
91 512.657 719.976 5 3.1674 -57.3623 123.899
92 513.077 720.249 5 2.68173 -49.4019 79.1786
93 509.869 718.762 5 6.20641 -76.0384 90.778
94 510.288 719.034 5 5.71653 -78.989 142.672
95 511.127 719.579 5 4.74313 -59.8518 13.5208
96 511.546 719.851 5 4.26105 -74.4109 -126.802
97 511.966 720.123 5 3.78363 -67.0914 101.683
98 512.385 720.396 5 3.31287 -65.1961 -66.2404
99 512.804 720.668 5 2.85208 -55.0473 -163.028
100 509.597 719.181 5 6.32156 -77.371 -153.551
101 510.016 719.453 5 5.84136 -85.3126 -98.37
102 509.324 719.6 5 6.4734 -83.2092 -150.796
103 509.744 719.873 5 6.00534 -88.9461 107.892
104 509.052 720.02 5 6.65939 -86.9042 -103.234
105 509.471 720.292 5 6.20538 -89.984 -32.3723
