1 514.644 719.84 5 3.53553 -49.1537 -22.572
2 514.371 720.259 5 3.04138 -42.3575 -38.6671
3 514.097 720.678 5 2.54951 -50.9511 -50.6774
4 513.824 721.096 5 2.06155 -43.8627 -41.6693
5 513.551 721.515 5 1.58114 -50.9497 74.5633
6 513.278 721.934 5 1.11803 -39.6838 61.6635
7 513.004 722.353 5 0.707107 -37.9232 118.524
8 512.731 722.771 5 0.5 -34.5042 -15.8623
9 512.458 723.19 5 0.707107 -43.2265 25.6696
10 512.185 723.609 5 1.11803 -50.3292 55.7247
11 515.063 720.113 5 3.5 -47.0135 -65.7713
12 514.789 720.532 5 3 -47.0244 9.55612
13 514.516 720.951 5 2.5 -46.4785 -3.22648
14 514.243 721.37 5 2 -47.1579 -34.0592
15 513.97 721.788 5 1.5 -41.1924 -8.77865
16 513.696 722.207 5 1 -41.9742 -40.8028
17 513.423 722.626 5 0.5 -32.522 2.61081
18 513.15 723.045 5 0 -45.8937 -156.105
19 512.877 723.463 5 0.5 -35.7559 -12.453
20 512.603 723.882 5 1 -38.0821 6.89163
21 515.481 720.387 5 3.53553 -44.1387 -97.4718
22 515.208 720.805 5 3.04138 -44.9517 -85.8298
23 514.935 721.224 5 2.54951 -46.0386 -95.0637
24 514.662 721.643 5 2.06155 -49.2501 174.33
25 514.388 722.062 5 1.58114 -41.4357 77.4934
26 514.115 722.48 5 1.11803 -36.7123 1.31209
27 513.842 722.899 5 0.707107 -38.5742 106.414
28 513.568 723.318 5 0.5 -34.1632 -8.50556
29 513.295 723.737 5 0.707107 -37.972 119.235
30 513.022 724.155 5 1.11803 -40.1662 -4.58007
31 515.9 720.66 5 3.64005 -54.5946 6.65889
32 515.627 721.079 5 3.16228 -53.2174 -151.716
33 515.353 721.497 5 2.69258 -44.3812 165.872
34 515.08 721.916 5 2.23607 -48.7767 70.3101
35 514.807 722.335 5 1.80278 -41.5967 -177.537
36 514.534 722.754 5 1.41421 -44.2211 174.844
37 514.26 723.172 5 1.11803 -38.1572 30.9837
38 513.987 723.591 5 1 -41.9938 -4.52399
39 516.319 720.933 5 3.80789 -55.0347 -166.214
40 516.045 721.352 5 3.3541 -48.2718 28.0103
41 515.772 721.771 5 2.91548 -44.7878 -126.902
42 515.499 722.189 5 2.5 -46.3015 19.9857
43 515.226 722.608 5 2.12132 -40.852 1.13138
44 514.952 723.027 5 1.80278 -45.5288 -165.901
45 514.679 723.446 5 1.58114 -42.4572 93.977
46 514.406 723.864 5 1.5 -39.8045 120.825
47 516.737 721.206 5 4.03113 -50.0299 -82.8463
48 516.464 721.625 5 3.60555 -45.4595 28.7666
49 516.191 722.044 5 3.20156 -44.6157 150.114
50 515.918 722.463 5 2.82843 -45.4186 177.851
51 515.644 722.881 5 2.5 -48.6446 60.7467
52 515.371 723.3 5 2.23607 -51.9174 23.664
53 515.098 723.719 5 2.06155 -42.6116 165.401
54 514.825 724.138 5 2 -42.5545 138.179
55 517.156 721.48 5 4.30116 -59.4443 170.988
56 516.883 721.898 5 3.90512 -60.6711 -132.035
57 516.61 722.317 5 3.53553 -53.9228 -131.884
58 516.336 722.736 5 3.20156 -48.0475 61.6837
59 516.063 723.155 5 2.91548 -48.0238 -139.966
60 515.79 723.573 5 2.69258 -47.4859 176.866
61 515.517 723.992 5 2.54951 -54.3028 -145.737
62 515.243 724.411 5 2.5 -39.6605 93.04
63 517.575 721.753 5 4.60977 -52.2699 18.9599
64 517.302 722.172 5 4.24264 -54.0657 -49.1224
65 517.028 722.59 5 3.90512 -46.5903 -100.084
66 516.755 723.009 5 3.60555 -46.1238 123.39
67 516.482 723.428 5 3.3541 -48.703 27.693
68 516.209 723.847 5 3.16228 -47.3781 -119.441
69 515.935 724.265 5 3.04138 -46.1534 175.374
70 515.662 724.684 5 3 -59.2756 -126.999
71 517.994 722.026 5 4.94975 -54.812 82.9923
72 517.72 722.445 5 4.60977 -61.0684 84.4322
73 517.447 722.864 5 4.30116 -53.8323 96.447
74 517.174 723.282 5 4.03113 -44.2473 -107.214
75 516.901 723.701 5 3.80789 -61.6186 99.5556
76 516.627 724.12 5 3.64006 -47.0805 -78.9461
77 516.354 724.539 5 3.53553 -51.9075 -119.073
78 516.081 724.957 5 3.5 -53.5508 -4.25723
