1 514.644 719.84 5 3.20156 -49.0675 151.984
2 514.371 720.259 5 2.91548 -52.2814 -93.4604
3 514.097 720.678 5 2.69258 -43.5636 135.474
4 513.824 721.096 5 2.54951 -46.9035 -134.289
5 513.551 721.515 5 2.5 -54.0832 -74.5952
6 513.278 721.934 5 2.54951 -49.6291 166.216
7 513.004 722.353 5 2.69258 -46.5602 146.425
8 512.731 722.771 5 2.91548 -45.0572 -34.3084
9 512.458 723.19 5 3.20156 -61.3743 20.5372
10 512.185 723.609 5 3.53553 -54.2788 -124.25
11 515.063 720.113 5 2.82843 -49.0736 178.903
12 514.789 720.532 5 2.5 -43.2125 50.712
13 514.516 720.951 5 2.23607 -55.9786 90.0127
14 514.243 721.37 5 2.06155 -47.9745 -156.355
15 513.97 721.788 5 2 -49.0175 -2.68928
16 513.696 722.207 5 2.06155 -42.4815 163.624
17 513.423 722.626 5 2.23607 -55.9539 81.6175
18 513.15 723.045 5 2.5 -49.0341 69.3555
19 512.877 723.463 5 2.82843 -47.621 165.756
20 512.603 723.882 5 3.20156 -55.6923 155.339
21 515.481 720.387 5 2.5 -41.2111 21.5316
22 515.208 720.805 5 2.12132 -50.5878 21.049
23 514.935 721.224 5 1.80278 -42.4851 -148.021
24 514.662 721.643 5 1.58114 -47.277 109.09
25 514.388 722.062 5 1.5 -41.047 4.98914
26 514.115 722.48 5 1.58114 -39.3878 123.803
27 513.842 722.899 5 1.80278 -43.5507 -145.886
28 513.568 723.318 5 2.12132 -56.7125 42.7818
29 513.295 723.737 5 2.5 -45.4418 23.6574
30 513.022 724.155 5 2.91548 -54.7826 -57.4441
31 515.9 720.66 5 2.23607 -43.5263 34.209
32 515.627 721.079 5 1.80278 -47.5904 -104.101
33 515.353 721.497 5 1.41421 -39.0035 -101.055
34 515.08 721.916 5 1.11803 -39.3448 9.59446
35 514.807 722.335 5 1 -39.2653 7.40923
36 514.534 722.754 5 1.11803 -42.0289 36.6577
37 514.26 723.172 5 1.41421 -40.6316 -135.874
38 513.987 723.591 5 1.80278 -43.2628 -163.376
39 516.319 720.933 5 2.06155 -41.5438 -151.856
40 516.045 721.352 5 1.58114 -45.9328 -179.646
41 515.772 721.771 5 1.11803 -43.9578 -6.76134
42 515.499 722.189 5 0.707107 -38.5262 136.005
43 515.226 722.608 5 0.5 -35.155 -7.20864
44 514.952 723.027 5 0.707107 -35.6261 126.731
45 514.679 723.446 5 1.11803 -41.0731 9.24501
46 514.406 723.864 5 1.58114 -62.5494 100.635
47 516.737 721.206 5 2 -39.1749 -19.3212
48 516.464 721.625 5 1.5 -39.3299 -5.89785
49 516.191 722.044 5 1 -36.8138 4.35201
50 515.918 722.463 5 0.5 -32.4654 -4.59736
51 515.644 722.881 5 0 -41.0317 -23.9446
52 515.371 723.3 5 0.5 -33.6028 -12.322
53 515.098 723.719 5 1 -35.357 -18.9769
54 514.825 724.138 5 1.5 -40.2064 -141.775
55 517.156 721.48 5 2.06155 -42.7872 -158.094
56 516.883 721.898 5 1.58114 -47.6135 163.527
57 516.61 722.317 5 1.11803 -41.6512 -16.689
58 516.336 722.736 5 0.707107 -38.6455 135.765
59 516.063 723.155 5 0.5 -33.8531 -9.29304
60 515.79 723.573 5 0.707107 -37.0981 144.255
61 515.517 723.992 5 1.11803 -39.097 21.3233
62 515.243 724.411 5 1.58114 -41.4362 -96.9528
63 517.575 721.753 5 2.23607 -46.6757 20.2808
64 517.302 722.172 5 1.80278 -48.7479 -172.778
65 517.028 722.59 5 1.41421 -44.7082 -98.8735
66 516.755 723.009 5 1.11803 -41.7476 7.73384
67 516.482 723.428 5 1 -39.8949 -1.21541
68 516.209 723.847 5 1.11803 -40.967 34.8986
69 515.935 724.265 5 1.41421 -41.2719 -133.314
70 515.662 724.684 5 1.80278 -44.4625 -155.15
71 517.994 722.026 5 2.5 -41.2034 61.7901
72 517.72 722.445 5 2.12132 -48.8105 -32.0781
73 517.447 722.864 5 1.80278 -43.098 -147.271
74 517.174 723.282 5 1.58114 -40.5275 107.721
75 516.901 723.701 5 1.5 -43.2925 -5.54617
76 516.627 724.12 5 1.58114 -42.1065 123.167
77 516.354 724.539 5 1.80278 -70.2332 -148.866
78 516.081 724.957 5 2.12132 -42.2383 12.8794
