1 514.644 719.84 5 4.71699 -56.2868 68.2234
2 514.371 720.259 5 4.47214 -50.9219 95.2698
3 514.097 720.678 5 4.272 -49.3524 -84.4193
4 513.824 721.096 5 4.12311 -46.7999 27.4392
5 513.551 721.515 5 4.03113 -51.1029 77.1286
6 513.278 721.934 5 4 -56.9335 -41.9711
7 513.004 722.353 5 4.03113 -56.6183 -160.992
8 512.731 722.771 5 4.12311 -51.9953 -44.6484
9 512.458 723.19 5 4.272 -58.1083 -117.986
10 512.185 723.609 5 4.47214 -82.3083 -144.447
11 515.063 720.113 5 4.30116 -57.802 177.432
12 514.789 720.532 5 4.03113 -45.4038 -128.342
13 514.516 720.951 5 3.80789 -58.3459 179.043
14 514.243 721.37 5 3.64006 -48.389 -38.6343
15 513.97 721.788 5 3.53553 -45.9383 -33.4383
16 513.696 722.207 5 3.5 -51.0543 -39.7124
17 513.423 722.626 5 3.53553 -59.2831 -110.226
18 513.15 723.045 5 3.64006 -47.516 -71.5422
19 512.877 723.463 5 3.80789 -53.7345 -148.342
20 512.603 723.882 5 4.03113 -54.7837 -20.0187
21 515.481 720.387 5 3.90512 -47.547 -126.068
22 515.208 720.805 5 3.60555 -49.2413 -4.70851
23 514.935 721.224 5 3.3541 -46.3666 16.8292
24 514.662 721.643 5 3.16228 -43.8273 -124.641
25 514.388 722.062 5 3.04138 -48.0298 178.517
26 514.115 722.48 5 3 -53.1403 170.603
27 513.842 722.899 5 3.04138 -43.6613 -149.014
28 513.568 723.318 5 3.16228 -44.3823 -76.1555
29 513.295 723.737 5 3.3541 -51.45 155.849
30 513.022 724.155 5 3.60555 -56.6622 -107.493
31 515.9 720.66 5 3.53553 -47.3691 -102.357
32 515.627 721.079 5 3.20156 -47.2144 119.874
33 515.353 721.497 5 2.91548 -52.628 -53.0582
34 515.08 721.916 5 2.69258 -44.0171 161.082
35 514.807 722.335 5 2.54951 -43.6574 -177.013
36 514.534 722.754 5 2.5 -45.995 -6.2833
37 514.26 723.172 5 2.54951 -47.1573 -145.006
38 513.987 723.591 5 2.69258 -52.8897 -157.604
39 516.319 720.933 5 3.20156 -58.391 46.9493
40 516.045 721.352 5 2.82843 -45.7408 113.948
41 515.772 721.771 5 2.5 -46.7477 -11.9748
42 515.499 722.189 5 2.23607 -48.4163 22.9057
43 515.226 722.608 5 2.06155 -42.967 150.48
44 514.952 723.027 5 2 -53.4612 49.2249
45 514.679 723.446 5 2.06155 -39.8495 170.717
46 514.406 723.864 5 2.23607 -61.767 -61.5566
47 516.737 721.206 5 2.91548 -47.6387 -151.523
48 516.464 721.625 5 2.5 -46.1987 -18.7602
49 516.191 722.044 5 2.12132 -42.8557 24.9298
50 515.918 722.463 5 1.80278 -47.037 174.317
51 515.644 722.881 5 1.58114 -40.8977 118.593
52 515.371 723.3 5 1.5 -44.8746 -4.89404
53 515.098 723.719 5 1.58114 -45.0162 149.97
54 514.825 724.138 5 1.80278 -49.1899 155.953
55 517.156 721.48 5 2.69258 -47.2794 -169.113
56 516.883 721.898 5 2.23607 -51.28 8.45371
57 516.61 722.317 5 1.80278 -45.2136 -171.393
58 516.336 722.736 5 1.41421 -47.3768 -104.515
59 516.063 723.155 5 1.11803 -38.8251 34.9818
60 515.79 723.573 5 1 -42.2237 -8.17695
61 515.517 723.992 5 1.11803 -41.8665 47.6182
62 515.243 724.411 5 1.41421 -46.1117 68.7888
63 517.575 721.753 5 2.54951 -46.9006 -109.456
64 517.302 722.172 5 2.06155 -49.8567 -164.261
65 517.028 722.59 5 1.58114 -43.9896 84.9497
66 516.755 723.009 5 1.11803 -38.9671 14.6404
67 516.482 723.428 5 0.707107 -35.6458 102.298
68 516.209 723.847 5 0.5 -33.4563 -0.781291
69 515.935 724.265 5 0.707107 -39.2451 117.422
70 515.662 724.684 5 1.11803 -42.0437 -2.43451
71 517.994 722.026 5 2.5 -48.4873 78.8622
72 517.72 722.445 5 2 -40.148 38.145
73 517.447 722.864 5 1.5 -39.9883 19.3924
74 517.174 723.282 5 1 -38.6707 11.3637
75 516.901 723.701 5 0.5 -33.2266 9.37337
76 516.627 724.12 5 0 -47.9372 66.2752
77 516.354 724.539 5 0.5 -34.6799 12.6346
78 516.081 724.957 5 1 -38.8568 37.8056
