1 514.644 719.84 5 2.06155 -38.8292 -143.346
2 514.371 720.259 5 1.58114 -43.0184 86.8716
3 514.097 720.678 5 1.11803 -42.7338 0.543764
4 513.824 721.096 5 0.707107 -43.6782 -143.745
5 513.551 721.515 5 0.5 -32.5255 -116.166
6 513.278 721.934 5 0.707107 -38.0136 121.563
7 513.004 722.353 5 1.11803 -38.7515 18.0808
8 512.731 722.771 5 1.58114 -49.3826 -179.176
9 512.458 723.19 5 2.06155 -43.9862 59.3646
10 512.185 723.609 5 2.54951 -56.4556 -11.9963
11 515.063 720.113 5 2 -46.8117 -16.5349
12 514.789 720.532 5 1.5 -45.0343 26.9887
13 514.516 720.951 5 1 -37.1323 -2.47869
14 514.243 721.37 5 0.5 -34.5912 -1.36601
15 513.97 721.788 5 0 -47.0951 160.246
16 513.696 722.207 5 0.5 -34.0514 7.84074
17 513.423 722.626 5 1 -40.1218 -17.8772
18 513.15 723.045 5 1.5 -41.8157 -14.0953
19 512.877 723.463 5 2 -46.4326 36.2713
20 512.603 723.882 5 2.5 -42.6265 -51.9143
21 515.481 720.387 5 2.06155 -48.4825 142.659
22 515.208 720.805 5 1.58114 -48.375 148.97
23 514.935 721.224 5 1.11803 -39.6128 16.3139
24 514.662 721.643 5 0.707107 -37.4248 152.322
25 514.388 722.062 5 0.5 -34.4206 1.90049
26 514.115 722.48 5 0.707107 -36.1828 112.523
27 513.842 722.899 5 1.11803 -39.4131 7.1629
28 513.568 723.318 5 1.58114 -45.6113 101.969
29 513.295 723.737 5 2.06155 -47.8087 -168.588
30 513.022 724.155 5 2.54951 -42.9766 -139.931
31 515.9 720.66 5 2.23607 -45.741 -35.7754
32 515.627 721.079 5 1.80278 -45.5904 -136.737
33 515.353 721.497 5 1.41421 -39.3425 -114.428
34 515.08 721.916 5 1.11803 -41.9059 -36.1645
35 514.807 722.335 5 1 -44.8563 18.8743
36 514.534 722.754 5 1.11803 -49.5137 32.0808
37 514.26 723.172 5 1.41421 -46.744 -109.164
38 513.987 723.591 5 1.80278 -42.396 -172.211
39 516.319 720.933 5 2.5 -54.0431 0.825159
40 516.045 721.352 5 2.12132 -43.6914 28.1025
41 515.772 721.771 5 1.80278 -41.8304 -137.43
42 515.499 722.189 5 1.58114 -54.3337 77.0992
43 515.226 722.608 5 1.5 -43.8623 -3.7167
44 514.952 723.027 5 1.58114 -48.9641 153.659
45 514.679 723.446 5 1.80278 -44.4639 -159.159
46 514.406 723.864 5 2.12132 -44.7813 118.473
47 516.737 721.206 5 2.82843 -47.3155 132.116
48 516.464 721.625 5 2.5 -44.4515 -10.3849
49 516.191 722.044 5 2.23607 -42.5264 33.0584
50 515.918 722.463 5 2.06155 -67.3282 -165.524
51 515.644 722.881 5 2 -51.5335 -11.8755
52 515.371 723.3 5 2.06155 -45.4184 -149.54
53 515.098 723.719 5 2.23607 -48.3285 10.8608
54 514.825 724.138 5 2.5 -44.4602 127.769
55 517.156 721.48 5 3.20156 -44.8488 159.857
56 516.883 721.898 5 2.91548 -50.9851 -104.661
57 516.61 722.317 5 2.69258 -49.2794 129.428
58 516.336 722.736 5 2.54951 -49.576 -41.0649
59 516.063 723.155 5 2.5 -48.5063 7.14686
60 515.79 723.573 5 2.54951 -51.0522 -132.525
61 515.517 723.992 5 2.69258 -58.4856 -62.1813
62 515.243 724.411 5 2.91548 -51.11 -14.5935
63 517.575 721.753 5 3.60555 -50.8374 57.423
64 517.302 722.172 5 3.3541 -48.0949 66.5882
65 517.028 722.59 5 3.16228 -57.8557 -148.661
66 516.755 723.009 5 3.04138 -51.3753 -68.3361
67 516.482 723.428 5 3 -45.7892 -43.7582
68 516.209 723.847 5 3.04138 -50.8929 174.167
69 515.935 724.265 5 3.16228 -49.2616 -137.339
70 515.662 724.684 5 3.3541 -57.392 32.8903
71 517.994 722.026 5 4.03113 -46.1595 -5.75325
72 517.72 722.445 5 3.80789 -44.8073 132.908
73 517.447 722.864 5 3.64006 -60.7939 177.831
74 517.174 723.282 5 3.53553 -51.7347 -52.4737
75 516.901 723.701 5 3.5 -44.587 -39.8427
76 516.627 724.12 5 3.53553 -48.2966 -59.6843
77 516.354 724.539 5 3.64006 -51.255 -27.4544
78 516.081 724.957 5 3.80789 -56.8368 86.8772
