1 509.951 714.045 5 11.0954 -67.2367 -159.036
2 510.37 714.318 5 10.6192 -57.881 164.463
3 510.79 714.59 5 10.1454 -57.5079 70.9638
4 511.209 714.862 5 9.67413 -83.9907 128.165
5 511.628 715.135 5 9.20594 -60.1388 -48.5881
6 512.048 715.407 5 8.74126 -70.01 -13.8763
7 512.467 715.679 5 8.2807 -50.6019 -105.17
8 512.886 715.952 5 7.82498 -55.397 123.786
9 513.306 716.224 5 7.37501 -60.5828 68.4184
10 513.725 716.496 5 6.93189 -61.5498 -65.1761
11 514.144 716.769 5 6.49703 -59.0066 112
12 514.564 717.041 5 6.07222 -92.1567 -65.6904
13 514.983 717.313 5 5.6597 -97.8497 -18.5879
14 509.679 714.465 5 10.9566 -61.0762 67.3136
15 510.098 714.737 5 10.4741 -68.2312 -74.0402
16 510.517 715.009 5 9.99334 -60.6764 -66.5003
17 510.937 715.282 5 9.51458 -68.1776 152.43
18 511.356 715.554 5 9.03812 -65.4305 -96.5426
19 511.775 715.826 5 8.56434 -59.6272 65.6756
20 512.195 716.099 5 8.09372 -49.5995 -26.0193
21 512.614 716.371 5 7.62684 -71.492 15.005
22 513.033 716.643 5 7.16443 -55.2279 -173.038
23 513.453 716.916 5 6.70741 -54.717 79.0035
24 513.872 717.188 5 6.25698 -55.523 31.5597
25 514.291 717.46 5 5.81465 -62.4985 -72.8134
26 514.711 717.733 5 5.38242 -55.6818 107.011
27 509.406 714.884 5 10.839 -67.5109 -94.3239
28 509.826 715.156 5 10.3511 -63.5826 152.972
29 510.245 715.429 5 9.86433 -69.6212 -99.4426
30 510.664 715.701 5 9.37899 -56.4348 98.2028
31 511.084 715.973 5 8.89527 -71.713 18.2621
32 511.503 716.246 5 8.41345 -62.7479 55.5884
33 511.922 716.518 5 7.93389 -70.2987 70.0834
34 512.342 716.79 5 7.457 -77.0378 -33.6407
35 512.761 717.063 5 6.98336 -62.7502 -176.999
36 513.18 717.335 5 6.51365 -59.1816 -105.772
37 513.6 717.607 5 6.0488 -58.7774 -163.47
38 514.019 717.88 5 5.59003 -57.1155 38.1888
39 514.438 718.152 5 5.13895 -57.6187 8.44293
40 509.134 715.303 5 10.7435 -63.3762 -104.646
41 509.553 715.576 5 10.251 -58.9262 148.585
42 509.973 715.848 5 9.75927 -62.7594 -94.9734
43 510.392 716.12 5 9.26843 -77.2874 93.1669
44 510.811 716.393 5 8.77862 -82.9729 -163.783
45 511.231 716.665 5 8.29002 -71.7264 110.418
46 511.65 716.937 5 7.80287 -79.6737 84.121
47 512.069 717.21 5 7.31746 -66.0832 110.479
48 512.489 717.482 5 6.83415 -64.3996 104.156
49 512.908 717.754 5 6.35342 -74.0712 -150.535
50 513.327 718.027 5 5.87591 -61.4342 108.117
51 513.747 718.299 5 5.40247 -50.432 164.767
52 514.166 718.571 5 4.93427 -53.1035 153.471
53 508.862 715.723 5 10.6706 -66.528 -50.9162
54 509.281 715.995 5 10.1745 -71.9127 116.674
55 509.7 716.267 5 9.67893 -62.946 148.827
56 510.12 716.54 5 9.18379 -74.6361 112.534
57 510.539 716.812 5 8.68921 -64.0682 83.1022
58 510.958 717.084 5 8.19529 -64.3252 65.3101
59 511.378 717.357 5 7.70215 -63.2781 33.5711
60 511.797 717.629 5 7.20996 -68.8245 -128.792
61 512.216 717.901 5 6.71892 -69.9684 177.679
62 512.636 718.174 5 6.2293 -67.1932 -143.695
63 513.055 718.446 5 5.74148 -70.4666 -113.973
64 513.474 718.718 5 5.25594 -71.6247 52.9327
65 513.894 718.991 5 4.7734 -70.6866 157.336
66 508.589 716.142 5 10.6207 -72.9776 39.842
67 509.009 716.414 5 10.1222 -60.8198 -141.405
68 509.428 716.687 5 9.62393 -59.4272 -133.394
69 509.847 716.959 5 9.1258 -70.8526 -89.835
70 510.267 717.231 5 8.6279 -66.6614 -109.101
71 510.686 717.504 5 8.13025 -60.6059 -100.187
72 511.105 717.776 5 7.63292 -62.8565 -112.725
73 511.525 718.048 5 7.13595 -61.6547 -95.4148
74 511.944 718.321 5 6.63944 -62.9799 178.419
75 512.363 718.593 5 6.14349 -56.8276 131.249
76 512.783 718.865 5 5.64826 -62.0067 -72.6116
77 513.202 719.138 5 5.15395 -57.5579 137.146
78 513.621 719.41 5 4.66086 -80.0616 76.3732
79 510.414 717.923 5 8.09564 -61.5369 -58.6766
80 510.833 718.195 5 7.59603 -70.747 20.4547
81 511.672 718.74 5 6.597 -56.3764 22.5535
82 512.091 719.012 5 6.09761 -62.3831 -61.4841
83 512.51 719.285 5 5.59832 -65.2213 -58.6774
84 512.93 719.557 5 5.09917 -60.3934 -98.2315
85 513.349 719.829 5 4.60021 -55.361 -97.7911
86 510.141 718.342 5 8.09182 -75.8279 -99.788
87 510.561 718.615 5 7.59197 -75.774 10.5547
88 511.399 719.159 5 6.59232 -69.0034 -22.4444
89 511.819 719.432 5 6.09254 -59.182 -12.853
90 512.238 719.704 5 5.5928 -59.1346 1.83567
91 512.657 719.976 5 5.09311 -59.631 14.2328
92 513.077 720.249 5 4.59349 -56.4244 -45.3043
93 509.869 718.762 5 8.11886 -88.7872 -3.18501
94 510.288 719.034 5 7.62078 -84.2216 34.5279
95 511.127 719.579 5 6.62548 -74.4442 -160.906
96 511.546 719.851 5 6.12841 -66.2096 -106.923
97 511.966 720.123 5 5.63185 -72.7683 -157.794
98 512.385 720.396 5 5.13596 -73.7704 80.1511
99 512.804 720.668 5 4.64095 -53.1532 -139.512
100 509.597 719.181 5 8.17644 -93.0404 19.5845
101 510.016 719.453 5 7.68209 -96.1871 -38.5577
102 509.324 719.6 5 8.26392 -91.6252 -73.6425
103 509.744 719.873 5 7.77514 -104.413 127.526
104 509.052 720.02 5 8.38038 -88.8935 -3.31791
105 509.471 720.292 5 7.8988 -93.5029 94.1656
